>YHNTTMACACCT	1-AGGTGTKAANDR	7.308925	-803.761882	0	T:1020.0(38.95%),B:7625.9(9.61%),P:1e-349
0.179	0.339	0.120	0.362
0.274	0.348	0.164	0.214
0.314	0.218	0.292	0.176
0.011	0.005	0.032	0.952
0.013	0.077	0.002	0.908
0.418	0.313	0.178	0.091
0.593	0.047	0.240	0.120
0.001	0.946	0.001	0.052
0.923	0.009	0.063	0.005
0.045	0.700	0.207	0.048
0.108	0.562	0.100	0.230
0.088	0.152	0.073	0.687
