>TCTGTCTGTCTG	24-TCTGTCTGTCTG	9.547599	-11.339959	0	T:57.0(2.18%),B:929.5(1.17%),P:1e-4
0.068	0.067	0.050	0.815
0.021	0.826	0.051	0.102
0.054	0.035	0.030	0.881
0.036	0.037	0.801	0.126
0.027	0.052	0.052	0.869
0.049	0.855	0.045	0.051
0.041	0.023	0.057	0.879
0.058	0.048	0.834	0.060
0.038	0.085	0.037	0.840
0.030	0.877	0.048	0.045
0.045	0.037	0.075	0.843
0.111	0.136	0.686	0.067
