>ATTAACTTATGA	12-ATTAACTTATGA	8.287350	-39.616939	0	T:43.0(1.64%),B:246.7(0.31%),P:1e-17
0.584	0.094	0.110	0.212
0.198	0.089	0.101	0.612
0.201	0.101	0.011	0.687
0.662	0.109	0.151	0.078
0.624	0.170	0.065	0.141
0.201	0.453	0.135	0.211
0.193	0.087	0.156	0.564
0.261	0.072	0.113	0.554
0.450	0.207	0.130	0.213
0.178	0.083	0.133	0.606
0.195	0.110	0.542	0.153
0.515	0.130	0.131	0.224
