>CAGCCAATCAGA	10-TCTGATTGGCTG	8.911983	-39.973231	0	T:161.0(6.15%),B:2306.7(2.91%),P:1e-17
0.070	0.811	0.081	0.038
0.663	0.019	0.085	0.233
0.283	0.120	0.457	0.140
0.119	0.771	0.001	0.109
0.001	0.904	0.078	0.017
0.812	0.012	0.001	0.175
0.761	0.188	0.040	0.011
0.012	0.029	0.010	0.949
0.001	0.867	0.115	0.017
0.925	0.001	0.008	0.066
0.008	0.251	0.664	0.077
0.466	0.196	0.032	0.307
