>CCCCGCGTTGGT	13-CCCCGCGTTGGT,BestGuess:GLIS2/MA0736.1/Jaspar(0.568)	10.197883	-38.111217	0	T:25.0(0.95%),B:74.0(0.09%),P:1e-16
0.001	0.861	0.001	0.137
0.078	0.691	0.139	0.092
0.203	0.657	0.001	0.139
0.093	0.720	0.001	0.186
0.184	0.001	0.814	0.001
0.045	0.953	0.001	0.001
0.278	0.001	0.597	0.124
0.001	0.001	0.046	0.952
0.001	0.186	0.078	0.735
0.416	0.001	0.582	0.001
0.001	0.046	0.814	0.139
0.046	0.052	0.001	0.901
