>GMATGATGGGTA	4-GMATGATGGGTA,BestGuess:ZNF143|STAF(Zf)/CUTLL-ZNF143-ChIP-Seq(GSE29600)/Homer(0.789)	8.243416	-33.960482	0	T:95.0(6.62%),B:899.0(2.64%),P:1e-14
0.105	0.001	0.771	0.123
0.390	0.408	0.001	0.201
0.605	0.158	0.105	0.132
0.067	0.153	0.001	0.779
0.105	0.151	0.648	0.096
0.595	0.080	0.272	0.053
0.001	0.078	0.001	0.920
0.158	0.001	0.789	0.052
0.001	0.001	0.796	0.202
0.001	0.158	0.815	0.026
0.386	0.001	0.001	0.612
0.952	0.046	0.001	0.001
