>AAAATGGCGGCG	1-AAAATGGCGGCG,BestGuess:YY1/MA0095.2/Jaspar(0.922)	8.966691	-102.274109	0	T:224.0(15.60%),B:1839.0(5.41%),P:1e-44
0.919	0.018	0.027	0.036
0.911	0.042	0.010	0.037
0.674	0.111	0.108	0.107
0.960	0.001	0.021	0.018
0.017	0.001	0.001	0.981
0.036	0.001	0.945	0.018
0.036	0.036	0.888	0.040
0.036	0.866	0.018	0.080
0.084	0.073	0.775	0.068
0.047	0.097	0.792	0.064
0.120	0.737	0.063	0.080
0.154	0.116	0.559	0.171
