>GGTCAAAGGTCA	5-GGTCAAAGGTCA	9.336468	-31.097259	0	T:103.0(7.17%),B:1067.9(3.14%),P:1e-13
0.083	0.107	0.702	0.108
0.043	0.001	0.858	0.098
0.064	0.012	0.029	0.895
0.079	0.767	0.021	0.133
0.967	0.001	0.001	0.031
0.738	0.077	0.158	0.027
0.945	0.001	0.001	0.053
0.186	0.025	0.770	0.019
0.001	0.001	0.841	0.157
0.064	0.058	0.073	0.805
0.015	0.830	0.012	0.143
0.920	0.001	0.047	0.032
