>TTCAYGATGCAT	6-TTCAYGATGCAT,BestGuess:OCT:OCT-short(POU,Homeobox)/NPC-OCT6-ChIP-Seq(GSE43916)/Homer(0.628)	9.480499	-28.134513	0	T:15.0(1.04%),B:25.9(0.08%),P:1e-12
0.051	0.159	0.053	0.737
0.118	0.106	0.185	0.591
0.052	0.817	0.056	0.075
0.550	0.037	0.348	0.065
0.066	0.517	0.036	0.381
0.350	0.031	0.573	0.046
0.526	0.100	0.016	0.358
0.046	0.368	0.016	0.570
0.289	0.048	0.480	0.184
0.051	0.886	0.032	0.031
0.624	0.021	0.320	0.035
0.162	0.134	0.266	0.438
