>GGGGCRTGDGTG	18-GGGGCRTGDGTG,BestGuess:KLF16/MA0741.1/Jaspar(0.700)	9.522967	-17.402757	0	T:6.0(0.42%),B:4.3(0.01%),P:1e-7
0.170	0.001	0.642	0.187
0.001	0.001	0.631	0.367
0.236	0.001	0.762	0.001
0.001	0.221	0.567	0.211
0.248	0.497	0.221	0.034
0.446	0.017	0.536	0.001
0.001	0.051	0.200	0.748
0.001	0.001	0.768	0.230
0.336	0.102	0.303	0.259
0.001	0.221	0.611	0.167
0.101	0.001	0.239	0.659
0.258	0.069	0.656	0.017
