>CGCCGCCATTTT	1-AAAATGGCGGCG	8.966691	-102.274109	0	T:224.0(15.60%),B:1839.0(5.41%),P:1e-44
0.171	0.559	0.116	0.154
0.080	0.063	0.737	0.120
0.064	0.792	0.097	0.047
0.068	0.775	0.073	0.084
0.080	0.018	0.866	0.036
0.040	0.888	0.036	0.036
0.018	0.945	0.001	0.036
0.981	0.001	0.001	0.017
0.018	0.021	0.001	0.960
0.107	0.108	0.111	0.674
0.037	0.010	0.042	0.911
0.036	0.027	0.018	0.919
