>ATGCATCRTGAA	6-TTCAYGATGCAT	9.480499	-28.134513	0	T:15.0(1.04%),B:25.9(0.08%),P:1e-12
0.438	0.266	0.134	0.162
0.035	0.320	0.021	0.624
0.031	0.032	0.886	0.051
0.184	0.480	0.048	0.289
0.570	0.016	0.368	0.046
0.358	0.016	0.100	0.526
0.046	0.573	0.031	0.350
0.381	0.036	0.517	0.066
0.065	0.348	0.037	0.550
0.075	0.056	0.817	0.052
0.591	0.185	0.106	0.118
0.737	0.053	0.159	0.051
