>TACCCATCATKC	4-GMATGATGGGTA	8.243416	-33.960482	0	T:95.0(6.62%),B:899.0(2.64%),P:1e-14
0.001	0.001	0.046	0.952
0.612	0.001	0.001	0.386
0.026	0.815	0.158	0.001
0.202	0.796	0.001	0.001
0.052	0.789	0.001	0.158
0.920	0.001	0.078	0.001
0.053	0.272	0.080	0.595
0.096	0.648	0.151	0.105
0.779	0.001	0.153	0.067
0.132	0.105	0.158	0.605
0.201	0.001	0.408	0.390
0.123	0.771	0.001	0.105
