>CACACACACACA	21-TGTGTGTGTGTG	10.493956	-14.778076	0	T:23.0(2.44%),B:241.1(0.69%),P:1e-6
0.224	0.471	0.157	0.148
0.627	0.001	0.001	0.371
0.090	0.860	0.049	0.001
0.859	0.001	0.001	0.139
0.263	0.708	0.028	0.001
0.921	0.001	0.001	0.077
0.144	0.609	0.001	0.246
0.696	0.001	0.001	0.302
0.071	0.927	0.001	0.001
0.901	0.001	0.097	0.001
0.168	0.830	0.001	0.001
0.638	0.050	0.001	0.311
