>TTTTTCTGTCAC	13-TTTTTCTGTCAC,BestGuess:Tbox:Smad(T-box,MAD)/ESCd5-Smad2_3-ChIP-Seq(GSE29422)/Homer(0.663)	9.946002	-23.483426	0	T:27.0(2.86%),B:208.3(0.60%),P:1e-10
0.038	0.140	0.062	0.760
0.064	0.001	0.174	0.761
0.038	0.075	0.024	0.863
0.001	0.075	0.026	0.898
0.001	0.059	0.061	0.879
0.098	0.789	0.075	0.038
0.038	0.076	0.038	0.848
0.151	0.001	0.799	0.049
0.068	0.001	0.039	0.892
0.030	0.833	0.136	0.001
0.849	0.075	0.038	0.038
0.113	0.841	0.024	0.022
