>AAGCACCTGTTG	10-AAGCACCTGTTG,BestGuess:SCRT1/MA0743.2/Jaspar(0.890)	9.121507	-27.064986	0	T:36.0(3.82%),B:316.6(0.91%),P:1e-11
0.727	0.073	0.098	0.102
0.887	0.036	0.041	0.036
0.140	0.227	0.531	0.102
0.062	0.807	0.036	0.095
0.890	0.001	0.108	0.001
0.145	0.789	0.065	0.001
0.072	0.926	0.001	0.001
0.101	0.001	0.001	0.897
0.001	0.035	0.963	0.001
0.029	0.109	0.001	0.861
0.036	0.095	0.036	0.833
0.001	0.029	0.898	0.072
