>ACTCTGGATTAC	12-ACTCTGGATTAC,BestGuess:PITX1/MA0682.2/Jaspar(0.714)	10.543961	-23.498210	0	T:13.0(1.38%),B:37.4(0.11%),P:1e-10
0.663	0.001	0.168	0.168
0.001	0.847	0.151	0.001
0.084	0.168	0.001	0.747
0.001	0.915	0.001	0.083
0.151	0.001	0.001	0.847
0.083	0.001	0.915	0.001
0.083	0.001	0.915	0.001
0.863	0.068	0.001	0.068
0.084	0.084	0.001	0.831
0.167	0.001	0.001	0.831
0.915	0.083	0.001	0.001
0.084	0.747	0.001	0.168
