>CGGATTTACK	1-CGGATTTACK	6.795095	-30.915598	0	T:82.0(5.33%),B:706.1(2.07%),P:1e-13	Tpos:96.2,Tstd:53.9,Bpos:101.4,Bstd:57.9,StrandBias:-0.7,Multiplicity:1.00
0.261	0.662	0.068	0.009
0.011	0.303	0.479	0.207
0.042	0.001	0.936	0.021
0.653	0.067	0.256	0.024
0.031	0.341	0.037	0.591
0.273	0.047	0.004	0.676
0.077	0.247	0.243	0.433
0.531	0.078	0.129	0.262
0.390	0.591	0.015	0.004
0.194	0.164	0.250	0.392
>ACTGAGCCGC	2-ACTGAGCCGC	8.144244	-29.683413	0	T:42.0(2.73%),B:232.5(0.68%),P:1e-12	Tpos:105.1,Tstd:47.4,Bpos:96.0,Bstd:56.3,StrandBias:-0.6,Multiplicity:1.00
0.919	0.079	0.001	0.001
0.147	0.748	0.104	0.001
0.026	0.111	0.240	0.623
0.218	0.001	0.684	0.097
0.859	0.001	0.001	0.139
0.001	0.001	0.873	0.125
0.001	0.980	0.001	0.018
0.001	0.922	0.076	0.001
0.122	0.001	0.716	0.161
0.035	0.837	0.001	0.127
>TTGCAAAGGA	3-TTGCAAAGGA	7.275060	-24.474686	0	T:96.0(6.24%),B:1012.3(2.97%),P:1e-10	Tpos:104.2,Tstd:54.1,Bpos:103.8,Bstd:56.4,StrandBias:0.2,Multiplicity:1.02
0.099	0.043	0.064	0.794
0.070	0.046	0.061	0.823
0.074	0.076	0.807	0.043
0.079	0.790	0.061	0.070
0.807	0.050	0.069	0.074
0.694	0.098	0.087	0.121
0.839	0.045	0.063	0.053
0.053	0.076	0.816	0.055
0.102	0.025	0.796	0.077
0.838	0.075	0.050	0.037
>GCCCAGGGAM	4-GCCCAGGGAM	7.622753	-23.493496	0	T:28.0(1.82%),B:134.3(0.39%),P:1e-10	Tpos:108.7,Tstd:58.9,Bpos:104.8,Bstd:53.4,StrandBias:0.1,Multiplicity:1.04
0.202	0.011	0.607	0.180
0.181	0.568	0.016	0.235
0.190	0.515	0.287	0.008
0.172	0.564	0.251	0.013
0.635	0.031	0.001	0.333
0.013	0.009	0.964	0.014
0.098	0.199	0.575	0.128
0.257	0.037	0.698	0.008
0.611	0.016	0.001	0.372
0.444	0.333	0.213	0.009
>GACTGGACAT	5-GACTGGACAT	8.843965	-22.643890	0	T:38.0(2.47%),B:245.6(0.72%),P:1e-9	Tpos:98.9,Tstd:52.9,Bpos:99.7,Bstd:53.9,StrandBias:0.6,Multiplicity:1.00
0.088	0.001	0.890	0.021
0.806	0.001	0.139	0.054
0.064	0.934	0.001	0.001
0.033	0.100	0.001	0.866
0.001	0.001	0.997	0.001
0.001	0.085	0.913	0.001
0.842	0.001	0.113	0.044
0.131	0.733	0.050	0.086
0.931	0.067	0.001	0.001
0.063	0.234	0.001	0.702
>TTACCWGGTA	6-TTACCWGGTA	7.796608	-21.373354	0	T:44.0(2.86%),B:329.1(0.96%),P:1e-9	Tpos:104.7,Tstd:58.1,Bpos:109.7,Bstd:56.3,StrandBias:-0.1,Multiplicity:1.00
0.231	0.039	0.110	0.620
0.063	0.010	0.016	0.911
0.497	0.072	0.253	0.178
0.198	0.540	0.065	0.197
0.022	0.930	0.024	0.024
0.432	0.205	0.025	0.338
0.016	0.332	0.629	0.023
0.023	0.007	0.776	0.194
0.216	0.211	0.017	0.556
0.581	0.155	0.013	0.251
>GAGTACGAAT	7-GAGTACGAAT	8.994662	-19.931639	0	T:31.0(2.01%),B:190.9(0.56%),P:1e-8	Tpos:81.9,Tstd:45.5,Bpos:89.7,Bstd:53.7,StrandBias:1.5,Multiplicity:1.10
0.088	0.094	0.817	0.001
0.960	0.038	0.001	0.001
0.067	0.135	0.755	0.043
0.001	0.095	0.001	0.903
0.943	0.001	0.039	0.017
0.001	0.906	0.073	0.020
0.014	0.028	0.957	0.001
0.821	0.024	0.062	0.093
0.997	0.001	0.001	0.001
0.001	0.001	0.025	0.973
>GGCGGACGGA	8-GGCGGACGGA	9.228390	-19.163463	0	T:27.0(1.75%),B:153.4(0.45%),P:1e-8	Tpos:148.8,Tstd:37.8,Bpos:99.9,Bstd:63.6,StrandBias:-0.1,Multiplicity:1.00
0.001	0.001	0.922	0.076
0.174	0.056	0.736	0.034
0.001	0.997	0.001	0.001
0.041	0.001	0.882	0.076
0.001	0.001	0.970	0.028
0.901	0.097	0.001	0.001
0.064	0.934	0.001	0.001
0.025	0.001	0.910	0.064
0.099	0.001	0.899	0.001
0.887	0.037	0.001	0.075
>ATATGTGTAC	9-ATATGTGTAC	10.846947	-17.956968	0	T:21.0(1.36%),B:101.3(0.30%),P:1e-7	Tpos:118.6,Tstd:57.3,Bpos:103.6,Bstd:55.1,StrandBias:-1.2,Multiplicity:1.24
0.923	0.075	0.001	0.001
0.001	0.001	0.001	0.997
0.899	0.001	0.001	0.099
0.001	0.001	0.001	0.997
0.001	0.001	0.997	0.001
0.001	0.001	0.001	0.997
0.001	0.001	0.806	0.192
0.001	0.001	0.001	0.997
0.997	0.001	0.001	0.001
0.001	0.918	0.080	0.001
>TATGGATGTA	10-TATGGATGTA	10.697264	-17.862073	0	T:15.0(0.97%),B:50.6(0.15%),P:1e-7	Tpos:141.6,Tstd:46.9,Bpos:110.1,Bstd:54.1,StrandBias:0.0,Multiplicity:1.07
0.001	0.001	0.001	0.997
0.994	0.001	0.001	0.004
0.063	0.243	0.001	0.693
0.001	0.001	0.815	0.183
0.027	0.049	0.761	0.163
0.626	0.307	0.032	0.035
0.001	0.001	0.052	0.946
0.034	0.087	0.847	0.032
0.001	0.048	0.069	0.882
0.997	0.001	0.001	0.001
>AYGTGTGGAK	11-AYGTGTGGAK	7.661663	-17.368051	0	T:31.0(2.01%),B:213.5(0.63%),P:1e-7	Tpos:108.7,Tstd:47.7,Bpos:97.4,Bstd:56.8,StrandBias:0.1,Multiplicity:1.13
0.726	0.036	0.048	0.190
0.007	0.397	0.053	0.543
0.146	0.171	0.608	0.075
0.213	0.212	0.004	0.571
0.001	0.158	0.661	0.180
0.309	0.015	0.053	0.623
0.176	0.047	0.629	0.148
0.404	0.002	0.592	0.002
0.688	0.285	0.016	0.011
0.004	0.192	0.369	0.435
>CTCGAGACGA	12-CTCGAGACGA	10.296193	-16.899753	0	T:5.0(0.32%),B:3.0(0.01%),P:1e-7	Tpos:109.8,Tstd:26.0,Bpos:54.0,Bstd:32.4,StrandBias:0.6,Multiplicity:1.00
0.100	0.700	0.100	0.100
0.100	0.100	0.100	0.700
0.100	0.700	0.100	0.100
0.100	0.100	0.700	0.100
0.700	0.100	0.100	0.100
0.100	0.100	0.700	0.100
0.700	0.100	0.100	0.100
0.100	0.700	0.100	0.100
0.100	0.100	0.700	0.100
0.700	0.100	0.100	0.100
>GGATYMCATC	13-GGATYMCATC	8.289582	-15.836606	0	T:37.0(2.40%),B:305.3(0.89%),P:1e-6	Tpos:99.2,Tstd:49.3,Bpos:109.3,Bstd:54.9,StrandBias:0.1,Multiplicity:1.08
0.001	0.001	0.997	0.001
0.001	0.001	0.997	0.001
0.871	0.001	0.001	0.127
0.202	0.001	0.001	0.796
0.001	0.504	0.001	0.494
0.463	0.327	0.209	0.001
0.001	0.739	0.259	0.001
0.997	0.001	0.001	0.001
0.001	0.183	0.001	0.815
0.001	0.997	0.001	0.001
>CCCTGCATTM	14-CCCTGCATTM	9.731766	-15.775607	0	T:11.0(0.71%),B:29.8(0.09%),P:1e-6	Tpos:111.0,Tstd:53.2,Bpos:98.1,Bstd:51.1,StrandBias:0.4,Multiplicity:1.27
0.001	0.997	0.001	0.001
0.001	0.997	0.001	0.001
0.001	0.607	0.391	0.001
0.001	0.001	0.001	0.997
0.001	0.001	0.997	0.001
0.001	0.997	0.001	0.001
0.935	0.001	0.001	0.063
0.001	0.001	0.001	0.997
0.001	0.001	0.001	0.997
0.429	0.569	0.001	0.001
>CTGATGGGGT	15-CTGATGGGGT	10.296193	-15.615246	0	T:4.0(0.26%),B:1.8(0.01%),P:1e-6	Tpos:111.8,Tstd:50.4,Bpos:113.9,Bstd:33.9,StrandBias:1.6,Multiplicity:1.00
0.100	0.700	0.100	0.100
0.100	0.100	0.100	0.700
0.100	0.100	0.700	0.100
0.700	0.100	0.100	0.100
0.100	0.100	0.100	0.700
0.100	0.100	0.700	0.100
0.100	0.100	0.700	0.100
0.100	0.100	0.700	0.100
0.100	0.100	0.700	0.100
0.100	0.100	0.100	0.700
>TMCTCGTAAC	16-TMCTCGTAAC	9.926997	-15.123355	0	T:11.0(0.71%),B:31.2(0.09%),P:1e-6	Tpos:114.1,Tstd:64.3,Bpos:109.6,Bstd:58.5,StrandBias:0.3,Multiplicity:1.00
0.098	0.049	0.033	0.820
0.399	0.513	0.087	0.001
0.071	0.879	0.049	0.001
0.001	0.038	0.049	0.912
0.098	0.819	0.082	0.001
0.001	0.120	0.878	0.001
0.099	0.049	0.049	0.803
0.901	0.001	0.049	0.049
0.752	0.149	0.001	0.098
0.001	0.747	0.224	0.028
>TAATAAGAAG	17-TAATAAGAAG	10.296193	-13.508668	0	T:5.0(0.32%),B:4.6(0.01%),P:1e-5	Tpos:86.8,Tstd:52.4,Bpos:152.7,Bstd:23.3,StrandBias:-2.0,Multiplicity:1.00
0.100	0.100	0.100	0.700
0.700	0.100	0.100	0.100
0.700	0.100	0.100	0.100
0.100	0.100	0.100	0.700
0.700	0.100	0.100	0.100
0.700	0.100	0.100	0.100
0.100	0.100	0.700	0.100
0.700	0.100	0.100	0.100
0.700	0.100	0.100	0.100
0.100	0.100	0.700	0.100
>TGACTAATGT	18-TGACTAATGT	10.296193	-12.878547	0	T:4.0(0.26%),B:3.0(0.01%),P:1e-5	Tpos:87.5,Tstd:57.4,Bpos:70.0,Bstd:66.3,StrandBias:-1.6,Multiplicity:1.00
0.100	0.100	0.100	0.700
0.100	0.100	0.700	0.100
0.700	0.100	0.100	0.100
0.100	0.700	0.100	0.100
0.100	0.100	0.100	0.700
0.700	0.100	0.100	0.100
0.700	0.100	0.100	0.100
0.100	0.100	0.100	0.700
0.100	0.100	0.700	0.100
0.100	0.100	0.100	0.700
>CAGCGTTTAA	19-CAGCGTTTAA	10.296193	-12.878547	0	T:4.0(0.26%),B:2.9(0.01%),P:1e-5	Tpos:48.8,Tstd:26.6,Bpos:143.0,Bstd:14.6,StrandBias:0.0,Multiplicity:1.00
0.100	0.700	0.100	0.100
0.700	0.100	0.100	0.100
0.100	0.100	0.700	0.100
0.100	0.700	0.100	0.100
0.100	0.100	0.700	0.100
0.100	0.100	0.100	0.700
0.100	0.100	0.100	0.700
0.100	0.100	0.100	0.700
0.700	0.100	0.100	0.100
0.700	0.100	0.100	0.100
>GAATGAATGA	20-GAATGAATGA	10.032490	-12.242612	0	T:20.0(1.30%),B:133.3(0.39%),P:1e-5	Tpos:75.6,Tstd:59.5,Bpos:94.5,Bstd:53.9,StrandBias:-0.9,Multiplicity:1.10
0.001	0.001	0.997	0.001
0.976	0.022	0.001	0.001
0.976	0.001	0.022	0.001
0.001	0.001	0.081	0.917
0.001	0.001	0.997	0.001
0.934	0.001	0.064	0.001
0.997	0.001	0.001	0.001
0.202	0.027	0.001	0.770
0.001	0.001	0.997	0.001
0.997	0.001	0.001	0.001
>ATACATACAA	21-ATACATACAA	10.250994	-11.895785	0	T:28.0(1.82%),B:237.3(0.70%),P:1e-5	Tpos:97.1,Tstd:58.5,Bpos:100.0,Bstd:57.5,StrandBias:0.1,Multiplicity:1.04
0.615	0.160	0.112	0.113
0.001	0.001	0.001	0.997
0.843	0.078	0.078	0.001
0.001	0.997	0.001	0.001
0.881	0.001	0.001	0.117
0.001	0.001	0.001	0.997
0.997	0.001	0.001	0.001
0.255	0.743	0.001	0.001
0.949	0.001	0.049	0.001
0.917	0.001	0.001	0.081
>CAAACATACA	22-CAAACATACA	10.673467	-10.243327	0	T:22.0(1.43%),B:179.1(0.52%),P:1e-4	Tpos:89.4,Tstd:59.9,Bpos:95.1,Bstd:55.5,StrandBias:-0.5,Multiplicity:1.00
0.001	0.981	0.017	0.001
0.672	0.171	0.053	0.104
0.872	0.001	0.001	0.126
0.928	0.070	0.001	0.001
0.001	0.613	0.385	0.001
0.989	0.001	0.001	0.009
0.033	0.001	0.001	0.965
0.858	0.001	0.001	0.140
0.001	0.997	0.001	0.001
0.997	0.001	0.001	0.001
>ACATACCTAC	23-ACATACCTAC	10.289262	-7.220830	0	T:13.0(0.84%),B:100.0(0.29%),P:1e-3	Tpos:108.3,Tstd:38.1,Bpos:106.0,Bstd:54.5,StrandBias:-0.7,Multiplicity:1.00
0.804	0.093	0.102	0.001
0.001	0.997	0.001	0.001
0.858	0.001	0.102	0.039
0.043	0.001	0.079	0.877
0.986	0.012	0.001	0.001
0.101	0.897	0.001	0.001
0.076	0.922	0.001	0.001
0.158	0.093	0.001	0.748
0.849	0.001	0.149	0.001
0.001	0.997	0.001	0.001
>TRGATACATA	24-TRGATACATA	7.675924	-6.519846	0	T:57.0(3.70%),B:829.8(2.43%),P:1e-2	Tpos:81.4,Tstd:55.9,Bpos:83.2,Bstd:57.7,StrandBias:-1.2,Multiplicity:1.02
0.001	0.001	0.001	0.997
0.512	0.001	0.396	0.091
0.001	0.341	0.657	0.001
0.997	0.001	0.001	0.001
0.001	0.001	0.001	0.997
0.603	0.001	0.395	0.001
0.001	0.628	0.370	0.001
0.646	0.001	0.352	0.001
0.001	0.001	0.001	0.997
0.938	0.060	0.001	0.001
>GGGTTAGGGT	25-GGGTTAGGGT	10.296193	-2.450902	0	T:1.0(0.06%),B:2.5(0.01%),P:1e-1	Tpos:47.2,Tstd:25.5,Bpos:129.5,Bstd:10.9,StrandBias:-10.0,Multiplicity:9.00
0.100	0.100	0.700	0.100
0.100	0.100	0.700	0.100
0.100	0.100	0.700	0.100
0.100	0.100	0.100	0.700
0.100	0.100	0.100	0.700
0.700	0.100	0.100	0.100
0.100	0.100	0.700	0.100
0.100	0.100	0.700	0.100
0.100	0.100	0.700	0.100
0.100	0.100	0.100	0.700
