>CGGATTTACK	1-CGGATTTACK	6.795095	-30.915598	0	T:82.0(5.33%),B:706.1(2.07%),P:1e-13	Tpos:96.2,Tstd:53.9,Bpos:101.4,Bstd:57.9,StrandBias:-0.7,Multiplicity:1.00
0.261	0.662	0.068	0.009
0.011	0.303	0.479	0.207
0.042	0.001	0.936	0.021
0.653	0.067	0.256	0.024
0.031	0.341	0.037	0.591
0.273	0.047	0.004	0.676
0.077	0.247	0.243	0.433
0.531	0.078	0.129	0.262
0.390	0.591	0.015	0.004
0.194	0.164	0.250	0.392
>ACTGAGCCGC	2-ACTGAGCCGC	8.144244	-29.683413	0	T:42.0(2.73%),B:232.5(0.68%),P:1e-12	Tpos:105.1,Tstd:47.4,Bpos:96.0,Bstd:56.3,StrandBias:-0.6,Multiplicity:1.00
0.919	0.079	0.001	0.001
0.147	0.748	0.104	0.001
0.026	0.111	0.240	0.623
0.218	0.001	0.684	0.097
0.859	0.001	0.001	0.139
0.001	0.001	0.873	0.125
0.001	0.980	0.001	0.018
0.001	0.922	0.076	0.001
0.122	0.001	0.716	0.161
0.035	0.837	0.001	0.127
>TTGCAAAGGA	3-TTGCAAAGGA	7.275060	-24.474686	0	T:96.0(6.24%),B:1012.3(2.97%),P:1e-10	Tpos:104.2,Tstd:54.1,Bpos:103.8,Bstd:56.4,StrandBias:0.2,Multiplicity:1.02
0.099	0.043	0.064	0.794
0.070	0.046	0.061	0.823
0.074	0.076	0.807	0.043
0.079	0.790	0.061	0.070
0.807	0.050	0.069	0.074
0.694	0.098	0.087	0.121
0.839	0.045	0.063	0.053
0.053	0.076	0.816	0.055
0.102	0.025	0.796	0.077
0.838	0.075	0.050	0.037
>GCCCAGGGAM	4-GCCCAGGGAM	7.622753	-23.493496	0	T:28.0(1.82%),B:134.3(0.39%),P:1e-10	Tpos:108.7,Tstd:58.9,Bpos:104.8,Bstd:53.4,StrandBias:0.1,Multiplicity:1.04
0.202	0.011	0.607	0.180
0.181	0.568	0.016	0.235
0.190	0.515	0.287	0.008
0.172	0.564	0.251	0.013
0.635	0.031	0.001	0.333
0.013	0.009	0.964	0.014
0.098	0.199	0.575	0.128
0.257	0.037	0.698	0.008
0.611	0.016	0.001	0.372
0.444	0.333	0.213	0.009
>GACTGGACAT	5-GACTGGACAT	8.843965	-22.643890	0	T:38.0(2.47%),B:245.6(0.72%),P:1e-9	Tpos:98.9,Tstd:52.9,Bpos:99.7,Bstd:53.9,StrandBias:0.6,Multiplicity:1.00
0.088	0.001	0.890	0.021
0.806	0.001	0.139	0.054
0.064	0.934	0.001	0.001
0.033	0.100	0.001	0.866
0.001	0.001	0.997	0.001
0.001	0.085	0.913	0.001
0.842	0.001	0.113	0.044
0.131	0.733	0.050	0.086
0.931	0.067	0.001	0.001
0.063	0.234	0.001	0.702
>TTACCWGGTA	6-TTACCWGGTA	7.796608	-21.373354	0	T:44.0(2.86%),B:329.1(0.96%),P:1e-9	Tpos:104.7,Tstd:58.1,Bpos:109.7,Bstd:56.3,StrandBias:-0.1,Multiplicity:1.00
0.231	0.039	0.110	0.620
0.063	0.010	0.016	0.911
0.497	0.072	0.253	0.178
0.198	0.540	0.065	0.197
0.022	0.930	0.024	0.024
0.432	0.205	0.025	0.338
0.016	0.332	0.629	0.023
0.023	0.007	0.776	0.194
0.216	0.211	0.017	0.556
0.581	0.155	0.013	0.251
>GAGTACGAAT	7-GAGTACGAAT	8.994662	-19.931639	0	T:31.0(2.01%),B:190.9(0.56%),P:1e-8	Tpos:81.9,Tstd:45.5,Bpos:89.7,Bstd:53.7,StrandBias:1.5,Multiplicity:1.10
0.088	0.094	0.817	0.001
0.960	0.038	0.001	0.001
0.067	0.135	0.755	0.043
0.001	0.095	0.001	0.903
0.943	0.001	0.039	0.017
0.001	0.906	0.073	0.020
0.014	0.028	0.957	0.001
0.821	0.024	0.062	0.093
0.997	0.001	0.001	0.001
0.001	0.001	0.025	0.973
>GGCGGACGGA	8-GGCGGACGGA	9.228390	-19.163463	0	T:27.0(1.75%),B:153.4(0.45%),P:1e-8	Tpos:148.8,Tstd:37.8,Bpos:99.9,Bstd:63.6,StrandBias:-0.1,Multiplicity:1.00
0.001	0.001	0.922	0.076
0.174	0.056	0.736	0.034
0.001	0.997	0.001	0.001
0.041	0.001	0.882	0.076
0.001	0.001	0.970	0.028
0.901	0.097	0.001	0.001
0.064	0.934	0.001	0.001
0.025	0.001	0.910	0.064
0.099	0.001	0.899	0.001
0.887	0.037	0.001	0.075
>ATATGTGTAC	9-ATATGTGTAC	10.846947	-17.956968	0	T:21.0(1.36%),B:101.3(0.30%),P:1e-7	Tpos:118.6,Tstd:57.3,Bpos:103.6,Bstd:55.1,StrandBias:-1.2,Multiplicity:1.24
0.923	0.075	0.001	0.001
0.001	0.001	0.001	0.997
0.899	0.001	0.001	0.099
0.001	0.001	0.001	0.997
0.001	0.001	0.997	0.001
0.001	0.001	0.001	0.997
0.001	0.001	0.806	0.192
0.001	0.001	0.001	0.997
0.997	0.001	0.001	0.001
0.001	0.918	0.080	0.001
>TATGGATGTA	10-TATGGATGTA	10.697264	-17.862073	0	T:15.0(0.97%),B:50.6(0.15%),P:1e-7	Tpos:141.6,Tstd:46.9,Bpos:110.1,Bstd:54.1,StrandBias:0.0,Multiplicity:1.07
0.001	0.001	0.001	0.997
0.994	0.001	0.001	0.004
0.063	0.243	0.001	0.693
0.001	0.001	0.815	0.183
0.027	0.049	0.761	0.163
0.626	0.307	0.032	0.035
0.001	0.001	0.052	0.946
0.034	0.087	0.847	0.032
0.001	0.048	0.069	0.882
0.997	0.001	0.001	0.001
>AYGTGTGGAK	11-AYGTGTGGAK	7.661663	-17.368051	0	T:31.0(2.01%),B:213.5(0.63%),P:1e-7	Tpos:108.7,Tstd:47.7,Bpos:97.4,Bstd:56.8,StrandBias:0.1,Multiplicity:1.13
0.726	0.036	0.048	0.190
0.007	0.397	0.053	0.543
0.146	0.171	0.608	0.075
0.213	0.212	0.004	0.571
0.001	0.158	0.661	0.180
0.309	0.015	0.053	0.623
0.176	0.047	0.629	0.148
0.404	0.002	0.592	0.002
0.688	0.285	0.016	0.011
0.004	0.192	0.369	0.435
>CTCGAGACGA	12-CTCGAGACGA	10.296193	-16.899753	0	T:5.0(0.32%),B:3.0(0.01%),P:1e-7	Tpos:109.8,Tstd:26.0,Bpos:54.0,Bstd:32.4,StrandBias:0.6,Multiplicity:1.00
0.100	0.700	0.100	0.100
0.100	0.100	0.100	0.700
0.100	0.700	0.100	0.100
0.100	0.100	0.700	0.100
0.700	0.100	0.100	0.100
0.100	0.100	0.700	0.100
0.700	0.100	0.100	0.100
0.100	0.700	0.100	0.100
0.100	0.100	0.700	0.100
0.700	0.100	0.100	0.100
>GGATYMCATC	13-GGATYMCATC	8.289582	-15.836606	0	T:37.0(2.40%),B:305.3(0.89%),P:1e-6	Tpos:99.2,Tstd:49.3,Bpos:109.3,Bstd:54.9,StrandBias:0.1,Multiplicity:1.08
0.001	0.001	0.997	0.001
0.001	0.001	0.997	0.001
0.871	0.001	0.001	0.127
0.202	0.001	0.001	0.796
0.001	0.504	0.001	0.494
0.463	0.327	0.209	0.001
0.001	0.739	0.259	0.001
0.997	0.001	0.001	0.001
0.001	0.183	0.001	0.815
0.001	0.997	0.001	0.001
>CCCTGCATTM	14-CCCTGCATTM	9.731766	-15.775607	0	T:11.0(0.71%),B:29.8(0.09%),P:1e-6	Tpos:111.0,Tstd:53.2,Bpos:98.1,Bstd:51.1,StrandBias:0.4,Multiplicity:1.27
0.001	0.997	0.001	0.001
0.001	0.997	0.001	0.001
0.001	0.607	0.391	0.001
0.001	0.001	0.001	0.997
0.001	0.001	0.997	0.001
0.001	0.997	0.001	0.001
0.935	0.001	0.001	0.063
0.001	0.001	0.001	0.997
0.001	0.001	0.001	0.997
0.429	0.569	0.001	0.001
>CTGATGGGGT	15-CTGATGGGGT	10.296193	-15.615246	0	T:4.0(0.26%),B:1.8(0.01%),P:1e-6	Tpos:111.8,Tstd:50.4,Bpos:113.9,Bstd:33.9,StrandBias:1.6,Multiplicity:1.00
0.100	0.700	0.100	0.100
0.100	0.100	0.100	0.700
0.100	0.100	0.700	0.100
0.700	0.100	0.100	0.100
0.100	0.100	0.100	0.700
0.100	0.100	0.700	0.100
0.100	0.100	0.700	0.100
0.100	0.100	0.700	0.100
0.100	0.100	0.700	0.100
0.100	0.100	0.100	0.700
>TMCTCGTAAC	16-TMCTCGTAAC	9.926997	-15.123355	0	T:11.0(0.71%),B:31.2(0.09%),P:1e-6	Tpos:114.1,Tstd:64.3,Bpos:109.6,Bstd:58.5,StrandBias:0.3,Multiplicity:1.00
0.098	0.049	0.033	0.820
0.399	0.513	0.087	0.001
0.071	0.879	0.049	0.001
0.001	0.038	0.049	0.912
0.098	0.819	0.082	0.001
0.001	0.120	0.878	0.001
0.099	0.049	0.049	0.803
0.901	0.001	0.049	0.049
0.752	0.149	0.001	0.098
0.001	0.747	0.224	0.028
>TAATAAGAAG	17-TAATAAGAAG	10.296193	-13.508668	0	T:5.0(0.32%),B:4.6(0.01%),P:1e-5	Tpos:86.8,Tstd:52.4,Bpos:152.7,Bstd:23.3,StrandBias:-2.0,Multiplicity:1.00
0.100	0.100	0.100	0.700
0.700	0.100	0.100	0.100
0.700	0.100	0.100	0.100
0.100	0.100	0.100	0.700
0.700	0.100	0.100	0.100
0.700	0.100	0.100	0.100
0.100	0.100	0.700	0.100
0.700	0.100	0.100	0.100
0.700	0.100	0.100	0.100
0.100	0.100	0.700	0.100
>TGACTAATGT	18-TGACTAATGT	10.296193	-12.878547	0	T:4.0(0.26%),B:3.0(0.01%),P:1e-5	Tpos:87.5,Tstd:57.4,Bpos:70.0,Bstd:66.3,StrandBias:-1.6,Multiplicity:1.00
0.100	0.100	0.100	0.700
0.100	0.100	0.700	0.100
0.700	0.100	0.100	0.100
0.100	0.700	0.100	0.100
0.100	0.100	0.100	0.700
0.700	0.100	0.100	0.100
0.700	0.100	0.100	0.100
0.100	0.100	0.100	0.700
0.100	0.100	0.700	0.100
0.100	0.100	0.100	0.700
>CAGCGTTTAA	19-CAGCGTTTAA	10.296193	-12.878547	0	T:4.0(0.26%),B:2.9(0.01%),P:1e-5	Tpos:48.8,Tstd:26.6,Bpos:143.0,Bstd:14.6,StrandBias:0.0,Multiplicity:1.00
0.100	0.700	0.100	0.100
0.700	0.100	0.100	0.100
0.100	0.100	0.700	0.100
0.100	0.700	0.100	0.100
0.100	0.100	0.700	0.100
0.100	0.100	0.100	0.700
0.100	0.100	0.100	0.700
0.100	0.100	0.100	0.700
0.700	0.100	0.100	0.100
0.700	0.100	0.100	0.100
>GAATGAATGA	20-GAATGAATGA	10.032490	-12.242612	0	T:20.0(1.30%),B:133.3(0.39%),P:1e-5	Tpos:75.6,Tstd:59.5,Bpos:94.5,Bstd:53.9,StrandBias:-0.9,Multiplicity:1.10
0.001	0.001	0.997	0.001
0.976	0.022	0.001	0.001
0.976	0.001	0.022	0.001
0.001	0.001	0.081	0.917
0.001	0.001	0.997	0.001
0.934	0.001	0.064	0.001
0.997	0.001	0.001	0.001
0.202	0.027	0.001	0.770
0.001	0.001	0.997	0.001
0.997	0.001	0.001	0.001
>ATACATACAA	21-ATACATACAA	10.250994	-11.895785	0	T:28.0(1.82%),B:237.3(0.70%),P:1e-5	Tpos:97.1,Tstd:58.5,Bpos:100.0,Bstd:57.5,StrandBias:0.1,Multiplicity:1.04
0.615	0.160	0.112	0.113
0.001	0.001	0.001	0.997
0.843	0.078	0.078	0.001
0.001	0.997	0.001	0.001
0.881	0.001	0.001	0.117
0.001	0.001	0.001	0.997
0.997	0.001	0.001	0.001
0.255	0.743	0.001	0.001
0.949	0.001	0.049	0.001
0.917	0.001	0.001	0.081
>CAAACATACA	22-CAAACATACA	10.673467	-10.243327	0	T:22.0(1.43%),B:179.1(0.52%),P:1e-4	Tpos:89.4,Tstd:59.9,Bpos:95.1,Bstd:55.5,StrandBias:-0.5,Multiplicity:1.00
0.001	0.981	0.017	0.001
0.672	0.171	0.053	0.104
0.872	0.001	0.001	0.126
0.928	0.070	0.001	0.001
0.001	0.613	0.385	0.001
0.989	0.001	0.001	0.009
0.033	0.001	0.001	0.965
0.858	0.001	0.001	0.140
0.001	0.997	0.001	0.001
0.997	0.001	0.001	0.001
>ACATACCTAC	23-ACATACCTAC	10.289262	-7.220830	0	T:13.0(0.84%),B:100.0(0.29%),P:1e-3	Tpos:108.3,Tstd:38.1,Bpos:106.0,Bstd:54.5,StrandBias:-0.7,Multiplicity:1.00
0.804	0.093	0.102	0.001
0.001	0.997	0.001	0.001
0.858	0.001	0.102	0.039
0.043	0.001	0.079	0.877
0.986	0.012	0.001	0.001
0.101	0.897	0.001	0.001
0.076	0.922	0.001	0.001
0.158	0.093	0.001	0.748
0.849	0.001	0.149	0.001
0.001	0.997	0.001	0.001
>TRGATACATA	24-TRGATACATA	7.675924	-6.519846	0	T:57.0(3.70%),B:829.8(2.43%),P:1e-2	Tpos:81.4,Tstd:55.9,Bpos:83.2,Bstd:57.7,StrandBias:-1.2,Multiplicity:1.02
0.001	0.001	0.001	0.997
0.512	0.001	0.396	0.091
0.001	0.341	0.657	0.001
0.997	0.001	0.001	0.001
0.001	0.001	0.001	0.997
0.603	0.001	0.395	0.001
0.001	0.628	0.370	0.001
0.646	0.001	0.352	0.001
0.001	0.001	0.001	0.997
0.938	0.060	0.001	0.001
>GGGTTAGGGT	25-GGGTTAGGGT	10.296193	-2.450902	0	T:1.0(0.06%),B:2.5(0.01%),P:1e-1	Tpos:47.2,Tstd:25.5,Bpos:129.5,Bstd:10.9,StrandBias:-10.0,Multiplicity:9.00
0.100	0.100	0.700	0.100
0.100	0.100	0.700	0.100
0.100	0.100	0.700	0.100
0.100	0.100	0.100	0.700
0.100	0.100	0.100	0.700
0.700	0.100	0.100	0.100
0.100	0.100	0.700	0.100
0.100	0.100	0.700	0.100
0.100	0.100	0.700	0.100
0.100	0.100	0.100	0.700
>TGACCCCGCAAA	1-TGACCCCGCAAA	13.462104	-39.277013	0	T:10.0(0.65%),B:2.2(0.01%),P:1e-17	Tpos:78.3,Tstd:58.5,Bpos:39.1,Bstd:6.9,StrandBias:-0.6,Multiplicity:1.00
0.001	0.001	0.001	0.997
0.001	0.001	0.997	0.001
0.899	0.001	0.001	0.099
0.001	0.899	0.001	0.099
0.001	0.899	0.001	0.099
0.099	0.899	0.001	0.001
0.001	0.899	0.099	0.001
0.099	0.001	0.899	0.001
0.001	0.997	0.001	0.001
0.899	0.099	0.001	0.001
0.899	0.001	0.099	0.001
0.899	0.099	0.001	0.001
>AAGCGTGATAGC	2-AAGCGTGATAGC	13.392615	-35.457374	0	T:8.0(0.52%),B:2.0(0.01%),P:1e-15	Tpos:96.4,Tstd:43.3,Bpos:124.4,Bstd:46.0,StrandBias:0.0,Multiplicity:1.00
0.997	0.001	0.001	0.001
0.997	0.001	0.001	0.001
0.160	0.001	0.838	0.001
0.001	0.642	0.356	0.001
0.001	0.001	0.997	0.001
0.001	0.001	0.001	0.997
0.001	0.001	0.997	0.001
0.997	0.001	0.001	0.001
0.160	0.001	0.001	0.838
0.997	0.001	0.001	0.001
0.001	0.001	0.997	0.001
0.001	0.838	0.001	0.160
>TTACGGAAGTAA	3-TTACGGAAGTAA	13.649347	-30.952716	0	T:9.0(0.58%),B:3.8(0.01%),P:1e-13	Tpos:124.3,Tstd:42.3,Bpos:121.5,Bstd:27.5,StrandBias:-3.0,Multiplicity:1.00
0.157	0.001	0.001	0.841
0.316	0.001	0.001	0.682
0.807	0.017	0.175	0.001
0.001	0.997	0.001	0.001
0.001	0.001	0.997	0.001
0.001	0.157	0.841	0.001
0.997	0.001	0.001	0.001
0.841	0.001	0.001	0.157
0.001	0.001	0.997	0.001
0.001	0.001	0.001	0.997
0.841	0.157	0.001	0.001
0.997	0.001	0.001	0.001
>ACGGTTCAAGGA	4-ACGGTTCAAGGA	10.103400	-30.812154	0	T:17.0(1.10%),B:28.9(0.08%),P:1e-13	Tpos:105.8,Tstd:40.3,Bpos:84.5,Bstd:53.9,StrandBias:0.2,Multiplicity:1.00
0.817	0.135	0.047	0.001
0.126	0.784	0.045	0.045
0.001	0.047	0.781	0.171
0.090	0.181	0.681	0.048
0.045	0.135	0.001	0.819
0.048	0.045	0.045	0.862
0.045	0.909	0.045	0.001
0.954	0.044	0.001	0.001
0.909	0.045	0.045	0.001
0.045	0.090	0.729	0.136
0.045	0.093	0.817	0.045
0.954	0.044	0.001	0.001
>GGGCGGGTAACA	5-GGGCGGGTAACA	14.323862	-30.273437	0	T:7.0(0.45%),B:1.5(0.00%),P:1e-13	Tpos:79.6,Tstd:27.4,Bpos:42.0,Bstd:0.0,StrandBias:0.4,Multiplicity:1.00
0.001	0.001	0.997	0.001
0.001	0.001	0.997	0.001
0.001	0.001	0.997	0.001
0.001	0.997	0.001	0.001
0.001	0.001	0.997	0.001
0.001	0.001	0.799	0.199
0.001	0.001	0.997	0.001
0.001	0.199	0.001	0.799
0.799	0.001	0.001	0.199
0.997	0.001	0.001	0.001
0.199	0.799	0.001	0.001
0.997	0.001	0.001	0.001
>ATCCATCCCATA	6-ATCCATCCCATA	14.074745	-30.273437	0	T:7.0(0.45%),B:1.6(0.00%),P:1e-13	Tpos:106.7,Tstd:52.0,Bpos:68.5,Bstd:19.3,StrandBias:0.4,Multiplicity:1.00
0.997	0.001	0.001	0.001
0.200	0.200	0.200	0.400
0.001	0.997	0.001	0.001
0.001	0.997	0.001	0.001
0.997	0.001	0.001	0.001
0.001	0.001	0.001	0.997
0.001	0.997	0.001	0.001
0.199	0.799	0.001	0.001
0.001	0.997	0.001	0.001
0.997	0.001	0.001	0.001
0.001	0.001	0.001	0.997
0.997	0.001	0.001	0.001
>TCGATGAATTTA	7-TCGATGAATTTA	13.055484	-30.088927	0	T:13.0(0.84%),B:13.8(0.04%),P:1e-13	Tpos:89.2,Tstd:51.3,Bpos:80.4,Bstd:48.7,StrandBias:-1.2,Multiplicity:1.00
0.001	0.001	0.001	0.997
0.001	0.997	0.001	0.001
0.076	0.097	0.730	0.097
0.923	0.001	0.075	0.001
0.214	0.001	0.001	0.784
0.001	0.001	0.997	0.001
0.997	0.001	0.001	0.001
0.784	0.001	0.001	0.214
0.063	0.001	0.001	0.935
0.001	0.096	0.001	0.902
0.001	0.001	0.001	0.997
0.997	0.001	0.001	0.001
>TTGACTGATAGC	8-TTGACTGATAGC	10.659666	-26.677486	0	T:23.0(1.49%),B:76.8(0.22%),P:1e-11	Tpos:110.0,Tstd:53.3,Bpos:96.4,Bstd:54.8,StrandBias:-0.6,Multiplicity:1.00
0.001	0.001	0.325	0.673
0.001	0.001	0.001	0.997
0.065	0.065	0.805	0.065
0.737	0.001	0.001	0.261
0.136	0.729	0.065	0.070
0.196	0.065	0.001	0.738
0.001	0.001	0.934	0.064
0.997	0.001	0.001	0.001
0.270	0.130	0.001	0.599
0.929	0.001	0.001	0.069
0.001	0.001	0.994	0.004
0.065	0.869	0.065	0.001
>CTYATATTCATA	9-CTYATATTCATA	12.508273	-25.147080	0	T:14.0(0.91%),B:24.9(0.07%),P:1e-10	Tpos:83.6,Tstd:60.2,Bpos:75.5,Bstd:60.0,StrandBias:-0.8,Multiplicity:1.00
0.001	0.997	0.001	0.001
0.126	0.157	0.001	0.716
0.164	0.429	0.001	0.406
0.997	0.001	0.001	0.001
0.001	0.001	0.001	0.997
0.611	0.001	0.001	0.387
0.380	0.001	0.001	0.618
0.001	0.001	0.001	0.997
0.001	0.997	0.001	0.001
0.856	0.001	0.142	0.001
0.001	0.001	0.001	0.997
0.997	0.001	0.001	0.001
>TGATAAATTATG	10-TGATAAATTATG	9.105912	-24.065746	0	T:68.0(4.42%),B:611.5(1.79%),P:1e-10	Tpos:87.1,Tstd:58.8,Bpos:84.7,Bstd:55.0,StrandBias:0.0,Multiplicity:1.00
0.035	0.060	0.026	0.879
0.042	0.103	0.743	0.112
0.826	0.016	0.082	0.076
0.064	0.065	0.079	0.792
0.908	0.001	0.074	0.017
0.924	0.016	0.027	0.033
0.826	0.033	0.070	0.071
0.120	0.028	0.029	0.823
0.069	0.013	0.117	0.801
0.854	0.044	0.029	0.073
0.056	0.049	0.066	0.829
0.089	0.058	0.801	0.052
>GTGGTCTTTGCA	11-GTGGTCTTTGCA	13.612969	-23.488058	0	T:9.0(0.58%),B:7.7(0.02%),P:1e-10	Tpos:112.4,Tstd:51.1,Bpos:111.5,Bstd:45.9,StrandBias:-0.3,Multiplicity:1.00
0.001	0.001	0.997	0.001
0.001	0.001	0.001	0.997
0.001	0.114	0.884	0.001
0.115	0.001	0.769	0.115
0.001	0.001	0.001	0.997
0.075	0.923	0.001	0.001
0.001	0.001	0.001	0.997
0.001	0.001	0.001	0.997
0.001	0.001	0.114	0.884
0.001	0.001	0.884	0.114
0.114	0.884	0.001	0.001
0.884	0.001	0.001	0.114
>CAGAGACACTGA	12-CAGAGACACTGA	13.473236	-22.741090	0	T:8.0(0.52%),B:5.4(0.02%),P:1e-9	Tpos:111.9,Tstd:37.4,Bpos:96.0,Bstd:65.8,StrandBias:1.6,Multiplicity:1.00
0.001	0.997	0.001	0.001
0.698	0.300	0.001	0.001
0.001	0.001	0.997	0.001
0.997	0.001	0.001	0.001
0.001	0.001	0.997	0.001
0.997	0.001	0.001	0.001
0.001	0.698	0.001	0.300
0.997	0.001	0.001	0.001
0.396	0.602	0.001	0.001
0.300	0.001	0.001	0.698
0.001	0.321	0.677	0.001
0.997	0.001	0.001	0.001
>CTTAGGATTTTC	13-CTTAGGATTTTC	14.083041	-22.661586	0	T:7.0(0.45%),B:3.6(0.01%),P:1e-9	Tpos:112.7,Tstd:55.5,Bpos:97.6,Bstd:44.9,StrandBias:-0.4,Multiplicity:1.00
0.166	0.832	0.001	0.001
0.166	0.001	0.001	0.832
0.001	0.166	0.001	0.832
0.832	0.001	0.001	0.166
0.001	0.001	0.997	0.001
0.001	0.001	0.997	0.001
0.832	0.001	0.001	0.166
0.001	0.001	0.001	0.997
0.001	0.001	0.001	0.997
0.001	0.001	0.001	0.997
0.001	0.001	0.001	0.997
0.001	0.997	0.001	0.001
>ACCTGGTAAATA	14-ACCTGGTAAATA	14.385906	-22.661586	0	T:7.0(0.45%),B:3.2(0.01%),P:1e-9	Tpos:98.7,Tstd:42.7,Bpos:153.3,Bstd:6.6,StrandBias:1.3,Multiplicity:1.00
0.997	0.001	0.001	0.001
0.001	0.997	0.001	0.001
0.151	0.847	0.001	0.001
0.151	0.001	0.001	0.847
0.001	0.001	0.997	0.001
0.001	0.001	0.997	0.001
0.001	0.001	0.001	0.997
0.997	0.001	0.001	0.001
0.997	0.001	0.001	0.001
0.997	0.001	0.001	0.001
0.001	0.001	0.151	0.847
0.997	0.001	0.001	0.001
>TATTATTGTATC	15-TATTATTGTATC	15.079222	-20.328104	0	T:5.0(0.32%),B:1.8(0.01%),P:1e-8	Tpos:119.2,Tstd:43.3,Bpos:91.0,Bstd:0.0,StrandBias:10.0,Multiplicity:1.00
0.001	0.001	0.001	0.997
0.780	0.218	0.001	0.001
0.001	0.001	0.001	0.997
0.001	0.001	0.001	0.997
0.997	0.001	0.001	0.001
0.001	0.001	0.001	0.997
0.001	0.001	0.001	0.997
0.001	0.001	0.997	0.001
0.001	0.001	0.001	0.997
0.997	0.001	0.001	0.001
0.001	0.001	0.001	0.997
0.001	0.997	0.001	0.001
>TCCGTCCGCCAT	16-TCCGTCCGCCAT	12.650363	-19.626106	0	T:14.0(0.91%),B:37.6(0.11%),P:1e-8	Tpos:147.6,Tstd:33.4,Bpos:113.2,Bstd:48.7,StrandBias:-1.3,Multiplicity:1.00
0.199	0.001	0.130	0.670
0.001	0.853	0.001	0.145
0.001	0.932	0.001	0.066
0.001	0.001	0.997	0.001
0.001	0.001	0.001	0.997
0.001	0.997	0.001	0.001
0.129	0.869	0.001	0.001
0.001	0.001	0.997	0.001
0.001	0.932	0.001	0.066
0.001	0.997	0.001	0.001
0.869	0.001	0.001	0.129
0.001	0.001	0.001	0.997
>TTTCGCTGATTT	17-TTTCGCTGATTT	13.164747	-19.164146	0	T:7.0(0.45%),B:5.7(0.02%),P:1e-8	Tpos:115.9,Tstd:57.6,Bpos:98.3,Bstd:35.0,StrandBias:-0.4,Multiplicity:1.00
0.001	0.001	0.001	0.997
0.001	0.001	0.001	0.997
0.001	0.179	0.001	0.819
0.001	0.997	0.001	0.001
0.001	0.001	0.997	0.001
0.001	0.997	0.001	0.001
0.001	0.001	0.001	0.997
0.001	0.001	0.819	0.179
0.997	0.001	0.001	0.001
0.001	0.001	0.001	0.997
0.001	0.001	0.001	0.997
0.001	0.001	0.001	0.997
>GAATGAATGAAT	18-GAATGAATGAAT	10.043192	-17.722673	0	T:30.0(1.95%),B:198.5(0.58%),P:1e-7	Tpos:75.6,Tstd:56.7,Bpos:93.5,Bstd:53.4,StrandBias:-0.3,Multiplicity:1.03
0.110	0.039	0.741	0.110
0.860	0.073	0.066	0.001
0.653	0.001	0.183	0.163
0.001	0.147	0.110	0.742
0.001	0.001	0.885	0.113
0.962	0.036	0.001	0.001
0.852	0.001	0.146	0.001
0.236	0.001	0.001	0.762
0.036	0.001	0.895	0.068
0.828	0.001	0.001	0.170
0.925	0.001	0.073	0.001
0.061	0.038	0.001	0.900
>GTACACATATCA	19-GTACACATATCA	13.998551	-16.899753	0	T:5.0(0.32%),B:2.7(0.01%),P:1e-7	Tpos:102.2,Tstd:59.0,Bpos:57.4,Bstd:52.6,StrandBias:3.2,Multiplicity:2.00
0.001	0.001	0.997	0.001
0.001	0.001	0.001	0.997
0.997	0.001	0.001	0.001
0.001	0.997	0.001	0.001
0.997	0.001	0.001	0.001
0.001	0.997	0.001	0.001
0.909	0.001	0.089	0.001
0.089	0.001	0.001	0.909
0.997	0.001	0.001	0.001
0.001	0.001	0.001	0.997
0.001	0.997	0.001	0.001
0.909	0.001	0.001	0.089
>GGACWCRRGACM	20-GGACWCRRGACM	11.465880	-16.899753	0	T:5.0(0.32%),B:2.8(0.01%),P:1e-7	Tpos:125.4,Tstd:35.1,Bpos:91.3,Bstd:49.6,StrandBias:10.0,Multiplicity:1.00
0.001	0.001	0.997	0.001
0.001	0.001	0.997	0.001
0.997	0.001	0.001	0.001
0.001	0.997	0.001	0.001
0.430	0.001	0.001	0.568
0.001	0.997	0.001	0.001
0.431	0.001	0.534	0.034
0.430	0.001	0.568	0.001
0.001	0.001	0.964	0.034
0.997	0.001	0.001	0.001
0.001	0.964	0.001	0.034
0.430	0.568	0.001	0.001
>AGATGGCGGCTC	21-AGATGGCGGCTC	13.158230	-12.878547	0	T:4.0(0.26%),B:2.7(0.01%),P:1e-5	Tpos:65.0,Tstd:24.2,Bpos:118.7,Bstd:25.8,StrandBias:0.0,Multiplicity:1.00
0.713	0.050	0.101	0.136
0.091	0.122	0.692	0.095
0.784	0.072	0.079	0.065
0.079	0.079	0.050	0.792
0.093	0.051	0.813	0.043
0.086	0.036	0.835	0.043
0.050	0.814	0.050	0.086
0.137	0.055	0.686	0.122
0.115	0.058	0.739	0.088
0.102	0.783	0.065	0.050
0.129	0.108	0.086	0.677
0.079	0.679	0.091	0.151
>TCACGTGACACC	22-TCACGTGACACC	12.355432	-12.878547	0	T:4.0(0.26%),B:2.5(0.01%),P:1e-5	Tpos:83.5,Tstd:49.3,Bpos:143.9,Bstd:14.8,StrandBias:0.0,Multiplicity:1.00
0.100	0.100	0.100	0.700
0.100	0.700	0.100	0.100
0.700	0.100	0.100	0.100
0.100	0.700	0.100	0.100
0.100	0.100	0.700	0.100
0.100	0.100	0.100	0.700
0.100	0.100	0.700	0.100
0.700	0.100	0.100	0.100
0.100	0.700	0.100	0.100
0.700	0.100	0.100	0.100
0.100	0.700	0.100	0.100
0.100	0.700	0.100	0.100
>CCCAACCCTAAC	23-CCCAACCCTAAC	9.261811	-5.782471	0	T:4.0(0.26%),B:13.6(0.04%),P:1e-2	Tpos:49.1,Tstd:27.3,Bpos:101.3,Bstd:51.6,StrandBias:2.6,Multiplicity:3.50
0.001	0.997	0.001	0.001
0.001	0.698	0.300	0.001
0.001	0.609	0.001	0.389
0.698	0.001	0.001	0.300
0.698	0.300	0.001	0.001
0.001	0.997	0.001	0.001
0.001	0.997	0.001	0.001
0.001	0.997	0.001	0.001
0.001	0.001	0.001	0.997
0.997	0.001	0.001	0.001
0.991	0.001	0.001	0.007
0.308	0.690	0.001	0.001
>TACATACATACA	24-TACATACATACA	12.407607	-4.599079	0	T:9.0(0.58%),B:78.8(0.23%),P:1e-1	Tpos:87.3,Tstd:54.6,Bpos:62.6,Bstd:51.6,StrandBias:-2.5,Multiplicity:1.33
0.020	0.001	0.018	0.961
0.976	0.022	0.001	0.001
0.001	0.997	0.001	0.001
0.955	0.001	0.001	0.043
0.019	0.001	0.001	0.979
0.997	0.001	0.001	0.001
0.001	0.997	0.001	0.001
0.964	0.001	0.034	0.001
0.001	0.001	0.001	0.997
0.997	0.001	0.001	0.001
0.001	0.964	0.001	0.034
0.936	0.034	0.029	0.001
>CATGTACTCTGT	25-CATGTACTCTGT	12.355432	-3.121777	0	T:1.0(0.06%),B:1.9(0.01%),P:1e-1	Tpos:105.4,Tstd:54.2,Bpos:96.2,Bstd:23.1,StrandBias:10.0,Multiplicity:5.00
0.100	0.700	0.100	0.100
0.700	0.100	0.100	0.100
0.100	0.100	0.100	0.700
0.100	0.100	0.700	0.100
0.100	0.100	0.100	0.700
0.700	0.100	0.100	0.100
0.100	0.700	0.100	0.100
0.100	0.100	0.100	0.700
0.100	0.700	0.100	0.100
0.100	0.100	0.100	0.700
0.100	0.100	0.700	0.100
0.100	0.100	0.100	0.700
>GAGAGGTG	1-GAGAGGTG	7.165424	-17.038802	0	T:131.0(8.51%),B:1772.5(5.19%),P:1e-7	Tpos:104.4,Tstd:54.8,Bpos:100.4,Bstd:56.9,StrandBias:-0.6,Multiplicity:1.07
0.197	0.001	0.801	0.001
0.997	0.001	0.001	0.001
0.001	0.001	0.701	0.297
0.602	0.001	0.204	0.193
0.001	0.001	0.612	0.386
0.001	0.327	0.671	0.001
0.001	0.192	0.001	0.806
0.001	0.001	0.821	0.177
>CCGCCATA	2-CCGCCATA	6.737971	-15.356203	0	T:211.0(13.71%),B:3300.1(9.67%),P:1e-6	Tpos:106.8,Tstd:48.7,Bpos:108.4,Bstd:50.3,StrandBias:-0.4,Multiplicity:1.07
0.106	0.854	0.039	0.001
0.043	0.862	0.021	0.074
0.001	0.001	0.883	0.115
0.094	0.837	0.001	0.068
0.036	0.924	0.018	0.022
0.938	0.019	0.042	0.001
0.001	0.037	0.001	0.961
0.738	0.044	0.146	0.072
>GGAAACAC	3-GGAAACAC	9.679020	-13.885507	0	T:43.0(2.79%),B:416.7(1.22%),P:1e-6	Tpos:88.0,Tstd:59.4,Bpos:112.0,Bstd:56.3,StrandBias:0.6,Multiplicity:1.00
0.001	0.001	0.997	0.001
0.001	0.001	0.997	0.001
0.997	0.001	0.001	0.001
0.749	0.001	0.249	0.001
0.997	0.001	0.001	0.001
0.001	0.997	0.001	0.001
0.997	0.001	0.001	0.001
0.001	0.997	0.001	0.001
>TTAGGGTT	4-TTAGGGTT	9.005454	-7.882982	0	T:34.0(2.21%),B:395.6(1.16%),P:1e-3	Tpos:98.6,Tstd:57.8,Bpos:97.7,Bstd:56.8,StrandBias:-0.7,Multiplicity:1.29
0.001	0.001	0.001	0.997
0.001	0.001	0.001	0.997
0.997	0.001	0.001	0.001
0.001	0.001	0.997	0.001
0.001	0.001	0.997	0.001
0.001	0.001	0.749	0.249
0.001	0.001	0.001	0.997
0.001	0.169	0.001	0.829
>TGTATGTA	5-TGTATGTA	8.236954	-2.061230	0	T:29.0(1.88%),B:511.6(1.50%),P:1e0	Tpos:89.4,Tstd:54.9,Bpos:76.4,Bstd:57.7,StrandBias:1.8,Multiplicity:3.69
0.100	0.100	0.100	0.700
0.100	0.100	0.700	0.100
0.100	0.100	0.100	0.700
0.700	0.100	0.100	0.100
0.100	0.100	0.100	0.700
0.100	0.100	0.700	0.100
0.100	0.100	0.100	0.700
0.700	0.100	0.100	0.100
