>TGACCCCGCAAA	1-TGACCCCGCAAA	13.462104	-39.277013	0	T:10.0(0.65%),B:2.2(0.01%),P:1e-17	Tpos:78.3,Tstd:58.5,Bpos:39.1,Bstd:6.9,StrandBias:-0.6,Multiplicity:1.00
0.001	0.001	0.001	0.997
0.001	0.001	0.997	0.001
0.899	0.001	0.001	0.099
0.001	0.899	0.001	0.099
0.001	0.899	0.001	0.099
0.099	0.899	0.001	0.001
0.001	0.899	0.099	0.001
0.099	0.001	0.899	0.001
0.001	0.997	0.001	0.001
0.899	0.099	0.001	0.001
0.899	0.001	0.099	0.001
0.899	0.099	0.001	0.001
>AAGCGTGATAGC	2-AAGCGTGATAGC	13.392615	-35.457374	0	T:8.0(0.52%),B:2.0(0.01%),P:1e-15	Tpos:96.4,Tstd:43.3,Bpos:124.4,Bstd:46.0,StrandBias:0.0,Multiplicity:1.00
0.997	0.001	0.001	0.001
0.997	0.001	0.001	0.001
0.160	0.001	0.838	0.001
0.001	0.642	0.356	0.001
0.001	0.001	0.997	0.001
0.001	0.001	0.001	0.997
0.001	0.001	0.997	0.001
0.997	0.001	0.001	0.001
0.160	0.001	0.001	0.838
0.997	0.001	0.001	0.001
0.001	0.001	0.997	0.001
0.001	0.838	0.001	0.160
>TTACGGAAGTAA	3-TTACGGAAGTAA	13.649347	-30.952716	0	T:9.0(0.58%),B:3.8(0.01%),P:1e-13	Tpos:124.3,Tstd:42.3,Bpos:121.5,Bstd:27.5,StrandBias:-3.0,Multiplicity:1.00
0.157	0.001	0.001	0.841
0.316	0.001	0.001	0.682
0.807	0.017	0.175	0.001
0.001	0.997	0.001	0.001
0.001	0.001	0.997	0.001
0.001	0.157	0.841	0.001
0.997	0.001	0.001	0.001
0.841	0.001	0.001	0.157
0.001	0.001	0.997	0.001
0.001	0.001	0.001	0.997
0.841	0.157	0.001	0.001
0.997	0.001	0.001	0.001
>ACGGTTCAAGGA	4-ACGGTTCAAGGA	10.103400	-30.812154	0	T:17.0(1.10%),B:28.9(0.08%),P:1e-13	Tpos:105.8,Tstd:40.3,Bpos:84.5,Bstd:53.9,StrandBias:0.2,Multiplicity:1.00
0.817	0.135	0.047	0.001
0.126	0.784	0.045	0.045
0.001	0.047	0.781	0.171
0.090	0.181	0.681	0.048
0.045	0.135	0.001	0.819
0.048	0.045	0.045	0.862
0.045	0.909	0.045	0.001
0.954	0.044	0.001	0.001
0.909	0.045	0.045	0.001
0.045	0.090	0.729	0.136
0.045	0.093	0.817	0.045
0.954	0.044	0.001	0.001
>GGGCGGGTAACA	5-GGGCGGGTAACA	14.323862	-30.273437	0	T:7.0(0.45%),B:1.5(0.00%),P:1e-13	Tpos:79.6,Tstd:27.4,Bpos:42.0,Bstd:0.0,StrandBias:0.4,Multiplicity:1.00
0.001	0.001	0.997	0.001
0.001	0.001	0.997	0.001
0.001	0.001	0.997	0.001
0.001	0.997	0.001	0.001
0.001	0.001	0.997	0.001
0.001	0.001	0.799	0.199
0.001	0.001	0.997	0.001
0.001	0.199	0.001	0.799
0.799	0.001	0.001	0.199
0.997	0.001	0.001	0.001
0.199	0.799	0.001	0.001
0.997	0.001	0.001	0.001
>ATCCATCCCATA	6-ATCCATCCCATA	14.074745	-30.273437	0	T:7.0(0.45%),B:1.6(0.00%),P:1e-13	Tpos:106.7,Tstd:52.0,Bpos:68.5,Bstd:19.3,StrandBias:0.4,Multiplicity:1.00
0.997	0.001	0.001	0.001
0.200	0.200	0.200	0.400
0.001	0.997	0.001	0.001
0.001	0.997	0.001	0.001
0.997	0.001	0.001	0.001
0.001	0.001	0.001	0.997
0.001	0.997	0.001	0.001
0.199	0.799	0.001	0.001
0.001	0.997	0.001	0.001
0.997	0.001	0.001	0.001
0.001	0.001	0.001	0.997
0.997	0.001	0.001	0.001
>TCGATGAATTTA	7-TCGATGAATTTA	13.055484	-30.088927	0	T:13.0(0.84%),B:13.8(0.04%),P:1e-13	Tpos:89.2,Tstd:51.3,Bpos:80.4,Bstd:48.7,StrandBias:-1.2,Multiplicity:1.00
0.001	0.001	0.001	0.997
0.001	0.997	0.001	0.001
0.076	0.097	0.730	0.097
0.923	0.001	0.075	0.001
0.214	0.001	0.001	0.784
0.001	0.001	0.997	0.001
0.997	0.001	0.001	0.001
0.784	0.001	0.001	0.214
0.063	0.001	0.001	0.935
0.001	0.096	0.001	0.902
0.001	0.001	0.001	0.997
0.997	0.001	0.001	0.001
>TTGACTGATAGC	8-TTGACTGATAGC	10.659666	-26.677486	0	T:23.0(1.49%),B:76.8(0.22%),P:1e-11	Tpos:110.0,Tstd:53.3,Bpos:96.4,Bstd:54.8,StrandBias:-0.6,Multiplicity:1.00
0.001	0.001	0.325	0.673
0.001	0.001	0.001	0.997
0.065	0.065	0.805	0.065
0.737	0.001	0.001	0.261
0.136	0.729	0.065	0.070
0.196	0.065	0.001	0.738
0.001	0.001	0.934	0.064
0.997	0.001	0.001	0.001
0.270	0.130	0.001	0.599
0.929	0.001	0.001	0.069
0.001	0.001	0.994	0.004
0.065	0.869	0.065	0.001
>CTYATATTCATA	9-CTYATATTCATA	12.508273	-25.147080	0	T:14.0(0.91%),B:24.9(0.07%),P:1e-10	Tpos:83.6,Tstd:60.2,Bpos:75.5,Bstd:60.0,StrandBias:-0.8,Multiplicity:1.00
0.001	0.997	0.001	0.001
0.126	0.157	0.001	0.716
0.164	0.429	0.001	0.406
0.997	0.001	0.001	0.001
0.001	0.001	0.001	0.997
0.611	0.001	0.001	0.387
0.380	0.001	0.001	0.618
0.001	0.001	0.001	0.997
0.001	0.997	0.001	0.001
0.856	0.001	0.142	0.001
0.001	0.001	0.001	0.997
0.997	0.001	0.001	0.001
>TGATAAATTATG	10-TGATAAATTATG	9.105912	-24.065746	0	T:68.0(4.42%),B:611.5(1.79%),P:1e-10	Tpos:87.1,Tstd:58.8,Bpos:84.7,Bstd:55.0,StrandBias:0.0,Multiplicity:1.00
0.035	0.060	0.026	0.879
0.042	0.103	0.743	0.112
0.826	0.016	0.082	0.076
0.064	0.065	0.079	0.792
0.908	0.001	0.074	0.017
0.924	0.016	0.027	0.033
0.826	0.033	0.070	0.071
0.120	0.028	0.029	0.823
0.069	0.013	0.117	0.801
0.854	0.044	0.029	0.073
0.056	0.049	0.066	0.829
0.089	0.058	0.801	0.052
>GTGGTCTTTGCA	11-GTGGTCTTTGCA	13.612969	-23.488058	0	T:9.0(0.58%),B:7.7(0.02%),P:1e-10	Tpos:112.4,Tstd:51.1,Bpos:111.5,Bstd:45.9,StrandBias:-0.3,Multiplicity:1.00
0.001	0.001	0.997	0.001
0.001	0.001	0.001	0.997
0.001	0.114	0.884	0.001
0.115	0.001	0.769	0.115
0.001	0.001	0.001	0.997
0.075	0.923	0.001	0.001
0.001	0.001	0.001	0.997
0.001	0.001	0.001	0.997
0.001	0.001	0.114	0.884
0.001	0.001	0.884	0.114
0.114	0.884	0.001	0.001
0.884	0.001	0.001	0.114
>CAGAGACACTGA	12-CAGAGACACTGA	13.473236	-22.741090	0	T:8.0(0.52%),B:5.4(0.02%),P:1e-9	Tpos:111.9,Tstd:37.4,Bpos:96.0,Bstd:65.8,StrandBias:1.6,Multiplicity:1.00
0.001	0.997	0.001	0.001
0.698	0.300	0.001	0.001
0.001	0.001	0.997	0.001
0.997	0.001	0.001	0.001
0.001	0.001	0.997	0.001
0.997	0.001	0.001	0.001
0.001	0.698	0.001	0.300
0.997	0.001	0.001	0.001
0.396	0.602	0.001	0.001
0.300	0.001	0.001	0.698
0.001	0.321	0.677	0.001
0.997	0.001	0.001	0.001
>CTTAGGATTTTC	13-CTTAGGATTTTC	14.083041	-22.661586	0	T:7.0(0.45%),B:3.6(0.01%),P:1e-9	Tpos:112.7,Tstd:55.5,Bpos:97.6,Bstd:44.9,StrandBias:-0.4,Multiplicity:1.00
0.166	0.832	0.001	0.001
0.166	0.001	0.001	0.832
0.001	0.166	0.001	0.832
0.832	0.001	0.001	0.166
0.001	0.001	0.997	0.001
0.001	0.001	0.997	0.001
0.832	0.001	0.001	0.166
0.001	0.001	0.001	0.997
0.001	0.001	0.001	0.997
0.001	0.001	0.001	0.997
0.001	0.001	0.001	0.997
0.001	0.997	0.001	0.001
>ACCTGGTAAATA	14-ACCTGGTAAATA	14.385906	-22.661586	0	T:7.0(0.45%),B:3.2(0.01%),P:1e-9	Tpos:98.7,Tstd:42.7,Bpos:153.3,Bstd:6.6,StrandBias:1.3,Multiplicity:1.00
0.997	0.001	0.001	0.001
0.001	0.997	0.001	0.001
0.151	0.847	0.001	0.001
0.151	0.001	0.001	0.847
0.001	0.001	0.997	0.001
0.001	0.001	0.997	0.001
0.001	0.001	0.001	0.997
0.997	0.001	0.001	0.001
0.997	0.001	0.001	0.001
0.997	0.001	0.001	0.001
0.001	0.001	0.151	0.847
0.997	0.001	0.001	0.001
>TATTATTGTATC	15-TATTATTGTATC	15.079222	-20.328104	0	T:5.0(0.32%),B:1.8(0.01%),P:1e-8	Tpos:119.2,Tstd:43.3,Bpos:91.0,Bstd:0.0,StrandBias:10.0,Multiplicity:1.00
0.001	0.001	0.001	0.997
0.780	0.218	0.001	0.001
0.001	0.001	0.001	0.997
0.001	0.001	0.001	0.997
0.997	0.001	0.001	0.001
0.001	0.001	0.001	0.997
0.001	0.001	0.001	0.997
0.001	0.001	0.997	0.001
0.001	0.001	0.001	0.997
0.997	0.001	0.001	0.001
0.001	0.001	0.001	0.997
0.001	0.997	0.001	0.001
>TCCGTCCGCCAT	16-TCCGTCCGCCAT	12.650363	-19.626106	0	T:14.0(0.91%),B:37.6(0.11%),P:1e-8	Tpos:147.6,Tstd:33.4,Bpos:113.2,Bstd:48.7,StrandBias:-1.3,Multiplicity:1.00
0.199	0.001	0.130	0.670
0.001	0.853	0.001	0.145
0.001	0.932	0.001	0.066
0.001	0.001	0.997	0.001
0.001	0.001	0.001	0.997
0.001	0.997	0.001	0.001
0.129	0.869	0.001	0.001
0.001	0.001	0.997	0.001
0.001	0.932	0.001	0.066
0.001	0.997	0.001	0.001
0.869	0.001	0.001	0.129
0.001	0.001	0.001	0.997
>TTTCGCTGATTT	17-TTTCGCTGATTT	13.164747	-19.164146	0	T:7.0(0.45%),B:5.7(0.02%),P:1e-8	Tpos:115.9,Tstd:57.6,Bpos:98.3,Bstd:35.0,StrandBias:-0.4,Multiplicity:1.00
0.001	0.001	0.001	0.997
0.001	0.001	0.001	0.997
0.001	0.179	0.001	0.819
0.001	0.997	0.001	0.001
0.001	0.001	0.997	0.001
0.001	0.997	0.001	0.001
0.001	0.001	0.001	0.997
0.001	0.001	0.819	0.179
0.997	0.001	0.001	0.001
0.001	0.001	0.001	0.997
0.001	0.001	0.001	0.997
0.001	0.001	0.001	0.997
>GAATGAATGAAT	18-GAATGAATGAAT	10.043192	-17.722673	0	T:30.0(1.95%),B:198.5(0.58%),P:1e-7	Tpos:75.6,Tstd:56.7,Bpos:93.5,Bstd:53.4,StrandBias:-0.3,Multiplicity:1.03
0.110	0.039	0.741	0.110
0.860	0.073	0.066	0.001
0.653	0.001	0.183	0.163
0.001	0.147	0.110	0.742
0.001	0.001	0.885	0.113
0.962	0.036	0.001	0.001
0.852	0.001	0.146	0.001
0.236	0.001	0.001	0.762
0.036	0.001	0.895	0.068
0.828	0.001	0.001	0.170
0.925	0.001	0.073	0.001
0.061	0.038	0.001	0.900
>GTACACATATCA	19-GTACACATATCA	13.998551	-16.899753	0	T:5.0(0.32%),B:2.7(0.01%),P:1e-7	Tpos:102.2,Tstd:59.0,Bpos:57.4,Bstd:52.6,StrandBias:3.2,Multiplicity:2.00
0.001	0.001	0.997	0.001
0.001	0.001	0.001	0.997
0.997	0.001	0.001	0.001
0.001	0.997	0.001	0.001
0.997	0.001	0.001	0.001
0.001	0.997	0.001	0.001
0.909	0.001	0.089	0.001
0.089	0.001	0.001	0.909
0.997	0.001	0.001	0.001
0.001	0.001	0.001	0.997
0.001	0.997	0.001	0.001
0.909	0.001	0.001	0.089
>GGACWCRRGACM	20-GGACWCRRGACM	11.465880	-16.899753	0	T:5.0(0.32%),B:2.8(0.01%),P:1e-7	Tpos:125.4,Tstd:35.1,Bpos:91.3,Bstd:49.6,StrandBias:10.0,Multiplicity:1.00
0.001	0.001	0.997	0.001
0.001	0.001	0.997	0.001
0.997	0.001	0.001	0.001
0.001	0.997	0.001	0.001
0.430	0.001	0.001	0.568
0.001	0.997	0.001	0.001
0.431	0.001	0.534	0.034
0.430	0.001	0.568	0.001
0.001	0.001	0.964	0.034
0.997	0.001	0.001	0.001
0.001	0.964	0.001	0.034
0.430	0.568	0.001	0.001
>AGATGGCGGCTC	21-AGATGGCGGCTC	13.158230	-12.878547	0	T:4.0(0.26%),B:2.7(0.01%),P:1e-5	Tpos:65.0,Tstd:24.2,Bpos:118.7,Bstd:25.8,StrandBias:0.0,Multiplicity:1.00
0.713	0.050	0.101	0.136
0.091	0.122	0.692	0.095
0.784	0.072	0.079	0.065
0.079	0.079	0.050	0.792
0.093	0.051	0.813	0.043
0.086	0.036	0.835	0.043
0.050	0.814	0.050	0.086
0.137	0.055	0.686	0.122
0.115	0.058	0.739	0.088
0.102	0.783	0.065	0.050
0.129	0.108	0.086	0.677
0.079	0.679	0.091	0.151
>TCACGTGACACC	22-TCACGTGACACC	12.355432	-12.878547	0	T:4.0(0.26%),B:2.5(0.01%),P:1e-5	Tpos:83.5,Tstd:49.3,Bpos:143.9,Bstd:14.8,StrandBias:0.0,Multiplicity:1.00
0.100	0.100	0.100	0.700
0.100	0.700	0.100	0.100
0.700	0.100	0.100	0.100
0.100	0.700	0.100	0.100
0.100	0.100	0.700	0.100
0.100	0.100	0.100	0.700
0.100	0.100	0.700	0.100
0.700	0.100	0.100	0.100
0.100	0.700	0.100	0.100
0.700	0.100	0.100	0.100
0.100	0.700	0.100	0.100
0.100	0.700	0.100	0.100
>CCCAACCCTAAC	23-CCCAACCCTAAC	9.261811	-5.782471	0	T:4.0(0.26%),B:13.6(0.04%),P:1e-2	Tpos:49.1,Tstd:27.3,Bpos:101.3,Bstd:51.6,StrandBias:2.6,Multiplicity:3.50
0.001	0.997	0.001	0.001
0.001	0.698	0.300	0.001
0.001	0.609	0.001	0.389
0.698	0.001	0.001	0.300
0.698	0.300	0.001	0.001
0.001	0.997	0.001	0.001
0.001	0.997	0.001	0.001
0.001	0.997	0.001	0.001
0.001	0.001	0.001	0.997
0.997	0.001	0.001	0.001
0.991	0.001	0.001	0.007
0.308	0.690	0.001	0.001
>TACATACATACA	24-TACATACATACA	12.407607	-4.599079	0	T:9.0(0.58%),B:78.8(0.23%),P:1e-1	Tpos:87.3,Tstd:54.6,Bpos:62.6,Bstd:51.6,StrandBias:-2.5,Multiplicity:1.33
0.020	0.001	0.018	0.961
0.976	0.022	0.001	0.001
0.001	0.997	0.001	0.001
0.955	0.001	0.001	0.043
0.019	0.001	0.001	0.979
0.997	0.001	0.001	0.001
0.001	0.997	0.001	0.001
0.964	0.001	0.034	0.001
0.001	0.001	0.001	0.997
0.997	0.001	0.001	0.001
0.001	0.964	0.001	0.034
0.936	0.034	0.029	0.001
>CATGTACTCTGT	25-CATGTACTCTGT	12.355432	-3.121777	0	T:1.0(0.06%),B:1.9(0.01%),P:1e-1	Tpos:105.4,Tstd:54.2,Bpos:96.2,Bstd:23.1,StrandBias:10.0,Multiplicity:5.00
0.100	0.700	0.100	0.100
0.700	0.100	0.100	0.100
0.100	0.100	0.100	0.700
0.100	0.100	0.700	0.100
0.100	0.100	0.100	0.700
0.700	0.100	0.100	0.100
0.100	0.700	0.100	0.100
0.100	0.100	0.100	0.700
0.100	0.700	0.100	0.100
0.100	0.100	0.100	0.700
0.100	0.100	0.700	0.100
0.100	0.100	0.100	0.700
