>GAGAGGTG	1-GAGAGGTG	7.165424	-17.038802	0	T:131.0(8.51%),B:1772.5(5.19%),P:1e-7	Tpos:104.4,Tstd:54.8,Bpos:100.4,Bstd:56.9,StrandBias:-0.6,Multiplicity:1.07
0.197	0.001	0.801	0.001
0.997	0.001	0.001	0.001
0.001	0.001	0.701	0.297
0.602	0.001	0.204	0.193
0.001	0.001	0.612	0.386
0.001	0.327	0.671	0.001
0.001	0.192	0.001	0.806
0.001	0.001	0.821	0.177
>CCGCCATA	2-CCGCCATA	6.737971	-15.356203	0	T:211.0(13.71%),B:3300.1(9.67%),P:1e-6	Tpos:106.8,Tstd:48.7,Bpos:108.4,Bstd:50.3,StrandBias:-0.4,Multiplicity:1.07
0.106	0.854	0.039	0.001
0.043	0.862	0.021	0.074
0.001	0.001	0.883	0.115
0.094	0.837	0.001	0.068
0.036	0.924	0.018	0.022
0.938	0.019	0.042	0.001
0.001	0.037	0.001	0.961
0.738	0.044	0.146	0.072
>GGAAACAC	3-GGAAACAC	9.679020	-13.885507	0	T:43.0(2.79%),B:416.7(1.22%),P:1e-6	Tpos:88.0,Tstd:59.4,Bpos:112.0,Bstd:56.3,StrandBias:0.6,Multiplicity:1.00
0.001	0.001	0.997	0.001
0.001	0.001	0.997	0.001
0.997	0.001	0.001	0.001
0.749	0.001	0.249	0.001
0.997	0.001	0.001	0.001
0.001	0.997	0.001	0.001
0.997	0.001	0.001	0.001
0.001	0.997	0.001	0.001
>TTAGGGTT	4-TTAGGGTT	9.005454	-7.882982	0	T:34.0(2.21%),B:395.6(1.16%),P:1e-3	Tpos:98.6,Tstd:57.8,Bpos:97.7,Bstd:56.8,StrandBias:-0.7,Multiplicity:1.29
0.001	0.001	0.001	0.997
0.001	0.001	0.001	0.997
0.997	0.001	0.001	0.001
0.001	0.001	0.997	0.001
0.001	0.001	0.997	0.001
0.001	0.001	0.749	0.249
0.001	0.001	0.001	0.997
0.001	0.169	0.001	0.829
>TGTATGTA	5-TGTATGTA	8.236954	-2.061230	0	T:29.0(1.88%),B:511.6(1.50%),P:1e0	Tpos:89.4,Tstd:54.9,Bpos:76.4,Bstd:57.7,StrandBias:1.8,Multiplicity:3.69
0.100	0.100	0.100	0.700
0.100	0.100	0.700	0.100
0.100	0.100	0.100	0.700
0.700	0.100	0.100	0.100
0.100	0.100	0.100	0.700
0.100	0.100	0.700	0.100
0.100	0.100	0.100	0.700
0.700	0.100	0.100	0.100
