>AAAAAAAAATTT	4-AAAAAAAAATTT	8.665805	-23.443655	0	T:42.0(18.58%),B:4184.8(5.99%),P:1e-10
0.845	0.063	0.082	0.010
0.820	0.055	0.075	0.050
0.794	0.059	0.125	0.022
0.685	0.120	0.080	0.115
0.869	0.073	0.001	0.057
0.928	0.028	0.030	0.014
0.869	0.019	0.001	0.111
0.798	0.011	0.077	0.114
0.826	0.042	0.042	0.090
0.072	0.041	0.039	0.848
0.081	0.050	0.016	0.853
0.054	0.039	0.035	0.872
