>GATACAAAATGA	16-GATACAAAATGA	9.261400	-15.748197	0	T:18.0(7.96%),B:1226.8(1.76%),P:1e-6
0.228	0.155	0.551	0.066
0.795	0.001	0.110	0.094
0.092	0.001	0.066	0.841
0.641	0.289	0.069	0.001
0.088	0.778	0.037	0.097
0.925	0.037	0.001	0.037
0.907	0.053	0.016	0.024
0.697	0.021	0.001	0.281
0.864	0.001	0.037	0.098
0.001	0.220	0.001	0.778
0.179	0.111	0.538	0.172
0.617	0.038	0.275	0.070
