>TATATATATATA	21-TATATATATATA	7.540815	-5.848278	0	T:31.0(13.72%),B:5661.6(8.11%),P:1e-2
0.099	0.146	0.028	0.727
0.848	0.055	0.046	0.051
0.109	0.216	0.072	0.603
0.825	0.041	0.060	0.074
0.111	0.169	0.078	0.642
0.786	0.019	0.093	0.102
0.073	0.096	0.030	0.801
0.706	0.050	0.134	0.110
0.050	0.141	0.053	0.756
0.706	0.084	0.077	0.133
0.074	0.070	0.062	0.794
0.813	0.080	0.012	0.095
