>AAAATTTTTT	1-AAAATTTTTT	6.988276	-78.250716	0	T:312.0(26.02%),B:9312.7(12.83%),P:1e-33	Tpos:103.0,Tstd:55.9,Bpos:100.2,Bstd:130.4,StrandBias:-0.2,Multiplicity:1.23
0.738	0.120	0.048	0.094
0.890	0.108	0.001	0.001
0.868	0.001	0.001	0.130
0.633	0.001	0.001	0.365
0.114	0.001	0.001	0.884
0.001	0.001	0.001	0.997
0.001	0.001	0.001	0.997
0.001	0.001	0.148	0.850
0.091	0.119	0.117	0.673
0.092	0.250	0.253	0.405
>DAATTTTKGW	2-DAATTTTKGW	5.747426	-76.092528	0	T:720.0(60.05%),B:30979.7(42.67%),P:1e-33	Tpos:101.0,Tstd:56.1,Bpos:100.4,Bstd:123.9,StrandBias:0.0,Multiplicity:1.31
0.371	0.093	0.230	0.306
0.686	0.086	0.075	0.153
0.641	0.040	0.147	0.172
0.129	0.001	0.015	0.855
0.009	0.001	0.042	0.948
0.011	0.001	0.044	0.944
0.040	0.024	0.045	0.891
0.178	0.052	0.412	0.358
0.254	0.008	0.481	0.257
0.373	0.182	0.212	0.232
>ATATTTCWCC	3-ATATTTCWCC	6.073933	-54.555210	0	T:157.0(13.09%),B:3882.1(5.35%),P:1e-23	Tpos:100.6,Tstd:58.1,Bpos:97.3,Bstd:94.9,StrandBias:-0.1,Multiplicity:1.02
0.524	0.188	0.059	0.229
0.267	0.229	0.020	0.484
0.510	0.220	0.059	0.211
0.014	0.020	0.003	0.963
0.016	0.260	0.206	0.518
0.127	0.137	0.118	0.618
0.035	0.513	0.219	0.233
0.323	0.017	0.206	0.454
0.243	0.409	0.096	0.252
0.166	0.509	0.254	0.071
>AWAWWWWAHA	4-AWAWWWWAHA	5.568457	-45.051103	0	T:479.0(39.95%),B:20072.9(27.65%),P:1e-19	Tpos:102.4,Tstd:53.9,Bpos:99.1,Bstd:134.7,StrandBias:-0.1,Multiplicity:1.40
0.771	0.058	0.170	0.001
0.463	0.118	0.099	0.321
0.680	0.001	0.001	0.318
0.469	0.001	0.058	0.472
0.426	0.001	0.155	0.418
0.387	0.121	0.001	0.491
0.346	0.132	0.172	0.350
0.440	0.106	0.164	0.290
0.342	0.213	0.162	0.283
0.535	0.235	0.001	0.229
>AAATCCTAGA	5-AAATCCTAGA	4.733006	-38.204858	0	T:502.0(41.87%),B:22053.0(30.37%),P:1e-16	Tpos:99.6,Tstd:56.3,Bpos:100.0,Bstd:99.3,StrandBias:0.2,Multiplicity:1.26
0.706	0.109	0.088	0.097
0.720	0.081	0.086	0.113
0.693	0.106	0.101	0.100
0.120	0.110	0.074	0.696
0.103	0.678	0.114	0.105
0.101	0.696	0.103	0.100
0.097	0.116	0.077	0.710
0.733	0.098	0.092	0.077
0.106	0.119	0.664	0.111
0.707	0.107	0.104	0.082
>GAGAGGSGGG	6-GAGAGGSGGG	8.794988	-29.683965	0	T:36.0(3.00%),B:472.5(0.65%),P:1e-12	Tpos:107.8,Tstd:51.1,Bpos:100.9,Bstd:61.9,StrandBias:0.4,Multiplicity:1.03
0.185	0.088	0.439	0.287
0.665	0.001	0.001	0.333
0.001	0.134	0.864	0.001
0.997	0.001	0.001	0.001
0.217	0.001	0.704	0.078
0.001	0.001	0.997	0.001
0.001	0.511	0.487	0.001
0.001	0.154	0.844	0.001
0.003	0.001	0.995	0.001
0.050	0.001	0.565	0.384
>CTACTGAAGA	7-CTACTGAAGA	11.439006	-28.541633	0	T:11.0(0.92%),B:24.0(0.03%),P:1e-12	Tpos:97.8,Tstd:65.5,Bpos:108.3,Bstd:58.8,StrandBias:-0.3,Multiplicity:1.00
0.001	0.997	0.001	0.001
0.001	0.001	0.001	0.997
0.997	0.001	0.001	0.001
0.001	0.997	0.001	0.001
0.001	0.001	0.001	0.997
0.001	0.001	0.997	0.001
0.997	0.001	0.001	0.001
0.907	0.001	0.091	0.001
0.001	0.001	0.997	0.001
0.997	0.001	0.001	0.001
>GGATGGGGAA	8-GGATGGGGAA	9.834769	-27.941779	0	T:24.0(2.00%),B:215.6(0.30%),P:1e-12	Tpos:109.6,Tstd:63.6,Bpos:94.5,Bstd:86.4,StrandBias:-1.0,Multiplicity:1.04
0.043	0.053	0.714	0.190
0.030	0.001	0.920	0.049
0.824	0.066	0.051	0.059
0.001	0.001	0.001	0.997
0.001	0.001	0.940	0.058
0.048	0.001	0.950	0.001
0.049	0.001	0.899	0.051
0.001	0.001	0.997	0.001
0.884	0.056	0.001	0.059
0.923	0.001	0.001	0.075
>ATTTACTSCA	9-ATTTACTSCA	10.069763	-27.520793	0	T:26.0(2.17%),B:262.7(0.36%),P:1e-11	Tpos:106.8,Tstd:63.9,Bpos:94.7,Bstd:74.5,StrandBias:0.1,Multiplicity:1.00
0.887	0.001	0.070	0.042
0.001	0.073	0.001	0.925
0.076	0.365	0.001	0.558
0.001	0.001	0.001	0.997
0.655	0.042	0.302	0.001
0.001	0.899	0.099	0.001
0.001	0.093	0.001	0.905
0.001	0.447	0.505	0.047
0.001	0.663	0.335	0.001
0.917	0.034	0.048	0.001
>CAGTTTCTGG	10-CAGTTTCTGG	6.285453	-27.441267	0	T:275.0(22.94%),B:11036.5(15.20%),P:1e-11	Tpos:99.6,Tstd:55.3,Bpos:100.6,Bstd:86.7,StrandBias:-0.3,Multiplicity:1.12
0.059	0.616	0.245	0.080
0.667	0.110	0.001	0.222
0.059	0.006	0.579	0.356
0.013	0.014	0.250	0.723
0.039	0.001	0.072	0.888
0.096	0.001	0.096	0.807
0.003	0.871	0.027	0.099
0.040	0.011	0.055	0.894
0.023	0.102	0.643	0.232
0.173	0.115	0.618	0.094
>GGGGGGGGGG	11-GGGGGGGGGG	7.202911	-24.775722	0	T:47.0(3.92%),B:903.8(1.24%),P:1e-10	Tpos:88.7,Tstd:60.5,Bpos:100.8,Bstd:67.5,StrandBias:0.1,Multiplicity:1.11
0.077	0.044	0.778	0.101
0.071	0.095	0.726	0.108
0.078	0.069	0.791	0.062
0.043	0.079	0.826	0.052
0.052	0.049	0.849	0.050
0.054	0.039	0.856	0.051
0.028	0.064	0.823	0.085
0.037	0.076	0.805	0.082
0.070	0.074	0.773	0.083
0.028	0.094	0.775	0.103
>AATGCCGAAC	12-AATGCCGAAC	10.522160	-24.524264	0	T:15.0(1.25%),B:84.0(0.12%),P:1e-10	Tpos:104.3,Tstd:47.7,Bpos:101.1,Bstd:48.5,StrandBias:0.2,Multiplicity:1.00
0.764	0.001	0.234	0.001
0.997	0.001	0.001	0.001
0.001	0.001	0.001	0.997
0.285	0.001	0.713	0.001
0.001	0.866	0.001	0.132
0.001	0.997	0.001	0.001
0.001	0.122	0.876	0.001
0.853	0.145	0.001	0.001
0.997	0.001	0.001	0.001
0.001	0.667	0.331	0.001
>TAGGCCTATA	13-TAGGCCTATA	6.275398	-24.143473	0	T:73.0(6.09%),B:1863.6(2.57%),P:1e-10	Tpos:101.7,Tstd:57.3,Bpos:99.9,Bstd:87.3,StrandBias:-0.2,Multiplicity:1.09
0.109	0.189	0.045	0.657
0.671	0.049	0.245	0.035
0.104	0.144	0.514	0.238
0.118	0.031	0.609	0.242
0.213	0.472	0.096	0.220
0.107	0.618	0.179	0.096
0.039	0.170	0.052	0.739
0.667	0.080	0.143	0.110
0.206	0.091	0.118	0.585
0.538	0.117	0.155	0.190
>CGTAGCGCTA	14-CGTAGCGCTA	8.931463	-21.863684	0	T:21.0(1.75%),B:220.4(0.30%),P:1e-9	Tpos:111.4,Tstd:58.3,Bpos:94.8,Bstd:45.6,StrandBias:0.4,Multiplicity:1.25
0.287	0.557	0.003	0.153
0.129	0.001	0.532	0.338
0.067	0.340	0.035	0.558
0.721	0.055	0.106	0.118
0.001	0.001	0.997	0.001
0.138	0.642	0.190	0.030
0.001	0.036	0.914	0.049
0.053	0.853	0.037	0.057
0.003	0.001	0.127	0.869
0.774	0.070	0.155	0.001
>GGTTGCAGCT	15-GGTTGCAGCT	6.555822	-20.113822	0	T:128.0(10.68%),B:4470.4(6.16%),P:1e-8	Tpos:105.1,Tstd:52.6,Bpos:101.7,Bstd:72.3,StrandBias:0.0,Multiplicity:1.16
0.077	0.084	0.719	0.120
0.066	0.068	0.770	0.096
0.045	0.044	0.062	0.849
0.056	0.046	0.031	0.867
0.075	0.049	0.816	0.060
0.091	0.766	0.070	0.073
0.782	0.075	0.045	0.098
0.051	0.078	0.824	0.047
0.041	0.773	0.109	0.077
0.084	0.029	0.048	0.839
>TAAAGTTAAC	16-TAAAGTTAAC	7.705912	-19.978410	0	T:34.0(2.84%),B:611.6(0.84%),P:1e-8	Tpos:94.9,Tstd:50.3,Bpos:94.6,Bstd:93.3,StrandBias:0.4,Multiplicity:1.09
0.175	0.223	0.039	0.563
0.679	0.037	0.245	0.039
0.533	0.014	0.213	0.240
0.775	0.045	0.036	0.144
0.057	0.037	0.862	0.044
0.044	0.250	0.031	0.675
0.039	0.228	0.212	0.521
0.509	0.113	0.146	0.232
0.521	0.286	0.045	0.148
0.053	0.667	0.190	0.090
>GATAAATCGG	17-GATAAATCGG	12.137633	-18.280839	0	T:9.0(0.75%),B:35.9(0.05%),P:1e-7	Tpos:104.0,Tstd:69.1,Bpos:108.9,Bstd:68.6,StrandBias:1.8,Multiplicity:1.00
0.001	0.001	0.997	0.001
0.997	0.001	0.001	0.001
0.001	0.001	0.001	0.997
0.997	0.001	0.001	0.001
0.997	0.001	0.001	0.001
0.997	0.001	0.001	0.001
0.001	0.001	0.001	0.997
0.001	0.997	0.001	0.001
0.183	0.001	0.815	0.001
0.001	0.001	0.997	0.001
>ATATATATAT	18-ATATATATAT	11.102534	-17.718770	0	T:14.0(1.17%),B:118.9(0.16%),P:1e-7	Tpos:108.7,Tstd:63.4,Bpos:105.1,Bstd:121.7,StrandBias:-0.1,Multiplicity:1.21
0.933	0.001	0.001	0.065
0.001	0.001	0.001	0.997
0.997	0.001	0.001	0.001
0.001	0.001	0.001	0.997
0.997	0.001	0.001	0.001
0.001	0.001	0.001	0.997
0.997	0.001	0.001	0.001
0.001	0.001	0.001	0.997
0.997	0.001	0.001	0.001
0.001	0.001	0.001	0.997
>AGASATATAG	19-AGASATATAG	8.354831	-16.678925	0	T:40.0(3.34%),B:913.7(1.26%),P:1e-7	Tpos:89.0,Tstd:51.1,Bpos:93.7,Bstd:80.6,StrandBias:-0.5,Multiplicity:1.00
0.889	0.012	0.074	0.025
0.042	0.351	0.567	0.040
0.859	0.033	0.040	0.068
0.041	0.438	0.471	0.051
0.647	0.046	0.044	0.263
0.068	0.020	0.320	0.592
0.836	0.042	0.065	0.057
0.024	0.051	0.294	0.631
0.878	0.083	0.028	0.011
0.035	0.095	0.689	0.181
>CAGATTGCAC	20-CAGATTGCAC	11.571013	-16.185074	0	T:11.0(0.92%),B:76.7(0.11%),P:1e-7	Tpos:116.8,Tstd:55.2,Bpos:107.8,Bstd:54.8,StrandBias:-0.2,Multiplicity:1.18
0.001	0.870	0.001	0.128
0.997	0.001	0.001	0.001
0.001	0.119	0.879	0.001
0.997	0.001	0.001	0.001
0.001	0.001	0.001	0.997
0.001	0.001	0.001	0.997
0.001	0.001	0.997	0.001
0.001	0.997	0.001	0.001
0.997	0.001	0.001	0.001
0.001	0.997	0.001	0.001
>TGATGATGAT	21-TGATGATGAT	9.228769	-11.580560	0	T:25.0(2.09%),B:551.6(0.76%),P:1e-5	Tpos:111.4,Tstd:58.0,Bpos:97.1,Bstd:97.6,StrandBias:-0.3,Multiplicity:1.39
0.001	0.001	0.001	0.997
0.097	0.001	0.901	0.001
0.964	0.001	0.034	0.001
0.001	0.038	0.001	0.960
0.001	0.051	0.947	0.001
0.997	0.001	0.001	0.001
0.001	0.001	0.001	0.997
0.116	0.001	0.882	0.001
0.997	0.001	0.001	0.001
0.001	0.001	0.001	0.997
>CAAGCATCAC	22-CAAGCATCAC	11.182431	-10.895877	0	T:8.0(0.67%),B:66.3(0.09%),P:1e-4	Tpos:80.0,Tstd:61.7,Bpos:92.4,Bstd:57.4,StrandBias:1.6,Multiplicity:1.50
0.001	0.997	0.001	0.001
0.877	0.001	0.121	0.001
0.997	0.001	0.001	0.001
0.001	0.001	0.997	0.001
0.001	0.997	0.001	0.001
0.997	0.001	0.001	0.001
0.001	0.001	0.001	0.997
0.200	0.798	0.001	0.001
0.898	0.001	0.100	0.001
0.001	0.997	0.001	0.001
>CACCCAGCAG	23-CACCCAGCAG	11.849496	-10.850867	0	T:5.0(0.42%),B:19.2(0.03%),P:1e-4	Tpos:71.5,Tstd:57.0,Bpos:96.7,Bstd:30.7,StrandBias:2.8,Multiplicity:1.60
0.001	0.997	0.001	0.001
0.997	0.001	0.001	0.001
0.001	0.997	0.001	0.001
0.001	0.997	0.001	0.001
0.001	0.997	0.001	0.001
0.834	0.164	0.001	0.001
0.001	0.001	0.997	0.001
0.001	0.997	0.001	0.001
0.834	0.164	0.001	0.001
0.001	0.001	0.997	0.001
>TTGTTGTTGT	24-TTGTTGTTGT	7.104933	-5.864077	0	T:25.0(2.09%),B:813.3(1.12%),P:1e-2	Tpos:108.2,Tstd:51.9,Bpos:100.1,Bstd:57.6,StrandBias:0.6,Multiplicity:1.30
0.001	0.001	0.050	0.948
0.001	0.001	0.001	0.997
0.001	0.001	0.997	0.001
0.001	0.001	0.001	0.997
0.038	0.001	0.001	0.960
0.001	0.001	0.997	0.001
0.001	0.035	0.001	0.963
0.001	0.060	0.001	0.938
0.001	0.001	0.997	0.001
0.001	0.001	0.001	0.997
>ACATACATAC	25-ACATACATAC	10.296193	-4.197736	0	T:8.0(0.67%),B:190.6(0.26%),P:1e-1	Tpos:81.0,Tstd:53.2,Bpos:93.8,Bstd:103.1,StrandBias:-4.0,Multiplicity:1.38
0.700	0.100	0.100	0.100
0.100	0.700	0.100	0.100
0.700	0.100	0.100	0.100
0.100	0.100	0.100	0.700
0.700	0.100	0.100	0.100
0.100	0.700	0.100	0.100
0.700	0.100	0.100	0.100
0.100	0.100	0.100	0.700
0.700	0.100	0.100	0.100
0.100	0.700	0.100	0.100
