>AAAATTTTTT	1-AAAATTTTTT	6.988276	-78.250716	0	T:312.0(26.02%),B:9312.7(12.83%),P:1e-33	Tpos:103.0,Tstd:55.9,Bpos:100.2,Bstd:130.4,StrandBias:-0.2,Multiplicity:1.23
0.738	0.120	0.048	0.094
0.890	0.108	0.001	0.001
0.868	0.001	0.001	0.130
0.633	0.001	0.001	0.365
0.114	0.001	0.001	0.884
0.001	0.001	0.001	0.997
0.001	0.001	0.001	0.997
0.001	0.001	0.148	0.850
0.091	0.119	0.117	0.673
0.092	0.250	0.253	0.405
>DAATTTTKGW	2-DAATTTTKGW	5.747426	-76.092528	0	T:720.0(60.05%),B:30979.7(42.67%),P:1e-33	Tpos:101.0,Tstd:56.1,Bpos:100.4,Bstd:123.9,StrandBias:0.0,Multiplicity:1.31
0.371	0.093	0.230	0.306
0.686	0.086	0.075	0.153
0.641	0.040	0.147	0.172
0.129	0.001	0.015	0.855
0.009	0.001	0.042	0.948
0.011	0.001	0.044	0.944
0.040	0.024	0.045	0.891
0.178	0.052	0.412	0.358
0.254	0.008	0.481	0.257
0.373	0.182	0.212	0.232
>ATATTTCWCC	3-ATATTTCWCC	6.073933	-54.555210	0	T:157.0(13.09%),B:3882.1(5.35%),P:1e-23	Tpos:100.6,Tstd:58.1,Bpos:97.3,Bstd:94.9,StrandBias:-0.1,Multiplicity:1.02
0.524	0.188	0.059	0.229
0.267	0.229	0.020	0.484
0.510	0.220	0.059	0.211
0.014	0.020	0.003	0.963
0.016	0.260	0.206	0.518
0.127	0.137	0.118	0.618
0.035	0.513	0.219	0.233
0.323	0.017	0.206	0.454
0.243	0.409	0.096	0.252
0.166	0.509	0.254	0.071
>AWAWWWWAHA	4-AWAWWWWAHA	5.568457	-45.051103	0	T:479.0(39.95%),B:20072.9(27.65%),P:1e-19	Tpos:102.4,Tstd:53.9,Bpos:99.1,Bstd:134.7,StrandBias:-0.1,Multiplicity:1.40
0.771	0.058	0.170	0.001
0.463	0.118	0.099	0.321
0.680	0.001	0.001	0.318
0.469	0.001	0.058	0.472
0.426	0.001	0.155	0.418
0.387	0.121	0.001	0.491
0.346	0.132	0.172	0.350
0.440	0.106	0.164	0.290
0.342	0.213	0.162	0.283
0.535	0.235	0.001	0.229
>AAATCCTAGA	5-AAATCCTAGA	4.733006	-38.204858	0	T:502.0(41.87%),B:22053.0(30.37%),P:1e-16	Tpos:99.6,Tstd:56.3,Bpos:100.0,Bstd:99.3,StrandBias:0.2,Multiplicity:1.26
0.706	0.109	0.088	0.097
0.720	0.081	0.086	0.113
0.693	0.106	0.101	0.100
0.120	0.110	0.074	0.696
0.103	0.678	0.114	0.105
0.101	0.696	0.103	0.100
0.097	0.116	0.077	0.710
0.733	0.098	0.092	0.077
0.106	0.119	0.664	0.111
0.707	0.107	0.104	0.082
>GAGAGGSGGG	6-GAGAGGSGGG	8.794988	-29.683965	0	T:36.0(3.00%),B:472.5(0.65%),P:1e-12	Tpos:107.8,Tstd:51.1,Bpos:100.9,Bstd:61.9,StrandBias:0.4,Multiplicity:1.03
0.185	0.088	0.439	0.287
0.665	0.001	0.001	0.333
0.001	0.134	0.864	0.001
0.997	0.001	0.001	0.001
0.217	0.001	0.704	0.078
0.001	0.001	0.997	0.001
0.001	0.511	0.487	0.001
0.001	0.154	0.844	0.001
0.003	0.001	0.995	0.001
0.050	0.001	0.565	0.384
>CTACTGAAGA	7-CTACTGAAGA	11.439006	-28.541633	0	T:11.0(0.92%),B:24.0(0.03%),P:1e-12	Tpos:97.8,Tstd:65.5,Bpos:108.3,Bstd:58.8,StrandBias:-0.3,Multiplicity:1.00
0.001	0.997	0.001	0.001
0.001	0.001	0.001	0.997
0.997	0.001	0.001	0.001
0.001	0.997	0.001	0.001
0.001	0.001	0.001	0.997
0.001	0.001	0.997	0.001
0.997	0.001	0.001	0.001
0.907	0.001	0.091	0.001
0.001	0.001	0.997	0.001
0.997	0.001	0.001	0.001
>GGATGGGGAA	8-GGATGGGGAA	9.834769	-27.941779	0	T:24.0(2.00%),B:215.6(0.30%),P:1e-12	Tpos:109.6,Tstd:63.6,Bpos:94.5,Bstd:86.4,StrandBias:-1.0,Multiplicity:1.04
0.043	0.053	0.714	0.190
0.030	0.001	0.920	0.049
0.824	0.066	0.051	0.059
0.001	0.001	0.001	0.997
0.001	0.001	0.940	0.058
0.048	0.001	0.950	0.001
0.049	0.001	0.899	0.051
0.001	0.001	0.997	0.001
0.884	0.056	0.001	0.059
0.923	0.001	0.001	0.075
>ATTTACTSCA	9-ATTTACTSCA	10.069763	-27.520793	0	T:26.0(2.17%),B:262.7(0.36%),P:1e-11	Tpos:106.8,Tstd:63.9,Bpos:94.7,Bstd:74.5,StrandBias:0.1,Multiplicity:1.00
0.887	0.001	0.070	0.042
0.001	0.073	0.001	0.925
0.076	0.365	0.001	0.558
0.001	0.001	0.001	0.997
0.655	0.042	0.302	0.001
0.001	0.899	0.099	0.001
0.001	0.093	0.001	0.905
0.001	0.447	0.505	0.047
0.001	0.663	0.335	0.001
0.917	0.034	0.048	0.001
>CAGTTTCTGG	10-CAGTTTCTGG	6.285453	-27.441267	0	T:275.0(22.94%),B:11036.5(15.20%),P:1e-11	Tpos:99.6,Tstd:55.3,Bpos:100.6,Bstd:86.7,StrandBias:-0.3,Multiplicity:1.12
0.059	0.616	0.245	0.080
0.667	0.110	0.001	0.222
0.059	0.006	0.579	0.356
0.013	0.014	0.250	0.723
0.039	0.001	0.072	0.888
0.096	0.001	0.096	0.807
0.003	0.871	0.027	0.099
0.040	0.011	0.055	0.894
0.023	0.102	0.643	0.232
0.173	0.115	0.618	0.094
>GGGGGGGGGG	11-GGGGGGGGGG	7.202911	-24.775722	0	T:47.0(3.92%),B:903.8(1.24%),P:1e-10	Tpos:88.7,Tstd:60.5,Bpos:100.8,Bstd:67.5,StrandBias:0.1,Multiplicity:1.11
0.077	0.044	0.778	0.101
0.071	0.095	0.726	0.108
0.078	0.069	0.791	0.062
0.043	0.079	0.826	0.052
0.052	0.049	0.849	0.050
0.054	0.039	0.856	0.051
0.028	0.064	0.823	0.085
0.037	0.076	0.805	0.082
0.070	0.074	0.773	0.083
0.028	0.094	0.775	0.103
>AATGCCGAAC	12-AATGCCGAAC	10.522160	-24.524264	0	T:15.0(1.25%),B:84.0(0.12%),P:1e-10	Tpos:104.3,Tstd:47.7,Bpos:101.1,Bstd:48.5,StrandBias:0.2,Multiplicity:1.00
0.764	0.001	0.234	0.001
0.997	0.001	0.001	0.001
0.001	0.001	0.001	0.997
0.285	0.001	0.713	0.001
0.001	0.866	0.001	0.132
0.001	0.997	0.001	0.001
0.001	0.122	0.876	0.001
0.853	0.145	0.001	0.001
0.997	0.001	0.001	0.001
0.001	0.667	0.331	0.001
>TAGGCCTATA	13-TAGGCCTATA	6.275398	-24.143473	0	T:73.0(6.09%),B:1863.6(2.57%),P:1e-10	Tpos:101.7,Tstd:57.3,Bpos:99.9,Bstd:87.3,StrandBias:-0.2,Multiplicity:1.09
0.109	0.189	0.045	0.657
0.671	0.049	0.245	0.035
0.104	0.144	0.514	0.238
0.118	0.031	0.609	0.242
0.213	0.472	0.096	0.220
0.107	0.618	0.179	0.096
0.039	0.170	0.052	0.739
0.667	0.080	0.143	0.110
0.206	0.091	0.118	0.585
0.538	0.117	0.155	0.190
>CGTAGCGCTA	14-CGTAGCGCTA	8.931463	-21.863684	0	T:21.0(1.75%),B:220.4(0.30%),P:1e-9	Tpos:111.4,Tstd:58.3,Bpos:94.8,Bstd:45.6,StrandBias:0.4,Multiplicity:1.25
0.287	0.557	0.003	0.153
0.129	0.001	0.532	0.338
0.067	0.340	0.035	0.558
0.721	0.055	0.106	0.118
0.001	0.001	0.997	0.001
0.138	0.642	0.190	0.030
0.001	0.036	0.914	0.049
0.053	0.853	0.037	0.057
0.003	0.001	0.127	0.869
0.774	0.070	0.155	0.001
>GGTTGCAGCT	15-GGTTGCAGCT	6.555822	-20.113822	0	T:128.0(10.68%),B:4470.4(6.16%),P:1e-8	Tpos:105.1,Tstd:52.6,Bpos:101.7,Bstd:72.3,StrandBias:0.0,Multiplicity:1.16
0.077	0.084	0.719	0.120
0.066	0.068	0.770	0.096
0.045	0.044	0.062	0.849
0.056	0.046	0.031	0.867
0.075	0.049	0.816	0.060
0.091	0.766	0.070	0.073
0.782	0.075	0.045	0.098
0.051	0.078	0.824	0.047
0.041	0.773	0.109	0.077
0.084	0.029	0.048	0.839
>TAAAGTTAAC	16-TAAAGTTAAC	7.705912	-19.978410	0	T:34.0(2.84%),B:611.6(0.84%),P:1e-8	Tpos:94.9,Tstd:50.3,Bpos:94.6,Bstd:93.3,StrandBias:0.4,Multiplicity:1.09
0.175	0.223	0.039	0.563
0.679	0.037	0.245	0.039
0.533	0.014	0.213	0.240
0.775	0.045	0.036	0.144
0.057	0.037	0.862	0.044
0.044	0.250	0.031	0.675
0.039	0.228	0.212	0.521
0.509	0.113	0.146	0.232
0.521	0.286	0.045	0.148
0.053	0.667	0.190	0.090
>GATAAATCGG	17-GATAAATCGG	12.137633	-18.280839	0	T:9.0(0.75%),B:35.9(0.05%),P:1e-7	Tpos:104.0,Tstd:69.1,Bpos:108.9,Bstd:68.6,StrandBias:1.8,Multiplicity:1.00
0.001	0.001	0.997	0.001
0.997	0.001	0.001	0.001
0.001	0.001	0.001	0.997
0.997	0.001	0.001	0.001
0.997	0.001	0.001	0.001
0.997	0.001	0.001	0.001
0.001	0.001	0.001	0.997
0.001	0.997	0.001	0.001
0.183	0.001	0.815	0.001
0.001	0.001	0.997	0.001
>ATATATATAT	18-ATATATATAT	11.102534	-17.718770	0	T:14.0(1.17%),B:118.9(0.16%),P:1e-7	Tpos:108.7,Tstd:63.4,Bpos:105.1,Bstd:121.7,StrandBias:-0.1,Multiplicity:1.21
0.933	0.001	0.001	0.065
0.001	0.001	0.001	0.997
0.997	0.001	0.001	0.001
0.001	0.001	0.001	0.997
0.997	0.001	0.001	0.001
0.001	0.001	0.001	0.997
0.997	0.001	0.001	0.001
0.001	0.001	0.001	0.997
0.997	0.001	0.001	0.001
0.001	0.001	0.001	0.997
>AGASATATAG	19-AGASATATAG	8.354831	-16.678925	0	T:40.0(3.34%),B:913.7(1.26%),P:1e-7	Tpos:89.0,Tstd:51.1,Bpos:93.7,Bstd:80.6,StrandBias:-0.5,Multiplicity:1.00
0.889	0.012	0.074	0.025
0.042	0.351	0.567	0.040
0.859	0.033	0.040	0.068
0.041	0.438	0.471	0.051
0.647	0.046	0.044	0.263
0.068	0.020	0.320	0.592
0.836	0.042	0.065	0.057
0.024	0.051	0.294	0.631
0.878	0.083	0.028	0.011
0.035	0.095	0.689	0.181
>CAGATTGCAC	20-CAGATTGCAC	11.571013	-16.185074	0	T:11.0(0.92%),B:76.7(0.11%),P:1e-7	Tpos:116.8,Tstd:55.2,Bpos:107.8,Bstd:54.8,StrandBias:-0.2,Multiplicity:1.18
0.001	0.870	0.001	0.128
0.997	0.001	0.001	0.001
0.001	0.119	0.879	0.001
0.997	0.001	0.001	0.001
0.001	0.001	0.001	0.997
0.001	0.001	0.001	0.997
0.001	0.001	0.997	0.001
0.001	0.997	0.001	0.001
0.997	0.001	0.001	0.001
0.001	0.997	0.001	0.001
>TGATGATGAT	21-TGATGATGAT	9.228769	-11.580560	0	T:25.0(2.09%),B:551.6(0.76%),P:1e-5	Tpos:111.4,Tstd:58.0,Bpos:97.1,Bstd:97.6,StrandBias:-0.3,Multiplicity:1.39
0.001	0.001	0.001	0.997
0.097	0.001	0.901	0.001
0.964	0.001	0.034	0.001
0.001	0.038	0.001	0.960
0.001	0.051	0.947	0.001
0.997	0.001	0.001	0.001
0.001	0.001	0.001	0.997
0.116	0.001	0.882	0.001
0.997	0.001	0.001	0.001
0.001	0.001	0.001	0.997
>CAAGCATCAC	22-CAAGCATCAC	11.182431	-10.895877	0	T:8.0(0.67%),B:66.3(0.09%),P:1e-4	Tpos:80.0,Tstd:61.7,Bpos:92.4,Bstd:57.4,StrandBias:1.6,Multiplicity:1.50
0.001	0.997	0.001	0.001
0.877	0.001	0.121	0.001
0.997	0.001	0.001	0.001
0.001	0.001	0.997	0.001
0.001	0.997	0.001	0.001
0.997	0.001	0.001	0.001
0.001	0.001	0.001	0.997
0.200	0.798	0.001	0.001
0.898	0.001	0.100	0.001
0.001	0.997	0.001	0.001
>CACCCAGCAG	23-CACCCAGCAG	11.849496	-10.850867	0	T:5.0(0.42%),B:19.2(0.03%),P:1e-4	Tpos:71.5,Tstd:57.0,Bpos:96.7,Bstd:30.7,StrandBias:2.8,Multiplicity:1.60
0.001	0.997	0.001	0.001
0.997	0.001	0.001	0.001
0.001	0.997	0.001	0.001
0.001	0.997	0.001	0.001
0.001	0.997	0.001	0.001
0.834	0.164	0.001	0.001
0.001	0.001	0.997	0.001
0.001	0.997	0.001	0.001
0.834	0.164	0.001	0.001
0.001	0.001	0.997	0.001
>TTGTTGTTGT	24-TTGTTGTTGT	7.104933	-5.864077	0	T:25.0(2.09%),B:813.3(1.12%),P:1e-2	Tpos:108.2,Tstd:51.9,Bpos:100.1,Bstd:57.6,StrandBias:0.6,Multiplicity:1.30
0.001	0.001	0.050	0.948
0.001	0.001	0.001	0.997
0.001	0.001	0.997	0.001
0.001	0.001	0.001	0.997
0.038	0.001	0.001	0.960
0.001	0.001	0.997	0.001
0.001	0.035	0.001	0.963
0.001	0.060	0.001	0.938
0.001	0.001	0.997	0.001
0.001	0.001	0.001	0.997
>ACATACATAC	25-ACATACATAC	10.296193	-4.197736	0	T:8.0(0.67%),B:190.6(0.26%),P:1e-1	Tpos:81.0,Tstd:53.2,Bpos:93.8,Bstd:103.1,StrandBias:-4.0,Multiplicity:1.38
0.700	0.100	0.100	0.100
0.100	0.700	0.100	0.100
0.700	0.100	0.100	0.100
0.100	0.100	0.100	0.700
0.700	0.100	0.100	0.100
0.100	0.700	0.100	0.100
0.700	0.100	0.100	0.100
0.100	0.100	0.100	0.700
0.700	0.100	0.100	0.100
0.100	0.700	0.100	0.100
>TTTTTWAWTTTT	1-TTTTTWAWTTTT	7.348963	-69.356517	0	T:412.0(34.36%),B:14587.3(20.09%),P:1e-30	Tpos:104.9,Tstd:53.2,Bpos:98.1,Bstd:139.0,StrandBias:0.0,Multiplicity:1.40
0.319	0.090	0.072	0.519
0.119	0.001	0.007	0.873
0.234	0.178	0.017	0.571
0.219	0.015	0.025	0.741
0.161	0.154	0.067	0.618
0.382	0.081	0.140	0.397
0.587	0.032	0.044	0.337
0.453	0.076	0.001	0.470
0.325	0.001	0.001	0.673
0.103	0.091	0.001	0.805
0.030	0.001	0.001	0.968
0.130	0.105	0.031	0.734
>AAAAAAAATTTT	2-AAAAAAAATTTT	6.900930	-58.784168	0	T:259.0(21.60%),B:7974.6(10.98%),P:1e-25	Tpos:103.8,Tstd:55.9,Bpos:103.2,Bstd:115.2,StrandBias:-0.1,Multiplicity:1.12
0.432	0.165	0.177	0.226
0.465	0.144	0.181	0.210
0.526	0.098	0.194	0.182
0.527	0.175	0.113	0.185
0.703	0.138	0.072	0.087
0.816	0.143	0.009	0.032
0.756	0.113	0.014	0.117
0.602	0.103	0.011	0.284
0.264	0.094	0.080	0.562
0.123	0.047	0.175	0.655
0.079	0.015	0.144	0.762
0.122	0.144	0.160	0.574
>TWTTTMAAAWAT	3-TWTTTMAAAWAT	6.139555	-44.124721	0	T:601.0(50.13%),B:27030.1(37.23%),P:1e-19	Tpos:100.0,Tstd:56.3,Bpos:99.1,Bstd:124.0,StrandBias:0.1,Multiplicity:1.33
0.148	0.101	0.041	0.710
0.448	0.093	0.097	0.361
0.024	0.001	0.154	0.821
0.254	0.118	0.178	0.450
0.307	0.066	0.078	0.549
0.331	0.388	0.115	0.166
0.629	0.191	0.017	0.163
0.489	0.139	0.129	0.243
0.925	0.001	0.007	0.067
0.449	0.007	0.017	0.527
0.703	0.013	0.062	0.222
0.286	0.072	0.001	0.641
>AAAAATATCCAG	4-AAAAATATCCAG	12.932047	-39.474201	0	T:15.0(1.25%),B:30.0(0.04%),P:1e-17	Tpos:117.4,Tstd:46.8,Bpos:81.1,Bstd:68.4,StrandBias:-0.4,Multiplicity:1.08
0.860	0.059	0.001	0.080
0.919	0.001	0.001	0.079
0.839	0.001	0.080	0.080
0.997	0.001	0.001	0.001
0.997	0.001	0.001	0.001
0.001	0.001	0.001	0.997
0.839	0.080	0.001	0.080
0.001	0.067	0.080	0.852
0.001	0.997	0.001	0.001
0.001	0.997	0.001	0.001
0.873	0.080	0.001	0.046
0.038	0.080	0.881	0.001
>AGTAGTGATAAA	5-AGTAGTGATAAA	14.439659	-37.940462	0	T:8.0(0.67%),B:2.6(0.00%),P:1e-16	Tpos:92.5,Tstd:70.2,Bpos:88.9,Bstd:49.8,StrandBias:0.7,Multiplicity:1.00
0.883	0.001	0.115	0.001
0.001	0.001	0.997	0.001
0.001	0.001	0.001	0.997
0.997	0.001	0.001	0.001
0.001	0.001	0.997	0.001
0.001	0.001	0.001	0.997
0.001	0.001	0.997	0.001
0.997	0.001	0.001	0.001
0.001	0.001	0.001	0.997
0.997	0.001	0.001	0.001
0.997	0.001	0.001	0.001
0.997	0.001	0.001	0.001
>TGATGGAGAAAT	6-TGATGGAGAAAT	8.878879	-36.305515	0	T:56.0(4.67%),B:904.0(1.25%),P:1e-15	Tpos:107.3,Tstd:57.6,Bpos:98.6,Bstd:92.0,StrandBias:-0.2,Multiplicity:1.06
0.020	0.001	0.041	0.938
0.022	0.053	0.868	0.057
0.782	0.063	0.077	0.078
0.059	0.041	0.048	0.852
0.032	0.083	0.778	0.107
0.098	0.063	0.770	0.069
0.787	0.021	0.077	0.115
0.069	0.083	0.835	0.013
0.917	0.041	0.001	0.041
0.760	0.107	0.100	0.033
0.941	0.020	0.038	0.001
0.060	0.036	0.128	0.776
>RTGCWGTAAATT	7-RTGCWGTAAATT	13.064843	-34.339313	0	T:10.0(0.83%),B:9.5(0.01%),P:1e-14	Tpos:96.3,Tstd:56.7,Bpos:98.7,Bstd:37.0,StrandBias:-0.6,Multiplicity:1.00
0.553	0.001	0.445	0.001
0.001	0.001	0.001	0.997
0.001	0.001	0.997	0.001
0.001	0.997	0.001	0.001
0.553	0.001	0.001	0.445
0.001	0.001	0.997	0.001
0.001	0.083	0.001	0.915
0.997	0.001	0.001	0.001
0.997	0.001	0.001	0.001
0.997	0.001	0.001	0.001
0.001	0.001	0.001	0.997
0.103	0.001	0.001	0.895
>GAGGTAGGCGGT	8-GAGGTAGGCGGT	9.533192	-30.721540	0	T:10.0(0.83%),B:13.7(0.02%),P:1e-13	Tpos:132.8,Tstd:58.1,Bpos:121.8,Bstd:50.5,StrandBias:-2.0,Multiplicity:1.00
0.001	0.156	0.842	0.001
0.997	0.001	0.001	0.001
0.001	0.001	0.997	0.001
0.001	0.001	0.997	0.001
0.001	0.029	0.001	0.969
0.820	0.001	0.178	0.001
0.001	0.001	0.997	0.001
0.001	0.001	0.804	0.194
0.001	0.997	0.001	0.001
0.001	0.001	0.997	0.001
0.001	0.001	0.997	0.001
0.001	0.001	0.001	0.997
>CAGATTGCACCA	9-CAGATTGCACCA	14.045889	-30.653853	0	T:8.0(0.67%),B:5.7(0.01%),P:1e-13	Tpos:112.7,Tstd:52.3,Bpos:114.2,Bstd:28.3,StrandBias:1.0,Multiplicity:1.12
0.001	0.997	0.001	0.001
0.997	0.001	0.001	0.001
0.114	0.001	0.771	0.114
0.997	0.001	0.001	0.001
0.001	0.113	0.001	0.885
0.001	0.001	0.001	0.997
0.001	0.001	0.997	0.001
0.001	0.997	0.001	0.001
0.997	0.001	0.001	0.001
0.001	0.997	0.001	0.001
0.001	0.885	0.001	0.113
0.997	0.001	0.001	0.001
>AGACGGTTTGGA	10-AGACGGTTTGGA	10.246168	-28.707477	0	T:18.0(1.50%),B:102.9(0.14%),P:1e-12	Tpos:91.7,Tstd:50.4,Bpos:99.0,Bstd:80.6,StrandBias:-0.1,Multiplicity:1.17
0.843	0.001	0.078	0.078
0.001	0.234	0.687	0.078
0.918	0.001	0.080	0.001
0.156	0.842	0.001	0.001
0.123	0.081	0.795	0.001
0.001	0.001	0.722	0.276
0.001	0.077	0.001	0.921
0.156	0.001	0.083	0.760
0.001	0.001	0.077	0.921
0.001	0.077	0.921	0.001
0.078	0.001	0.843	0.078
0.843	0.078	0.001	0.078
>CACTATACTACA	11-CACTATACTACA	14.166551	-27.991207	0	T:8.0(0.67%),B:7.4(0.01%),P:1e-12	Tpos:106.5,Tstd:56.9,Bpos:104.3,Bstd:54.7,StrandBias:-0.7,Multiplicity:1.00
0.001	0.997	0.001	0.001
0.997	0.001	0.001	0.001
0.001	0.997	0.001	0.001
0.001	0.001	0.001	0.997
0.997	0.001	0.001	0.001
0.001	0.001	0.119	0.879
0.997	0.001	0.001	0.001
0.001	0.855	0.143	0.001
0.001	0.001	0.001	0.997
0.855	0.001	0.143	0.001
0.001	0.997	0.001	0.001
0.997	0.001	0.001	0.001
>GGGGGGGGGGGG	12-GGGGGGGGGGGG	6.857303	-27.771827	0	T:64.0(5.34%),B:1393.1(1.92%),P:1e-12	Tpos:89.6,Tstd:58.9,Bpos:99.9,Bstd:65.2,StrandBias:0.0,Multiplicity:1.14
0.167	0.061	0.675	0.097
0.127	0.075	0.690	0.108
0.099	0.087	0.710	0.104
0.077	0.056	0.787	0.080
0.071	0.046	0.799	0.084
0.104	0.030	0.797	0.069
0.104	0.043	0.793	0.060
0.050	0.029	0.833	0.088
0.065	0.037	0.790	0.108
0.088	0.088	0.712	0.112
0.079	0.063	0.720	0.138
0.112	0.085	0.696	0.107
>TTGGTATACAGG	13-TTGGTATACAGG	14.252702	-27.621001	0	T:7.0(0.58%),B:4.4(0.01%),P:1e-11	Tpos:99.6,Tstd:52.0,Bpos:106.6,Bstd:41.4,StrandBias:1.6,Multiplicity:1.14
0.001	0.001	0.001	0.997
0.001	0.001	0.001	0.997
0.001	0.001	0.997	0.001
0.128	0.001	0.870	0.001
0.001	0.001	0.001	0.997
0.997	0.001	0.001	0.001
0.001	0.001	0.001	0.997
0.997	0.001	0.001	0.001
0.128	0.743	0.001	0.128
0.997	0.001	0.001	0.001
0.001	0.001	0.997	0.001
0.001	0.001	0.997	0.001
>ATRTATRTATDW	14-ATRTATRTATDW	7.851480	-26.305919	0	T:26.0(2.17%),B:277.8(0.38%),P:1e-11	Tpos:104.4,Tstd:61.3,Bpos:101.9,Bstd:116.4,StrandBias:0.6,Multiplicity:1.19
0.592	0.157	0.019	0.232
0.218	0.150	0.182	0.450
0.376	0.104	0.321	0.200
0.283	0.025	0.222	0.470
0.637	0.020	0.021	0.322
0.282	0.005	0.182	0.531
0.533	0.011	0.437	0.019
0.244	0.016	0.164	0.576
0.644	0.016	0.024	0.316
0.339	0.014	0.154	0.493
0.269	0.126	0.290	0.314
0.457	0.016	0.012	0.515
>YTTTGRTTTGGA	15-YTTTGRTTTGGA	13.004577	-23.752020	0	T:8.0(0.67%),B:12.7(0.02%),P:1e-10	Tpos:128.8,Tstd:29.9,Bpos:69.9,Bstd:25.4,StrandBias:-0.7,Multiplicity:1.00
0.001	0.553	0.001	0.445
0.001	0.001	0.001	0.997
0.001	0.001	0.001	0.997
0.001	0.001	0.001	0.997
0.001	0.001	0.997	0.001
0.553	0.001	0.445	0.001
0.001	0.001	0.001	0.997
0.001	0.001	0.001	0.997
0.001	0.001	0.001	0.997
0.001	0.001	0.997	0.001
0.001	0.001	0.909	0.089
0.997	0.001	0.001	0.001
>GCTGCAATTATT	16-GCTGCAATTATT	9.686869	-22.963572	0	T:30.0(2.50%),B:429.4(0.59%),P:1e-9	Tpos:107.6,Tstd:57.0,Bpos:100.4,Bstd:88.3,StrandBias:0.3,Multiplicity:1.14
0.001	0.035	0.937	0.027
0.152	0.643	0.143	0.062
0.107	0.001	0.071	0.821
0.071	0.001	0.892	0.036
0.036	0.822	0.001	0.141
0.975	0.001	0.001	0.023
0.874	0.036	0.071	0.019
0.133	0.107	0.071	0.689
0.144	0.107	0.055	0.694
0.854	0.008	0.026	0.112
0.014	0.001	0.035	0.950
0.036	0.036	0.071	0.857
>TCACAYYAATAR	17-TCACAYYAATAR	11.460380	-21.038289	0	T:8.0(0.67%),B:17.2(0.02%),P:1e-9	Tpos:110.8,Tstd:49.5,Bpos:108.9,Bstd:38.9,StrandBias:0.6,Multiplicity:1.25
0.001	0.001	0.001	0.997
0.001	0.997	0.001	0.001
0.997	0.001	0.001	0.001
0.001	0.997	0.001	0.001
0.997	0.001	0.001	0.001
0.019	0.446	0.090	0.446
0.001	0.445	0.001	0.553
0.997	0.001	0.001	0.001
0.997	0.001	0.001	0.001
0.001	0.001	0.001	0.997
0.997	0.001	0.001	0.001
0.445	0.001	0.553	0.001
>TCGTAGMGCTAC	18-TCGTAGMGCTAC	11.435818	-18.989123	0	T:10.0(0.83%),B:44.2(0.06%),P:1e-8	Tpos:122.0,Tstd:59.9,Bpos:92.2,Bstd:45.8,StrandBias:0.4,Multiplicity:1.30
0.003	0.421	0.001	0.575
0.123	0.413	0.205	0.259
0.001	0.001	0.997	0.001
0.001	0.117	0.001	0.881
0.997	0.001	0.001	0.001
0.001	0.001	0.997	0.001
0.455	0.427	0.001	0.118
0.001	0.001	0.634	0.364
0.001	0.997	0.001	0.001
0.001	0.001	0.001	0.997
0.997	0.001	0.001	0.001
0.001	0.997	0.001	0.001
>TCATCATCATCA	19-TCATCATCATCA	12.681019	-15.680732	0	T:10.0(0.83%),B:63.7(0.09%),P:1e-6	Tpos:131.0,Tstd:47.6,Bpos:93.0,Bstd:71.8,StrandBias:1.2,Multiplicity:1.40
0.021	0.001	0.038	0.940
0.027	0.971	0.001	0.001
0.997	0.001	0.001	0.001
0.034	0.001	0.001	0.964
0.057	0.803	0.001	0.139
0.997	0.001	0.001	0.001
0.030	0.035	0.001	0.934
0.047	0.928	0.001	0.024
0.961	0.001	0.037	0.001
0.027	0.033	0.001	0.939
0.027	0.937	0.001	0.035
0.997	0.001	0.001	0.001
>ATGTCCATGGAC	20-ATGTCCATGGAC	12.355432	-12.050189	0	T:3.0(0.25%),B:2.8(0.00%),P:1e-5	Tpos:71.5,Tstd:53.2,Bpos:101.1,Bstd:25.4,StrandBias:0.0,Multiplicity:1.00
0.700	0.100	0.100	0.100
0.100	0.100	0.100	0.700
0.100	0.100	0.700	0.100
0.100	0.100	0.100	0.700
0.100	0.700	0.100	0.100
0.100	0.700	0.100	0.100
0.700	0.100	0.100	0.100
0.100	0.100	0.100	0.700
0.100	0.100	0.700	0.100
0.100	0.100	0.700	0.100
0.700	0.100	0.100	0.100
0.100	0.700	0.100	0.100
>TTGTTGTTGTTG	21-TTGTTGTTGTTG	13.366093	-10.943121	0	T:11.0(0.92%),B:132.7(0.18%),P:1e-4	Tpos:111.7,Tstd:57.5,Bpos:107.0,Bstd:99.8,StrandBias:1.0,Multiplicity:1.36
0.001	0.001	0.076	0.922
0.062	0.001	0.023	0.914
0.020	0.001	0.978	0.001
0.001	0.041	0.001	0.957
0.031	0.001	0.001	0.967
0.001	0.001	0.997	0.001
0.031	0.045	0.001	0.923
0.031	0.001	0.001	0.967
0.020	0.001	0.909	0.070
0.001	0.001	0.001	0.997
0.035	0.038	0.001	0.926
0.038	0.001	0.867	0.094
>CARGTYGCAGTT	22-CARGTYGCAGTT	13.506241	-10.926617	0	T:4.0(0.33%),B:9.8(0.01%),P:1e-4	Tpos:131.0,Tstd:49.3,Bpos:128.7,Bstd:42.5,StrandBias:0.6,Multiplicity:1.25
0.001	0.717	0.281	0.001
0.997	0.001	0.001	0.001
0.507	0.001	0.491	0.001
0.001	0.001	0.997	0.001
0.001	0.001	0.001	0.997
0.001	0.545	0.001	0.453
0.001	0.001	0.997	0.001
0.001	0.997	0.001	0.001
0.997	0.001	0.001	0.001
0.001	0.001	0.997	0.001
0.001	0.226	0.281	0.491
0.001	0.001	0.001	0.997
>ACTGGCCGASTT	23-ACTGGCCGASTT	14.179551	-10.846123	0	T:3.0(0.25%),B:4.0(0.01%),P:1e-4	Tpos:75.0,Tstd:40.1,Bpos:74.6,Bstd:33.4,StrandBias:0.4,Multiplicity:2.33
0.873	0.125	0.001	0.001
0.001	0.915	0.083	0.001
0.001	0.001	0.001	0.997
0.001	0.001	0.997	0.001
0.001	0.001	0.997	0.001
0.001	0.997	0.001	0.001
0.001	0.997	0.001	0.001
0.001	0.001	0.997	0.001
0.997	0.001	0.001	0.001
0.001	0.441	0.432	0.126
0.001	0.125	0.001	0.873
0.001	0.001	0.001	0.997
>CTCTYTCTCTCT	24-CTCTYTCTCTCT	10.828707	-7.929152	0	T:16.0(1.33%),B:353.8(0.49%),P:1e-3	Tpos:75.7,Tstd:47.5,Bpos:88.8,Bstd:78.0,StrandBias:0.5,Multiplicity:1.00
0.097	0.873	0.001	0.029
0.072	0.001	0.001	0.926
0.001	0.909	0.001	0.089
0.001	0.001	0.001	0.997
0.196	0.445	0.001	0.358
0.001	0.293	0.097	0.609
0.154	0.820	0.001	0.025
0.001	0.001	0.001	0.997
0.001	0.700	0.202	0.097
0.001	0.001	0.001	0.997
0.256	0.707	0.001	0.036
0.019	0.097	0.001	0.883
>GTGACAAGCATC	25-GTGACAAGCATC	12.355432	-4.111798	0	T:1.0(0.08%),B:0.8(0.00%),P:1e-1	Tpos:90.0,Tstd:59.4,Bpos:119.0,Bstd:0.0,StrandBias:10.0,Multiplicity:5.00
0.100	0.100	0.700	0.100
0.100	0.100	0.100	0.700
0.100	0.100	0.700	0.100
0.700	0.100	0.100	0.100
0.100	0.700	0.100	0.100
0.700	0.100	0.100	0.100
0.700	0.100	0.100	0.100
0.100	0.100	0.700	0.100
0.100	0.700	0.100	0.100
0.700	0.100	0.100	0.100
0.100	0.100	0.100	0.700
0.100	0.700	0.100	0.100
>AAAAATTT	1-AAAAATTT	6.057527	-95.510869	0	T:616.0(51.38%),B:23493.5(32.36%),P:1e-41	Tpos:105.1,Tstd:55.9,Bpos:100.0,Bstd:126.8,StrandBias:0.1,Multiplicity:1.48
0.564	0.163	0.182	0.091
0.786	0.104	0.073	0.037
0.968	0.012	0.001	0.019
0.945	0.028	0.012	0.015
0.739	0.075	0.034	0.152
0.234	0.069	0.043	0.654
0.155	0.076	0.048	0.721
0.174	0.036	0.163	0.627
>AAWTTTRG	2-AAWTTTRG	5.123832	-62.417583	0	T:789.0(65.80%),B:36448.3(50.20%),P:1e-27	Tpos:98.1,Tstd:55.5,Bpos:100.1,Bstd:108.9,StrandBias:0.0,Multiplicity:1.40
0.868	0.001	0.068	0.063
0.897	0.001	0.001	0.101
0.499	0.130	0.001	0.370
0.140	0.001	0.061	0.798
0.004	0.180	0.061	0.755
0.001	0.063	0.349	0.587
0.397	0.032	0.504	0.067
0.063	0.001	0.653	0.283
>CCAGAAAY	3-CCAGAAAY	6.243573	-55.171668	0	T:427.0(35.61%),B:16401.0(22.59%),P:1e-23	Tpos:101.6,Tstd:57.9,Bpos:98.9,Bstd:92.6,StrandBias:-0.3,Multiplicity:1.18
0.023	0.764	0.001	0.212
0.186	0.812	0.001	0.001
0.997	0.001	0.001	0.001
0.341	0.001	0.657	0.001
0.571	0.001	0.234	0.194
0.991	0.001	0.002	0.006
0.791	0.001	0.119	0.089
0.229	0.458	0.001	0.312
>GAWATTTK	4-GAWATTTK	5.905884	-50.697230	0	T:347.0(28.94%),B:12677.4(17.46%),P:1e-22	Tpos:95.7,Tstd:59.9,Bpos:98.1,Bstd:97.3,StrandBias:0.0,Multiplicity:1.18
0.001	0.053	0.915	0.031
0.768	0.021	0.063	0.148
0.453	0.121	0.114	0.313
0.635	0.018	0.281	0.066
0.001	0.238	0.274	0.488
0.290	0.001	0.024	0.685
0.155	0.170	0.117	0.558
0.206	0.001	0.351	0.442
>AAAACTTA	5-AAAACTTA	6.957155	-33.490989	0	T:234.0(19.52%),B:8460.5(11.65%),P:1e-14	Tpos:94.8,Tstd:58.8,Bpos:100.7,Bstd:99.5,StrandBias:-0.2,Multiplicity:1.08
0.864	0.096	0.039	0.001
0.825	0.066	0.108	0.001
0.964	0.001	0.001	0.034
0.971	0.001	0.001	0.027
0.001	0.862	0.136	0.001
0.073	0.149	0.001	0.777
0.001	0.057	0.055	0.887
0.896	0.001	0.102	0.001
>TTATTTTT	6-TTATTTTT	6.213050	-31.190789	0	T:502.0(41.87%),B:22872.5(31.50%),P:1e-13	Tpos:98.7,Tstd:54.4,Bpos:99.9,Bstd:120.6,StrandBias:0.1,Multiplicity:1.35
0.001	0.036	0.068	0.895
0.001	0.056	0.066	0.877
0.803	0.001	0.001	0.195
0.001	0.001	0.001	0.997
0.054	0.001	0.036	0.909
0.134	0.001	0.001	0.864
0.037	0.018	0.037	0.908
0.047	0.070	0.068	0.815
>GGGGGGGG	7-GGGGGGGG	7.207965	-28.637192	0	T:65.0(5.42%),B:1400.0(1.93%),P:1e-12	Tpos:89.1,Tstd:59.5,Bpos:101.0,Bstd:68.2,StrandBias:0.1,Multiplicity:1.17
0.043	0.044	0.848	0.065
0.043	0.033	0.923	0.001
0.001	0.008	0.990	0.001
0.001	0.001	0.997	0.001
0.034	0.001	0.964	0.001
0.036	0.001	0.950	0.013
0.001	0.007	0.960	0.032
0.040	0.042	0.860	0.058
>ACTTTGAG	8-ACTTTGAG	5.947241	-28.513895	0	T:268.0(22.35%),B:10575.9(14.57%),P:1e-12	Tpos:105.5,Tstd:56.3,Bpos:98.8,Bstd:92.8,StrandBias:0.0,Multiplicity:1.11
0.997	0.001	0.001	0.001
0.001	0.873	0.001	0.125
0.001	0.001	0.001	0.997
0.001	0.001	0.001	0.997
0.001	0.001	0.001	0.997
0.001	0.333	0.615	0.051
0.650	0.085	0.121	0.144
0.012	0.001	0.986	0.001
>ATATATAT	9-ATATATAT	8.236954	-24.466430	0	T:36.0(3.00%),B:569.0(0.78%),P:1e-10	Tpos:106.7,Tstd:63.8,Bpos:105.6,Bstd:110.5,StrandBias:0.0,Multiplicity:1.14
0.700	0.100	0.100	0.100
0.100	0.100	0.100	0.700
0.700	0.100	0.100	0.100
0.100	0.100	0.100	0.700
0.700	0.100	0.100	0.100
0.100	0.100	0.100	0.700
0.700	0.100	0.100	0.100
0.100	0.100	0.100	0.700
>CGAGTTGG	10-CGAGTTGG	7.233408	-18.594675	0	T:65.0(5.42%),B:1797.2(2.48%),P:1e-8	Tpos:96.2,Tstd:59.5,Bpos:97.1,Bstd:73.5,StrandBias:0.3,Multiplicity:1.06
0.107	0.603	0.142	0.148
0.001	0.001	0.972	0.026
0.911	0.001	0.001	0.087
0.001	0.001	0.997	0.001
0.193	0.001	0.124	0.682
0.001	0.027	0.056	0.916
0.001	0.036	0.962	0.001
0.047	0.001	0.951	0.001
>CTACATTT	11-CTACATTT	7.563824	-17.846484	0	T:161.0(13.43%),B:6248.7(8.61%),P:1e-7	Tpos:96.7,Tstd:56.8,Bpos:98.5,Bstd:93.5,StrandBias:-0.5,Multiplicity:1.13
0.001	0.997	0.001	0.001
0.131	0.001	0.084	0.784
0.821	0.001	0.082	0.096
0.037	0.784	0.109	0.070
0.961	0.001	0.037	0.001
0.044	0.001	0.034	0.921
0.086	0.127	0.001	0.786
0.028	0.030	0.001	0.941
>CCTACGGC	12-CCTACGGC	5.351759	-16.719321	0	T:97.0(8.09%),B:3294.3(4.54%),P:1e-7	Tpos:106.1,Tstd:59.0,Bpos:100.0,Bstd:63.1,StrandBias:-0.2,Multiplicity:1.04
0.079	0.789	0.072	0.060
0.072	0.759	0.088	0.081
0.026	0.039	0.130	0.805
0.738	0.082	0.075	0.105
0.096	0.676	0.080	0.148
0.115	0.102	0.694	0.089
0.102	0.023	0.740	0.135
0.085	0.807	0.060	0.048
>CTAGGCCT	13-CTAGGCCT	7.764559	-15.902082	0	T:43.0(3.59%),B:1054.0(1.45%),P:1e-6	Tpos:105.8,Tstd:55.0,Bpos:101.8,Bstd:79.5,StrandBias:0.3,Multiplicity:1.12
0.121	0.532	0.346	0.001
0.001	0.001	0.001	0.997
0.997	0.001	0.001	0.001
0.001	0.094	0.904	0.001
0.001	0.001	0.997	0.001
0.001	0.853	0.001	0.145
0.149	0.713	0.137	0.001
0.001	0.124	0.089	0.786
>AGATAGAG	14-AGATAGAG	7.977713	-14.345487	0	T:68.0(5.67%),B:2158.4(2.97%),P:1e-6	Tpos:108.3,Tstd:55.8,Bpos:102.3,Bstd:82.7,StrandBias:0.6,Multiplicity:1.02
0.997	0.001	0.001	0.001
0.001	0.001	0.997	0.001
0.674	0.001	0.324	0.001
0.001	0.001	0.078	0.920
0.906	0.001	0.092	0.001
0.001	0.001	0.736	0.262
0.946	0.001	0.001	0.052
0.238	0.001	0.760	0.001
>CTGAAGCC	15-CTGAAGCC	7.231471	-13.344925	0	T:79.0(6.59%),B:2719.4(3.75%),P:1e-5	Tpos:101.5,Tstd:53.8,Bpos:100.2,Bstd:70.5,StrandBias:-0.2,Multiplicity:1.09
0.001	0.916	0.001	0.082
0.028	0.001	0.001	0.970
0.034	0.001	0.964	0.001
0.941	0.001	0.001	0.057
0.745	0.001	0.122	0.132
0.001	0.093	0.905	0.001
0.205	0.793	0.001	0.001
0.089	0.808	0.051	0.052
>TTCCCCAT	16-TTCCCCAT	9.398009	-10.424031	0	T:31.0(2.59%),B:821.1(1.13%),P:1e-4	Tpos:103.8,Tstd:62.9,Bpos:98.5,Bstd:93.1,StrandBias:0.0,Multiplicity:1.00
0.001	0.001	0.001	0.997
0.001	0.001	0.001	0.997
0.001	0.997	0.001	0.001
0.001	0.997	0.001	0.001
0.001	0.997	0.001	0.001
0.001	0.810	0.001	0.188
0.997	0.001	0.001	0.001
0.001	0.001	0.001	0.997
>ATGATGAT	17-ATGATGAT	8.236954	-2.182455	0	T:21.0(1.75%),B:949.2(1.31%),P:1e0	Tpos:115.9,Tstd:59.4,Bpos:92.6,Bstd:108.2,StrandBias:-0.1,Multiplicity:1.30
0.700	0.100	0.100	0.100
0.100	0.100	0.100	0.700
0.100	0.100	0.700	0.100
0.700	0.100	0.100	0.100
0.100	0.100	0.100	0.700
0.100	0.100	0.700	0.100
0.700	0.100	0.100	0.100
0.100	0.100	0.100	0.700
>GAGAGAGA	18-GAGAGAGA	8.923741	-1.655955	0	T:25.0(2.09%),B:1248.4(1.72%),P:1e0	Tpos:76.0,Tstd:48.6,Bpos:92.8,Bstd:78.8,StrandBias:-0.6,Multiplicity:1.08
0.001	0.001	0.997	0.001
0.997	0.001	0.001	0.001
0.001	0.001	0.997	0.001
0.997	0.001	0.001	0.001
0.001	0.001	0.997	0.001
0.881	0.001	0.001	0.117
0.001	0.001	0.997	0.001
0.997	0.001	0.001	0.001
>ATACATAC	19-ATACATAC	8.236954	-1.600584	0	T:21.0(1.75%),B:1037.4(1.43%),P:1e0	Tpos:82.1,Tstd:54.5,Bpos:99.0,Bstd:104.9,StrandBias:-2.8,Multiplicity:4.81
0.700	0.100	0.100	0.100
0.100	0.100	0.100	0.700
0.700	0.100	0.100	0.100
0.100	0.700	0.100	0.100
0.700	0.100	0.100	0.100
0.100	0.100	0.100	0.700
0.700	0.100	0.100	0.100
0.100	0.700	0.100	0.100
