>AAAAATTT	1-AAAAATTT	6.057527	-95.510869	0	T:616.0(51.38%),B:23493.5(32.36%),P:1e-41	Tpos:105.1,Tstd:55.9,Bpos:100.0,Bstd:126.8,StrandBias:0.1,Multiplicity:1.48
0.564	0.163	0.182	0.091
0.786	0.104	0.073	0.037
0.968	0.012	0.001	0.019
0.945	0.028	0.012	0.015
0.739	0.075	0.034	0.152
0.234	0.069	0.043	0.654
0.155	0.076	0.048	0.721
0.174	0.036	0.163	0.627
>AAWTTTRG	2-AAWTTTRG	5.123832	-62.417583	0	T:789.0(65.80%),B:36448.3(50.20%),P:1e-27	Tpos:98.1,Tstd:55.5,Bpos:100.1,Bstd:108.9,StrandBias:0.0,Multiplicity:1.40
0.868	0.001	0.068	0.063
0.897	0.001	0.001	0.101
0.499	0.130	0.001	0.370
0.140	0.001	0.061	0.798
0.004	0.180	0.061	0.755
0.001	0.063	0.349	0.587
0.397	0.032	0.504	0.067
0.063	0.001	0.653	0.283
>CCAGAAAY	3-CCAGAAAY	6.243573	-55.171668	0	T:427.0(35.61%),B:16401.0(22.59%),P:1e-23	Tpos:101.6,Tstd:57.9,Bpos:98.9,Bstd:92.6,StrandBias:-0.3,Multiplicity:1.18
0.023	0.764	0.001	0.212
0.186	0.812	0.001	0.001
0.997	0.001	0.001	0.001
0.341	0.001	0.657	0.001
0.571	0.001	0.234	0.194
0.991	0.001	0.002	0.006
0.791	0.001	0.119	0.089
0.229	0.458	0.001	0.312
>GAWATTTK	4-GAWATTTK	5.905884	-50.697230	0	T:347.0(28.94%),B:12677.4(17.46%),P:1e-22	Tpos:95.7,Tstd:59.9,Bpos:98.1,Bstd:97.3,StrandBias:0.0,Multiplicity:1.18
0.001	0.053	0.915	0.031
0.768	0.021	0.063	0.148
0.453	0.121	0.114	0.313
0.635	0.018	0.281	0.066
0.001	0.238	0.274	0.488
0.290	0.001	0.024	0.685
0.155	0.170	0.117	0.558
0.206	0.001	0.351	0.442
>AAAACTTA	5-AAAACTTA	6.957155	-33.490989	0	T:234.0(19.52%),B:8460.5(11.65%),P:1e-14	Tpos:94.8,Tstd:58.8,Bpos:100.7,Bstd:99.5,StrandBias:-0.2,Multiplicity:1.08
0.864	0.096	0.039	0.001
0.825	0.066	0.108	0.001
0.964	0.001	0.001	0.034
0.971	0.001	0.001	0.027
0.001	0.862	0.136	0.001
0.073	0.149	0.001	0.777
0.001	0.057	0.055	0.887
0.896	0.001	0.102	0.001
>TTATTTTT	6-TTATTTTT	6.213050	-31.190789	0	T:502.0(41.87%),B:22872.5(31.50%),P:1e-13	Tpos:98.7,Tstd:54.4,Bpos:99.9,Bstd:120.6,StrandBias:0.1,Multiplicity:1.35
0.001	0.036	0.068	0.895
0.001	0.056	0.066	0.877
0.803	0.001	0.001	0.195
0.001	0.001	0.001	0.997
0.054	0.001	0.036	0.909
0.134	0.001	0.001	0.864
0.037	0.018	0.037	0.908
0.047	0.070	0.068	0.815
>GGGGGGGG	7-GGGGGGGG	7.207965	-28.637192	0	T:65.0(5.42%),B:1400.0(1.93%),P:1e-12	Tpos:89.1,Tstd:59.5,Bpos:101.0,Bstd:68.2,StrandBias:0.1,Multiplicity:1.17
0.043	0.044	0.848	0.065
0.043	0.033	0.923	0.001
0.001	0.008	0.990	0.001
0.001	0.001	0.997	0.001
0.034	0.001	0.964	0.001
0.036	0.001	0.950	0.013
0.001	0.007	0.960	0.032
0.040	0.042	0.860	0.058
>ACTTTGAG	8-ACTTTGAG	5.947241	-28.513895	0	T:268.0(22.35%),B:10575.9(14.57%),P:1e-12	Tpos:105.5,Tstd:56.3,Bpos:98.8,Bstd:92.8,StrandBias:0.0,Multiplicity:1.11
0.997	0.001	0.001	0.001
0.001	0.873	0.001	0.125
0.001	0.001	0.001	0.997
0.001	0.001	0.001	0.997
0.001	0.001	0.001	0.997
0.001	0.333	0.615	0.051
0.650	0.085	0.121	0.144
0.012	0.001	0.986	0.001
>ATATATAT	9-ATATATAT	8.236954	-24.466430	0	T:36.0(3.00%),B:569.0(0.78%),P:1e-10	Tpos:106.7,Tstd:63.8,Bpos:105.6,Bstd:110.5,StrandBias:0.0,Multiplicity:1.14
0.700	0.100	0.100	0.100
0.100	0.100	0.100	0.700
0.700	0.100	0.100	0.100
0.100	0.100	0.100	0.700
0.700	0.100	0.100	0.100
0.100	0.100	0.100	0.700
0.700	0.100	0.100	0.100
0.100	0.100	0.100	0.700
>CGAGTTGG	10-CGAGTTGG	7.233408	-18.594675	0	T:65.0(5.42%),B:1797.2(2.48%),P:1e-8	Tpos:96.2,Tstd:59.5,Bpos:97.1,Bstd:73.5,StrandBias:0.3,Multiplicity:1.06
0.107	0.603	0.142	0.148
0.001	0.001	0.972	0.026
0.911	0.001	0.001	0.087
0.001	0.001	0.997	0.001
0.193	0.001	0.124	0.682
0.001	0.027	0.056	0.916
0.001	0.036	0.962	0.001
0.047	0.001	0.951	0.001
>CTACATTT	11-CTACATTT	7.563824	-17.846484	0	T:161.0(13.43%),B:6248.7(8.61%),P:1e-7	Tpos:96.7,Tstd:56.8,Bpos:98.5,Bstd:93.5,StrandBias:-0.5,Multiplicity:1.13
0.001	0.997	0.001	0.001
0.131	0.001	0.084	0.784
0.821	0.001	0.082	0.096
0.037	0.784	0.109	0.070
0.961	0.001	0.037	0.001
0.044	0.001	0.034	0.921
0.086	0.127	0.001	0.786
0.028	0.030	0.001	0.941
>CCTACGGC	12-CCTACGGC	5.351759	-16.719321	0	T:97.0(8.09%),B:3294.3(4.54%),P:1e-7	Tpos:106.1,Tstd:59.0,Bpos:100.0,Bstd:63.1,StrandBias:-0.2,Multiplicity:1.04
0.079	0.789	0.072	0.060
0.072	0.759	0.088	0.081
0.026	0.039	0.130	0.805
0.738	0.082	0.075	0.105
0.096	0.676	0.080	0.148
0.115	0.102	0.694	0.089
0.102	0.023	0.740	0.135
0.085	0.807	0.060	0.048
>CTAGGCCT	13-CTAGGCCT	7.764559	-15.902082	0	T:43.0(3.59%),B:1054.0(1.45%),P:1e-6	Tpos:105.8,Tstd:55.0,Bpos:101.8,Bstd:79.5,StrandBias:0.3,Multiplicity:1.12
0.121	0.532	0.346	0.001
0.001	0.001	0.001	0.997
0.997	0.001	0.001	0.001
0.001	0.094	0.904	0.001
0.001	0.001	0.997	0.001
0.001	0.853	0.001	0.145
0.149	0.713	0.137	0.001
0.001	0.124	0.089	0.786
>AGATAGAG	14-AGATAGAG	7.977713	-14.345487	0	T:68.0(5.67%),B:2158.4(2.97%),P:1e-6	Tpos:108.3,Tstd:55.8,Bpos:102.3,Bstd:82.7,StrandBias:0.6,Multiplicity:1.02
0.997	0.001	0.001	0.001
0.001	0.001	0.997	0.001
0.674	0.001	0.324	0.001
0.001	0.001	0.078	0.920
0.906	0.001	0.092	0.001
0.001	0.001	0.736	0.262
0.946	0.001	0.001	0.052
0.238	0.001	0.760	0.001
>CTGAAGCC	15-CTGAAGCC	7.231471	-13.344925	0	T:79.0(6.59%),B:2719.4(3.75%),P:1e-5	Tpos:101.5,Tstd:53.8,Bpos:100.2,Bstd:70.5,StrandBias:-0.2,Multiplicity:1.09
0.001	0.916	0.001	0.082
0.028	0.001	0.001	0.970
0.034	0.001	0.964	0.001
0.941	0.001	0.001	0.057
0.745	0.001	0.122	0.132
0.001	0.093	0.905	0.001
0.205	0.793	0.001	0.001
0.089	0.808	0.051	0.052
>TTCCCCAT	16-TTCCCCAT	9.398009	-10.424031	0	T:31.0(2.59%),B:821.1(1.13%),P:1e-4	Tpos:103.8,Tstd:62.9,Bpos:98.5,Bstd:93.1,StrandBias:0.0,Multiplicity:1.00
0.001	0.001	0.001	0.997
0.001	0.001	0.001	0.997
0.001	0.997	0.001	0.001
0.001	0.997	0.001	0.001
0.001	0.997	0.001	0.001
0.001	0.810	0.001	0.188
0.997	0.001	0.001	0.001
0.001	0.001	0.001	0.997
>ATGATGAT	17-ATGATGAT	8.236954	-2.182455	0	T:21.0(1.75%),B:949.2(1.31%),P:1e0	Tpos:115.9,Tstd:59.4,Bpos:92.6,Bstd:108.2,StrandBias:-0.1,Multiplicity:1.30
0.700	0.100	0.100	0.100
0.100	0.100	0.100	0.700
0.100	0.100	0.700	0.100
0.700	0.100	0.100	0.100
0.100	0.100	0.100	0.700
0.100	0.100	0.700	0.100
0.700	0.100	0.100	0.100
0.100	0.100	0.100	0.700
>GAGAGAGA	18-GAGAGAGA	8.923741	-1.655955	0	T:25.0(2.09%),B:1248.4(1.72%),P:1e0	Tpos:76.0,Tstd:48.6,Bpos:92.8,Bstd:78.8,StrandBias:-0.6,Multiplicity:1.08
0.001	0.001	0.997	0.001
0.997	0.001	0.001	0.001
0.001	0.001	0.997	0.001
0.997	0.001	0.001	0.001
0.001	0.001	0.997	0.001
0.881	0.001	0.001	0.117
0.001	0.001	0.997	0.001
0.997	0.001	0.001	0.001
>ATACATAC	19-ATACATAC	8.236954	-1.600584	0	T:21.0(1.75%),B:1037.4(1.43%),P:1e0	Tpos:82.1,Tstd:54.5,Bpos:99.0,Bstd:104.9,StrandBias:-2.8,Multiplicity:4.81
0.700	0.100	0.100	0.100
0.100	0.100	0.100	0.700
0.700	0.100	0.100	0.100
0.100	0.700	0.100	0.100
0.700	0.100	0.100	0.100
0.100	0.100	0.100	0.700
0.700	0.100	0.100	0.100
0.100	0.700	0.100	0.100
