>TTTTTWAWTTTT	1-TTTTTWAWTTTT	7.348963	-69.356517	0	T:412.0(34.36%),B:14587.3(20.09%),P:1e-30	Tpos:104.9,Tstd:53.2,Bpos:98.1,Bstd:139.0,StrandBias:0.0,Multiplicity:1.40
0.319	0.090	0.072	0.519
0.119	0.001	0.007	0.873
0.234	0.178	0.017	0.571
0.219	0.015	0.025	0.741
0.161	0.154	0.067	0.618
0.382	0.081	0.140	0.397
0.587	0.032	0.044	0.337
0.453	0.076	0.001	0.470
0.325	0.001	0.001	0.673
0.103	0.091	0.001	0.805
0.030	0.001	0.001	0.968
0.130	0.105	0.031	0.734
>AAAAAAAATTTT	2-AAAAAAAATTTT	6.900930	-58.784168	0	T:259.0(21.60%),B:7974.6(10.98%),P:1e-25	Tpos:103.8,Tstd:55.9,Bpos:103.2,Bstd:115.2,StrandBias:-0.1,Multiplicity:1.12
0.432	0.165	0.177	0.226
0.465	0.144	0.181	0.210
0.526	0.098	0.194	0.182
0.527	0.175	0.113	0.185
0.703	0.138	0.072	0.087
0.816	0.143	0.009	0.032
0.756	0.113	0.014	0.117
0.602	0.103	0.011	0.284
0.264	0.094	0.080	0.562
0.123	0.047	0.175	0.655
0.079	0.015	0.144	0.762
0.122	0.144	0.160	0.574
>TWTTTMAAAWAT	3-TWTTTMAAAWAT	6.139555	-44.124721	0	T:601.0(50.13%),B:27030.1(37.23%),P:1e-19	Tpos:100.0,Tstd:56.3,Bpos:99.1,Bstd:124.0,StrandBias:0.1,Multiplicity:1.33
0.148	0.101	0.041	0.710
0.448	0.093	0.097	0.361
0.024	0.001	0.154	0.821
0.254	0.118	0.178	0.450
0.307	0.066	0.078	0.549
0.331	0.388	0.115	0.166
0.629	0.191	0.017	0.163
0.489	0.139	0.129	0.243
0.925	0.001	0.007	0.067
0.449	0.007	0.017	0.527
0.703	0.013	0.062	0.222
0.286	0.072	0.001	0.641
>AAAAATATCCAG	4-AAAAATATCCAG	12.932047	-39.474201	0	T:15.0(1.25%),B:30.0(0.04%),P:1e-17	Tpos:117.4,Tstd:46.8,Bpos:81.1,Bstd:68.4,StrandBias:-0.4,Multiplicity:1.08
0.860	0.059	0.001	0.080
0.919	0.001	0.001	0.079
0.839	0.001	0.080	0.080
0.997	0.001	0.001	0.001
0.997	0.001	0.001	0.001
0.001	0.001	0.001	0.997
0.839	0.080	0.001	0.080
0.001	0.067	0.080	0.852
0.001	0.997	0.001	0.001
0.001	0.997	0.001	0.001
0.873	0.080	0.001	0.046
0.038	0.080	0.881	0.001
>AGTAGTGATAAA	5-AGTAGTGATAAA	14.439659	-37.940462	0	T:8.0(0.67%),B:2.6(0.00%),P:1e-16	Tpos:92.5,Tstd:70.2,Bpos:88.9,Bstd:49.8,StrandBias:0.7,Multiplicity:1.00
0.883	0.001	0.115	0.001
0.001	0.001	0.997	0.001
0.001	0.001	0.001	0.997
0.997	0.001	0.001	0.001
0.001	0.001	0.997	0.001
0.001	0.001	0.001	0.997
0.001	0.001	0.997	0.001
0.997	0.001	0.001	0.001
0.001	0.001	0.001	0.997
0.997	0.001	0.001	0.001
0.997	0.001	0.001	0.001
0.997	0.001	0.001	0.001
>TGATGGAGAAAT	6-TGATGGAGAAAT	8.878879	-36.305515	0	T:56.0(4.67%),B:904.0(1.25%),P:1e-15	Tpos:107.3,Tstd:57.6,Bpos:98.6,Bstd:92.0,StrandBias:-0.2,Multiplicity:1.06
0.020	0.001	0.041	0.938
0.022	0.053	0.868	0.057
0.782	0.063	0.077	0.078
0.059	0.041	0.048	0.852
0.032	0.083	0.778	0.107
0.098	0.063	0.770	0.069
0.787	0.021	0.077	0.115
0.069	0.083	0.835	0.013
0.917	0.041	0.001	0.041
0.760	0.107	0.100	0.033
0.941	0.020	0.038	0.001
0.060	0.036	0.128	0.776
>RTGCWGTAAATT	7-RTGCWGTAAATT	13.064843	-34.339313	0	T:10.0(0.83%),B:9.5(0.01%),P:1e-14	Tpos:96.3,Tstd:56.7,Bpos:98.7,Bstd:37.0,StrandBias:-0.6,Multiplicity:1.00
0.553	0.001	0.445	0.001
0.001	0.001	0.001	0.997
0.001	0.001	0.997	0.001
0.001	0.997	0.001	0.001
0.553	0.001	0.001	0.445
0.001	0.001	0.997	0.001
0.001	0.083	0.001	0.915
0.997	0.001	0.001	0.001
0.997	0.001	0.001	0.001
0.997	0.001	0.001	0.001
0.001	0.001	0.001	0.997
0.103	0.001	0.001	0.895
>GAGGTAGGCGGT	8-GAGGTAGGCGGT	9.533192	-30.721540	0	T:10.0(0.83%),B:13.7(0.02%),P:1e-13	Tpos:132.8,Tstd:58.1,Bpos:121.8,Bstd:50.5,StrandBias:-2.0,Multiplicity:1.00
0.001	0.156	0.842	0.001
0.997	0.001	0.001	0.001
0.001	0.001	0.997	0.001
0.001	0.001	0.997	0.001
0.001	0.029	0.001	0.969
0.820	0.001	0.178	0.001
0.001	0.001	0.997	0.001
0.001	0.001	0.804	0.194
0.001	0.997	0.001	0.001
0.001	0.001	0.997	0.001
0.001	0.001	0.997	0.001
0.001	0.001	0.001	0.997
>CAGATTGCACCA	9-CAGATTGCACCA	14.045889	-30.653853	0	T:8.0(0.67%),B:5.7(0.01%),P:1e-13	Tpos:112.7,Tstd:52.3,Bpos:114.2,Bstd:28.3,StrandBias:1.0,Multiplicity:1.12
0.001	0.997	0.001	0.001
0.997	0.001	0.001	0.001
0.114	0.001	0.771	0.114
0.997	0.001	0.001	0.001
0.001	0.113	0.001	0.885
0.001	0.001	0.001	0.997
0.001	0.001	0.997	0.001
0.001	0.997	0.001	0.001
0.997	0.001	0.001	0.001
0.001	0.997	0.001	0.001
0.001	0.885	0.001	0.113
0.997	0.001	0.001	0.001
>AGACGGTTTGGA	10-AGACGGTTTGGA	10.246168	-28.707477	0	T:18.0(1.50%),B:102.9(0.14%),P:1e-12	Tpos:91.7,Tstd:50.4,Bpos:99.0,Bstd:80.6,StrandBias:-0.1,Multiplicity:1.17
0.843	0.001	0.078	0.078
0.001	0.234	0.687	0.078
0.918	0.001	0.080	0.001
0.156	0.842	0.001	0.001
0.123	0.081	0.795	0.001
0.001	0.001	0.722	0.276
0.001	0.077	0.001	0.921
0.156	0.001	0.083	0.760
0.001	0.001	0.077	0.921
0.001	0.077	0.921	0.001
0.078	0.001	0.843	0.078
0.843	0.078	0.001	0.078
>CACTATACTACA	11-CACTATACTACA	14.166551	-27.991207	0	T:8.0(0.67%),B:7.4(0.01%),P:1e-12	Tpos:106.5,Tstd:56.9,Bpos:104.3,Bstd:54.7,StrandBias:-0.7,Multiplicity:1.00
0.001	0.997	0.001	0.001
0.997	0.001	0.001	0.001
0.001	0.997	0.001	0.001
0.001	0.001	0.001	0.997
0.997	0.001	0.001	0.001
0.001	0.001	0.119	0.879
0.997	0.001	0.001	0.001
0.001	0.855	0.143	0.001
0.001	0.001	0.001	0.997
0.855	0.001	0.143	0.001
0.001	0.997	0.001	0.001
0.997	0.001	0.001	0.001
>GGGGGGGGGGGG	12-GGGGGGGGGGGG	6.857303	-27.771827	0	T:64.0(5.34%),B:1393.1(1.92%),P:1e-12	Tpos:89.6,Tstd:58.9,Bpos:99.9,Bstd:65.2,StrandBias:0.0,Multiplicity:1.14
0.167	0.061	0.675	0.097
0.127	0.075	0.690	0.108
0.099	0.087	0.710	0.104
0.077	0.056	0.787	0.080
0.071	0.046	0.799	0.084
0.104	0.030	0.797	0.069
0.104	0.043	0.793	0.060
0.050	0.029	0.833	0.088
0.065	0.037	0.790	0.108
0.088	0.088	0.712	0.112
0.079	0.063	0.720	0.138
0.112	0.085	0.696	0.107
>TTGGTATACAGG	13-TTGGTATACAGG	14.252702	-27.621001	0	T:7.0(0.58%),B:4.4(0.01%),P:1e-11	Tpos:99.6,Tstd:52.0,Bpos:106.6,Bstd:41.4,StrandBias:1.6,Multiplicity:1.14
0.001	0.001	0.001	0.997
0.001	0.001	0.001	0.997
0.001	0.001	0.997	0.001
0.128	0.001	0.870	0.001
0.001	0.001	0.001	0.997
0.997	0.001	0.001	0.001
0.001	0.001	0.001	0.997
0.997	0.001	0.001	0.001
0.128	0.743	0.001	0.128
0.997	0.001	0.001	0.001
0.001	0.001	0.997	0.001
0.001	0.001	0.997	0.001
>ATRTATRTATDW	14-ATRTATRTATDW	7.851480	-26.305919	0	T:26.0(2.17%),B:277.8(0.38%),P:1e-11	Tpos:104.4,Tstd:61.3,Bpos:101.9,Bstd:116.4,StrandBias:0.6,Multiplicity:1.19
0.592	0.157	0.019	0.232
0.218	0.150	0.182	0.450
0.376	0.104	0.321	0.200
0.283	0.025	0.222	0.470
0.637	0.020	0.021	0.322
0.282	0.005	0.182	0.531
0.533	0.011	0.437	0.019
0.244	0.016	0.164	0.576
0.644	0.016	0.024	0.316
0.339	0.014	0.154	0.493
0.269	0.126	0.290	0.314
0.457	0.016	0.012	0.515
>YTTTGRTTTGGA	15-YTTTGRTTTGGA	13.004577	-23.752020	0	T:8.0(0.67%),B:12.7(0.02%),P:1e-10	Tpos:128.8,Tstd:29.9,Bpos:69.9,Bstd:25.4,StrandBias:-0.7,Multiplicity:1.00
0.001	0.553	0.001	0.445
0.001	0.001	0.001	0.997
0.001	0.001	0.001	0.997
0.001	0.001	0.001	0.997
0.001	0.001	0.997	0.001
0.553	0.001	0.445	0.001
0.001	0.001	0.001	0.997
0.001	0.001	0.001	0.997
0.001	0.001	0.001	0.997
0.001	0.001	0.997	0.001
0.001	0.001	0.909	0.089
0.997	0.001	0.001	0.001
>GCTGCAATTATT	16-GCTGCAATTATT	9.686869	-22.963572	0	T:30.0(2.50%),B:429.4(0.59%),P:1e-9	Tpos:107.6,Tstd:57.0,Bpos:100.4,Bstd:88.3,StrandBias:0.3,Multiplicity:1.14
0.001	0.035	0.937	0.027
0.152	0.643	0.143	0.062
0.107	0.001	0.071	0.821
0.071	0.001	0.892	0.036
0.036	0.822	0.001	0.141
0.975	0.001	0.001	0.023
0.874	0.036	0.071	0.019
0.133	0.107	0.071	0.689
0.144	0.107	0.055	0.694
0.854	0.008	0.026	0.112
0.014	0.001	0.035	0.950
0.036	0.036	0.071	0.857
>TCACAYYAATAR	17-TCACAYYAATAR	11.460380	-21.038289	0	T:8.0(0.67%),B:17.2(0.02%),P:1e-9	Tpos:110.8,Tstd:49.5,Bpos:108.9,Bstd:38.9,StrandBias:0.6,Multiplicity:1.25
0.001	0.001	0.001	0.997
0.001	0.997	0.001	0.001
0.997	0.001	0.001	0.001
0.001	0.997	0.001	0.001
0.997	0.001	0.001	0.001
0.019	0.446	0.090	0.446
0.001	0.445	0.001	0.553
0.997	0.001	0.001	0.001
0.997	0.001	0.001	0.001
0.001	0.001	0.001	0.997
0.997	0.001	0.001	0.001
0.445	0.001	0.553	0.001
>TCGTAGMGCTAC	18-TCGTAGMGCTAC	11.435818	-18.989123	0	T:10.0(0.83%),B:44.2(0.06%),P:1e-8	Tpos:122.0,Tstd:59.9,Bpos:92.2,Bstd:45.8,StrandBias:0.4,Multiplicity:1.30
0.003	0.421	0.001	0.575
0.123	0.413	0.205	0.259
0.001	0.001	0.997	0.001
0.001	0.117	0.001	0.881
0.997	0.001	0.001	0.001
0.001	0.001	0.997	0.001
0.455	0.427	0.001	0.118
0.001	0.001	0.634	0.364
0.001	0.997	0.001	0.001
0.001	0.001	0.001	0.997
0.997	0.001	0.001	0.001
0.001	0.997	0.001	0.001
>TCATCATCATCA	19-TCATCATCATCA	12.681019	-15.680732	0	T:10.0(0.83%),B:63.7(0.09%),P:1e-6	Tpos:131.0,Tstd:47.6,Bpos:93.0,Bstd:71.8,StrandBias:1.2,Multiplicity:1.40
0.021	0.001	0.038	0.940
0.027	0.971	0.001	0.001
0.997	0.001	0.001	0.001
0.034	0.001	0.001	0.964
0.057	0.803	0.001	0.139
0.997	0.001	0.001	0.001
0.030	0.035	0.001	0.934
0.047	0.928	0.001	0.024
0.961	0.001	0.037	0.001
0.027	0.033	0.001	0.939
0.027	0.937	0.001	0.035
0.997	0.001	0.001	0.001
>ATGTCCATGGAC	20-ATGTCCATGGAC	12.355432	-12.050189	0	T:3.0(0.25%),B:2.8(0.00%),P:1e-5	Tpos:71.5,Tstd:53.2,Bpos:101.1,Bstd:25.4,StrandBias:0.0,Multiplicity:1.00
0.700	0.100	0.100	0.100
0.100	0.100	0.100	0.700
0.100	0.100	0.700	0.100
0.100	0.100	0.100	0.700
0.100	0.700	0.100	0.100
0.100	0.700	0.100	0.100
0.700	0.100	0.100	0.100
0.100	0.100	0.100	0.700
0.100	0.100	0.700	0.100
0.100	0.100	0.700	0.100
0.700	0.100	0.100	0.100
0.100	0.700	0.100	0.100
>TTGTTGTTGTTG	21-TTGTTGTTGTTG	13.366093	-10.943121	0	T:11.0(0.92%),B:132.7(0.18%),P:1e-4	Tpos:111.7,Tstd:57.5,Bpos:107.0,Bstd:99.8,StrandBias:1.0,Multiplicity:1.36
0.001	0.001	0.076	0.922
0.062	0.001	0.023	0.914
0.020	0.001	0.978	0.001
0.001	0.041	0.001	0.957
0.031	0.001	0.001	0.967
0.001	0.001	0.997	0.001
0.031	0.045	0.001	0.923
0.031	0.001	0.001	0.967
0.020	0.001	0.909	0.070
0.001	0.001	0.001	0.997
0.035	0.038	0.001	0.926
0.038	0.001	0.867	0.094
>CARGTYGCAGTT	22-CARGTYGCAGTT	13.506241	-10.926617	0	T:4.0(0.33%),B:9.8(0.01%),P:1e-4	Tpos:131.0,Tstd:49.3,Bpos:128.7,Bstd:42.5,StrandBias:0.6,Multiplicity:1.25
0.001	0.717	0.281	0.001
0.997	0.001	0.001	0.001
0.507	0.001	0.491	0.001
0.001	0.001	0.997	0.001
0.001	0.001	0.001	0.997
0.001	0.545	0.001	0.453
0.001	0.001	0.997	0.001
0.001	0.997	0.001	0.001
0.997	0.001	0.001	0.001
0.001	0.001	0.997	0.001
0.001	0.226	0.281	0.491
0.001	0.001	0.001	0.997
>ACTGGCCGASTT	23-ACTGGCCGASTT	14.179551	-10.846123	0	T:3.0(0.25%),B:4.0(0.01%),P:1e-4	Tpos:75.0,Tstd:40.1,Bpos:74.6,Bstd:33.4,StrandBias:0.4,Multiplicity:2.33
0.873	0.125	0.001	0.001
0.001	0.915	0.083	0.001
0.001	0.001	0.001	0.997
0.001	0.001	0.997	0.001
0.001	0.001	0.997	0.001
0.001	0.997	0.001	0.001
0.001	0.997	0.001	0.001
0.001	0.001	0.997	0.001
0.997	0.001	0.001	0.001
0.001	0.441	0.432	0.126
0.001	0.125	0.001	0.873
0.001	0.001	0.001	0.997
>CTCTYTCTCTCT	24-CTCTYTCTCTCT	10.828707	-7.929152	0	T:16.0(1.33%),B:353.8(0.49%),P:1e-3	Tpos:75.7,Tstd:47.5,Bpos:88.8,Bstd:78.0,StrandBias:0.5,Multiplicity:1.00
0.097	0.873	0.001	0.029
0.072	0.001	0.001	0.926
0.001	0.909	0.001	0.089
0.001	0.001	0.001	0.997
0.196	0.445	0.001	0.358
0.001	0.293	0.097	0.609
0.154	0.820	0.001	0.025
0.001	0.001	0.001	0.997
0.001	0.700	0.202	0.097
0.001	0.001	0.001	0.997
0.256	0.707	0.001	0.036
0.019	0.097	0.001	0.883
>GTGACAAGCATC	25-GTGACAAGCATC	12.355432	-4.111798	0	T:1.0(0.08%),B:0.8(0.00%),P:1e-1	Tpos:90.0,Tstd:59.4,Bpos:119.0,Bstd:0.0,StrandBias:10.0,Multiplicity:5.00
0.100	0.100	0.700	0.100
0.100	0.100	0.100	0.700
0.100	0.100	0.700	0.100
0.700	0.100	0.100	0.100
0.100	0.700	0.100	0.100
0.700	0.100	0.100	0.100
0.700	0.100	0.100	0.100
0.100	0.100	0.700	0.100
0.100	0.700	0.100	0.100
0.700	0.100	0.100	0.100
0.100	0.100	0.100	0.700
0.100	0.700	0.100	0.100
