>AGASASAKASAK	18-MTSTMTSTSTCT	9.284861	-15.551440	0	T:40.0(3.86%),B:1054.6(1.52%),P:1e-6
0.826	0.029	0.116	0.029
0.068	0.215	0.659	0.058
0.970	0.028	0.001	0.001
0.050	0.411	0.324	0.215
0.918	0.001	0.053	0.028
0.015	0.487	0.417	0.081
0.922	0.001	0.048	0.029
0.045	0.193	0.424	0.338
0.820	0.050	0.129	0.001
0.029	0.428	0.474	0.069
0.900	0.001	0.071	0.028
0.029	0.192	0.384	0.394
