>WDATATATATAT	12-WDATATATATAT,BestGuess:PB0080.1_Tbp_1/Jaspar(0.818)	9.705776	-26.594788	0	T:38.0(3.66%),B:644.9(0.93%),P:1e-11
0.515	0.106	0.001	0.378
0.307	0.158	0.203	0.332
0.634	0.001	0.094	0.271
0.118	0.174	0.163	0.545
0.625	0.014	0.001	0.360
0.122	0.106	0.130	0.642
0.866	0.014	0.119	0.001
0.001	0.132	0.001	0.866
0.783	0.014	0.001	0.202
0.150	0.081	0.014	0.755
0.893	0.001	0.001	0.105
0.001	0.013	0.001	0.985
