>ATATATATATHW	12-WDATATATATAT	9.705776	-26.594788	0	T:38.0(3.66%),B:644.9(0.93%),P:1e-11
0.985	0.001	0.013	0.001
0.105	0.001	0.001	0.893
0.755	0.014	0.081	0.150
0.202	0.001	0.014	0.783
0.866	0.001	0.132	0.001
0.001	0.119	0.014	0.866
0.642	0.130	0.106	0.122
0.360	0.001	0.014	0.625
0.545	0.163	0.174	0.118
0.271	0.094	0.001	0.634
0.332	0.203	0.158	0.307
0.378	0.001	0.106	0.515
