>ATHTAAAATTTT	1-ATHTAAAATTTT,BestGuess:PH0075.1_Hoxd10/Jaspar(0.644)	6.710138	-98.905024	0	T:426.0(41.08%),B:15169.0(21.91%),P:1e-42
0.458	0.142	0.096	0.305
0.241	0.220	0.045	0.494
0.279	0.292	0.001	0.428
0.174	0.243	0.081	0.502
0.457	0.185	0.086	0.272
0.513	0.117	0.091	0.279
0.445	0.126	0.197	0.233
0.581	0.019	0.032	0.368
0.124	0.109	0.001	0.766
0.047	0.001	0.001	0.951
0.001	0.001	0.019	0.979
0.172	0.239	0.069	0.520
