>TATTGCCAATAT	11-ATATTGGCAATA	9.409185	-27.254268	0	T:41.0(3.95%),B:725.6(1.05%),P:1e-11
0.042	0.084	0.050	0.824
0.834	0.036	0.025	0.105
0.070	0.099	0.001	0.830
0.050	0.101	0.043	0.806
0.086	0.025	0.786	0.103
0.099	0.706	0.115	0.080
0.084	0.784	0.036	0.096
0.946	0.001	0.015	0.038
0.873	0.025	0.063	0.039
0.049	0.001	0.001	0.949
0.848	0.025	0.025	0.102
0.087	0.093	0.001	0.819
