>GTTTTAAAATGT	6-GTTTTAAAATGT	8.625075	-36.676761	0	T:98.0(9.45%),B:2567.1(3.71%),P:1e-15
0.115	0.086	0.741	0.058
0.018	0.066	0.031	0.885
0.164	0.017	0.080	0.739
0.067	0.025	0.048	0.860
0.046	0.100	0.052	0.802
0.821	0.023	0.043	0.113
0.886	0.037	0.064	0.013
0.874	0.006	0.039	0.081
0.813	0.082	0.031	0.074
0.050	0.068	0.014	0.868
0.053	0.044	0.855	0.048
0.055	0.062	0.022	0.861
