>CCCCCCCCCCCN	20-CCCCCCCCCCCN	6.340904	-13.731965	0	T:50.0(4.82%),B:1577.3(2.28%),P:1e-5
0.147	0.551	0.223	0.079
0.221	0.574	0.117	0.088
0.042	0.844	0.088	0.026
0.032	0.934	0.001	0.033
0.042	0.858	0.032	0.068
0.001	0.927	0.021	0.051
0.021	0.721	0.032	0.226
0.017	0.745	0.021	0.217
0.049	0.592	0.106	0.253
0.158	0.491	0.200	0.151
0.250	0.403	0.216	0.131
0.210	0.335	0.234	0.221
