>GTGCAAACTTTG	8-CAAAGTTTGCAC	8.977758	-33.504843	0	T:59.0(5.69%),B:1173.6(1.69%),P:1e-14
0.103	0.026	0.800	0.071
0.048	0.061	0.038	0.853
0.138	0.121	0.588	0.153
0.076	0.834	0.062	0.028
0.861	0.137	0.001	0.001
0.859	0.032	0.032	0.077
0.898	0.039	0.062	0.001
0.080	0.745	0.117	0.058
0.086	0.032	0.028	0.854
0.055	0.038	0.039	0.868
0.001	0.032	0.038	0.929
0.060	0.039	0.732	0.169
