>AAAATTTTADAT	1-ATHTAAAATTTT	6.710138	-98.905024	0	T:426.0(41.08%),B:15169.0(21.91%),P:1e-42
0.520	0.069	0.239	0.172
0.979	0.019	0.001	0.001
0.951	0.001	0.001	0.047
0.766	0.001	0.109	0.124
0.368	0.032	0.019	0.581
0.233	0.197	0.126	0.445
0.279	0.091	0.117	0.513
0.272	0.086	0.185	0.457
0.502	0.081	0.243	0.174
0.428	0.001	0.292	0.279
0.494	0.045	0.220	0.241
0.305	0.096	0.142	0.458
