>MTSTMTSTSTCT	18-MTSTMTSTSTCT,BestGuess:Stat2/MA1623.1/Jaspar(0.647)	9.284861	-15.551440	0	T:40.0(3.86%),B:1054.6(1.52%),P:1e-6
0.394	0.384	0.192	0.029
0.028	0.071	0.001	0.900
0.069	0.474	0.428	0.029
0.001	0.129	0.050	0.820
0.338	0.424	0.193	0.045
0.029	0.048	0.001	0.922
0.081	0.417	0.487	0.015
0.028	0.053	0.001	0.918
0.215	0.324	0.411	0.050
0.001	0.001	0.028	0.970
0.058	0.659	0.215	0.068
0.029	0.116	0.029	0.826
