>TATTTCAGGAAA	3-TTTCCTGAAATA	7.263423	-53.194530	0	T:215.0(20.73%),B:7045.5(10.17%),P:1e-23
0.220	0.015	0.133	0.632
0.715	0.099	0.089	0.097
0.095	0.026	0.034	0.845
0.178	0.038	0.068	0.716
0.081	0.055	0.030	0.834
0.104	0.673	0.087	0.136
0.728	0.023	0.037	0.212
0.105	0.089	0.638	0.168
0.186	0.063	0.698	0.053
0.739	0.064	0.029	0.168
0.819	0.014	0.089	0.078
0.926	0.054	0.017	0.003
