>TTTTAAAATTTT	1-TTTTAAAATTTT,BestGuess:PB0148.1_Mtf1_2/Jaspar(0.626)	6.719877	-73.882665	0	T:370.0(42.48%),B:16771.5(24.10%),P:1e-32
0.097	0.092	0.057	0.754
0.080	0.068	0.066	0.786
0.063	0.138	0.106	0.693
0.078	0.083	0.091	0.748
0.673	0.093	0.090	0.144
0.719	0.078	0.072	0.131
0.786	0.047	0.059	0.108
0.697	0.054	0.077	0.172
0.147	0.076	0.065	0.712
0.066	0.062	0.047	0.825
0.046	0.059	0.055	0.840
0.076	0.078	0.075	0.771
