>GGGGGGGGGGGG	10-GGGGGGGGGGGG	5.599614	-20.615799	0	T:73.0(8.38%),B:2687.6(3.86%),P:1e-8
0.158	0.069	0.623	0.150
0.135	0.072	0.655	0.138
0.141	0.071	0.665	0.123
0.134	0.046	0.683	0.137
0.152	0.049	0.680	0.119
0.154	0.051	0.671	0.124
0.171	0.044	0.690	0.095
0.150	0.040	0.725	0.085
0.155	0.046	0.674	0.125
0.138	0.062	0.659	0.141
0.132	0.071	0.656	0.141
0.141	0.119	0.619	0.121
