>TTTTTGAAAAAT	2-TTTTTGAAAAAT	9.186644	-41.919526	0	T:82.0(9.41%),B:2110.7(3.03%),P:1e-18
0.038	0.100	0.072	0.790
0.085	0.046	0.001	0.868
0.070	0.056	0.073	0.801
0.024	0.122	0.028	0.826
0.043	0.046	0.026	0.885
0.031	0.145	0.804	0.020
0.774	0.072	0.026	0.128
0.866	0.056	0.013	0.065
0.923	0.039	0.013	0.025
0.814	0.073	0.056	0.057
0.825	0.089	0.039	0.047
0.058	0.084	0.030	0.828
