>MTMTATATMTMT	4-MTMTATATMTMT	9.067523	-33.113759	0	T:25.0(2.87%),B:246.2(0.35%),P:1e-14
0.418	0.281	0.076	0.224
0.169	0.050	0.081	0.700
0.483	0.398	0.111	0.008
0.138	0.001	0.121	0.740
0.578	0.286	0.084	0.052
0.061	0.004	0.001	0.934
0.508	0.330	0.001	0.161
0.077	0.040	0.027	0.856
0.397	0.320	0.096	0.187
0.180	0.117	0.037	0.666
0.397	0.257	0.136	0.210
0.277	0.001	0.023	0.699
