>TTTGATGAAATT	3-TTTGATGAAATT	9.053130	-34.556965	0	T:71.0(8.15%),B:1895.5(2.72%),P:1e-15
0.121	0.081	0.028	0.770
0.081	0.045	0.039	0.835
0.040	0.071	0.045	0.844
0.046	0.112	0.771	0.071
0.844	0.060	0.047	0.049
0.037	0.017	0.053	0.893
0.056	0.065	0.823	0.056
0.862	0.046	0.047	0.045
0.807	0.092	0.041	0.060
0.832	0.051	0.012	0.105
0.032	0.038	0.044	0.886
0.024	0.043	0.099	0.834
