>AAAATTTTAAAA	1-TTTTAAAATTTT	6.719877	-73.882665	0	T:370.0(42.48%),B:16771.5(24.10%),P:1e-32
0.771	0.075	0.078	0.076
0.840	0.055	0.059	0.046
0.825	0.047	0.062	0.066
0.712	0.065	0.076	0.147
0.172	0.077	0.054	0.697
0.108	0.059	0.047	0.786
0.131	0.072	0.078	0.719
0.144	0.090	0.093	0.673
0.748	0.091	0.083	0.078
0.693	0.106	0.138	0.063
0.786	0.066	0.068	0.080
0.754	0.057	0.092	0.097
