>AAATAGCCAAAA	5-AAATAGCCAAAA,BestGuess:PB0148.1_Mtf1_2/Jaspar(0.670)	9.029653	-30.905853	0	T:63.0(7.23%),B:1676.1(2.41%),P:1e-13
0.835	0.001	0.053	0.111
0.829	0.053	0.001	0.117
0.820	0.053	0.001	0.126
0.254	0.030	0.001	0.715
0.747	0.036	0.054	0.163
0.207	0.236	0.556	0.001
0.047	0.804	0.086	0.063
0.123	0.550	0.218	0.109
0.967	0.001	0.001	0.031
0.731	0.001	0.215	0.053
0.785	0.161	0.001	0.053
0.943	0.001	0.055	0.001
