>AAAATGGC	1-AAAATGGC	4.161567	-76.587461	0	T:342.0(23.82%),B:4149.5(12.20%),P:1e-33	Tpos:110.6,Tstd:39.6,Bpos:108.7,Bstd:46.1,StrandBias:1.6,Multiplicity:1.06
0.997	0.001	0.001	0.001
0.997	0.001	0.001	0.001
0.634	0.001	0.232	0.133
0.997	0.001	0.001	0.001
0.001	0.001	0.001	0.997
0.001	0.001	0.997	0.001
0.001	0.001	0.997	0.001
0.001	0.997	0.001	0.001
>GAGGGCGC	2-GAGGGCGC	7.370469	-35.777877	0	T:130.0(9.05%),B:1407.1(4.14%),P:1e-15	Tpos:80.9,Tstd:43.5,Bpos:83.4,Bstd:55.9,StrandBias:-0.5,Multiplicity:1.05
0.001	0.049	0.912	0.038
0.962	0.001	0.001	0.036
0.001	0.001	0.997	0.001
0.001	0.001	0.930	0.068
0.001	0.001	0.997	0.001
0.049	0.949	0.001	0.001
0.001	0.001	0.997	0.001
0.154	0.844	0.001	0.001
>TGATTGGT	3-TGATTGGT	7.614146	-31.512168	0	T:154.0(10.72%),B:1897.8(5.58%),P:1e-13	Tpos:83.9,Tstd:51.5,Bpos:87.8,Bstd:57.1,StrandBias:-0.1,Multiplicity:1.13
0.001	0.001	0.001	0.997
0.001	0.001	0.997	0.001
0.944	0.054	0.001	0.001
0.001	0.001	0.001	0.997
0.001	0.001	0.001	0.997
0.063	0.001	0.935	0.001
0.001	0.001	0.917	0.081
0.001	0.247	0.076	0.676
>CCTTTGAC	4-CCTTTGAC	7.359974	-23.352685	0	T:128.0(8.91%),B:1650.6(4.85%),P:1e-10	Tpos:96.8,Tstd:50.8,Bpos:92.8,Bstd:54.6,StrandBias:-0.3,Multiplicity:1.06
0.001	0.997	0.001	0.001
0.001	0.866	0.001	0.132
0.001	0.001	0.001	0.997
0.104	0.185	0.001	0.710
0.001	0.001	0.001	0.997
0.001	0.001	0.997	0.001
0.997	0.001	0.001	0.001
0.001	0.997	0.001	0.001
>CGCGAAAT	5-CGCGAAAT	7.297523	-22.307680	0	T:152.0(10.58%),B:2111.7(6.21%),P:1e-9	Tpos:104.4,Tstd:53.0,Bpos:99.1,Bstd:62.4,StrandBias:0.1,Multiplicity:1.07
0.098	0.900	0.001	0.001
0.001	0.071	0.874	0.054
0.001	0.845	0.153	0.001
0.107	0.049	0.766	0.078
0.907	0.091	0.001	0.001
0.902	0.001	0.096	0.001
0.924	0.057	0.001	0.018
0.031	0.019	0.001	0.949
>GTACAGTA	6-GTACAGTA	2.999941	-16.230359	0	T:208.0(14.48%),B:3425.0(10.07%),P:1e-7	Tpos:102.0,Tstd:56.2,Bpos:101.3,Bstd:57.7,StrandBias:0.1,Multiplicity:1.15
0.001	0.001	0.997	0.001
0.001	0.001	0.001	0.997
0.997	0.001	0.001	0.001
0.001	0.724	0.274	0.001
0.622	0.001	0.376	0.001
0.001	0.001	0.997	0.001
0.001	0.001	0.341	0.657
0.759	0.239	0.001	0.001
>CATGTGTG	7-CATGTGTG	6.397830	-15.007536	0	T:286.0(19.92%),B:5099.1(15.00%),P:1e-6	Tpos:97.4,Tstd:52.6,Bpos:97.6,Bstd:56.3,StrandBias:-0.4,Multiplicity:1.14
0.001	0.923	0.032	0.044
0.813	0.056	0.097	0.034
0.001	0.108	0.001	0.890
0.020	0.025	0.837	0.118
0.001	0.001	0.049	0.949
0.080	0.046	0.844	0.030
0.030	0.016	0.001	0.953
0.001	0.001	0.818	0.180
>AAGTACTA	8-AAGTACTA	8.095608	-14.218319	0	T:65.0(4.53%),B:795.0(2.34%),P:1e-6	Tpos:83.2,Tstd:57.8,Bpos:98.8,Bstd:57.7,StrandBias:0.0,Multiplicity:1.03
0.919	0.001	0.079	0.001
0.875	0.123	0.001	0.001
0.001	0.001	0.997	0.001
0.001	0.001	0.001	0.997
0.997	0.001	0.001	0.001
0.001	0.735	0.109	0.155
0.001	0.001	0.001	0.997
0.997	0.001	0.001	0.001
>GTCGTGCG	9-GTCGTGCG	9.513425	-13.885656	0	T:25.0(1.74%),B:188.1(0.55%),P:1e-6	Tpos:120.9,Tstd:42.9,Bpos:101.5,Bstd:66.8,StrandBias:1.0,Multiplicity:1.00
0.001	0.001	0.997	0.001
0.001	0.001	0.001	0.997
0.001	0.997	0.001	0.001
0.001	0.001	0.997	0.001
0.211	0.001	0.001	0.787
0.001	0.001	0.997	0.001
0.001	0.997	0.001	0.001
0.001	0.001	0.997	0.001
>TTCGAAAC	10-TTCGAAAC	6.791542	-12.052653	0	T:191.0(13.30%),B:3292.2(9.68%),P:1e-5	Tpos:101.6,Tstd:54.0,Bpos:99.5,Bstd:61.4,StrandBias:0.2,Multiplicity:1.11
0.200	0.001	0.031	0.768
0.050	0.071	0.027	0.852
0.001	0.948	0.001	0.050
0.095	0.031	0.873	0.001
0.913	0.001	0.063	0.023
0.890	0.001	0.082	0.027
0.935	0.001	0.028	0.036
0.096	0.818	0.001	0.085
>TAGTGGGG	11-TAGTGGGG	8.236954	-7.438967	0	T:8.0(0.56%),B:43.8(0.13%),P:1e-3	Tpos:71.1,Tstd:49.3,Bpos:86.9,Bstd:55.7,StrandBias:1.4,Multiplicity:1.38
0.100	0.100	0.100	0.700
0.700	0.100	0.100	0.100
0.100	0.100	0.700	0.100
0.100	0.100	0.100	0.700
0.100	0.100	0.700	0.100
0.100	0.100	0.700	0.100
0.100	0.100	0.700	0.100
0.100	0.100	0.700	0.100
