>AAAATGGCGGCG	1-AAAATGGCGGCG	8.966691	-102.274109	0	T:224.0(15.60%),B:1839.0(5.41%),P:1e-44	Tpos:109.8,Tstd:34.1,Bpos:110.6,Bstd:43.6,StrandBias:2.0,Multiplicity:1.01
0.919	0.018	0.027	0.036
0.911	0.042	0.010	0.037
0.674	0.111	0.108	0.107
0.960	0.001	0.021	0.018
0.017	0.001	0.001	0.981
0.036	0.001	0.945	0.018
0.036	0.036	0.888	0.040
0.036	0.866	0.018	0.080
0.084	0.073	0.775	0.068
0.047	0.097	0.792	0.064
0.120	0.737	0.063	0.080
0.154	0.116	0.559	0.171
>AACCAATCAGAW	2-AACCAATCAGAW	9.880951	-47.046953	0	T:77.0(5.36%),B:505.4(1.49%),P:1e-20	Tpos:75.4,Tstd:42.5,Bpos:77.3,Bstd:52.7,StrandBias:-0.0,Multiplicity:1.10
0.637	0.044	0.318	0.001
0.665	0.088	0.245	0.002
0.001	0.911	0.001	0.087
0.001	0.838	0.073	0.088
0.997	0.001	0.001	0.001
0.955	0.043	0.001	0.001
0.001	0.001	0.001	0.997
0.057	0.898	0.044	0.001
0.955	0.043	0.001	0.001
0.258	0.120	0.577	0.045
0.573	0.117	0.266	0.044
0.366	0.085	0.178	0.372
>AGCGCCCTCAHH	3-AGCGCCCTCAHH	7.205538	-42.357611	0	T:235.0(16.36%),B:3051.0(8.97%),P:1e-18	Tpos:83.4,Tstd:45.1,Bpos:87.1,Bstd:52.4,StrandBias:0.1,Multiplicity:1.07
0.417	0.123	0.238	0.222
0.187	0.123	0.455	0.234
0.001	0.997	0.001	0.001
0.001	0.001	0.893	0.105
0.035	0.929	0.001	0.035
0.070	0.894	0.001	0.035
0.290	0.708	0.001	0.001
0.001	0.264	0.001	0.734
0.001	0.997	0.001	0.001
0.522	0.001	0.150	0.327
0.349	0.222	0.139	0.291
0.318	0.256	0.138	0.288
>GMATGATGGGTA	4-GMATGATGGGTA	8.243416	-33.960482	0	T:95.0(6.62%),B:899.0(2.64%),P:1e-14	Tpos:90.6,Tstd:44.0,Bpos:97.1,Bstd:51.1,StrandBias:0.2,Multiplicity:1.01
0.105	0.001	0.771	0.123
0.390	0.408	0.001	0.201
0.605	0.158	0.105	0.132
0.067	0.153	0.001	0.779
0.105	0.151	0.648	0.096
0.595	0.080	0.272	0.053
0.001	0.078	0.001	0.920
0.158	0.001	0.789	0.052
0.001	0.001	0.796	0.202
0.001	0.158	0.815	0.026
0.386	0.001	0.001	0.612
0.952	0.046	0.001	0.001
>GGTCAAAGGTCA	5-GGTCAAAGGTCA	9.336468	-31.097259	0	T:103.0(7.17%),B:1067.9(3.14%),P:1e-13	Tpos:93.3,Tstd:48.7,Bpos:85.6,Bstd:48.0,StrandBias:0.1,Multiplicity:1.08
0.083	0.107	0.702	0.108
0.043	0.001	0.858	0.098
0.064	0.012	0.029	0.895
0.079	0.767	0.021	0.133
0.967	0.001	0.001	0.031
0.738	0.077	0.158	0.027
0.945	0.001	0.001	0.053
0.186	0.025	0.770	0.019
0.001	0.001	0.841	0.157
0.064	0.058	0.073	0.805
0.015	0.830	0.012	0.143
0.920	0.001	0.047	0.032
>TTCAYGATGCAT	6-TTCAYGATGCAT	9.480499	-28.134513	0	T:15.0(1.04%),B:25.9(0.08%),P:1e-12	Tpos:97.7,Tstd:57.0,Bpos:89.1,Bstd:46.0,StrandBias:0.8,Multiplicity:1.00
0.051	0.159	0.053	0.737
0.118	0.106	0.185	0.591
0.052	0.817	0.056	0.075
0.550	0.037	0.348	0.065
0.066	0.517	0.036	0.381
0.350	0.031	0.573	0.046
0.526	0.100	0.016	0.358
0.046	0.368	0.016	0.570
0.289	0.048	0.480	0.184
0.051	0.886	0.032	0.031
0.624	0.021	0.320	0.035
0.162	0.134	0.266	0.438
>GGTGTTTTTACC	7-GGTGTTTTTACC	13.702315	-27.588045	0	T:10.0(0.70%),B:7.3(0.02%),P:1e-11	Tpos:84.0,Tstd:53.3,Bpos:99.4,Bstd:69.2,StrandBias:0.0,Multiplicity:1.00
0.001	0.001	0.874	0.124
0.001	0.001	0.874	0.124
0.125	0.001	0.125	0.749
0.001	0.001	0.874	0.124
0.001	0.001	0.124	0.874
0.001	0.001	0.001	0.997
0.001	0.001	0.001	0.997
0.001	0.001	0.001	0.997
0.001	0.001	0.001	0.997
0.997	0.001	0.001	0.001
0.001	0.874	0.001	0.124
0.001	0.997	0.001	0.001
>TTGGATTTTCAA	8-TTGGATTTTCAA	13.108495	-25.576132	0	T:13.0(0.91%),B:20.9(0.06%),P:1e-11	Tpos:123.5,Tstd:40.2,Bpos:112.7,Bstd:64.8,StrandBias:-0.7,Multiplicity:1.00
0.093	0.001	0.001	0.905
0.001	0.093	0.001	0.905
0.093	0.001	0.905	0.001
0.074	0.048	0.877	0.001
0.997	0.001	0.001	0.001
0.054	0.001	0.093	0.852
0.001	0.001	0.001	0.997
0.001	0.001	0.001	0.997
0.001	0.001	0.001	0.997
0.093	0.813	0.001	0.093
0.905	0.001	0.093	0.001
0.925	0.073	0.001	0.001
>TCWYTGHAATTY	9-TCWYTGHAATTY	9.254086	-25.145043	0	T:76.0(5.29%),B:755.8(2.22%),P:1e-10	Tpos:105.7,Tstd:48.1,Bpos:96.8,Bstd:59.7,StrandBias:-0.3,Multiplicity:1.00
0.001	0.146	0.058	0.795
0.254	0.633	0.112	0.001
0.483	0.001	0.001	0.515
0.179	0.394	0.170	0.258
0.001	0.001	0.001	0.997
0.032	0.001	0.966	0.001
0.347	0.256	0.001	0.396
0.875	0.123	0.001	0.001
0.636	0.282	0.001	0.081
0.001	0.001	0.001	0.997
0.184	0.001	0.001	0.814
0.189	0.363	0.001	0.447
>AGTAATGCACCA	10-AGTAATGCACCA	13.652998	-23.250854	0	T:8.0(0.56%),B:5.1(0.01%),P:1e-10	Tpos:86.1,Tstd:48.5,Bpos:74.5,Bstd:58.9,StrandBias:1.6,Multiplicity:1.00
0.997	0.001	0.001	0.001
0.125	0.125	0.625	0.125
0.001	0.001	0.001	0.997
0.997	0.001	0.001	0.001
0.997	0.001	0.001	0.001
0.001	0.001	0.001	0.997
0.124	0.001	0.874	0.001
0.001	0.997	0.001	0.001
0.874	0.001	0.001	0.124
0.001	0.997	0.001	0.001
0.124	0.874	0.001	0.001
0.874	0.001	0.124	0.001
>ACATTAGTATGT	11-ACATTAGTATGT	13.896026	-23.111046	0	T:7.0(0.49%),B:3.6(0.01%),P:1e-10	Tpos:87.9,Tstd:51.1,Bpos:85.7,Bstd:30.4,StrandBias:-0.7,Multiplicity:1.14
0.852	0.001	0.001	0.146
0.001	0.997	0.001	0.001
0.997	0.001	0.001	0.001
0.001	0.001	0.001	0.997
0.147	0.001	0.147	0.705
0.883	0.001	0.001	0.115
0.001	0.001	0.852	0.146
0.001	0.001	0.001	0.997
0.997	0.001	0.001	0.001
0.001	0.146	0.001	0.852
0.001	0.001	0.997	0.001
0.001	0.001	0.001	0.997
>ATGGTAAGTAGC	12-ATGGTAAGTAGC	13.478392	-21.489695	0	T:6.0(0.42%),B:2.4(0.01%),P:1e-9	Tpos:96.5,Tstd:53.6,Bpos:128.7,Bstd:21.5,StrandBias:1.0,Multiplicity:1.00
0.997	0.001	0.001	0.001
0.001	0.001	0.001	0.997
0.001	0.001	0.997	0.001
0.001	0.001	0.997	0.001
0.001	0.001	0.001	0.997
0.997	0.001	0.001	0.001
0.997	0.001	0.001	0.001
0.001	0.001	0.997	0.001
0.001	0.001	0.001	0.997
0.761	0.001	0.237	0.001
0.001	0.001	0.997	0.001
0.185	0.813	0.001	0.001
>CACCTCCGACCT	13-CACCTCCGACCT	14.083041	-21.133976	0	T:7.0(0.49%),B:4.5(0.01%),P:1e-9	Tpos:101.6,Tstd:44.7,Bpos:99.0,Bstd:79.9,StrandBias:0.0,Multiplicity:1.14
0.166	0.832	0.001	0.001
0.997	0.001	0.001	0.001
0.001	0.997	0.001	0.001
0.001	0.997	0.001	0.001
0.001	0.001	0.001	0.997
0.001	0.832	0.001	0.166
0.001	0.997	0.001	0.001
0.001	0.166	0.832	0.001
0.832	0.001	0.001	0.166
0.001	0.832	0.166	0.001
0.001	0.997	0.001	0.001
0.001	0.001	0.001	0.997
>CTGAGCCTATGC	14-CTGAGCCTATGC	14.640156	-20.651868	0	T:5.0(0.35%),B:0.0(0.00%),P:1e-8	Tpos:149.8,Tstd:18.6,Bpos:0.0,Bstd:0.0,StrandBias:0.6,Multiplicity:1.00
0.001	0.997	0.001	0.001
0.001	0.001	0.001	0.997
0.001	0.001	0.997	0.001
0.749	0.249	0.001	0.001
0.001	0.001	0.997	0.001
0.001	0.997	0.001	0.001
0.001	0.997	0.001	0.001
0.001	0.001	0.001	0.997
0.749	0.249	0.001	0.001
0.001	0.001	0.001	0.997
0.001	0.001	0.997	0.001
0.001	0.749	0.249	0.001
>TTTGTTTGTTCG	15-TTTGTTTGTTCG	9.198401	-19.736636	0	T:71.0(4.94%),B:774.3(2.28%),P:1e-8	Tpos:86.8,Tstd:49.3,Bpos:86.3,Bstd:56.5,StrandBias:-0.4,Multiplicity:1.04
0.025	0.075	0.075	0.825
0.063	0.049	0.092	0.796
0.001	0.060	0.001	0.938
0.050	0.055	0.829	0.066
0.044	0.001	0.091	0.864
0.001	0.074	0.034	0.891
0.025	0.135	0.025	0.815
0.051	0.061	0.758	0.130
0.081	0.044	0.025	0.850
0.050	0.039	0.025	0.886
0.049	0.716	0.086	0.149
0.113	0.091	0.702	0.094
>ACGAACAGTCGT	16-ACGAACAGTCGT	13.888152	-19.608654	0	T:7.0(0.49%),B:5.1(0.02%),P:1e-8	Tpos:124.1,Tstd:33.4,Bpos:117.8,Bstd:56.7,StrandBias:-0.3,Multiplicity:1.29
0.856	0.001	0.142	0.001
0.001	0.997	0.001	0.001
0.142	0.001	0.856	0.001
0.856	0.001	0.001	0.142
0.997	0.001	0.001	0.001
0.142	0.856	0.001	0.001
0.997	0.001	0.001	0.001
0.001	0.001	0.997	0.001
0.142	0.001	0.001	0.856
0.001	0.997	0.001	0.001
0.001	0.001	0.856	0.142
0.001	0.001	0.001	0.997
>CCTCGAGCTACC	17-CCTCGAGCTACC	11.573441	-18.740532	0	T:11.0(0.77%),B:23.1(0.07%),P:1e-8	Tpos:78.6,Tstd:47.2,Bpos:85.0,Bstd:52.7,StrandBias:0.5,Multiplicity:1.09
0.001	0.997	0.001	0.001
0.007	0.991	0.001	0.001
0.001	0.001	0.001	0.997
0.001	0.997	0.001	0.001
0.141	0.289	0.569	0.001
0.997	0.001	0.001	0.001
0.141	0.141	0.577	0.141
0.001	0.858	0.001	0.140
0.001	0.001	0.110	0.888
0.717	0.141	0.141	0.001
0.001	0.997	0.001	0.001
0.148	0.445	0.111	0.295
>GGGGCRTGDGTG	18-GGGGCRTGDGTG	9.522967	-17.402757	0	T:6.0(0.42%),B:4.3(0.01%),P:1e-7	Tpos:78.1,Tstd:52.5,Bpos:70.1,Bstd:31.9,StrandBias:2.0,Multiplicity:1.67
0.170	0.001	0.642	0.187
0.001	0.001	0.631	0.367
0.236	0.001	0.762	0.001
0.001	0.221	0.567	0.211
0.248	0.497	0.221	0.034
0.446	0.017	0.536	0.001
0.001	0.051	0.200	0.748
0.001	0.001	0.768	0.230
0.336	0.102	0.303	0.259
0.001	0.221	0.611	0.167
0.101	0.001	0.239	0.659
0.258	0.069	0.656	0.017
>CTTAGAGGGTCT	19-CTTAGAGGGTCT	13.724966	-17.326651	0	T:7.0(0.49%),B:7.4(0.02%),P:1e-7	Tpos:91.8,Tstd:46.2,Bpos:56.5,Bstd:32.3,StrandBias:1.8,Multiplicity:1.29
0.001	0.912	0.086	0.001
0.001	0.288	0.001	0.710
0.001	0.001	0.001	0.997
0.869	0.001	0.129	0.001
0.232	0.001	0.766	0.001
0.997	0.001	0.001	0.001
0.001	0.001	0.997	0.001
0.001	0.001	0.997	0.001
0.001	0.001	0.997	0.001
0.001	0.001	0.001	0.997
0.129	0.869	0.001	0.001
0.001	0.001	0.001	0.997
>TTCGGATTCGGA	20-TTCGGATTCGGA	9.392742	-17.274976	0	T:33.0(2.30%),B:254.0(0.75%),P:1e-7	Tpos:81.0,Tstd:51.4,Bpos:80.9,Bstd:52.3,StrandBias:-1.7,Multiplicity:1.52
0.060	0.012	0.001	0.927
0.001	0.059	0.001	0.939
0.060	0.885	0.001	0.054
0.229	0.060	0.616	0.095
0.060	0.001	0.855	0.084
0.759	0.030	0.060	0.151
0.030	0.121	0.054	0.795
0.001	0.050	0.060	0.889
0.002	0.977	0.001	0.020
0.090	0.030	0.755	0.125
0.081	0.032	0.772	0.115
0.841	0.001	0.050	0.108
>AATTCAAGATGG	21-AATTCAAGATGG	13.900731	-16.690790	0	T:12.0(0.84%),B:35.8(0.11%),P:1e-7	Tpos:101.4,Tstd:48.0,Bpos:108.8,Bstd:27.5,StrandBias:3.2,Multiplicity:1.00
0.997	0.001	0.001	0.001
0.997	0.001	0.001	0.001
0.001	0.001	0.001	0.997
0.001	0.001	0.001	0.997
0.001	0.997	0.001	0.001
0.997	0.001	0.001	0.001
0.997	0.001	0.001	0.001
0.001	0.084	0.914	0.001
0.997	0.001	0.001	0.001
0.107	0.001	0.001	0.891
0.001	0.001	0.891	0.107
0.001	0.001	0.997	0.001
>TCATTTTGACGG	22-TCATTTTGACGG	12.355432	-15.873786	0	T:4.0(0.28%),B:1.2(0.00%),P:1e-6	Tpos:96.8,Tstd:54.6,Bpos:39.0,Bstd:0.0,StrandBias:0.0,Multiplicity:1.00
0.100	0.100	0.100	0.700
0.100	0.700	0.100	0.100
0.700	0.100	0.100	0.100
0.100	0.100	0.100	0.700
0.100	0.100	0.100	0.700
0.100	0.100	0.100	0.700
0.100	0.100	0.100	0.700
0.100	0.100	0.700	0.100
0.700	0.100	0.100	0.100
0.100	0.700	0.100	0.100
0.100	0.100	0.700	0.100
0.100	0.100	0.700	0.100
>GAAGAGACCAWG	23-GAAGAGACCAWG	11.431582	-13.300978	0	T:11.0(0.77%),B:40.9(0.12%),P:1e-5	Tpos:81.1,Tstd:44.0,Bpos:114.2,Bstd:43.3,StrandBias:2.0,Multiplicity:1.36
0.187	0.001	0.811	0.001
0.621	0.377	0.001	0.001
0.811	0.187	0.001	0.001
0.001	0.001	0.621	0.377
0.623	0.375	0.001	0.001
0.244	0.001	0.754	0.001
0.997	0.001	0.001	0.001
0.001	0.953	0.045	0.001
0.001	0.953	0.045	0.001
0.943	0.001	0.001	0.055
0.387	0.188	0.001	0.424
0.001	0.001	0.997	0.001
>GTCTATGGTAGA	24-GTCTATGGTAGA	14.376858	-4.909469	0	T:2.0(0.14%),B:3.9(0.01%),P:1e-2	Tpos:84.4,Tstd:54.9,Bpos:127.9,Bstd:24.6,StrandBias:3.0,Multiplicity:4.50
0.001	0.001	0.997	0.001
0.001	0.001	0.001	0.997
0.001	0.997	0.001	0.001
0.001	0.001	0.001	0.997
0.997	0.001	0.001	0.001
0.001	0.001	0.001	0.997
0.001	0.001	0.997	0.001
0.001	0.001	0.997	0.001
0.001	0.001	0.001	0.997
0.890	0.001	0.108	0.001
0.001	0.001	0.997	0.001
0.997	0.001	0.001	0.001
>GTCATAGACACC	25-GTCATAGACACC	16.418559	-3.185499	0	T:1.0(0.07%),B:0.0(0.00%),P:1e-1	Tpos:104.8,Tstd:52.1,Bpos:0.0,Bstd:0.0,StrandBias:10.0,Multiplicity:5.00
0.001	0.001	0.997	0.001
0.001	0.001	0.001	0.997
0.001	0.997	0.001	0.001
0.997	0.001	0.001	0.001
0.001	0.001	0.001	0.997
0.997	0.001	0.001	0.001
0.001	0.001	0.997	0.001
0.997	0.001	0.001	0.001
0.001	0.997	0.001	0.001
0.997	0.001	0.001	0.001
0.001	0.997	0.001	0.001
0.001	0.832	0.001	0.166
