>AAAATGGCGG	1-AAAATGGCGG	8.911335	-99.786891	0	T:250.0(17.41%),B:2244.7(6.60%),P:1e-43	Tpos:109.4,Tstd:34.4,Bpos:110.0,Bstd:43.2,StrandBias:1.8,Multiplicity:1.01
0.988	0.001	0.003	0.008
0.969	0.017	0.007	0.007
0.672	0.072	0.178	0.078
0.988	0.001	0.010	0.001
0.001	0.001	0.001	0.997
0.001	0.001	0.997	0.001
0.001	0.005	0.993	0.001
0.001	0.971	0.001	0.027
0.056	0.029	0.856	0.059
0.091	0.062	0.773	0.074
>TAACCAATCA	2-TAACCAATCA	8.628381	-37.828160	0	T:94.0(6.55%),B:829.9(2.44%),P:1e-16	Tpos:77.7,Tstd:46.2,Bpos:80.6,Bstd:54.7,StrandBias:0.0,Multiplicity:1.18
0.300	0.081	0.089	0.530
0.867	0.011	0.121	0.001
0.808	0.037	0.131	0.024
0.024	0.958	0.017	0.001
0.001	0.945	0.027	0.027
0.981	0.017	0.001	0.001
0.974	0.001	0.024	0.001
0.001	0.001	0.018	0.980
0.012	0.980	0.007	0.001
0.997	0.001	0.001	0.001
>GGGCGCCCTC	3-GGGCGCCCTC	6.966881	-35.327558	0	T:141.0(9.82%),B:1594.9(4.69%),P:1e-15	Tpos:81.9,Tstd:45.9,Bpos:83.2,Bstd:54.4,StrandBias:-0.0,Multiplicity:1.04
0.111	0.092	0.711	0.086
0.099	0.054	0.784	0.063
0.054	0.063	0.759	0.124
0.055	0.873	0.030	0.042
0.055	0.035	0.810	0.100
0.090	0.756	0.101	0.053
0.036	0.823	0.076	0.065
0.065	0.827	0.036	0.072
0.059	0.053	0.077	0.811
0.073	0.848	0.012	0.067
>CGAYHAACTT	4-CGAYHAACTT	6.229208	-34.992228	0	T:130.0(9.05%),B:1422.6(4.18%),P:1e-15	Tpos:108.7,Tstd:57.2,Bpos:97.7,Bstd:59.7,StrandBias:-0.0,Multiplicity:1.02
0.290	0.455	0.139	0.116
0.165	0.212	0.622	0.001
0.436	0.243	0.101	0.220
0.007	0.536	0.049	0.408
0.280	0.273	0.147	0.300
0.703	0.052	0.075	0.170
0.744	0.190	0.061	0.005
0.003	0.562	0.129	0.306
0.157	0.005	0.133	0.705
0.176	0.149	0.180	0.495
>CGAVYCSGAA	5-CGAVYCSGAA	7.441416	-33.790282	0	T:127.0(8.84%),B:1397.3(4.11%),P:1e-14	Tpos:93.5,Tstd:49.1,Bpos:98.5,Bstd:58.6,StrandBias:1.2,Multiplicity:1.15
0.001	0.626	0.001	0.372
0.365	0.001	0.633	0.001
0.523	0.253	0.001	0.223
0.418	0.309	0.272	0.001
0.168	0.379	0.001	0.452
0.001	0.997	0.001	0.001
0.001	0.443	0.416	0.141
0.001	0.001	0.657	0.341
0.805	0.193	0.001	0.001
0.940	0.058	0.001	0.001
>CCTYKGACCC	6-CCTYKGACCC	6.437487	-33.036927	0	T:71.0(4.94%),B:573.3(1.69%),P:1e-14	Tpos:92.0,Tstd:44.0,Bpos:82.2,Bstd:49.4,StrandBias:-0.4,Multiplicity:1.04
0.030	0.627	0.275	0.068
0.020	0.804	0.096	0.080
0.268	0.053	0.058	0.621
0.177	0.338	0.095	0.390
0.178	0.190	0.243	0.389
0.307	0.093	0.493	0.107
0.670	0.243	0.004	0.083
0.129	0.485	0.222	0.165
0.176	0.413	0.210	0.201
0.205	0.445	0.109	0.240
>ACGCGARWTA	7-ACGCGARWTA	10.120025	-28.289137	0	T:19.0(1.32%),B:47.4(0.14%),P:1e-12	Tpos:107.8,Tstd:55.9,Bpos:86.9,Bstd:56.5,StrandBias:-0.2,Multiplicity:1.00
0.550	0.299	0.001	0.150
0.001	0.993	0.001	0.005
0.001	0.001	0.997	0.001
0.001	0.967	0.001	0.031
0.001	0.001	0.989	0.009
0.752	0.246	0.001	0.001
0.415	0.218	0.366	0.001
0.450	0.191	0.001	0.358
0.001	0.001	0.003	0.995
0.995	0.003	0.001	0.001
>GTTTGTTTGT	8-GTTTGTTTGT	9.953956	-24.858027	0	T:65.0(4.53%),B:597.2(1.76%),P:1e-10	Tpos:87.1,Tstd:52.2,Bpos:88.6,Bstd:58.4,StrandBias:0.1,Multiplicity:1.00
0.052	0.001	0.946	0.001
0.001	0.001	0.001	0.997
0.022	0.047	0.036	0.895
0.001	0.159	0.007	0.833
0.072	0.001	0.926	0.001
0.001	0.001	0.132	0.866
0.001	0.001	0.055	0.943
0.020	0.080	0.001	0.899
0.100	0.001	0.823	0.076
0.001	0.022	0.006	0.971
>TCCTCTATGG	9-TCCTCTATGG	9.314597	-23.664072	0	T:28.0(1.95%),B:142.4(0.42%),P:1e-10	Tpos:89.3,Tstd:60.6,Bpos:94.0,Bstd:55.1,StrandBias:0.2,Multiplicity:1.00
0.048	0.039	0.001	0.912
0.053	0.903	0.001	0.043
0.048	0.808	0.001	0.143
0.048	0.092	0.072	0.788
0.072	0.858	0.031	0.039
0.033	0.001	0.039	0.927
0.970	0.001	0.028	0.001
0.001	0.047	0.001	0.951
0.001	0.001	0.997	0.001
0.042	0.001	0.956	0.001
>GTACAGTAGT	10-GTACAGTAGT	6.768893	-21.825719	0	T:165.0(11.49%),B:2367.7(6.96%),P:1e-9	Tpos:102.8,Tstd:54.1,Bpos:100.6,Bstd:56.2,StrandBias:0.4,Multiplicity:1.08
0.053	0.093	0.807	0.047
0.085	0.061	0.029	0.825
0.838	0.035	0.062	0.065
0.092	0.771	0.064	0.073
0.792	0.064	0.076	0.068
0.046	0.059	0.804	0.091
0.061	0.064	0.063	0.812
0.792	0.085	0.068	0.055
0.077	0.076	0.766	0.081
0.062	0.076	0.065	0.797
>GCGGGMAATT	11-GCGGGMAATT	9.287823	-21.757962	0	T:34.0(2.37%),B:222.1(0.65%),P:1e-9	Tpos:111.8,Tstd:52.4,Bpos:98.3,Bstd:60.5,StrandBias:0.0,Multiplicity:1.06
0.076	0.173	0.750	0.001
0.138	0.751	0.001	0.110
0.130	0.001	0.868	0.001
0.001	0.092	0.906	0.001
0.001	0.062	0.936	0.001
0.501	0.484	0.014	0.001
0.875	0.008	0.116	0.001
0.997	0.001	0.001	0.001
0.206	0.001	0.266	0.527
0.001	0.184	0.001	0.814
>ACCGCAAGTG	12-ACCGCAAGTG	9.733573	-21.493718	0	T:20.0(1.39%),B:79.9(0.23%),P:1e-9	Tpos:136.2,Tstd:39.6,Bpos:112.7,Bstd:60.8,StrandBias:0.3,Multiplicity:1.00
0.916	0.001	0.055	0.028
0.055	0.914	0.001	0.030
0.020	0.978	0.001	0.001
0.052	0.042	0.868	0.038
0.096	0.842	0.024	0.038
0.787	0.001	0.106	0.106
0.997	0.001	0.001	0.001
0.001	0.001	0.997	0.001
0.234	0.001	0.001	0.764
0.001	0.001	0.997	0.001
>ATAACAAATG	13-ATAACAAATG	10.953678	-21.433279	0	T:17.0(1.18%),B:55.4(0.16%),P:1e-9	Tpos:89.4,Tstd:46.8,Bpos:94.6,Bstd:62.9,StrandBias:1.3,Multiplicity:1.00
0.997	0.001	0.001	0.001
0.001	0.001	0.001	0.997
0.916	0.082	0.001	0.001
0.997	0.001	0.001	0.001
0.001	0.997	0.001	0.001
0.997	0.001	0.001	0.001
0.997	0.001	0.001	0.001
0.997	0.001	0.001	0.001
0.001	0.317	0.001	0.681
0.001	0.001	0.997	0.001
>TCCTAAATCG	14-TCCTAAATCG	11.310600	-20.960970	0	T:9.0(0.63%),B:10.5(0.03%),P:1e-9	Tpos:69.7,Tstd:47.4,Bpos:112.3,Bstd:69.6,StrandBias:-1.8,Multiplicity:1.00
0.001	0.001	0.001	0.997
0.001	0.997	0.001	0.001
0.001	0.997	0.001	0.001
0.001	0.001	0.001	0.997
0.905	0.001	0.093	0.001
0.997	0.001	0.001	0.001
0.997	0.001	0.001	0.001
0.001	0.140	0.001	0.858
0.001	0.997	0.001	0.001
0.001	0.001	0.997	0.001
>GTGGAGCTCA	15-GTGGAGCTCA	10.075816	-20.649011	0	T:18.0(1.25%),B:66.3(0.20%),P:1e-8	Tpos:96.3,Tstd:61.9,Bpos:105.2,Bstd:60.4,StrandBias:0.3,Multiplicity:1.00
0.001	0.001	0.997	0.001
0.001	0.142	0.001	0.856
0.001	0.154	0.844	0.001
0.143	0.001	0.796	0.060
0.894	0.104	0.001	0.001
0.001	0.001	0.997	0.001
0.001	0.997	0.001	0.001
0.085	0.001	0.060	0.854
0.001	0.627	0.371	0.001
0.714	0.001	0.284	0.001
>TTCTTGTATA	16-TTCTTGTATA	9.784171	-20.422799	0	T:38.0(2.65%),B:284.4(0.84%),P:1e-8	Tpos:117.4,Tstd:54.0,Bpos:95.5,Bstd:59.4,StrandBias:0.3,Multiplicity:1.05
0.001	0.047	0.001	0.951
0.001	0.056	0.001	0.942
0.001	0.934	0.052	0.013
0.001	0.060	0.052	0.887
0.062	0.001	0.001	0.936
0.001	0.001	0.977	0.021
0.144	0.001	0.044	0.811
0.735	0.110	0.095	0.060
0.052	0.001	0.001	0.946
0.895	0.001	0.025	0.079
>HDCACATGTR	17-HDCACATGTR	5.762927	-20.284933	0	T:192.0(13.37%),B:2936.2(8.64%),P:1e-8	Tpos:87.2,Tstd:53.8,Bpos:91.7,Bstd:54.8,StrandBias:0.3,Multiplicity:1.10
0.295	0.351	0.041	0.312
0.317	0.137	0.330	0.216
0.119	0.470	0.121	0.290
0.538	0.036	0.369	0.057
0.226	0.525	0.248	0.001
0.775	0.078	0.039	0.108
0.001	0.366	0.001	0.632
0.321	0.055	0.525	0.099
0.001	0.353	0.114	0.532
0.367	0.121	0.429	0.083
>GGGAAGGCGG	18-GGGAAGGCGG	10.928018	-19.094925	0	T:10.0(0.70%),B:17.4(0.05%),P:1e-8	Tpos:73.8,Tstd:51.2,Bpos:107.5,Bstd:78.7,StrandBias:1.2,Multiplicity:1.00
0.001	0.199	0.799	0.001
0.001	0.001	0.997	0.001
0.001	0.001	0.997	0.001
0.997	0.001	0.001	0.001
0.799	0.199	0.001	0.001
0.001	0.001	0.997	0.001
0.085	0.001	0.681	0.233
0.001	0.997	0.001	0.001
0.001	0.001	0.997	0.001
0.001	0.001	0.997	0.001
>CGGGCACAGT	19-CGGGCACAGT	11.971572	-18.697427	0	T:8.0(0.56%),B:9.8(0.03%),P:1e-8	Tpos:77.8,Tstd:53.9,Bpos:103.9,Bstd:44.8,StrandBias:0.7,Multiplicity:1.00
0.001	0.997	0.001	0.001
0.001	0.001	0.997	0.001
0.001	0.001	0.997	0.001
0.001	0.001	0.997	0.001
0.001	0.997	0.001	0.001
0.997	0.001	0.001	0.001
0.001	0.647	0.197	0.155
0.997	0.001	0.001	0.001
0.001	0.001	0.997	0.001
0.001	0.001	0.001	0.997
>AGCACAGTAA	20-AGCACAGTAA	7.344317	-18.384140	0	T:90.0(6.27%),B:1118.5(3.29%),P:1e-7	Tpos:97.3,Tstd:54.0,Bpos:97.5,Bstd:56.3,StrandBias:-0.1,Multiplicity:1.02
0.830	0.067	0.069	0.034
0.105	0.041	0.806	0.048
0.056	0.865	0.052	0.027
0.812	0.063	0.049	0.076
0.091	0.756	0.070	0.083
0.847	0.041	0.049	0.063
0.044	0.084	0.781	0.091
0.033	0.046	0.095	0.826
0.726	0.096	0.084	0.094
0.754	0.048	0.111	0.087
>TTTCCGGTAG	21-TTTCCGGTAG	10.296193	-13.825361	0	T:5.0(0.35%),B:4.9(0.01%),P:1e-6	Tpos:48.0,Tstd:37.1,Bpos:83.4,Bstd:46.3,StrandBias:2.0,Multiplicity:1.00
0.100	0.100	0.100	0.700
0.100	0.100	0.100	0.700
0.100	0.100	0.100	0.700
0.100	0.700	0.100	0.100
0.100	0.700	0.100	0.100
0.100	0.100	0.700	0.100
0.100	0.100	0.700	0.100
0.100	0.100	0.100	0.700
0.700	0.100	0.100	0.100
0.100	0.100	0.700	0.100
>GCAGCTSTTC	22-GCAGCTSTTC	13.098347	-13.212763	0	T:7.0(0.49%),B:14.0(0.04%),P:1e-5	Tpos:110.3,Tstd:50.5,Bpos:99.4,Bstd:61.9,StrandBias:0.4,Multiplicity:1.00
0.157	0.001	0.841	0.001
0.001	0.997	0.001	0.001
0.997	0.001	0.001	0.001
0.001	0.001	0.997	0.001
0.001	0.997	0.001	0.001
0.001	0.001	0.001	0.997
0.001	0.431	0.567	0.001
0.001	0.001	0.001	0.997
0.001	0.001	0.001	0.997
0.001	0.997	0.001	0.001
>CCATAGACGG	23-CCATAGACGG	10.296193	-9.270907	0	T:3.0(0.21%),B:2.9(0.01%),P:1e-4	Tpos:121.4,Tstd:45.3,Bpos:107.7,Bstd:31.6,StrandBias:-10.0,Multiplicity:2.67
0.100	0.700	0.100	0.100
0.100	0.700	0.100	0.100
0.700	0.100	0.100	0.100
0.100	0.100	0.100	0.700
0.700	0.100	0.100	0.100
0.100	0.100	0.700	0.100
0.700	0.100	0.100	0.100
0.100	0.700	0.100	0.100
0.100	0.100	0.700	0.100
0.100	0.100	0.700	0.100
>CCCATGCCCC	24-CCCATGCCCC	11.818496	-9.270907	0	T:3.0(0.21%),B:2.8(0.01%),P:1e-4	Tpos:79.0,Tstd:57.7,Bpos:93.9,Bstd:45.4,StrandBias:-10.0,Multiplicity:2.33
0.001	0.997	0.001	0.001
0.001	0.997	0.001	0.001
0.001	0.997	0.001	0.001
0.997	0.001	0.001	0.001
0.001	0.133	0.001	0.865
0.001	0.001	0.997	0.001
0.001	0.997	0.001	0.001
0.001	0.997	0.001	0.001
0.001	0.997	0.001	0.001
0.001	0.997	0.001	0.001
>AGAGTCATAG	25-AGAGTCATAG	10.296193	-1.861405	0	T:1.0(0.07%),B:4.2(0.01%),P:1e0	Tpos:110.5,Tstd:52.3,Bpos:44.0,Bstd:34.3,StrandBias:10.0,Multiplicity:6.00
0.700	0.100	0.100	0.100
0.100	0.100	0.700	0.100
0.700	0.100	0.100	0.100
0.100	0.100	0.700	0.100
0.100	0.100	0.100	0.700
0.100	0.700	0.100	0.100
0.700	0.100	0.100	0.100
0.100	0.100	0.100	0.700
0.700	0.100	0.100	0.100
0.100	0.100	0.700	0.100
>AAAATGGCGGCG	1-AAAATGGCGGCG	8.966691	-102.274109	0	T:224.0(15.60%),B:1839.0(5.41%),P:1e-44	Tpos:109.8,Tstd:34.1,Bpos:110.6,Bstd:43.6,StrandBias:2.0,Multiplicity:1.01
0.919	0.018	0.027	0.036
0.911	0.042	0.010	0.037
0.674	0.111	0.108	0.107
0.960	0.001	0.021	0.018
0.017	0.001	0.001	0.981
0.036	0.001	0.945	0.018
0.036	0.036	0.888	0.040
0.036	0.866	0.018	0.080
0.084	0.073	0.775	0.068
0.047	0.097	0.792	0.064
0.120	0.737	0.063	0.080
0.154	0.116	0.559	0.171
>AACCAATCAGAW	2-AACCAATCAGAW	9.880951	-47.046953	0	T:77.0(5.36%),B:505.4(1.49%),P:1e-20	Tpos:75.4,Tstd:42.5,Bpos:77.3,Bstd:52.7,StrandBias:-0.0,Multiplicity:1.10
0.637	0.044	0.318	0.001
0.665	0.088	0.245	0.002
0.001	0.911	0.001	0.087
0.001	0.838	0.073	0.088
0.997	0.001	0.001	0.001
0.955	0.043	0.001	0.001
0.001	0.001	0.001	0.997
0.057	0.898	0.044	0.001
0.955	0.043	0.001	0.001
0.258	0.120	0.577	0.045
0.573	0.117	0.266	0.044
0.366	0.085	0.178	0.372
>AGCGCCCTCAHH	3-AGCGCCCTCAHH	7.205538	-42.357611	0	T:235.0(16.36%),B:3051.0(8.97%),P:1e-18	Tpos:83.4,Tstd:45.1,Bpos:87.1,Bstd:52.4,StrandBias:0.1,Multiplicity:1.07
0.417	0.123	0.238	0.222
0.187	0.123	0.455	0.234
0.001	0.997	0.001	0.001
0.001	0.001	0.893	0.105
0.035	0.929	0.001	0.035
0.070	0.894	0.001	0.035
0.290	0.708	0.001	0.001
0.001	0.264	0.001	0.734
0.001	0.997	0.001	0.001
0.522	0.001	0.150	0.327
0.349	0.222	0.139	0.291
0.318	0.256	0.138	0.288
>GMATGATGGGTA	4-GMATGATGGGTA	8.243416	-33.960482	0	T:95.0(6.62%),B:899.0(2.64%),P:1e-14	Tpos:90.6,Tstd:44.0,Bpos:97.1,Bstd:51.1,StrandBias:0.2,Multiplicity:1.01
0.105	0.001	0.771	0.123
0.390	0.408	0.001	0.201
0.605	0.158	0.105	0.132
0.067	0.153	0.001	0.779
0.105	0.151	0.648	0.096
0.595	0.080	0.272	0.053
0.001	0.078	0.001	0.920
0.158	0.001	0.789	0.052
0.001	0.001	0.796	0.202
0.001	0.158	0.815	0.026
0.386	0.001	0.001	0.612
0.952	0.046	0.001	0.001
>GGTCAAAGGTCA	5-GGTCAAAGGTCA	9.336468	-31.097259	0	T:103.0(7.17%),B:1067.9(3.14%),P:1e-13	Tpos:93.3,Tstd:48.7,Bpos:85.6,Bstd:48.0,StrandBias:0.1,Multiplicity:1.08
0.083	0.107	0.702	0.108
0.043	0.001	0.858	0.098
0.064	0.012	0.029	0.895
0.079	0.767	0.021	0.133
0.967	0.001	0.001	0.031
0.738	0.077	0.158	0.027
0.945	0.001	0.001	0.053
0.186	0.025	0.770	0.019
0.001	0.001	0.841	0.157
0.064	0.058	0.073	0.805
0.015	0.830	0.012	0.143
0.920	0.001	0.047	0.032
>TTCAYGATGCAT	6-TTCAYGATGCAT	9.480499	-28.134513	0	T:15.0(1.04%),B:25.9(0.08%),P:1e-12	Tpos:97.7,Tstd:57.0,Bpos:89.1,Bstd:46.0,StrandBias:0.8,Multiplicity:1.00
0.051	0.159	0.053	0.737
0.118	0.106	0.185	0.591
0.052	0.817	0.056	0.075
0.550	0.037	0.348	0.065
0.066	0.517	0.036	0.381
0.350	0.031	0.573	0.046
0.526	0.100	0.016	0.358
0.046	0.368	0.016	0.570
0.289	0.048	0.480	0.184
0.051	0.886	0.032	0.031
0.624	0.021	0.320	0.035
0.162	0.134	0.266	0.438
>GGTGTTTTTACC	7-GGTGTTTTTACC	13.702315	-27.588045	0	T:10.0(0.70%),B:7.3(0.02%),P:1e-11	Tpos:84.0,Tstd:53.3,Bpos:99.4,Bstd:69.2,StrandBias:0.0,Multiplicity:1.00
0.001	0.001	0.874	0.124
0.001	0.001	0.874	0.124
0.125	0.001	0.125	0.749
0.001	0.001	0.874	0.124
0.001	0.001	0.124	0.874
0.001	0.001	0.001	0.997
0.001	0.001	0.001	0.997
0.001	0.001	0.001	0.997
0.001	0.001	0.001	0.997
0.997	0.001	0.001	0.001
0.001	0.874	0.001	0.124
0.001	0.997	0.001	0.001
>TTGGATTTTCAA	8-TTGGATTTTCAA	13.108495	-25.576132	0	T:13.0(0.91%),B:20.9(0.06%),P:1e-11	Tpos:123.5,Tstd:40.2,Bpos:112.7,Bstd:64.8,StrandBias:-0.7,Multiplicity:1.00
0.093	0.001	0.001	0.905
0.001	0.093	0.001	0.905
0.093	0.001	0.905	0.001
0.074	0.048	0.877	0.001
0.997	0.001	0.001	0.001
0.054	0.001	0.093	0.852
0.001	0.001	0.001	0.997
0.001	0.001	0.001	0.997
0.001	0.001	0.001	0.997
0.093	0.813	0.001	0.093
0.905	0.001	0.093	0.001
0.925	0.073	0.001	0.001
>TCWYTGHAATTY	9-TCWYTGHAATTY	9.254086	-25.145043	0	T:76.0(5.29%),B:755.8(2.22%),P:1e-10	Tpos:105.7,Tstd:48.1,Bpos:96.8,Bstd:59.7,StrandBias:-0.3,Multiplicity:1.00
0.001	0.146	0.058	0.795
0.254	0.633	0.112	0.001
0.483	0.001	0.001	0.515
0.179	0.394	0.170	0.258
0.001	0.001	0.001	0.997
0.032	0.001	0.966	0.001
0.347	0.256	0.001	0.396
0.875	0.123	0.001	0.001
0.636	0.282	0.001	0.081
0.001	0.001	0.001	0.997
0.184	0.001	0.001	0.814
0.189	0.363	0.001	0.447
>AGTAATGCACCA	10-AGTAATGCACCA	13.652998	-23.250854	0	T:8.0(0.56%),B:5.1(0.01%),P:1e-10	Tpos:86.1,Tstd:48.5,Bpos:74.5,Bstd:58.9,StrandBias:1.6,Multiplicity:1.00
0.997	0.001	0.001	0.001
0.125	0.125	0.625	0.125
0.001	0.001	0.001	0.997
0.997	0.001	0.001	0.001
0.997	0.001	0.001	0.001
0.001	0.001	0.001	0.997
0.124	0.001	0.874	0.001
0.001	0.997	0.001	0.001
0.874	0.001	0.001	0.124
0.001	0.997	0.001	0.001
0.124	0.874	0.001	0.001
0.874	0.001	0.124	0.001
>ACATTAGTATGT	11-ACATTAGTATGT	13.896026	-23.111046	0	T:7.0(0.49%),B:3.6(0.01%),P:1e-10	Tpos:87.9,Tstd:51.1,Bpos:85.7,Bstd:30.4,StrandBias:-0.7,Multiplicity:1.14
0.852	0.001	0.001	0.146
0.001	0.997	0.001	0.001
0.997	0.001	0.001	0.001
0.001	0.001	0.001	0.997
0.147	0.001	0.147	0.705
0.883	0.001	0.001	0.115
0.001	0.001	0.852	0.146
0.001	0.001	0.001	0.997
0.997	0.001	0.001	0.001
0.001	0.146	0.001	0.852
0.001	0.001	0.997	0.001
0.001	0.001	0.001	0.997
>ATGGTAAGTAGC	12-ATGGTAAGTAGC	13.478392	-21.489695	0	T:6.0(0.42%),B:2.4(0.01%),P:1e-9	Tpos:96.5,Tstd:53.6,Bpos:128.7,Bstd:21.5,StrandBias:1.0,Multiplicity:1.00
0.997	0.001	0.001	0.001
0.001	0.001	0.001	0.997
0.001	0.001	0.997	0.001
0.001	0.001	0.997	0.001
0.001	0.001	0.001	0.997
0.997	0.001	0.001	0.001
0.997	0.001	0.001	0.001
0.001	0.001	0.997	0.001
0.001	0.001	0.001	0.997
0.761	0.001	0.237	0.001
0.001	0.001	0.997	0.001
0.185	0.813	0.001	0.001
>CACCTCCGACCT	13-CACCTCCGACCT	14.083041	-21.133976	0	T:7.0(0.49%),B:4.5(0.01%),P:1e-9	Tpos:101.6,Tstd:44.7,Bpos:99.0,Bstd:79.9,StrandBias:0.0,Multiplicity:1.14
0.166	0.832	0.001	0.001
0.997	0.001	0.001	0.001
0.001	0.997	0.001	0.001
0.001	0.997	0.001	0.001
0.001	0.001	0.001	0.997
0.001	0.832	0.001	0.166
0.001	0.997	0.001	0.001
0.001	0.166	0.832	0.001
0.832	0.001	0.001	0.166
0.001	0.832	0.166	0.001
0.001	0.997	0.001	0.001
0.001	0.001	0.001	0.997
>CTGAGCCTATGC	14-CTGAGCCTATGC	14.640156	-20.651868	0	T:5.0(0.35%),B:0.0(0.00%),P:1e-8	Tpos:149.8,Tstd:18.6,Bpos:0.0,Bstd:0.0,StrandBias:0.6,Multiplicity:1.00
0.001	0.997	0.001	0.001
0.001	0.001	0.001	0.997
0.001	0.001	0.997	0.001
0.749	0.249	0.001	0.001
0.001	0.001	0.997	0.001
0.001	0.997	0.001	0.001
0.001	0.997	0.001	0.001
0.001	0.001	0.001	0.997
0.749	0.249	0.001	0.001
0.001	0.001	0.001	0.997
0.001	0.001	0.997	0.001
0.001	0.749	0.249	0.001
>TTTGTTTGTTCG	15-TTTGTTTGTTCG	9.198401	-19.736636	0	T:71.0(4.94%),B:774.3(2.28%),P:1e-8	Tpos:86.8,Tstd:49.3,Bpos:86.3,Bstd:56.5,StrandBias:-0.4,Multiplicity:1.04
0.025	0.075	0.075	0.825
0.063	0.049	0.092	0.796
0.001	0.060	0.001	0.938
0.050	0.055	0.829	0.066
0.044	0.001	0.091	0.864
0.001	0.074	0.034	0.891
0.025	0.135	0.025	0.815
0.051	0.061	0.758	0.130
0.081	0.044	0.025	0.850
0.050	0.039	0.025	0.886
0.049	0.716	0.086	0.149
0.113	0.091	0.702	0.094
>ACGAACAGTCGT	16-ACGAACAGTCGT	13.888152	-19.608654	0	T:7.0(0.49%),B:5.1(0.02%),P:1e-8	Tpos:124.1,Tstd:33.4,Bpos:117.8,Bstd:56.7,StrandBias:-0.3,Multiplicity:1.29
0.856	0.001	0.142	0.001
0.001	0.997	0.001	0.001
0.142	0.001	0.856	0.001
0.856	0.001	0.001	0.142
0.997	0.001	0.001	0.001
0.142	0.856	0.001	0.001
0.997	0.001	0.001	0.001
0.001	0.001	0.997	0.001
0.142	0.001	0.001	0.856
0.001	0.997	0.001	0.001
0.001	0.001	0.856	0.142
0.001	0.001	0.001	0.997
>CCTCGAGCTACC	17-CCTCGAGCTACC	11.573441	-18.740532	0	T:11.0(0.77%),B:23.1(0.07%),P:1e-8	Tpos:78.6,Tstd:47.2,Bpos:85.0,Bstd:52.7,StrandBias:0.5,Multiplicity:1.09
0.001	0.997	0.001	0.001
0.007	0.991	0.001	0.001
0.001	0.001	0.001	0.997
0.001	0.997	0.001	0.001
0.141	0.289	0.569	0.001
0.997	0.001	0.001	0.001
0.141	0.141	0.577	0.141
0.001	0.858	0.001	0.140
0.001	0.001	0.110	0.888
0.717	0.141	0.141	0.001
0.001	0.997	0.001	0.001
0.148	0.445	0.111	0.295
>GGGGCRTGDGTG	18-GGGGCRTGDGTG	9.522967	-17.402757	0	T:6.0(0.42%),B:4.3(0.01%),P:1e-7	Tpos:78.1,Tstd:52.5,Bpos:70.1,Bstd:31.9,StrandBias:2.0,Multiplicity:1.67
0.170	0.001	0.642	0.187
0.001	0.001	0.631	0.367
0.236	0.001	0.762	0.001
0.001	0.221	0.567	0.211
0.248	0.497	0.221	0.034
0.446	0.017	0.536	0.001
0.001	0.051	0.200	0.748
0.001	0.001	0.768	0.230
0.336	0.102	0.303	0.259
0.001	0.221	0.611	0.167
0.101	0.001	0.239	0.659
0.258	0.069	0.656	0.017
>CTTAGAGGGTCT	19-CTTAGAGGGTCT	13.724966	-17.326651	0	T:7.0(0.49%),B:7.4(0.02%),P:1e-7	Tpos:91.8,Tstd:46.2,Bpos:56.5,Bstd:32.3,StrandBias:1.8,Multiplicity:1.29
0.001	0.912	0.086	0.001
0.001	0.288	0.001	0.710
0.001	0.001	0.001	0.997
0.869	0.001	0.129	0.001
0.232	0.001	0.766	0.001
0.997	0.001	0.001	0.001
0.001	0.001	0.997	0.001
0.001	0.001	0.997	0.001
0.001	0.001	0.997	0.001
0.001	0.001	0.001	0.997
0.129	0.869	0.001	0.001
0.001	0.001	0.001	0.997
>TTCGGATTCGGA	20-TTCGGATTCGGA	9.392742	-17.274976	0	T:33.0(2.30%),B:254.0(0.75%),P:1e-7	Tpos:81.0,Tstd:51.4,Bpos:80.9,Bstd:52.3,StrandBias:-1.7,Multiplicity:1.52
0.060	0.012	0.001	0.927
0.001	0.059	0.001	0.939
0.060	0.885	0.001	0.054
0.229	0.060	0.616	0.095
0.060	0.001	0.855	0.084
0.759	0.030	0.060	0.151
0.030	0.121	0.054	0.795
0.001	0.050	0.060	0.889
0.002	0.977	0.001	0.020
0.090	0.030	0.755	0.125
0.081	0.032	0.772	0.115
0.841	0.001	0.050	0.108
>AATTCAAGATGG	21-AATTCAAGATGG	13.900731	-16.690790	0	T:12.0(0.84%),B:35.8(0.11%),P:1e-7	Tpos:101.4,Tstd:48.0,Bpos:108.8,Bstd:27.5,StrandBias:3.2,Multiplicity:1.00
0.997	0.001	0.001	0.001
0.997	0.001	0.001	0.001
0.001	0.001	0.001	0.997
0.001	0.001	0.001	0.997
0.001	0.997	0.001	0.001
0.997	0.001	0.001	0.001
0.997	0.001	0.001	0.001
0.001	0.084	0.914	0.001
0.997	0.001	0.001	0.001
0.107	0.001	0.001	0.891
0.001	0.001	0.891	0.107
0.001	0.001	0.997	0.001
>TCATTTTGACGG	22-TCATTTTGACGG	12.355432	-15.873786	0	T:4.0(0.28%),B:1.2(0.00%),P:1e-6	Tpos:96.8,Tstd:54.6,Bpos:39.0,Bstd:0.0,StrandBias:0.0,Multiplicity:1.00
0.100	0.100	0.100	0.700
0.100	0.700	0.100	0.100
0.700	0.100	0.100	0.100
0.100	0.100	0.100	0.700
0.100	0.100	0.100	0.700
0.100	0.100	0.100	0.700
0.100	0.100	0.100	0.700
0.100	0.100	0.700	0.100
0.700	0.100	0.100	0.100
0.100	0.700	0.100	0.100
0.100	0.100	0.700	0.100
0.100	0.100	0.700	0.100
>GAAGAGACCAWG	23-GAAGAGACCAWG	11.431582	-13.300978	0	T:11.0(0.77%),B:40.9(0.12%),P:1e-5	Tpos:81.1,Tstd:44.0,Bpos:114.2,Bstd:43.3,StrandBias:2.0,Multiplicity:1.36
0.187	0.001	0.811	0.001
0.621	0.377	0.001	0.001
0.811	0.187	0.001	0.001
0.001	0.001	0.621	0.377
0.623	0.375	0.001	0.001
0.244	0.001	0.754	0.001
0.997	0.001	0.001	0.001
0.001	0.953	0.045	0.001
0.001	0.953	0.045	0.001
0.943	0.001	0.001	0.055
0.387	0.188	0.001	0.424
0.001	0.001	0.997	0.001
>GTCTATGGTAGA	24-GTCTATGGTAGA	14.376858	-4.909469	0	T:2.0(0.14%),B:3.9(0.01%),P:1e-2	Tpos:84.4,Tstd:54.9,Bpos:127.9,Bstd:24.6,StrandBias:3.0,Multiplicity:4.50
0.001	0.001	0.997	0.001
0.001	0.001	0.001	0.997
0.001	0.997	0.001	0.001
0.001	0.001	0.001	0.997
0.997	0.001	0.001	0.001
0.001	0.001	0.001	0.997
0.001	0.001	0.997	0.001
0.001	0.001	0.997	0.001
0.001	0.001	0.001	0.997
0.890	0.001	0.108	0.001
0.001	0.001	0.997	0.001
0.997	0.001	0.001	0.001
>GTCATAGACACC	25-GTCATAGACACC	16.418559	-3.185499	0	T:1.0(0.07%),B:0.0(0.00%),P:1e-1	Tpos:104.8,Tstd:52.1,Bpos:0.0,Bstd:0.0,StrandBias:10.0,Multiplicity:5.00
0.001	0.001	0.997	0.001
0.001	0.001	0.001	0.997
0.001	0.997	0.001	0.001
0.997	0.001	0.001	0.001
0.001	0.001	0.001	0.997
0.997	0.001	0.001	0.001
0.001	0.001	0.997	0.001
0.997	0.001	0.001	0.001
0.001	0.997	0.001	0.001
0.997	0.001	0.001	0.001
0.001	0.997	0.001	0.001
0.001	0.832	0.001	0.166
>AAAATGGC	1-AAAATGGC	4.161567	-76.587461	0	T:342.0(23.82%),B:4149.5(12.20%),P:1e-33	Tpos:110.6,Tstd:39.6,Bpos:108.7,Bstd:46.1,StrandBias:1.6,Multiplicity:1.06
0.997	0.001	0.001	0.001
0.997	0.001	0.001	0.001
0.634	0.001	0.232	0.133
0.997	0.001	0.001	0.001
0.001	0.001	0.001	0.997
0.001	0.001	0.997	0.001
0.001	0.001	0.997	0.001
0.001	0.997	0.001	0.001
>GAGGGCGC	2-GAGGGCGC	7.370469	-35.777877	0	T:130.0(9.05%),B:1407.1(4.14%),P:1e-15	Tpos:80.9,Tstd:43.5,Bpos:83.4,Bstd:55.9,StrandBias:-0.5,Multiplicity:1.05
0.001	0.049	0.912	0.038
0.962	0.001	0.001	0.036
0.001	0.001	0.997	0.001
0.001	0.001	0.930	0.068
0.001	0.001	0.997	0.001
0.049	0.949	0.001	0.001
0.001	0.001	0.997	0.001
0.154	0.844	0.001	0.001
>TGATTGGT	3-TGATTGGT	7.614146	-31.512168	0	T:154.0(10.72%),B:1897.8(5.58%),P:1e-13	Tpos:83.9,Tstd:51.5,Bpos:87.8,Bstd:57.1,StrandBias:-0.1,Multiplicity:1.13
0.001	0.001	0.001	0.997
0.001	0.001	0.997	0.001
0.944	0.054	0.001	0.001
0.001	0.001	0.001	0.997
0.001	0.001	0.001	0.997
0.063	0.001	0.935	0.001
0.001	0.001	0.917	0.081
0.001	0.247	0.076	0.676
>CCTTTGAC	4-CCTTTGAC	7.359974	-23.352685	0	T:128.0(8.91%),B:1650.6(4.85%),P:1e-10	Tpos:96.8,Tstd:50.8,Bpos:92.8,Bstd:54.6,StrandBias:-0.3,Multiplicity:1.06
0.001	0.997	0.001	0.001
0.001	0.866	0.001	0.132
0.001	0.001	0.001	0.997
0.104	0.185	0.001	0.710
0.001	0.001	0.001	0.997
0.001	0.001	0.997	0.001
0.997	0.001	0.001	0.001
0.001	0.997	0.001	0.001
>CGCGAAAT	5-CGCGAAAT	7.297523	-22.307680	0	T:152.0(10.58%),B:2111.7(6.21%),P:1e-9	Tpos:104.4,Tstd:53.0,Bpos:99.1,Bstd:62.4,StrandBias:0.1,Multiplicity:1.07
0.098	0.900	0.001	0.001
0.001	0.071	0.874	0.054
0.001	0.845	0.153	0.001
0.107	0.049	0.766	0.078
0.907	0.091	0.001	0.001
0.902	0.001	0.096	0.001
0.924	0.057	0.001	0.018
0.031	0.019	0.001	0.949
>GTACAGTA	6-GTACAGTA	2.999941	-16.230359	0	T:208.0(14.48%),B:3425.0(10.07%),P:1e-7	Tpos:102.0,Tstd:56.2,Bpos:101.3,Bstd:57.7,StrandBias:0.1,Multiplicity:1.15
0.001	0.001	0.997	0.001
0.001	0.001	0.001	0.997
0.997	0.001	0.001	0.001
0.001	0.724	0.274	0.001
0.622	0.001	0.376	0.001
0.001	0.001	0.997	0.001
0.001	0.001	0.341	0.657
0.759	0.239	0.001	0.001
>CATGTGTG	7-CATGTGTG	6.397830	-15.007536	0	T:286.0(19.92%),B:5099.1(15.00%),P:1e-6	Tpos:97.4,Tstd:52.6,Bpos:97.6,Bstd:56.3,StrandBias:-0.4,Multiplicity:1.14
0.001	0.923	0.032	0.044
0.813	0.056	0.097	0.034
0.001	0.108	0.001	0.890
0.020	0.025	0.837	0.118
0.001	0.001	0.049	0.949
0.080	0.046	0.844	0.030
0.030	0.016	0.001	0.953
0.001	0.001	0.818	0.180
>AAGTACTA	8-AAGTACTA	8.095608	-14.218319	0	T:65.0(4.53%),B:795.0(2.34%),P:1e-6	Tpos:83.2,Tstd:57.8,Bpos:98.8,Bstd:57.7,StrandBias:0.0,Multiplicity:1.03
0.919	0.001	0.079	0.001
0.875	0.123	0.001	0.001
0.001	0.001	0.997	0.001
0.001	0.001	0.001	0.997
0.997	0.001	0.001	0.001
0.001	0.735	0.109	0.155
0.001	0.001	0.001	0.997
0.997	0.001	0.001	0.001
>GTCGTGCG	9-GTCGTGCG	9.513425	-13.885656	0	T:25.0(1.74%),B:188.1(0.55%),P:1e-6	Tpos:120.9,Tstd:42.9,Bpos:101.5,Bstd:66.8,StrandBias:1.0,Multiplicity:1.00
0.001	0.001	0.997	0.001
0.001	0.001	0.001	0.997
0.001	0.997	0.001	0.001
0.001	0.001	0.997	0.001
0.211	0.001	0.001	0.787
0.001	0.001	0.997	0.001
0.001	0.997	0.001	0.001
0.001	0.001	0.997	0.001
>TTCGAAAC	10-TTCGAAAC	6.791542	-12.052653	0	T:191.0(13.30%),B:3292.2(9.68%),P:1e-5	Tpos:101.6,Tstd:54.0,Bpos:99.5,Bstd:61.4,StrandBias:0.2,Multiplicity:1.11
0.200	0.001	0.031	0.768
0.050	0.071	0.027	0.852
0.001	0.948	0.001	0.050
0.095	0.031	0.873	0.001
0.913	0.001	0.063	0.023
0.890	0.001	0.082	0.027
0.935	0.001	0.028	0.036
0.096	0.818	0.001	0.085
>TAGTGGGG	11-TAGTGGGG	8.236954	-7.438967	0	T:8.0(0.56%),B:43.8(0.13%),P:1e-3	Tpos:71.1,Tstd:49.3,Bpos:86.9,Bstd:55.7,StrandBias:1.4,Multiplicity:1.38
0.100	0.100	0.100	0.700
0.700	0.100	0.100	0.100
0.100	0.100	0.700	0.100
0.100	0.100	0.100	0.700
0.100	0.100	0.700	0.100
0.100	0.100	0.700	0.100
0.100	0.100	0.700	0.100
0.100	0.100	0.700	0.100
