>AAAATTTTKH	1-AAAATTTTKH	6.309529	-70.382493	0	T:591.0(38.60%),B:17825.6(25.12%),P:1e-30	Tpos:101.7,Tstd:55.6,Bpos:100.7,Bstd:132.1,StrandBias:-0.0,Multiplicity:1.36
0.610	0.356	0.033	0.001
0.868	0.050	0.001	0.081
0.837	0.046	0.001	0.116
0.838	0.001	0.049	0.112
0.266	0.102	0.060	0.572
0.038	0.051	0.052	0.859
0.120	0.029	0.092	0.759
0.003	0.001	0.011	0.985
0.125	0.133	0.427	0.315
0.326	0.302	0.156	0.215
>GTCCAAAAAT	2-GTCCAAAAAT	4.796256	-68.674401	0	T:737.0(48.14%),B:24069.8(33.93%),P:1e-29	Tpos:99.2,Tstd:54.4,Bpos:100.4,Bstd:108.2,StrandBias:0.0,Multiplicity:1.30
0.112	0.114	0.655	0.119
0.105	0.113	0.107	0.675
0.108	0.682	0.105	0.105
0.117	0.674	0.108	0.101
0.708	0.099	0.102	0.091
0.720	0.076	0.101	0.103
0.740	0.082	0.093	0.085
0.734	0.079	0.082	0.105
0.706	0.102	0.096	0.096
0.096	0.100	0.096	0.708
>TTTTAAGTTT	3-TTTTAAGTTT	7.302317	-68.027967	0	T:425.0(27.76%),B:11482.3(16.18%),P:1e-29	Tpos:98.5,Tstd:56.4,Bpos:99.3,Bstd:121.1,StrandBias:0.2,Multiplicity:1.25
0.063	0.069	0.014	0.854
0.060	0.020	0.010	0.910
0.067	0.001	0.097	0.835
0.079	0.041	0.207	0.673
0.775	0.095	0.088	0.042
0.744	0.044	0.084	0.128
0.226	0.128	0.500	0.146
0.120	0.042	0.035	0.803
0.001	0.009	0.015	0.975
0.016	0.001	0.054	0.929
>TATATATATA	4-TATATATATA	10.296193	-42.669417	0	T:24.0(1.57%),B:83.8(0.12%),P:1e-18	Tpos:87.5,Tstd:51.7,Bpos:99.5,Bstd:138.1,StrandBias:0.0,Multiplicity:1.38
0.100	0.100	0.100	0.700
0.700	0.100	0.100	0.100
0.100	0.100	0.100	0.700
0.700	0.100	0.100	0.100
0.100	0.100	0.100	0.700
0.700	0.100	0.100	0.100
0.100	0.100	0.100	0.700
0.700	0.100	0.100	0.100
0.100	0.100	0.100	0.700
0.700	0.100	0.100	0.100
>MARTTTTMCC	5-MARTTTTMCC	5.304722	-42.461144	0	T:492.0(32.14%),B:15788.5(22.25%),P:1e-18	Tpos:99.3,Tstd:55.5,Bpos:99.5,Bstd:96.9,StrandBias:-0.0,Multiplicity:1.18
0.462	0.313	0.187	0.038
0.661	0.118	0.091	0.130
0.344	0.169	0.294	0.193
0.260	0.044	0.066	0.630
0.013	0.060	0.043	0.884
0.098	0.158	0.196	0.548
0.220	0.177	0.169	0.434
0.376	0.339	0.064	0.221
0.075	0.517	0.354	0.054
0.234	0.596	0.067	0.103
>CTAGAWATAT	6-CTAGAWATAT	7.101216	-41.248951	0	T:236.0(15.41%),B:6048.7(8.53%),P:1e-17	Tpos:93.9,Tstd:57.2,Bpos:97.9,Bstd:103.4,StrandBias:0.2,Multiplicity:1.08
0.001	0.617	0.108	0.274
0.109	0.254	0.146	0.491
0.864	0.001	0.001	0.134
0.006	0.001	0.992	0.001
0.642	0.158	0.199	0.001
0.461	0.001	0.099	0.438
0.997	0.001	0.001	0.001
0.001	0.066	0.001	0.932
0.535	0.184	0.055	0.226
0.035	0.297	0.001	0.667
>AAAAATAMTT	7-AAAAATAMTT	8.592145	-32.626321	0	T:117.0(7.64%),B:2461.2(3.47%),P:1e-14	Tpos:96.0,Tstd:58.8,Bpos:97.5,Bstd:131.3,StrandBias:0.4,Multiplicity:1.07
0.609	0.094	0.296	0.001
0.647	0.127	0.117	0.109
0.824	0.001	0.106	0.069
0.874	0.035	0.065	0.026
0.714	0.089	0.001	0.196
0.260	0.132	0.001	0.607
0.829	0.001	0.169	0.001
0.372	0.503	0.049	0.076
0.001	0.001	0.062	0.936
0.338	0.010	0.063	0.589
>ATATTTATTT	8-ATATTTATTT	9.028753	-32.128596	0	T:132.0(8.62%),B:2955.3(4.17%),P:1e-13	Tpos:104.3,Tstd:56.0,Bpos:101.9,Bstd:127.4,StrandBias:-0.1,Multiplicity:1.07
0.617	0.001	0.045	0.337
0.001	0.001	0.037	0.961
0.895	0.001	0.032	0.072
0.001	0.124	0.001	0.874
0.030	0.001	0.029	0.940
0.030	0.001	0.001	0.968
0.868	0.021	0.110	0.001
0.001	0.001	0.001	0.997
0.001	0.042	0.031	0.926
0.026	0.001	0.001	0.972
>TTCGAGGAGC	9-TTCGAGGAGC	10.012762	-31.210417	0	T:20.0(1.31%),B:89.7(0.13%),P:1e-13	Tpos:94.2,Tstd:51.4,Bpos:89.1,Bstd:69.8,StrandBias:0.5,Multiplicity:1.00
0.001	0.001	0.001	0.997
0.001	0.001	0.001	0.997
0.001	0.997	0.001	0.001
0.033	0.001	0.965	0.001
0.845	0.001	0.068	0.086
0.001	0.001	0.931	0.067
0.050	0.068	0.814	0.068
0.680	0.171	0.087	0.062
0.086	0.001	0.912	0.001
0.001	0.912	0.001	0.086
>AAGCTACAAG	10-AAGCTACAAG	7.037502	-30.811843	0	T:121.0(7.90%),B:2657.0(3.74%),P:1e-13	Tpos:95.3,Tstd:56.8,Bpos:99.9,Bstd:80.4,StrandBias:-0.1,Multiplicity:1.03
0.826	0.058	0.067	0.049
0.739	0.131	0.037	0.093
0.065	0.078	0.762	0.095
0.090	0.841	0.050	0.019
0.089	0.088	0.065	0.758
0.818	0.096	0.030	0.056
0.071	0.801	0.053	0.075
0.825	0.067	0.073	0.035
0.811	0.075	0.026	0.088
0.041	0.091	0.825	0.043
>TAGGCCTAAA	11-TAGGCCTAAA	9.301635	-29.977637	0	T:34.0(2.22%),B:318.5(0.45%),P:1e-13	Tpos:86.8,Tstd:53.4,Bpos:97.4,Bstd:75.7,StrandBias:-0.3,Multiplicity:1.03
0.045	0.001	0.001	0.953
0.966	0.032	0.001	0.001
0.001	0.032	0.966	0.001
0.035	0.031	0.933	0.001
0.042	0.956	0.001	0.001
0.001	0.980	0.001	0.018
0.001	0.001	0.001	0.997
0.921	0.001	0.001	0.077
0.563	0.323	0.043	0.071
0.829	0.094	0.026	0.051
>CAGTTTCTAC	12-CAGTTTCTAC	7.479880	-26.574052	0	T:85.0(5.55%),B:1697.5(2.39%),P:1e-11	Tpos:102.5,Tstd:56.6,Bpos:97.7,Bstd:76.5,StrandBias:-0.3,Multiplicity:1.06
0.158	0.758	0.073	0.011
0.751	0.108	0.097	0.044
0.071	0.044	0.830	0.055
0.098	0.157	0.001	0.744
0.016	0.001	0.001	0.982
0.074	0.187	0.014	0.725
0.002	0.934	0.040	0.024
0.014	0.060	0.159	0.767
0.697	0.001	0.160	0.142
0.001	0.830	0.168	0.001
>ATATTGCAAT	13-ATATTGCAAT	8.215599	-21.899384	0	T:119.0(7.77%),B:2993.0(4.22%),P:1e-9	Tpos:98.8,Tstd:56.8,Bpos:100.4,Bstd:122.7,StrandBias:0.0,Multiplicity:1.04
0.783	0.001	0.036	0.180
0.076	0.001	0.001	0.922
0.559	0.067	0.088	0.286
0.001	0.057	0.001	0.941
0.195	0.001	0.001	0.803
0.023	0.060	0.916	0.001
0.001	0.932	0.001	0.066
0.675	0.093	0.053	0.179
0.729	0.082	0.095	0.094
0.001	0.075	0.001	0.923
>GGGGGGGGGS	14-GGGGGGGGGS	6.592580	-19.738635	0	T:77.0(5.03%),B:1702.6(2.40%),P:1e-8	Tpos:94.3,Tstd:55.9,Bpos:98.8,Bstd:58.9,StrandBias:-0.8,Multiplicity:1.16
0.230	0.100	0.600	0.070
0.220	0.002	0.578	0.200
0.064	0.001	0.839	0.096
0.197	0.001	0.800	0.002
0.103	0.002	0.816	0.079
0.001	0.024	0.974	0.001
0.219	0.050	0.730	0.001
0.151	0.032	0.659	0.158
0.088	0.141	0.673	0.098
0.124	0.396	0.360	0.120
>ASATASATAS	15-ASATASATAS	8.263200	-18.280272	0	T:31.0(2.02%),B:427.9(0.60%),P:1e-7	Tpos:106.0,Tstd:48.8,Bpos:95.5,Bstd:152.8,StrandBias:0.2,Multiplicity:1.55
0.640	0.236	0.055	0.069
0.001	0.488	0.510	0.001
0.474	0.256	0.057	0.213
0.155	0.001	0.138	0.706
0.752	0.128	0.112	0.008
0.095	0.458	0.373	0.074
0.545	0.203	0.189	0.063
0.034	0.001	0.316	0.649
0.742	0.205	0.043	0.010
0.001	0.472	0.460	0.067
>CTAGCTGGGA	16-CTAGCTGGGA	10.296193	-14.369856	0	T:5.0(0.33%),B:7.3(0.01%),P:1e-6	Tpos:72.7,Tstd:47.0,Bpos:84.7,Bstd:30.6,StrandBias:0.0,Multiplicity:1.20
0.100	0.700	0.100	0.100
0.100	0.100	0.100	0.700
0.700	0.100	0.100	0.100
0.100	0.100	0.700	0.100
0.100	0.700	0.100	0.100
0.100	0.100	0.100	0.700
0.100	0.100	0.700	0.100
0.100	0.100	0.700	0.100
0.100	0.100	0.700	0.100
0.700	0.100	0.100	0.100
>AGCGTCATAA	17-AGCGTCATAA	10.296193	-14.369856	0	T:5.0(0.33%),B:7.6(0.01%),P:1e-6	Tpos:105.6,Tstd:41.5,Bpos:107.6,Bstd:36.5,StrandBias:-0.6,Multiplicity:1.00
0.700	0.100	0.100	0.100
0.100	0.100	0.700	0.100
0.100	0.700	0.100	0.100
0.100	0.100	0.700	0.100
0.100	0.100	0.100	0.700
0.100	0.700	0.100	0.100
0.700	0.100	0.100	0.100
0.100	0.100	0.100	0.700
0.700	0.100	0.100	0.100
0.700	0.100	0.100	0.100
>GTVTGTSTGT	18-GTVTGTSTGT	8.166378	-14.062479	0	T:111.0(7.25%),B:3174.3(4.47%),P:1e-6	Tpos:89.9,Tstd:54.8,Bpos:99.3,Bstd:77.2,StrandBias:-0.2,Multiplicity:1.12
0.245	0.001	0.753	0.001
0.001	0.001	0.049	0.949
0.218	0.319	0.367	0.096
0.062	0.392	0.001	0.545
0.182	0.001	0.781	0.036
0.011	0.001	0.001	0.987
0.246	0.275	0.417	0.062
0.119	0.331	0.001	0.549
0.001	0.001	0.997	0.001
0.001	0.064	0.001	0.934
>GASAGACAGA	19-GASAGACAGA	10.466802	-13.638325	0	T:31.0(2.02%),B:531.2(0.75%),P:1e-5	Tpos:97.7,Tstd:58.7,Bpos:92.4,Bstd:80.9,StrandBias:0.8,Multiplicity:1.35
0.058	0.207	0.734	0.001
0.997	0.001	0.001	0.001
0.001	0.441	0.434	0.124
0.997	0.001	0.001	0.001
0.001	0.022	0.976	0.001
0.997	0.001	0.001	0.001
0.001	0.540	0.207	0.252
0.971	0.001	0.001	0.027
0.001	0.214	0.784	0.001
0.923	0.075	0.001	0.001
>GGAGAGGGAK	20-GGAGAGGGAK	9.046681	-10.969031	0	T:18.0(1.18%),B:254.3(0.36%),P:1e-4	Tpos:100.8,Tstd:56.7,Bpos:104.1,Bstd:76.1,StrandBias:-0.7,Multiplicity:1.44
0.001	0.001	0.775	0.223
0.262	0.218	0.428	0.092
0.890	0.001	0.001	0.108
0.202	0.001	0.771	0.026
0.835	0.163	0.001	0.001
0.001	0.001	0.997	0.001
0.001	0.001	0.997	0.001
0.175	0.201	0.623	0.001
0.773	0.001	0.001	0.225
0.005	0.089	0.422	0.483
>TTATTACTAC	21-TTATTACTAC	9.998501	-10.239810	0	T:27.0(1.76%),B:515.5(0.73%),P:1e-4	Tpos:124.4,Tstd:33.4,Bpos:108.0,Bstd:147.8,StrandBias:-0.0,Multiplicity:1.00
0.066	0.020	0.020	0.894
0.001	0.084	0.073	0.842
0.572	0.392	0.001	0.035
0.033	0.001	0.001	0.965
0.031	0.178	0.115	0.676
0.903	0.036	0.060	0.001
0.004	0.667	0.001	0.328
0.001	0.067	0.028	0.904
0.871	0.029	0.001	0.099
0.005	0.598	0.011	0.386
>GTTGYTGTTG	22-GTTGYTGTTG	8.986812	-9.953658	0	T:15.0(0.98%),B:201.1(0.28%),P:1e-4	Tpos:119.0,Tstd:45.5,Bpos:99.4,Bstd:51.8,StrandBias:1.1,Multiplicity:1.20
0.001	0.001	0.997	0.001
0.001	0.001	0.001	0.997
0.001	0.001	0.001	0.997
0.001	0.001	0.997	0.001
0.001	0.434	0.001	0.564
0.001	0.001	0.018	0.980
0.001	0.001	0.997	0.001
0.001	0.001	0.001	0.997
0.001	0.001	0.001	0.997
0.001	0.001	0.997	0.001
>GATGATGATG	23-GATGATGATG	10.661026	-8.547723	0	T:15.0(0.98%),B:229.8(0.32%),P:1e-3	Tpos:66.2,Tstd:45.8,Bpos:92.8,Bstd:154.0,StrandBias:1.2,Multiplicity:1.53
0.001	0.001	0.997	0.001
0.997	0.001	0.001	0.001
0.001	0.001	0.001	0.997
0.001	0.001	0.973	0.025
0.972	0.001	0.026	0.001
0.058	0.001	0.001	0.940
0.001	0.001	0.945	0.053
0.900	0.001	0.074	0.025
0.001	0.001	0.001	0.997
0.001	0.027	0.971	0.001
>CGACGACGAC	24-CGACGACGAC	10.417191	-8.474807	0	T:7.0(0.46%),B:54.1(0.08%),P:1e-3	Tpos:55.8,Tstd:32.2,Bpos:92.3,Bstd:45.6,StrandBias:1.7,Multiplicity:1.00
0.001	0.997	0.001	0.001
0.001	0.001	0.997	0.001
0.997	0.001	0.001	0.001
0.001	0.997	0.001	0.001
0.001	0.001	0.855	0.143
0.658	0.001	0.340	0.001
0.001	0.997	0.001	0.001
0.001	0.001	0.997	0.001
0.997	0.001	0.001	0.001
0.112	0.886	0.001	0.001
>CTCGACCCCC	25-CTCGACCCCC	12.069810	-6.554699	0	T:3.0(0.20%),B:10.5(0.01%),P:1e-2	Tpos:128.6,Tstd:37.8,Bpos:104.3,Bstd:48.9,StrandBias:-2.6,Multiplicity:2.33
0.001	0.997	0.001	0.001
0.171	0.001	0.001	0.827
0.001	0.997	0.001	0.001
0.001	0.001	0.997	0.001
0.997	0.001	0.001	0.001
0.001	0.997	0.001	0.001
0.001	0.997	0.001	0.001
0.001	0.997	0.001	0.001
0.001	0.997	0.001	0.001
0.001	0.997	0.001	0.001
>AAATTTKAAANT	1-AAATTTKAAANT	6.095680	-82.267519	0	T:626.0(40.89%),B:18508.5(26.09%),P:1e-35	Tpos:97.1,Tstd:54.8,Bpos:100.5,Bstd:129.1,StrandBias:-0.1,Multiplicity:1.32
0.722	0.014	0.084	0.180
0.719	0.055	0.007	0.219
0.517	0.100	0.136	0.247
0.225	0.161	0.089	0.525
0.189	0.070	0.123	0.618
0.001	0.002	0.063	0.934
0.158	0.186	0.354	0.302
0.560	0.063	0.113	0.264
0.473	0.161	0.142	0.224
0.533	0.131	0.177	0.159
0.242	0.187	0.290	0.281
0.274	0.126	0.114	0.486
>DDRMAAATTTTK	2-DDRMAAATTTTK	7.428519	-79.421990	0	T:403.0(26.32%),B:10104.0(14.24%),P:1e-34	Tpos:101.0,Tstd:56.1,Bpos:101.8,Bstd:129.7,StrandBias:-0.0,Multiplicity:1.11
0.372	0.001	0.341	0.286
0.384	0.029	0.260	0.327
0.364	0.155	0.273	0.208
0.540	0.394	0.050	0.016
0.692	0.077	0.001	0.230
0.583	0.066	0.114	0.237
0.533	0.031	0.079	0.357
0.001	0.137	0.111	0.751
0.076	0.001	0.038	0.885
0.079	0.001	0.001	0.919
0.001	0.005	0.005	0.989
0.001	0.249	0.401	0.349
>TTKADRAAAMTT	3-TTKADRAAAMTT	6.687056	-64.653952	0	T:507.0(33.12%),B:14828.3(20.90%),P:1e-28	Tpos:99.5,Tstd:54.5,Bpos:98.8,Bstd:110.1,StrandBias:0.3,Multiplicity:1.19
0.170	0.191	0.001	0.638
0.142	0.001	0.195	0.662
0.055	0.145	0.436	0.363
0.563	0.176	0.008	0.253
0.218	0.084	0.344	0.354
0.334	0.169	0.426	0.071
0.939	0.001	0.001	0.059
0.963	0.035	0.001	0.001
0.891	0.092	0.016	0.001
0.401	0.316	0.117	0.166
0.030	0.344	0.090	0.536
0.149	0.104	0.278	0.468
>YAYAYAYATATA	4-YAYAYAYATATA	9.882372	-55.423942	0	T:23.0(1.50%),B:41.0(0.06%),P:1e-24	Tpos:87.2,Tstd:51.1,Bpos:103.0,Bstd:141.7,StrandBias:0.0,Multiplicity:1.35
0.075	0.316	0.214	0.396
0.669	0.108	0.081	0.142
0.070	0.341	0.169	0.420
0.758	0.076	0.059	0.107
0.094	0.311	0.164	0.430
0.781	0.096	0.026	0.097
0.071	0.287	0.238	0.404
0.800	0.094	0.057	0.049
0.056	0.278	0.181	0.485
0.729	0.128	0.044	0.099
0.066	0.274	0.173	0.486
0.742	0.094	0.059	0.105
>BAKABAKAYATA	5-BAKABAKAYATA	8.712005	-50.784243	0	T:58.0(3.79%),B:533.7(0.75%),P:1e-22	Tpos:105.0,Tstd:49.4,Bpos:101.4,Bstd:145.0,StrandBias:0.1,Multiplicity:1.53
0.093	0.318	0.313	0.276
0.688	0.083	0.060	0.169
0.128	0.081	0.376	0.416
0.817	0.052	0.038	0.093
0.122	0.283	0.224	0.370
0.793	0.093	0.056	0.058
0.149	0.076	0.364	0.411
0.782	0.068	0.040	0.110
0.106	0.253	0.239	0.402
0.758	0.090	0.052	0.100
0.095	0.046	0.343	0.516
0.807	0.027	0.044	0.122
>TTTTTAATTTTT	6-TTTTTAATTTTT	6.730712	-48.560966	0	T:416.0(27.17%),B:12306.3(17.35%),P:1e-21	Tpos:100.6,Tstd:55.0,Bpos:97.9,Bstd:143.7,StrandBias:0.1,Multiplicity:1.33
0.135	0.102	0.097	0.666
0.114	0.108	0.094	0.684
0.116	0.099	0.081	0.704
0.128	0.123	0.105	0.644
0.148	0.118	0.110	0.624
0.632	0.110	0.121	0.137
0.662	0.101	0.100	0.137
0.153	0.097	0.110	0.640
0.136	0.089	0.087	0.688
0.117	0.088	0.076	0.719
0.107	0.109	0.095	0.689
0.126	0.110	0.115	0.649
>MATGTAGGCCTA	7-MATGTAGGCCTA	9.018596	-42.400071	0	T:48.0(3.14%),B:440.4(0.62%),P:1e-18	Tpos:90.6,Tstd:46.6,Bpos:99.1,Bstd:74.6,StrandBias:-0.2,Multiplicity:1.02
0.360	0.309	0.191	0.140
0.571	0.174	0.254	0.001
0.099	0.101	0.115	0.685
0.266	0.038	0.550	0.146
0.001	0.038	0.001	0.960
0.961	0.001	0.001	0.037
0.169	0.001	0.829	0.001
0.038	0.001	0.847	0.114
0.077	0.675	0.038	0.210
0.154	0.844	0.001	0.001
0.022	0.077	0.109	0.792
0.923	0.001	0.038	0.038
>TTTTTGCTCAAA	8-TTTTTGCTCAAA	9.161027	-38.712214	0	T:85.0(5.55%),B:1355.4(1.91%),P:1e-16	Tpos:106.9,Tstd:54.9,Bpos:95.8,Bstd:108.8,StrandBias:-0.3,Multiplicity:1.01
0.170	0.057	0.011	0.762
0.070	0.102	0.070	0.758
0.123	0.047	0.055	0.775
0.044	0.032	0.053	0.871
0.001	0.122	0.097	0.780
0.113	0.084	0.613	0.190
0.126	0.581	0.112	0.181
0.118	0.114	0.102	0.666
0.185	0.644	0.097	0.074
0.843	0.088	0.068	0.001
0.799	0.079	0.029	0.093
0.846	0.062	0.041	0.051
>AGAATTTTGGCC	9-AGAATTTTGGCC	13.545315	-35.693415	0	T:10.0(0.65%),B:6.8(0.01%),P:1e-15	Tpos:96.8,Tstd:50.4,Bpos:121.0,Bstd:50.5,StrandBias:-2.0,Multiplicity:1.00
0.891	0.107	0.001	0.001
0.001	0.001	0.891	0.107
0.891	0.107	0.001	0.001
0.997	0.001	0.001	0.001
0.001	0.001	0.107	0.891
0.077	0.001	0.001	0.921
0.001	0.001	0.001	0.997
0.001	0.107	0.001	0.891
0.001	0.001	0.997	0.001
0.059	0.001	0.832	0.108
0.001	0.891	0.001	0.107
0.001	0.997	0.001	0.001
>TTCTTGATTTTG	10-TTCTTGATTTTG	14.836390	-35.409873	0	T:7.0(0.46%),B:0.0(0.00%),P:1e-15	Tpos:90.8,Tstd:50.2,Bpos:0.0,Bstd:0.0,StrandBias:0.0,Multiplicity:1.00
0.001	0.001	0.001	0.997
0.001	0.001	0.001	0.997
0.001	0.997	0.001	0.001
0.001	0.001	0.001	0.997
0.001	0.001	0.001	0.997
0.001	0.001	0.997	0.001
0.997	0.001	0.001	0.001
0.001	0.001	0.001	0.997
0.001	0.001	0.001	0.997
0.001	0.001	0.001	0.997
0.171	0.001	0.001	0.827
0.001	0.001	0.997	0.001
>CTGCCGATCGGG	11-CTGCCGATCGGG	11.241385	-24.828109	0	T:8.0(0.52%),B:8.7(0.01%),P:1e-10	Tpos:105.7,Tstd:54.3,Bpos:117.4,Bstd:48.8,StrandBias:-1.4,Multiplicity:1.12
0.001	0.764	0.001	0.234
0.018	0.001	0.018	0.963
0.235	0.291	0.473	0.001
0.001	0.764	0.234	0.001
0.001	0.489	0.234	0.276
0.001	0.001	0.997	0.001
0.764	0.234	0.001	0.001
0.001	0.018	0.001	0.980
0.234	0.764	0.001	0.001
0.276	0.234	0.489	0.001
0.001	0.001	0.997	0.001
0.001	0.271	0.727	0.001
>CCAAACCCSATA	12-CCAAACCCSATA	10.449072	-23.152193	0	T:18.0(1.18%),B:110.9(0.16%),P:1e-10	Tpos:94.7,Tstd:59.5,Bpos:118.9,Bstd:90.8,StrandBias:0.3,Multiplicity:1.06
0.271	0.627	0.101	0.001
0.001	0.990	0.001	0.008
0.997	0.001	0.001	0.001
0.797	0.001	0.101	0.101
0.997	0.001	0.001	0.001
0.001	0.997	0.001	0.001
0.001	0.797	0.101	0.101
0.079	0.915	0.005	0.001
0.101	0.430	0.368	0.101
0.882	0.001	0.001	0.116
0.302	0.101	0.001	0.596
0.797	0.001	0.101	0.101
>GGGGGGGGGGGG	13-GGGGGGGGGGGG	6.750590	-20.883119	0	T:57.0(3.72%),B:1057.0(1.49%),P:1e-9	Tpos:93.7,Tstd:53.6,Bpos:99.1,Bstd:56.9,StrandBias:-1.0,Multiplicity:1.07
0.093	0.086	0.689	0.132
0.128	0.106	0.625	0.141
0.138	0.113	0.618	0.131
0.183	0.105	0.595	0.117
0.124	0.062	0.665	0.149
0.108	0.061	0.670	0.161
0.101	0.104	0.695	0.100
0.090	0.085	0.746	0.079
0.109	0.062	0.719	0.110
0.137	0.087	0.660	0.116
0.124	0.090	0.665	0.121
0.116	0.119	0.654	0.111
>AAAATGACAAGA	14-AAAATGACAAGA	12.355432	-20.544254	0	T:5.0(0.33%),B:2.3(0.00%),P:1e-8	Tpos:68.8,Tstd:22.6,Bpos:76.3,Bstd:56.2,StrandBias:-2.0,Multiplicity:1.00
0.700	0.100	0.100	0.100
0.700	0.100	0.100	0.100
0.700	0.100	0.100	0.100
0.700	0.100	0.100	0.100
0.100	0.100	0.100	0.700
0.100	0.100	0.700	0.100
0.700	0.100	0.100	0.100
0.100	0.700	0.100	0.100
0.700	0.100	0.100	0.100
0.700	0.100	0.100	0.100
0.100	0.100	0.700	0.100
0.700	0.100	0.100	0.100
>TCACTACTGAAG	15-TCACTACTGAAG	12.355432	-18.534830	0	T:5.0(0.33%),B:3.6(0.01%),P:1e-8	Tpos:130.4,Tstd:44.7,Bpos:119.4,Bstd:29.4,StrandBias:0.6,Multiplicity:1.00
0.100	0.100	0.100	0.700
0.100	0.700	0.100	0.100
0.700	0.100	0.100	0.100
0.100	0.700	0.100	0.100
0.100	0.100	0.100	0.700
0.700	0.100	0.100	0.100
0.100	0.700	0.100	0.100
0.100	0.100	0.100	0.700
0.100	0.100	0.700	0.100
0.700	0.100	0.100	0.100
0.700	0.100	0.100	0.100
0.100	0.100	0.700	0.100
>KATKATKATKAT	16-KATKATKATKAT	9.289761	-16.114878	0	T:25.0(1.63%),B:325.2(0.46%),P:1e-6	Tpos:86.4,Tstd:47.6,Bpos:100.4,Bstd:168.0,StrandBias:0.0,Multiplicity:1.16
0.167	0.042	0.409	0.383
0.673	0.016	0.130	0.181
0.231	0.083	0.043	0.643
0.056	0.015	0.455	0.473
0.650	0.016	0.146	0.188
0.101	0.059	0.001	0.839
0.088	0.044	0.452	0.417
0.561	0.009	0.124	0.306
0.255	0.074	0.023	0.648
0.047	0.043	0.519	0.391
0.713	0.014	0.215	0.058
0.161	0.166	0.045	0.628
>ATACTACACTAA	17-ATACTACACTAA	14.836390	-16.016478	0	T:5.0(0.33%),B:5.1(0.01%),P:1e-6	Tpos:114.7,Tstd:67.0,Bpos:120.9,Bstd:35.6,StrandBias:0.0,Multiplicity:1.20
0.997	0.001	0.001	0.001
0.001	0.001	0.001	0.997
0.997	0.001	0.001	0.001
0.001	0.997	0.001	0.001
0.001	0.001	0.171	0.827
0.997	0.001	0.001	0.001
0.001	0.997	0.001	0.001
0.997	0.001	0.001	0.001
0.001	0.997	0.001	0.001
0.001	0.001	0.001	0.997
0.997	0.001	0.001	0.001
0.997	0.001	0.001	0.001
>TGTGTGTGTGTG	18-TGTGTGTGTGTG	10.714192	-15.767909	0	T:37.0(2.42%),B:639.8(0.90%),P:1e-6	Tpos:81.0,Tstd:47.7,Bpos:102.7,Bstd:92.0,StrandBias:-0.7,Multiplicity:1.10
0.037	0.001	0.001	0.961
0.104	0.086	0.755	0.055
0.052	0.103	0.001	0.844
0.198	0.072	0.687	0.043
0.052	0.082	0.001	0.865
0.001	0.054	0.851	0.094
0.001	0.001	0.001	0.997
0.063	0.041	0.736	0.160
0.001	0.119	0.001	0.879
0.184	0.001	0.725	0.090
0.001	0.175	0.001	0.823
0.001	0.001	0.937	0.061
>ASAGAGAGAGAG	19-ASAGAGAGAGAG	10.885922	-14.934600	0	T:28.0(1.83%),B:421.1(0.59%),P:1e-6	Tpos:99.9,Tstd:58.3,Bpos:91.3,Bstd:80.2,StrandBias:0.8,Multiplicity:1.25
0.863	0.011	0.102	0.024
0.128	0.412	0.459	0.001
0.937	0.024	0.038	0.001
0.061	0.194	0.729	0.016
0.924	0.024	0.051	0.001
0.029	0.226	0.732	0.013
0.960	0.001	0.001	0.038
0.040	0.322	0.618	0.020
0.877	0.001	0.108	0.014
0.074	0.274	0.628	0.024
0.931	0.001	0.054	0.014
0.171	0.280	0.473	0.077
>GTTGTTGTTGTT	20-GTTGTTGTTGTT	10.550837	-14.026443	0	T:14.0(0.91%),B:123.6(0.17%),P:1e-6	Tpos:120.3,Tstd:39.9,Bpos:102.3,Bstd:52.4,StrandBias:0.9,Multiplicity:1.21
0.066	0.001	0.932	0.001
0.001	0.001	0.001	0.997
0.001	0.001	0.001	0.997
0.001	0.001	0.997	0.001
0.034	0.001	0.001	0.964
0.001	0.001	0.001	0.997
0.001	0.037	0.961	0.001
0.001	0.001	0.001	0.997
0.001	0.047	0.001	0.951
0.001	0.001	0.997	0.001
0.001	0.001	0.001	0.997
0.001	0.040	0.037	0.922
>TACATCCCTTTC	21-TACATCCCTTTC	12.355432	-13.317942	0	T:3.0(0.20%),B:0.5(0.00%),P:1e-5	Tpos:100.4,Tstd:56.4,Bpos:16.0,Bstd:0.0,StrandBias:10.0,Multiplicity:2.33
0.100	0.100	0.100	0.700
0.700	0.100	0.100	0.100
0.100	0.700	0.100	0.100
0.700	0.100	0.100	0.100
0.100	0.100	0.100	0.700
0.100	0.700	0.100	0.100
0.100	0.700	0.100	0.100
0.100	0.700	0.100	0.100
0.100	0.100	0.100	0.700
0.100	0.100	0.100	0.700
0.100	0.100	0.100	0.700
0.100	0.700	0.100	0.100
>GATGWCGACGAY	22-GATGWCGACGAY	15.099698	-11.254628	0	T:3.0(0.20%),B:2.8(0.00%),P:1e-4	Tpos:130.0,Tstd:38.6,Bpos:102.7,Bstd:21.2,StrandBias:-1.0,Multiplicity:1.00
0.001	0.001	0.997	0.001
0.997	0.001	0.001	0.001
0.001	0.098	0.001	0.900
0.001	0.001	0.997	0.001
0.556	0.001	0.001	0.442
0.001	0.997	0.001	0.001
0.001	0.001	0.997	0.001
0.997	0.001	0.001	0.001
0.001	0.997	0.001	0.001
0.001	0.001	0.997	0.001
0.997	0.001	0.001	0.001
0.001	0.556	0.001	0.442
>CGACTGCGACGA	23-CGACTGCGACGA	13.266277	-10.054342	0	T:3.0(0.20%),B:3.9(0.01%),P:1e-4	Tpos:44.0,Tstd:28.7,Bpos:87.0,Bstd:26.4,StrandBias:1.6,Multiplicity:1.00
0.001	0.997	0.001	0.001
0.001	0.001	0.997	0.001
0.997	0.001	0.001	0.001
0.001	0.997	0.001	0.001
0.001	0.001	0.205	0.793
0.173	0.001	0.825	0.001
0.001	0.997	0.001	0.001
0.001	0.001	0.997	0.001
0.997	0.001	0.001	0.001
0.001	0.997	0.001	0.001
0.001	0.001	0.997	0.001
0.997	0.001	0.001	0.001
>CATCCATCCATC	24-CATCCATCCATC	13.875594	-9.123154	0	T:4.0(0.26%),B:11.7(0.02%),P:1e-3	Tpos:73.2,Tstd:55.4,Bpos:92.4,Bstd:59.4,StrandBias:-10.0,Multiplicity:1.00
0.084	0.865	0.001	0.050
0.915	0.001	0.083	0.001
0.001	0.083	0.001	0.915
0.001	0.997	0.001	0.001
0.084	0.831	0.001	0.084
0.997	0.001	0.001	0.001
0.001	0.001	0.001	0.997
0.001	0.915	0.001	0.083
0.084	0.831	0.001	0.084
0.915	0.001	0.001	0.083
0.001	0.001	0.001	0.997
0.001	0.845	0.001	0.153
>GATTTGATTTGA	25-GATTTGATTTGA	15.051313	-8.554032	0	T:3.0(0.20%),B:5.1(0.01%),P:1e-3	Tpos:100.5,Tstd:42.3,Bpos:74.6,Bstd:50.9,StrandBias:-2.3,Multiplicity:1.00
0.001	0.001	0.997	0.001
0.997	0.001	0.001	0.001
0.001	0.001	0.001	0.997
0.001	0.001	0.212	0.786
0.001	0.001	0.001	0.997
0.001	0.001	0.997	0.001
0.997	0.001	0.001	0.001
0.001	0.001	0.001	0.997
0.001	0.001	0.001	0.997
0.001	0.001	0.001	0.997
0.001	0.001	0.997	0.001
0.997	0.001	0.001	0.001
>AATTTTKB	1-AATTTTKB	6.027904	-90.634272	0	T:801.0(52.32%),B:25355.3(35.74%),P:1e-39	Tpos:103.8,Tstd:57.0,Bpos:100.0,Bstd:122.8,StrandBias:0.0,Multiplicity:1.29
0.540	0.069	0.234	0.157
0.518	0.001	0.227	0.254
0.156	0.045	0.238	0.561
0.001	0.001	0.001	0.997
0.001	0.001	0.001	0.997
0.001	0.001	0.001	0.997
0.075	0.001	0.424	0.500
0.154	0.248	0.280	0.319
>AAAAAWTT	2-AAAAAWTT	7.435863	-77.730322	0	T:495.0(32.33%),B:13602.3(19.17%),P:1e-33	Tpos:97.9,Tstd:55.7,Bpos:99.5,Bstd:139.1,StrandBias:-0.1,Multiplicity:1.30
0.682	0.150	0.167	0.001
0.997	0.001	0.001	0.001
0.997	0.001	0.001	0.001
0.997	0.001	0.001	0.001
0.832	0.001	0.001	0.166
0.527	0.001	0.001	0.471
0.279	0.001	0.001	0.719
0.232	0.001	0.086	0.681
>ADATTTCT	3-ADATTTCT	5.590143	-68.661100	0	T:953.0(62.25%),B:33817.4(47.67%),P:1e-29	Tpos:100.1,Tstd:55.8,Bpos:98.9,Bstd:112.7,StrandBias:-0.2,Multiplicity:1.30
0.684	0.220	0.001	0.095
0.355	0.001	0.251	0.393
0.547	0.001	0.125	0.327
0.001	0.001	0.001	0.997
0.046	0.001	0.001	0.952
0.034	0.001	0.182	0.783
0.097	0.761	0.057	0.085
0.001	0.022	0.052	0.925
>WAATTTTT	4-WAATTTTT	6.666430	-67.899944	0	T:615.0(40.17%),B:18970.4(26.74%),P:1e-29	Tpos:101.9,Tstd:55.5,Bpos:98.5,Bstd:120.7,StrandBias:-0.0,Multiplicity:1.15
0.521	0.001	0.064	0.414
0.584	0.412	0.001	0.003
0.772	0.226	0.001	0.001
0.194	0.071	0.263	0.473
0.001	0.001	0.002	0.996
0.001	0.171	0.006	0.822
0.001	0.001	0.107	0.891
0.201	0.035	0.266	0.498
>ACTTTTCG	5-ACTTTTCG	5.258604	-57.053971	0	T:592.0(38.67%),B:18781.7(26.47%),P:1e-24	Tpos:97.2,Tstd:56.4,Bpos:99.3,Bstd:101.4,StrandBias:-0.1,Multiplicity:1.16
0.823	0.067	0.072	0.038
0.117	0.637	0.170	0.076
0.102	0.078	0.051	0.769
0.030	0.020	0.042	0.908
0.067	0.086	0.127	0.720
0.083	0.093	0.035	0.789
0.164	0.642	0.136	0.058
0.115	0.114	0.720	0.051
>AAATTTCA	6-AAATTTCA	6.402590	-52.503377	0	T:491.0(32.07%),B:14995.8(21.14%),P:1e-22	Tpos:96.6,Tstd:55.1,Bpos:99.9,Bstd:116.6,StrandBias:-0.2,Multiplicity:1.19
0.997	0.001	0.001	0.001
0.835	0.001	0.070	0.094
0.805	0.086	0.108	0.001
0.018	0.087	0.034	0.861
0.114	0.001	0.023	0.862
0.001	0.001	0.020	0.978
0.080	0.822	0.078	0.020
0.863	0.087	0.009	0.041
>ACGATTTT	7-ACGATTTT	5.837266	-46.197028	0	T:430.0(28.09%),B:13017.3(18.35%),P:1e-20	Tpos:100.9,Tstd:53.4,Bpos:101.3,Bstd:108.4,StrandBias:-0.1,Multiplicity:1.14
0.841	0.001	0.041	0.117
0.049	0.857	0.001	0.093
0.039	0.110	0.776	0.075
0.906	0.001	0.048	0.045
0.071	0.085	0.026	0.818
0.058	0.001	0.029	0.912
0.054	0.001	0.001	0.944
0.024	0.001	0.022	0.953
>TAGGCCTA	8-TAGGCCTA	8.236954	-29.554653	0	T:29.0(1.89%),B:232.7(0.33%),P:1e-12	Tpos:89.0,Tstd:49.2,Bpos:96.7,Bstd:65.1,StrandBias:0.0,Multiplicity:1.04
0.100	0.100	0.100	0.700
0.700	0.100	0.100	0.100
0.100	0.100	0.700	0.100
0.100	0.100	0.700	0.100
0.100	0.700	0.100	0.100
0.100	0.700	0.100	0.100
0.100	0.100	0.100	0.700
0.700	0.100	0.100	0.100
>ATATCTTG	9-ATATCTTG	3.539889	-26.751834	0	T:182.0(11.89%),B:4934.5(6.96%),P:1e-11	Tpos:92.6,Tstd:58.1,Bpos:100.4,Bstd:100.8,StrandBias:0.2,Multiplicity:1.11
0.997	0.001	0.001	0.001
0.001	0.276	0.001	0.722
0.655	0.001	0.001	0.343
0.001	0.001	0.001	0.997
0.001	0.997	0.001	0.001
0.001	0.001	0.001	0.997
0.183	0.001	0.001	0.815
0.001	0.001	0.997	0.001
>GGGGGGGG	10-GGGGGGGG	7.842657	-18.830962	0	T:45.0(2.94%),B:777.6(1.10%),P:1e-8	Tpos:88.4,Tstd:56.3,Bpos:99.2,Bstd:59.6,StrandBias:-1.0,Multiplicity:1.24
0.038	0.019	0.847	0.096
0.014	0.001	0.984	0.001
0.032	0.001	0.966	0.001
0.045	0.001	0.953	0.001
0.069	0.001	0.929	0.001
0.056	0.029	0.914	0.001
0.018	0.026	0.955	0.001
0.041	0.029	0.841	0.089
>TATATATA	11-TATATATA	8.236954	-15.594998	0	T:35.0(2.29%),B:589.3(0.83%),P:1e-6	Tpos:88.0,Tstd:52.2,Bpos:102.1,Bstd:122.9,StrandBias:0.0,Multiplicity:1.31
0.100	0.100	0.100	0.700
0.700	0.100	0.100	0.100
0.100	0.100	0.100	0.700
0.700	0.100	0.100	0.100
0.100	0.100	0.100	0.700
0.700	0.100	0.100	0.100
0.100	0.100	0.100	0.700
0.700	0.100	0.100	0.100
>ACTCGGGC	12-ACTCGGGC	7.375395	-15.235804	0	T:51.0(3.33%),B:1064.2(1.50%),P:1e-6	Tpos:105.7,Tstd:58.4,Bpos:97.1,Bstd:66.4,StrandBias:1.0,Multiplicity:1.08
0.811	0.115	0.013	0.061
0.057	0.941	0.001	0.001
0.078	0.001	0.001	0.920
0.001	0.796	0.156	0.047
0.001	0.001	0.792	0.206
0.001	0.001	0.997	0.001
0.001	0.194	0.736	0.069
0.001	0.997	0.001	0.001
>TTGCAACA	13-TTGCAACA	7.004603	-14.056647	0	T:158.0(10.32%),B:4943.6(6.97%),P:1e-6	Tpos:98.4,Tstd:62.1,Bpos:99.0,Bstd:99.8,StrandBias:0.1,Multiplicity:1.08
0.001	0.282	0.001	0.716
0.001	0.049	0.001	0.949
0.001	0.001	0.997	0.001
0.001	0.997	0.001	0.001
0.997	0.001	0.001	0.001
0.928	0.070	0.001	0.001
0.001	0.508	0.308	0.183
0.851	0.147	0.001	0.001
>CAGACAGA	14-CAGACAGA	7.139217	-12.931542	0	T:100.0(6.53%),B:2850.4(4.02%),P:1e-5	Tpos:99.5,Tstd:56.5,Bpos:97.9,Bstd:84.7,StrandBias:-0.2,Multiplicity:1.49
0.001	0.997	0.001	0.001
0.944	0.001	0.054	0.001
0.001	0.124	0.874	0.001
0.929	0.069	0.001	0.001
0.001	0.819	0.001	0.179
0.997	0.001	0.001	0.001
0.001	0.001	0.997	0.001
0.997	0.001	0.001	0.001
>GTAGCGCT	15-GTAGCGCT	7.915016	-11.712206	0	T:24.0(1.57%),B:392.0(0.55%),P:1e-5	Tpos:115.4,Tstd:53.1,Bpos:101.0,Bstd:65.3,StrandBias:-0.7,Multiplicity:1.00
0.001	0.001	0.997	0.001
0.001	0.001	0.001	0.997
0.997	0.001	0.001	0.001
0.001	0.001	0.709	0.289
0.001	0.997	0.001	0.001
0.001	0.001	0.997	0.001
0.001	0.997	0.001	0.001
0.001	0.001	0.060	0.938
>GAGAGAGA	16-GAGAGAGA	8.091492	-8.554896	0	T:90.0(5.88%),B:2813.4(3.97%),P:1e-3	Tpos:99.2,Tstd:57.8,Bpos:97.8,Bstd:92.6,StrandBias:0.7,Multiplicity:1.98
0.001	0.001	0.657	0.341
0.997	0.001	0.001	0.001
0.001	0.001	0.718	0.280
0.997	0.001	0.001	0.001
0.001	0.001	0.680	0.318
0.997	0.001	0.001	0.001
0.001	0.001	0.695	0.303
0.997	0.001	0.001	0.001
>ATGATGAT	17-ATGATGAT	8.957358	-8.518123	0	T:51.0(3.33%),B:1375.8(1.94%),P:1e-3	Tpos:75.2,Tstd:46.5,Bpos:93.3,Bstd:112.4,StrandBias:0.4,Multiplicity:1.20
0.997	0.001	0.001	0.001
0.001	0.001	0.001	0.997
0.001	0.001	0.997	0.001
0.997	0.001	0.001	0.001
0.001	0.001	0.001	0.997
0.001	0.001	0.997	0.001
0.877	0.121	0.001	0.001
0.001	0.001	0.001	0.997
>ATACATAC	18-ATACATAC	8.236954	-5.909207	0	T:39.0(2.55%),B:1111.0(1.57%),P:1e-2	Tpos:103.9,Tstd:49.3,Bpos:100.6,Bstd:132.2,StrandBias:0.1,Multiplicity:8.82
0.700	0.100	0.100	0.100
0.100	0.100	0.100	0.700
0.700	0.100	0.100	0.100
0.100	0.700	0.100	0.100
0.700	0.100	0.100	0.100
0.100	0.100	0.100	0.700
0.700	0.100	0.100	0.100
0.100	0.700	0.100	0.100
>TAATAATA	19-TAATAATA	9.218362	-5.466237	0	T:72.0(4.70%),B:2408.8(3.40%),P:1e-2	Tpos:112.1,Tstd:45.7,Bpos:103.6,Bstd:145.6,StrandBias:0.2,Multiplicity:1.00
0.001	0.001	0.001	0.997
0.997	0.001	0.001	0.001
0.795	0.001	0.203	0.001
0.001	0.001	0.001	0.997
0.997	0.001	0.001	0.001
0.801	0.001	0.001	0.197
0.001	0.001	0.001	0.997
0.997	0.001	0.001	0.001
>CGTGYGTG	20-CGTGYGTG	6.392739	-4.938303	0	T:106.0(6.92%),B:3850.4(5.43%),P:1e-2	Tpos:95.6,Tstd:48.7,Bpos:100.3,Bstd:68.2,StrandBias:0.1,Multiplicity:1.21
0.001	0.891	0.001	0.107
0.001	0.001	0.997	0.001
0.001	0.001	0.157	0.841
0.001	0.001	0.841	0.157
0.001	0.440	0.068	0.490
0.001	0.001	0.997	0.001
0.001	0.001	0.037	0.961
0.001	0.001	0.894	0.104
>GTTGTTGT	21-GTTGTTGT	8.236954	-2.042530	0	T:32.0(2.09%),B:1195.7(1.69%),P:1e0	Tpos:114.5,Tstd:46.8,Bpos:99.6,Bstd:68.0,StrandBias:0.6,Multiplicity:1.13
0.100	0.100	0.700	0.100
0.100	0.100	0.100	0.700
0.100	0.100	0.100	0.700
0.100	0.100	0.700	0.100
0.100	0.100	0.100	0.700
0.100	0.100	0.100	0.700
0.100	0.100	0.700	0.100
0.100	0.100	0.100	0.700
