>AAAATTTTKH	1-AAAATTTTKH	6.309529	-70.382493	0	T:591.0(38.60%),B:17825.6(25.12%),P:1e-30	Tpos:101.7,Tstd:55.6,Bpos:100.7,Bstd:132.1,StrandBias:-0.0,Multiplicity:1.36
0.610	0.356	0.033	0.001
0.868	0.050	0.001	0.081
0.837	0.046	0.001	0.116
0.838	0.001	0.049	0.112
0.266	0.102	0.060	0.572
0.038	0.051	0.052	0.859
0.120	0.029	0.092	0.759
0.003	0.001	0.011	0.985
0.125	0.133	0.427	0.315
0.326	0.302	0.156	0.215
>GTCCAAAAAT	2-GTCCAAAAAT	4.796256	-68.674401	0	T:737.0(48.14%),B:24069.8(33.93%),P:1e-29	Tpos:99.2,Tstd:54.4,Bpos:100.4,Bstd:108.2,StrandBias:0.0,Multiplicity:1.30
0.112	0.114	0.655	0.119
0.105	0.113	0.107	0.675
0.108	0.682	0.105	0.105
0.117	0.674	0.108	0.101
0.708	0.099	0.102	0.091
0.720	0.076	0.101	0.103
0.740	0.082	0.093	0.085
0.734	0.079	0.082	0.105
0.706	0.102	0.096	0.096
0.096	0.100	0.096	0.708
>TTTTAAGTTT	3-TTTTAAGTTT	7.302317	-68.027967	0	T:425.0(27.76%),B:11482.3(16.18%),P:1e-29	Tpos:98.5,Tstd:56.4,Bpos:99.3,Bstd:121.1,StrandBias:0.2,Multiplicity:1.25
0.063	0.069	0.014	0.854
0.060	0.020	0.010	0.910
0.067	0.001	0.097	0.835
0.079	0.041	0.207	0.673
0.775	0.095	0.088	0.042
0.744	0.044	0.084	0.128
0.226	0.128	0.500	0.146
0.120	0.042	0.035	0.803
0.001	0.009	0.015	0.975
0.016	0.001	0.054	0.929
>TATATATATA	4-TATATATATA	10.296193	-42.669417	0	T:24.0(1.57%),B:83.8(0.12%),P:1e-18	Tpos:87.5,Tstd:51.7,Bpos:99.5,Bstd:138.1,StrandBias:0.0,Multiplicity:1.38
0.100	0.100	0.100	0.700
0.700	0.100	0.100	0.100
0.100	0.100	0.100	0.700
0.700	0.100	0.100	0.100
0.100	0.100	0.100	0.700
0.700	0.100	0.100	0.100
0.100	0.100	0.100	0.700
0.700	0.100	0.100	0.100
0.100	0.100	0.100	0.700
0.700	0.100	0.100	0.100
>MARTTTTMCC	5-MARTTTTMCC	5.304722	-42.461144	0	T:492.0(32.14%),B:15788.5(22.25%),P:1e-18	Tpos:99.3,Tstd:55.5,Bpos:99.5,Bstd:96.9,StrandBias:-0.0,Multiplicity:1.18
0.462	0.313	0.187	0.038
0.661	0.118	0.091	0.130
0.344	0.169	0.294	0.193
0.260	0.044	0.066	0.630
0.013	0.060	0.043	0.884
0.098	0.158	0.196	0.548
0.220	0.177	0.169	0.434
0.376	0.339	0.064	0.221
0.075	0.517	0.354	0.054
0.234	0.596	0.067	0.103
>CTAGAWATAT	6-CTAGAWATAT	7.101216	-41.248951	0	T:236.0(15.41%),B:6048.7(8.53%),P:1e-17	Tpos:93.9,Tstd:57.2,Bpos:97.9,Bstd:103.4,StrandBias:0.2,Multiplicity:1.08
0.001	0.617	0.108	0.274
0.109	0.254	0.146	0.491
0.864	0.001	0.001	0.134
0.006	0.001	0.992	0.001
0.642	0.158	0.199	0.001
0.461	0.001	0.099	0.438
0.997	0.001	0.001	0.001
0.001	0.066	0.001	0.932
0.535	0.184	0.055	0.226
0.035	0.297	0.001	0.667
>AAAAATAMTT	7-AAAAATAMTT	8.592145	-32.626321	0	T:117.0(7.64%),B:2461.2(3.47%),P:1e-14	Tpos:96.0,Tstd:58.8,Bpos:97.5,Bstd:131.3,StrandBias:0.4,Multiplicity:1.07
0.609	0.094	0.296	0.001
0.647	0.127	0.117	0.109
0.824	0.001	0.106	0.069
0.874	0.035	0.065	0.026
0.714	0.089	0.001	0.196
0.260	0.132	0.001	0.607
0.829	0.001	0.169	0.001
0.372	0.503	0.049	0.076
0.001	0.001	0.062	0.936
0.338	0.010	0.063	0.589
>ATATTTATTT	8-ATATTTATTT	9.028753	-32.128596	0	T:132.0(8.62%),B:2955.3(4.17%),P:1e-13	Tpos:104.3,Tstd:56.0,Bpos:101.9,Bstd:127.4,StrandBias:-0.1,Multiplicity:1.07
0.617	0.001	0.045	0.337
0.001	0.001	0.037	0.961
0.895	0.001	0.032	0.072
0.001	0.124	0.001	0.874
0.030	0.001	0.029	0.940
0.030	0.001	0.001	0.968
0.868	0.021	0.110	0.001
0.001	0.001	0.001	0.997
0.001	0.042	0.031	0.926
0.026	0.001	0.001	0.972
>TTCGAGGAGC	9-TTCGAGGAGC	10.012762	-31.210417	0	T:20.0(1.31%),B:89.7(0.13%),P:1e-13	Tpos:94.2,Tstd:51.4,Bpos:89.1,Bstd:69.8,StrandBias:0.5,Multiplicity:1.00
0.001	0.001	0.001	0.997
0.001	0.001	0.001	0.997
0.001	0.997	0.001	0.001
0.033	0.001	0.965	0.001
0.845	0.001	0.068	0.086
0.001	0.001	0.931	0.067
0.050	0.068	0.814	0.068
0.680	0.171	0.087	0.062
0.086	0.001	0.912	0.001
0.001	0.912	0.001	0.086
>AAGCTACAAG	10-AAGCTACAAG	7.037502	-30.811843	0	T:121.0(7.90%),B:2657.0(3.74%),P:1e-13	Tpos:95.3,Tstd:56.8,Bpos:99.9,Bstd:80.4,StrandBias:-0.1,Multiplicity:1.03
0.826	0.058	0.067	0.049
0.739	0.131	0.037	0.093
0.065	0.078	0.762	0.095
0.090	0.841	0.050	0.019
0.089	0.088	0.065	0.758
0.818	0.096	0.030	0.056
0.071	0.801	0.053	0.075
0.825	0.067	0.073	0.035
0.811	0.075	0.026	0.088
0.041	0.091	0.825	0.043
>TAGGCCTAAA	11-TAGGCCTAAA	9.301635	-29.977637	0	T:34.0(2.22%),B:318.5(0.45%),P:1e-13	Tpos:86.8,Tstd:53.4,Bpos:97.4,Bstd:75.7,StrandBias:-0.3,Multiplicity:1.03
0.045	0.001	0.001	0.953
0.966	0.032	0.001	0.001
0.001	0.032	0.966	0.001
0.035	0.031	0.933	0.001
0.042	0.956	0.001	0.001
0.001	0.980	0.001	0.018
0.001	0.001	0.001	0.997
0.921	0.001	0.001	0.077
0.563	0.323	0.043	0.071
0.829	0.094	0.026	0.051
>CAGTTTCTAC	12-CAGTTTCTAC	7.479880	-26.574052	0	T:85.0(5.55%),B:1697.5(2.39%),P:1e-11	Tpos:102.5,Tstd:56.6,Bpos:97.7,Bstd:76.5,StrandBias:-0.3,Multiplicity:1.06
0.158	0.758	0.073	0.011
0.751	0.108	0.097	0.044
0.071	0.044	0.830	0.055
0.098	0.157	0.001	0.744
0.016	0.001	0.001	0.982
0.074	0.187	0.014	0.725
0.002	0.934	0.040	0.024
0.014	0.060	0.159	0.767
0.697	0.001	0.160	0.142
0.001	0.830	0.168	0.001
>ATATTGCAAT	13-ATATTGCAAT	8.215599	-21.899384	0	T:119.0(7.77%),B:2993.0(4.22%),P:1e-9	Tpos:98.8,Tstd:56.8,Bpos:100.4,Bstd:122.7,StrandBias:0.0,Multiplicity:1.04
0.783	0.001	0.036	0.180
0.076	0.001	0.001	0.922
0.559	0.067	0.088	0.286
0.001	0.057	0.001	0.941
0.195	0.001	0.001	0.803
0.023	0.060	0.916	0.001
0.001	0.932	0.001	0.066
0.675	0.093	0.053	0.179
0.729	0.082	0.095	0.094
0.001	0.075	0.001	0.923
>GGGGGGGGGS	14-GGGGGGGGGS	6.592580	-19.738635	0	T:77.0(5.03%),B:1702.6(2.40%),P:1e-8	Tpos:94.3,Tstd:55.9,Bpos:98.8,Bstd:58.9,StrandBias:-0.8,Multiplicity:1.16
0.230	0.100	0.600	0.070
0.220	0.002	0.578	0.200
0.064	0.001	0.839	0.096
0.197	0.001	0.800	0.002
0.103	0.002	0.816	0.079
0.001	0.024	0.974	0.001
0.219	0.050	0.730	0.001
0.151	0.032	0.659	0.158
0.088	0.141	0.673	0.098
0.124	0.396	0.360	0.120
>ASATASATAS	15-ASATASATAS	8.263200	-18.280272	0	T:31.0(2.02%),B:427.9(0.60%),P:1e-7	Tpos:106.0,Tstd:48.8,Bpos:95.5,Bstd:152.8,StrandBias:0.2,Multiplicity:1.55
0.640	0.236	0.055	0.069
0.001	0.488	0.510	0.001
0.474	0.256	0.057	0.213
0.155	0.001	0.138	0.706
0.752	0.128	0.112	0.008
0.095	0.458	0.373	0.074
0.545	0.203	0.189	0.063
0.034	0.001	0.316	0.649
0.742	0.205	0.043	0.010
0.001	0.472	0.460	0.067
>CTAGCTGGGA	16-CTAGCTGGGA	10.296193	-14.369856	0	T:5.0(0.33%),B:7.3(0.01%),P:1e-6	Tpos:72.7,Tstd:47.0,Bpos:84.7,Bstd:30.6,StrandBias:0.0,Multiplicity:1.20
0.100	0.700	0.100	0.100
0.100	0.100	0.100	0.700
0.700	0.100	0.100	0.100
0.100	0.100	0.700	0.100
0.100	0.700	0.100	0.100
0.100	0.100	0.100	0.700
0.100	0.100	0.700	0.100
0.100	0.100	0.700	0.100
0.100	0.100	0.700	0.100
0.700	0.100	0.100	0.100
>AGCGTCATAA	17-AGCGTCATAA	10.296193	-14.369856	0	T:5.0(0.33%),B:7.6(0.01%),P:1e-6	Tpos:105.6,Tstd:41.5,Bpos:107.6,Bstd:36.5,StrandBias:-0.6,Multiplicity:1.00
0.700	0.100	0.100	0.100
0.100	0.100	0.700	0.100
0.100	0.700	0.100	0.100
0.100	0.100	0.700	0.100
0.100	0.100	0.100	0.700
0.100	0.700	0.100	0.100
0.700	0.100	0.100	0.100
0.100	0.100	0.100	0.700
0.700	0.100	0.100	0.100
0.700	0.100	0.100	0.100
>GTVTGTSTGT	18-GTVTGTSTGT	8.166378	-14.062479	0	T:111.0(7.25%),B:3174.3(4.47%),P:1e-6	Tpos:89.9,Tstd:54.8,Bpos:99.3,Bstd:77.2,StrandBias:-0.2,Multiplicity:1.12
0.245	0.001	0.753	0.001
0.001	0.001	0.049	0.949
0.218	0.319	0.367	0.096
0.062	0.392	0.001	0.545
0.182	0.001	0.781	0.036
0.011	0.001	0.001	0.987
0.246	0.275	0.417	0.062
0.119	0.331	0.001	0.549
0.001	0.001	0.997	0.001
0.001	0.064	0.001	0.934
>GASAGACAGA	19-GASAGACAGA	10.466802	-13.638325	0	T:31.0(2.02%),B:531.2(0.75%),P:1e-5	Tpos:97.7,Tstd:58.7,Bpos:92.4,Bstd:80.9,StrandBias:0.8,Multiplicity:1.35
0.058	0.207	0.734	0.001
0.997	0.001	0.001	0.001
0.001	0.441	0.434	0.124
0.997	0.001	0.001	0.001
0.001	0.022	0.976	0.001
0.997	0.001	0.001	0.001
0.001	0.540	0.207	0.252
0.971	0.001	0.001	0.027
0.001	0.214	0.784	0.001
0.923	0.075	0.001	0.001
>GGAGAGGGAK	20-GGAGAGGGAK	9.046681	-10.969031	0	T:18.0(1.18%),B:254.3(0.36%),P:1e-4	Tpos:100.8,Tstd:56.7,Bpos:104.1,Bstd:76.1,StrandBias:-0.7,Multiplicity:1.44
0.001	0.001	0.775	0.223
0.262	0.218	0.428	0.092
0.890	0.001	0.001	0.108
0.202	0.001	0.771	0.026
0.835	0.163	0.001	0.001
0.001	0.001	0.997	0.001
0.001	0.001	0.997	0.001
0.175	0.201	0.623	0.001
0.773	0.001	0.001	0.225
0.005	0.089	0.422	0.483
>TTATTACTAC	21-TTATTACTAC	9.998501	-10.239810	0	T:27.0(1.76%),B:515.5(0.73%),P:1e-4	Tpos:124.4,Tstd:33.4,Bpos:108.0,Bstd:147.8,StrandBias:-0.0,Multiplicity:1.00
0.066	0.020	0.020	0.894
0.001	0.084	0.073	0.842
0.572	0.392	0.001	0.035
0.033	0.001	0.001	0.965
0.031	0.178	0.115	0.676
0.903	0.036	0.060	0.001
0.004	0.667	0.001	0.328
0.001	0.067	0.028	0.904
0.871	0.029	0.001	0.099
0.005	0.598	0.011	0.386
>GTTGYTGTTG	22-GTTGYTGTTG	8.986812	-9.953658	0	T:15.0(0.98%),B:201.1(0.28%),P:1e-4	Tpos:119.0,Tstd:45.5,Bpos:99.4,Bstd:51.8,StrandBias:1.1,Multiplicity:1.20
0.001	0.001	0.997	0.001
0.001	0.001	0.001	0.997
0.001	0.001	0.001	0.997
0.001	0.001	0.997	0.001
0.001	0.434	0.001	0.564
0.001	0.001	0.018	0.980
0.001	0.001	0.997	0.001
0.001	0.001	0.001	0.997
0.001	0.001	0.001	0.997
0.001	0.001	0.997	0.001
>GATGATGATG	23-GATGATGATG	10.661026	-8.547723	0	T:15.0(0.98%),B:229.8(0.32%),P:1e-3	Tpos:66.2,Tstd:45.8,Bpos:92.8,Bstd:154.0,StrandBias:1.2,Multiplicity:1.53
0.001	0.001	0.997	0.001
0.997	0.001	0.001	0.001
0.001	0.001	0.001	0.997
0.001	0.001	0.973	0.025
0.972	0.001	0.026	0.001
0.058	0.001	0.001	0.940
0.001	0.001	0.945	0.053
0.900	0.001	0.074	0.025
0.001	0.001	0.001	0.997
0.001	0.027	0.971	0.001
>CGACGACGAC	24-CGACGACGAC	10.417191	-8.474807	0	T:7.0(0.46%),B:54.1(0.08%),P:1e-3	Tpos:55.8,Tstd:32.2,Bpos:92.3,Bstd:45.6,StrandBias:1.7,Multiplicity:1.00
0.001	0.997	0.001	0.001
0.001	0.001	0.997	0.001
0.997	0.001	0.001	0.001
0.001	0.997	0.001	0.001
0.001	0.001	0.855	0.143
0.658	0.001	0.340	0.001
0.001	0.997	0.001	0.001
0.001	0.001	0.997	0.001
0.997	0.001	0.001	0.001
0.112	0.886	0.001	0.001
>CTCGACCCCC	25-CTCGACCCCC	12.069810	-6.554699	0	T:3.0(0.20%),B:10.5(0.01%),P:1e-2	Tpos:128.6,Tstd:37.8,Bpos:104.3,Bstd:48.9,StrandBias:-2.6,Multiplicity:2.33
0.001	0.997	0.001	0.001
0.171	0.001	0.001	0.827
0.001	0.997	0.001	0.001
0.001	0.001	0.997	0.001
0.997	0.001	0.001	0.001
0.001	0.997	0.001	0.001
0.001	0.997	0.001	0.001
0.001	0.997	0.001	0.001
0.001	0.997	0.001	0.001
0.001	0.997	0.001	0.001
