>AATTTTKB	1-AATTTTKB	6.027904	-90.634272	0	T:801.0(52.32%),B:25355.3(35.74%),P:1e-39	Tpos:103.8,Tstd:57.0,Bpos:100.0,Bstd:122.8,StrandBias:0.0,Multiplicity:1.29
0.540	0.069	0.234	0.157
0.518	0.001	0.227	0.254
0.156	0.045	0.238	0.561
0.001	0.001	0.001	0.997
0.001	0.001	0.001	0.997
0.001	0.001	0.001	0.997
0.075	0.001	0.424	0.500
0.154	0.248	0.280	0.319
>AAAAAWTT	2-AAAAAWTT	7.435863	-77.730322	0	T:495.0(32.33%),B:13602.3(19.17%),P:1e-33	Tpos:97.9,Tstd:55.7,Bpos:99.5,Bstd:139.1,StrandBias:-0.1,Multiplicity:1.30
0.682	0.150	0.167	0.001
0.997	0.001	0.001	0.001
0.997	0.001	0.001	0.001
0.997	0.001	0.001	0.001
0.832	0.001	0.001	0.166
0.527	0.001	0.001	0.471
0.279	0.001	0.001	0.719
0.232	0.001	0.086	0.681
>ADATTTCT	3-ADATTTCT	5.590143	-68.661100	0	T:953.0(62.25%),B:33817.4(47.67%),P:1e-29	Tpos:100.1,Tstd:55.8,Bpos:98.9,Bstd:112.7,StrandBias:-0.2,Multiplicity:1.30
0.684	0.220	0.001	0.095
0.355	0.001	0.251	0.393
0.547	0.001	0.125	0.327
0.001	0.001	0.001	0.997
0.046	0.001	0.001	0.952
0.034	0.001	0.182	0.783
0.097	0.761	0.057	0.085
0.001	0.022	0.052	0.925
>WAATTTTT	4-WAATTTTT	6.666430	-67.899944	0	T:615.0(40.17%),B:18970.4(26.74%),P:1e-29	Tpos:101.9,Tstd:55.5,Bpos:98.5,Bstd:120.7,StrandBias:-0.0,Multiplicity:1.15
0.521	0.001	0.064	0.414
0.584	0.412	0.001	0.003
0.772	0.226	0.001	0.001
0.194	0.071	0.263	0.473
0.001	0.001	0.002	0.996
0.001	0.171	0.006	0.822
0.001	0.001	0.107	0.891
0.201	0.035	0.266	0.498
>ACTTTTCG	5-ACTTTTCG	5.258604	-57.053971	0	T:592.0(38.67%),B:18781.7(26.47%),P:1e-24	Tpos:97.2,Tstd:56.4,Bpos:99.3,Bstd:101.4,StrandBias:-0.1,Multiplicity:1.16
0.823	0.067	0.072	0.038
0.117	0.637	0.170	0.076
0.102	0.078	0.051	0.769
0.030	0.020	0.042	0.908
0.067	0.086	0.127	0.720
0.083	0.093	0.035	0.789
0.164	0.642	0.136	0.058
0.115	0.114	0.720	0.051
>AAATTTCA	6-AAATTTCA	6.402590	-52.503377	0	T:491.0(32.07%),B:14995.8(21.14%),P:1e-22	Tpos:96.6,Tstd:55.1,Bpos:99.9,Bstd:116.6,StrandBias:-0.2,Multiplicity:1.19
0.997	0.001	0.001	0.001
0.835	0.001	0.070	0.094
0.805	0.086	0.108	0.001
0.018	0.087	0.034	0.861
0.114	0.001	0.023	0.862
0.001	0.001	0.020	0.978
0.080	0.822	0.078	0.020
0.863	0.087	0.009	0.041
>ACGATTTT	7-ACGATTTT	5.837266	-46.197028	0	T:430.0(28.09%),B:13017.3(18.35%),P:1e-20	Tpos:100.9,Tstd:53.4,Bpos:101.3,Bstd:108.4,StrandBias:-0.1,Multiplicity:1.14
0.841	0.001	0.041	0.117
0.049	0.857	0.001	0.093
0.039	0.110	0.776	0.075
0.906	0.001	0.048	0.045
0.071	0.085	0.026	0.818
0.058	0.001	0.029	0.912
0.054	0.001	0.001	0.944
0.024	0.001	0.022	0.953
>TAGGCCTA	8-TAGGCCTA	8.236954	-29.554653	0	T:29.0(1.89%),B:232.7(0.33%),P:1e-12	Tpos:89.0,Tstd:49.2,Bpos:96.7,Bstd:65.1,StrandBias:0.0,Multiplicity:1.04
0.100	0.100	0.100	0.700
0.700	0.100	0.100	0.100
0.100	0.100	0.700	0.100
0.100	0.100	0.700	0.100
0.100	0.700	0.100	0.100
0.100	0.700	0.100	0.100
0.100	0.100	0.100	0.700
0.700	0.100	0.100	0.100
>ATATCTTG	9-ATATCTTG	3.539889	-26.751834	0	T:182.0(11.89%),B:4934.5(6.96%),P:1e-11	Tpos:92.6,Tstd:58.1,Bpos:100.4,Bstd:100.8,StrandBias:0.2,Multiplicity:1.11
0.997	0.001	0.001	0.001
0.001	0.276	0.001	0.722
0.655	0.001	0.001	0.343
0.001	0.001	0.001	0.997
0.001	0.997	0.001	0.001
0.001	0.001	0.001	0.997
0.183	0.001	0.001	0.815
0.001	0.001	0.997	0.001
>GGGGGGGG	10-GGGGGGGG	7.842657	-18.830962	0	T:45.0(2.94%),B:777.6(1.10%),P:1e-8	Tpos:88.4,Tstd:56.3,Bpos:99.2,Bstd:59.6,StrandBias:-1.0,Multiplicity:1.24
0.038	0.019	0.847	0.096
0.014	0.001	0.984	0.001
0.032	0.001	0.966	0.001
0.045	0.001	0.953	0.001
0.069	0.001	0.929	0.001
0.056	0.029	0.914	0.001
0.018	0.026	0.955	0.001
0.041	0.029	0.841	0.089
>TATATATA	11-TATATATA	8.236954	-15.594998	0	T:35.0(2.29%),B:589.3(0.83%),P:1e-6	Tpos:88.0,Tstd:52.2,Bpos:102.1,Bstd:122.9,StrandBias:0.0,Multiplicity:1.31
0.100	0.100	0.100	0.700
0.700	0.100	0.100	0.100
0.100	0.100	0.100	0.700
0.700	0.100	0.100	0.100
0.100	0.100	0.100	0.700
0.700	0.100	0.100	0.100
0.100	0.100	0.100	0.700
0.700	0.100	0.100	0.100
>ACTCGGGC	12-ACTCGGGC	7.375395	-15.235804	0	T:51.0(3.33%),B:1064.2(1.50%),P:1e-6	Tpos:105.7,Tstd:58.4,Bpos:97.1,Bstd:66.4,StrandBias:1.0,Multiplicity:1.08
0.811	0.115	0.013	0.061
0.057	0.941	0.001	0.001
0.078	0.001	0.001	0.920
0.001	0.796	0.156	0.047
0.001	0.001	0.792	0.206
0.001	0.001	0.997	0.001
0.001	0.194	0.736	0.069
0.001	0.997	0.001	0.001
>TTGCAACA	13-TTGCAACA	7.004603	-14.056647	0	T:158.0(10.32%),B:4943.6(6.97%),P:1e-6	Tpos:98.4,Tstd:62.1,Bpos:99.0,Bstd:99.8,StrandBias:0.1,Multiplicity:1.08
0.001	0.282	0.001	0.716
0.001	0.049	0.001	0.949
0.001	0.001	0.997	0.001
0.001	0.997	0.001	0.001
0.997	0.001	0.001	0.001
0.928	0.070	0.001	0.001
0.001	0.508	0.308	0.183
0.851	0.147	0.001	0.001
>CAGACAGA	14-CAGACAGA	7.139217	-12.931542	0	T:100.0(6.53%),B:2850.4(4.02%),P:1e-5	Tpos:99.5,Tstd:56.5,Bpos:97.9,Bstd:84.7,StrandBias:-0.2,Multiplicity:1.49
0.001	0.997	0.001	0.001
0.944	0.001	0.054	0.001
0.001	0.124	0.874	0.001
0.929	0.069	0.001	0.001
0.001	0.819	0.001	0.179
0.997	0.001	0.001	0.001
0.001	0.001	0.997	0.001
0.997	0.001	0.001	0.001
>GTAGCGCT	15-GTAGCGCT	7.915016	-11.712206	0	T:24.0(1.57%),B:392.0(0.55%),P:1e-5	Tpos:115.4,Tstd:53.1,Bpos:101.0,Bstd:65.3,StrandBias:-0.7,Multiplicity:1.00
0.001	0.001	0.997	0.001
0.001	0.001	0.001	0.997
0.997	0.001	0.001	0.001
0.001	0.001	0.709	0.289
0.001	0.997	0.001	0.001
0.001	0.001	0.997	0.001
0.001	0.997	0.001	0.001
0.001	0.001	0.060	0.938
>GAGAGAGA	16-GAGAGAGA	8.091492	-8.554896	0	T:90.0(5.88%),B:2813.4(3.97%),P:1e-3	Tpos:99.2,Tstd:57.8,Bpos:97.8,Bstd:92.6,StrandBias:0.7,Multiplicity:1.98
0.001	0.001	0.657	0.341
0.997	0.001	0.001	0.001
0.001	0.001	0.718	0.280
0.997	0.001	0.001	0.001
0.001	0.001	0.680	0.318
0.997	0.001	0.001	0.001
0.001	0.001	0.695	0.303
0.997	0.001	0.001	0.001
>ATGATGAT	17-ATGATGAT	8.957358	-8.518123	0	T:51.0(3.33%),B:1375.8(1.94%),P:1e-3	Tpos:75.2,Tstd:46.5,Bpos:93.3,Bstd:112.4,StrandBias:0.4,Multiplicity:1.20
0.997	0.001	0.001	0.001
0.001	0.001	0.001	0.997
0.001	0.001	0.997	0.001
0.997	0.001	0.001	0.001
0.001	0.001	0.001	0.997
0.001	0.001	0.997	0.001
0.877	0.121	0.001	0.001
0.001	0.001	0.001	0.997
>ATACATAC	18-ATACATAC	8.236954	-5.909207	0	T:39.0(2.55%),B:1111.0(1.57%),P:1e-2	Tpos:103.9,Tstd:49.3,Bpos:100.6,Bstd:132.2,StrandBias:0.1,Multiplicity:8.82
0.700	0.100	0.100	0.100
0.100	0.100	0.100	0.700
0.700	0.100	0.100	0.100
0.100	0.700	0.100	0.100
0.700	0.100	0.100	0.100
0.100	0.100	0.100	0.700
0.700	0.100	0.100	0.100
0.100	0.700	0.100	0.100
>TAATAATA	19-TAATAATA	9.218362	-5.466237	0	T:72.0(4.70%),B:2408.8(3.40%),P:1e-2	Tpos:112.1,Tstd:45.7,Bpos:103.6,Bstd:145.6,StrandBias:0.2,Multiplicity:1.00
0.001	0.001	0.001	0.997
0.997	0.001	0.001	0.001
0.795	0.001	0.203	0.001
0.001	0.001	0.001	0.997
0.997	0.001	0.001	0.001
0.801	0.001	0.001	0.197
0.001	0.001	0.001	0.997
0.997	0.001	0.001	0.001
>CGTGYGTG	20-CGTGYGTG	6.392739	-4.938303	0	T:106.0(6.92%),B:3850.4(5.43%),P:1e-2	Tpos:95.6,Tstd:48.7,Bpos:100.3,Bstd:68.2,StrandBias:0.1,Multiplicity:1.21
0.001	0.891	0.001	0.107
0.001	0.001	0.997	0.001
0.001	0.001	0.157	0.841
0.001	0.001	0.841	0.157
0.001	0.440	0.068	0.490
0.001	0.001	0.997	0.001
0.001	0.001	0.037	0.961
0.001	0.001	0.894	0.104
>GTTGTTGT	21-GTTGTTGT	8.236954	-2.042530	0	T:32.0(2.09%),B:1195.7(1.69%),P:1e0	Tpos:114.5,Tstd:46.8,Bpos:99.6,Bstd:68.0,StrandBias:0.6,Multiplicity:1.13
0.100	0.100	0.700	0.100
0.100	0.100	0.100	0.700
0.100	0.100	0.100	0.700
0.100	0.100	0.700	0.100
0.100	0.100	0.100	0.700
0.100	0.100	0.100	0.700
0.100	0.100	0.700	0.100
0.100	0.100	0.100	0.700
