>AAATTTKAAANT	1-AAATTTKAAANT	6.095680	-82.267519	0	T:626.0(40.89%),B:18508.5(26.09%),P:1e-35	Tpos:97.1,Tstd:54.8,Bpos:100.5,Bstd:129.1,StrandBias:-0.1,Multiplicity:1.32
0.722	0.014	0.084	0.180
0.719	0.055	0.007	0.219
0.517	0.100	0.136	0.247
0.225	0.161	0.089	0.525
0.189	0.070	0.123	0.618
0.001	0.002	0.063	0.934
0.158	0.186	0.354	0.302
0.560	0.063	0.113	0.264
0.473	0.161	0.142	0.224
0.533	0.131	0.177	0.159
0.242	0.187	0.290	0.281
0.274	0.126	0.114	0.486
>DDRMAAATTTTK	2-DDRMAAATTTTK	7.428519	-79.421990	0	T:403.0(26.32%),B:10104.0(14.24%),P:1e-34	Tpos:101.0,Tstd:56.1,Bpos:101.8,Bstd:129.7,StrandBias:-0.0,Multiplicity:1.11
0.372	0.001	0.341	0.286
0.384	0.029	0.260	0.327
0.364	0.155	0.273	0.208
0.540	0.394	0.050	0.016
0.692	0.077	0.001	0.230
0.583	0.066	0.114	0.237
0.533	0.031	0.079	0.357
0.001	0.137	0.111	0.751
0.076	0.001	0.038	0.885
0.079	0.001	0.001	0.919
0.001	0.005	0.005	0.989
0.001	0.249	0.401	0.349
>TTKADRAAAMTT	3-TTKADRAAAMTT	6.687056	-64.653952	0	T:507.0(33.12%),B:14828.3(20.90%),P:1e-28	Tpos:99.5,Tstd:54.5,Bpos:98.8,Bstd:110.1,StrandBias:0.3,Multiplicity:1.19
0.170	0.191	0.001	0.638
0.142	0.001	0.195	0.662
0.055	0.145	0.436	0.363
0.563	0.176	0.008	0.253
0.218	0.084	0.344	0.354
0.334	0.169	0.426	0.071
0.939	0.001	0.001	0.059
0.963	0.035	0.001	0.001
0.891	0.092	0.016	0.001
0.401	0.316	0.117	0.166
0.030	0.344	0.090	0.536
0.149	0.104	0.278	0.468
>YAYAYAYATATA	4-YAYAYAYATATA	9.882372	-55.423942	0	T:23.0(1.50%),B:41.0(0.06%),P:1e-24	Tpos:87.2,Tstd:51.1,Bpos:103.0,Bstd:141.7,StrandBias:0.0,Multiplicity:1.35
0.075	0.316	0.214	0.396
0.669	0.108	0.081	0.142
0.070	0.341	0.169	0.420
0.758	0.076	0.059	0.107
0.094	0.311	0.164	0.430
0.781	0.096	0.026	0.097
0.071	0.287	0.238	0.404
0.800	0.094	0.057	0.049
0.056	0.278	0.181	0.485
0.729	0.128	0.044	0.099
0.066	0.274	0.173	0.486
0.742	0.094	0.059	0.105
>BAKABAKAYATA	5-BAKABAKAYATA	8.712005	-50.784243	0	T:58.0(3.79%),B:533.7(0.75%),P:1e-22	Tpos:105.0,Tstd:49.4,Bpos:101.4,Bstd:145.0,StrandBias:0.1,Multiplicity:1.53
0.093	0.318	0.313	0.276
0.688	0.083	0.060	0.169
0.128	0.081	0.376	0.416
0.817	0.052	0.038	0.093
0.122	0.283	0.224	0.370
0.793	0.093	0.056	0.058
0.149	0.076	0.364	0.411
0.782	0.068	0.040	0.110
0.106	0.253	0.239	0.402
0.758	0.090	0.052	0.100
0.095	0.046	0.343	0.516
0.807	0.027	0.044	0.122
>TTTTTAATTTTT	6-TTTTTAATTTTT	6.730712	-48.560966	0	T:416.0(27.17%),B:12306.3(17.35%),P:1e-21	Tpos:100.6,Tstd:55.0,Bpos:97.9,Bstd:143.7,StrandBias:0.1,Multiplicity:1.33
0.135	0.102	0.097	0.666
0.114	0.108	0.094	0.684
0.116	0.099	0.081	0.704
0.128	0.123	0.105	0.644
0.148	0.118	0.110	0.624
0.632	0.110	0.121	0.137
0.662	0.101	0.100	0.137
0.153	0.097	0.110	0.640
0.136	0.089	0.087	0.688
0.117	0.088	0.076	0.719
0.107	0.109	0.095	0.689
0.126	0.110	0.115	0.649
>MATGTAGGCCTA	7-MATGTAGGCCTA	9.018596	-42.400071	0	T:48.0(3.14%),B:440.4(0.62%),P:1e-18	Tpos:90.6,Tstd:46.6,Bpos:99.1,Bstd:74.6,StrandBias:-0.2,Multiplicity:1.02
0.360	0.309	0.191	0.140
0.571	0.174	0.254	0.001
0.099	0.101	0.115	0.685
0.266	0.038	0.550	0.146
0.001	0.038	0.001	0.960
0.961	0.001	0.001	0.037
0.169	0.001	0.829	0.001
0.038	0.001	0.847	0.114
0.077	0.675	0.038	0.210
0.154	0.844	0.001	0.001
0.022	0.077	0.109	0.792
0.923	0.001	0.038	0.038
>TTTTTGCTCAAA	8-TTTTTGCTCAAA	9.161027	-38.712214	0	T:85.0(5.55%),B:1355.4(1.91%),P:1e-16	Tpos:106.9,Tstd:54.9,Bpos:95.8,Bstd:108.8,StrandBias:-0.3,Multiplicity:1.01
0.170	0.057	0.011	0.762
0.070	0.102	0.070	0.758
0.123	0.047	0.055	0.775
0.044	0.032	0.053	0.871
0.001	0.122	0.097	0.780
0.113	0.084	0.613	0.190
0.126	0.581	0.112	0.181
0.118	0.114	0.102	0.666
0.185	0.644	0.097	0.074
0.843	0.088	0.068	0.001
0.799	0.079	0.029	0.093
0.846	0.062	0.041	0.051
>AGAATTTTGGCC	9-AGAATTTTGGCC	13.545315	-35.693415	0	T:10.0(0.65%),B:6.8(0.01%),P:1e-15	Tpos:96.8,Tstd:50.4,Bpos:121.0,Bstd:50.5,StrandBias:-2.0,Multiplicity:1.00
0.891	0.107	0.001	0.001
0.001	0.001	0.891	0.107
0.891	0.107	0.001	0.001
0.997	0.001	0.001	0.001
0.001	0.001	0.107	0.891
0.077	0.001	0.001	0.921
0.001	0.001	0.001	0.997
0.001	0.107	0.001	0.891
0.001	0.001	0.997	0.001
0.059	0.001	0.832	0.108
0.001	0.891	0.001	0.107
0.001	0.997	0.001	0.001
>TTCTTGATTTTG	10-TTCTTGATTTTG	14.836390	-35.409873	0	T:7.0(0.46%),B:0.0(0.00%),P:1e-15	Tpos:90.8,Tstd:50.2,Bpos:0.0,Bstd:0.0,StrandBias:0.0,Multiplicity:1.00
0.001	0.001	0.001	0.997
0.001	0.001	0.001	0.997
0.001	0.997	0.001	0.001
0.001	0.001	0.001	0.997
0.001	0.001	0.001	0.997
0.001	0.001	0.997	0.001
0.997	0.001	0.001	0.001
0.001	0.001	0.001	0.997
0.001	0.001	0.001	0.997
0.001	0.001	0.001	0.997
0.171	0.001	0.001	0.827
0.001	0.001	0.997	0.001
>CTGCCGATCGGG	11-CTGCCGATCGGG	11.241385	-24.828109	0	T:8.0(0.52%),B:8.7(0.01%),P:1e-10	Tpos:105.7,Tstd:54.3,Bpos:117.4,Bstd:48.8,StrandBias:-1.4,Multiplicity:1.12
0.001	0.764	0.001	0.234
0.018	0.001	0.018	0.963
0.235	0.291	0.473	0.001
0.001	0.764	0.234	0.001
0.001	0.489	0.234	0.276
0.001	0.001	0.997	0.001
0.764	0.234	0.001	0.001
0.001	0.018	0.001	0.980
0.234	0.764	0.001	0.001
0.276	0.234	0.489	0.001
0.001	0.001	0.997	0.001
0.001	0.271	0.727	0.001
>CCAAACCCSATA	12-CCAAACCCSATA	10.449072	-23.152193	0	T:18.0(1.18%),B:110.9(0.16%),P:1e-10	Tpos:94.7,Tstd:59.5,Bpos:118.9,Bstd:90.8,StrandBias:0.3,Multiplicity:1.06
0.271	0.627	0.101	0.001
0.001	0.990	0.001	0.008
0.997	0.001	0.001	0.001
0.797	0.001	0.101	0.101
0.997	0.001	0.001	0.001
0.001	0.997	0.001	0.001
0.001	0.797	0.101	0.101
0.079	0.915	0.005	0.001
0.101	0.430	0.368	0.101
0.882	0.001	0.001	0.116
0.302	0.101	0.001	0.596
0.797	0.001	0.101	0.101
>GGGGGGGGGGGG	13-GGGGGGGGGGGG	6.750590	-20.883119	0	T:57.0(3.72%),B:1057.0(1.49%),P:1e-9	Tpos:93.7,Tstd:53.6,Bpos:99.1,Bstd:56.9,StrandBias:-1.0,Multiplicity:1.07
0.093	0.086	0.689	0.132
0.128	0.106	0.625	0.141
0.138	0.113	0.618	0.131
0.183	0.105	0.595	0.117
0.124	0.062	0.665	0.149
0.108	0.061	0.670	0.161
0.101	0.104	0.695	0.100
0.090	0.085	0.746	0.079
0.109	0.062	0.719	0.110
0.137	0.087	0.660	0.116
0.124	0.090	0.665	0.121
0.116	0.119	0.654	0.111
>AAAATGACAAGA	14-AAAATGACAAGA	12.355432	-20.544254	0	T:5.0(0.33%),B:2.3(0.00%),P:1e-8	Tpos:68.8,Tstd:22.6,Bpos:76.3,Bstd:56.2,StrandBias:-2.0,Multiplicity:1.00
0.700	0.100	0.100	0.100
0.700	0.100	0.100	0.100
0.700	0.100	0.100	0.100
0.700	0.100	0.100	0.100
0.100	0.100	0.100	0.700
0.100	0.100	0.700	0.100
0.700	0.100	0.100	0.100
0.100	0.700	0.100	0.100
0.700	0.100	0.100	0.100
0.700	0.100	0.100	0.100
0.100	0.100	0.700	0.100
0.700	0.100	0.100	0.100
>TCACTACTGAAG	15-TCACTACTGAAG	12.355432	-18.534830	0	T:5.0(0.33%),B:3.6(0.01%),P:1e-8	Tpos:130.4,Tstd:44.7,Bpos:119.4,Bstd:29.4,StrandBias:0.6,Multiplicity:1.00
0.100	0.100	0.100	0.700
0.100	0.700	0.100	0.100
0.700	0.100	0.100	0.100
0.100	0.700	0.100	0.100
0.100	0.100	0.100	0.700
0.700	0.100	0.100	0.100
0.100	0.700	0.100	0.100
0.100	0.100	0.100	0.700
0.100	0.100	0.700	0.100
0.700	0.100	0.100	0.100
0.700	0.100	0.100	0.100
0.100	0.100	0.700	0.100
>KATKATKATKAT	16-KATKATKATKAT	9.289761	-16.114878	0	T:25.0(1.63%),B:325.2(0.46%),P:1e-6	Tpos:86.4,Tstd:47.6,Bpos:100.4,Bstd:168.0,StrandBias:0.0,Multiplicity:1.16
0.167	0.042	0.409	0.383
0.673	0.016	0.130	0.181
0.231	0.083	0.043	0.643
0.056	0.015	0.455	0.473
0.650	0.016	0.146	0.188
0.101	0.059	0.001	0.839
0.088	0.044	0.452	0.417
0.561	0.009	0.124	0.306
0.255	0.074	0.023	0.648
0.047	0.043	0.519	0.391
0.713	0.014	0.215	0.058
0.161	0.166	0.045	0.628
>ATACTACACTAA	17-ATACTACACTAA	14.836390	-16.016478	0	T:5.0(0.33%),B:5.1(0.01%),P:1e-6	Tpos:114.7,Tstd:67.0,Bpos:120.9,Bstd:35.6,StrandBias:0.0,Multiplicity:1.20
0.997	0.001	0.001	0.001
0.001	0.001	0.001	0.997
0.997	0.001	0.001	0.001
0.001	0.997	0.001	0.001
0.001	0.001	0.171	0.827
0.997	0.001	0.001	0.001
0.001	0.997	0.001	0.001
0.997	0.001	0.001	0.001
0.001	0.997	0.001	0.001
0.001	0.001	0.001	0.997
0.997	0.001	0.001	0.001
0.997	0.001	0.001	0.001
>TGTGTGTGTGTG	18-TGTGTGTGTGTG	10.714192	-15.767909	0	T:37.0(2.42%),B:639.8(0.90%),P:1e-6	Tpos:81.0,Tstd:47.7,Bpos:102.7,Bstd:92.0,StrandBias:-0.7,Multiplicity:1.10
0.037	0.001	0.001	0.961
0.104	0.086	0.755	0.055
0.052	0.103	0.001	0.844
0.198	0.072	0.687	0.043
0.052	0.082	0.001	0.865
0.001	0.054	0.851	0.094
0.001	0.001	0.001	0.997
0.063	0.041	0.736	0.160
0.001	0.119	0.001	0.879
0.184	0.001	0.725	0.090
0.001	0.175	0.001	0.823
0.001	0.001	0.937	0.061
>ASAGAGAGAGAG	19-ASAGAGAGAGAG	10.885922	-14.934600	0	T:28.0(1.83%),B:421.1(0.59%),P:1e-6	Tpos:99.9,Tstd:58.3,Bpos:91.3,Bstd:80.2,StrandBias:0.8,Multiplicity:1.25
0.863	0.011	0.102	0.024
0.128	0.412	0.459	0.001
0.937	0.024	0.038	0.001
0.061	0.194	0.729	0.016
0.924	0.024	0.051	0.001
0.029	0.226	0.732	0.013
0.960	0.001	0.001	0.038
0.040	0.322	0.618	0.020
0.877	0.001	0.108	0.014
0.074	0.274	0.628	0.024
0.931	0.001	0.054	0.014
0.171	0.280	0.473	0.077
>GTTGTTGTTGTT	20-GTTGTTGTTGTT	10.550837	-14.026443	0	T:14.0(0.91%),B:123.6(0.17%),P:1e-6	Tpos:120.3,Tstd:39.9,Bpos:102.3,Bstd:52.4,StrandBias:0.9,Multiplicity:1.21
0.066	0.001	0.932	0.001
0.001	0.001	0.001	0.997
0.001	0.001	0.001	0.997
0.001	0.001	0.997	0.001
0.034	0.001	0.001	0.964
0.001	0.001	0.001	0.997
0.001	0.037	0.961	0.001
0.001	0.001	0.001	0.997
0.001	0.047	0.001	0.951
0.001	0.001	0.997	0.001
0.001	0.001	0.001	0.997
0.001	0.040	0.037	0.922
>TACATCCCTTTC	21-TACATCCCTTTC	12.355432	-13.317942	0	T:3.0(0.20%),B:0.5(0.00%),P:1e-5	Tpos:100.4,Tstd:56.4,Bpos:16.0,Bstd:0.0,StrandBias:10.0,Multiplicity:2.33
0.100	0.100	0.100	0.700
0.700	0.100	0.100	0.100
0.100	0.700	0.100	0.100
0.700	0.100	0.100	0.100
0.100	0.100	0.100	0.700
0.100	0.700	0.100	0.100
0.100	0.700	0.100	0.100
0.100	0.700	0.100	0.100
0.100	0.100	0.100	0.700
0.100	0.100	0.100	0.700
0.100	0.100	0.100	0.700
0.100	0.700	0.100	0.100
>GATGWCGACGAY	22-GATGWCGACGAY	15.099698	-11.254628	0	T:3.0(0.20%),B:2.8(0.00%),P:1e-4	Tpos:130.0,Tstd:38.6,Bpos:102.7,Bstd:21.2,StrandBias:-1.0,Multiplicity:1.00
0.001	0.001	0.997	0.001
0.997	0.001	0.001	0.001
0.001	0.098	0.001	0.900
0.001	0.001	0.997	0.001
0.556	0.001	0.001	0.442
0.001	0.997	0.001	0.001
0.001	0.001	0.997	0.001
0.997	0.001	0.001	0.001
0.001	0.997	0.001	0.001
0.001	0.001	0.997	0.001
0.997	0.001	0.001	0.001
0.001	0.556	0.001	0.442
>CGACTGCGACGA	23-CGACTGCGACGA	13.266277	-10.054342	0	T:3.0(0.20%),B:3.9(0.01%),P:1e-4	Tpos:44.0,Tstd:28.7,Bpos:87.0,Bstd:26.4,StrandBias:1.6,Multiplicity:1.00
0.001	0.997	0.001	0.001
0.001	0.001	0.997	0.001
0.997	0.001	0.001	0.001
0.001	0.997	0.001	0.001
0.001	0.001	0.205	0.793
0.173	0.001	0.825	0.001
0.001	0.997	0.001	0.001
0.001	0.001	0.997	0.001
0.997	0.001	0.001	0.001
0.001	0.997	0.001	0.001
0.001	0.001	0.997	0.001
0.997	0.001	0.001	0.001
>CATCCATCCATC	24-CATCCATCCATC	13.875594	-9.123154	0	T:4.0(0.26%),B:11.7(0.02%),P:1e-3	Tpos:73.2,Tstd:55.4,Bpos:92.4,Bstd:59.4,StrandBias:-10.0,Multiplicity:1.00
0.084	0.865	0.001	0.050
0.915	0.001	0.083	0.001
0.001	0.083	0.001	0.915
0.001	0.997	0.001	0.001
0.084	0.831	0.001	0.084
0.997	0.001	0.001	0.001
0.001	0.001	0.001	0.997
0.001	0.915	0.001	0.083
0.084	0.831	0.001	0.084
0.915	0.001	0.001	0.083
0.001	0.001	0.001	0.997
0.001	0.845	0.001	0.153
>GATTTGATTTGA	25-GATTTGATTTGA	15.051313	-8.554032	0	T:3.0(0.20%),B:5.1(0.01%),P:1e-3	Tpos:100.5,Tstd:42.3,Bpos:74.6,Bstd:50.9,StrandBias:-2.3,Multiplicity:1.00
0.001	0.001	0.997	0.001
0.997	0.001	0.001	0.001
0.001	0.001	0.001	0.997
0.001	0.001	0.212	0.786
0.001	0.001	0.001	0.997
0.001	0.001	0.997	0.001
0.997	0.001	0.001	0.001
0.001	0.001	0.001	0.997
0.001	0.001	0.001	0.997
0.001	0.001	0.001	0.997
0.001	0.001	0.997	0.001
0.997	0.001	0.001	0.001
