>ACCACTCCATGC	11-ACCACTCCATGC,BestGuess:NKX2-2/MA1645.1/Jaspar(0.661)	11.622936	-39.950124	0	T:8.0(0.89%),B:1.8(0.01%),P:1e-17
0.890	0.055	0.033	0.022
0.155	0.706	0.066	0.073
0.132	0.769	0.055	0.044
0.727	0.088	0.077	0.108
0.152	0.665	0.066	0.117
0.119	0.022	0.044	0.815
0.064	0.752	0.089	0.095
0.129	0.704	0.077	0.090
0.706	0.151	0.066	0.077
0.086	0.055	0.044	0.815
0.074	0.031	0.787	0.108
0.099	0.664	0.099	0.138
