>AAAATAMTVTCA	10-AAAATAMTVTCA,BestGuess:MEF2A/MA0052.4/Jaspar(0.664)	10.623503	-39.950124	0	T:8.0(0.89%),B:1.6(0.00%),P:1e-17
0.863	0.001	0.135	0.001
0.653	0.209	0.001	0.137
0.721	0.008	0.129	0.142
0.638	0.016	0.096	0.250
0.008	0.007	0.193	0.792
0.833	0.137	0.022	0.008
0.244	0.380	0.188	0.188
0.268	0.176	0.113	0.443
0.247	0.291	0.340	0.122
0.202	0.105	0.129	0.564
0.131	0.602	0.243	0.024
0.861	0.008	0.001	0.130
