>TCTGCGGGCTCT	3-AGAGCCCGCAGA	10.283723	-31.550194	0	T:7.0(0.54%),B:1.9(0.01%),P:1e-13
0.101	0.079	0.100	0.720
0.069	0.700	0.088	0.143
0.116	0.068	0.076	0.740
0.113	0.100	0.668	0.119
0.117	0.634	0.102	0.147
0.164	0.125	0.537	0.174
0.132	0.099	0.620	0.149
0.116	0.145	0.590	0.149
0.123	0.661	0.092	0.124
0.126	0.061	0.081	0.732
0.105	0.626	0.107	0.162
0.096	0.066	0.066	0.772
