>ATGGAHGACGCC	14-ATGGAHGACGCC,BestGuess:PROX1/MA0794.1/Jaspar(0.632)	9.061247	-22.270769	0	T:37.0(2.86%),B:285.3(0.83%),P:1e-9
0.429	0.230	0.079	0.263
0.001	0.058	0.001	0.940
0.001	0.001	0.699	0.299
0.001	0.117	0.881	0.001
0.925	0.001	0.001	0.073
0.295	0.391	0.001	0.312
0.037	0.073	0.889	0.001
0.925	0.001	0.073	0.001
0.147	0.815	0.001	0.037
0.001	0.037	0.777	0.185
0.211	0.751	0.037	0.001
0.148	0.778	0.037	0.037
