>TTCCAAAATTTG	21-CAAATTTTGGAA	9.743943	-16.494342	0	T:33.0(2.55%),B:296.9(0.86%),P:1e-7
0.156	0.078	0.039	0.727
0.117	0.039	0.039	0.805
0.001	0.889	0.078	0.032
0.002	0.958	0.001	0.039
0.883	0.001	0.077	0.039
0.658	0.109	0.116	0.117
0.688	0.079	0.116	0.117
0.987	0.001	0.001	0.011
0.078	0.001	0.039	0.882
0.039	0.001	0.077	0.883
0.077	0.001	0.071	0.851
0.071	0.078	0.774	0.077
