>AGAGCCCGCAGA	3-AGAGCCCGCAGA,BestGuess:ZNF7(Zf)/HepG2-ZNF7.Flag-ChIP-Seq(Encode)/Homer(0.614)	10.283723	-31.550194	0	T:7.0(0.54%),B:1.9(0.01%),P:1e-13
0.772	0.066	0.066	0.096
0.162	0.107	0.626	0.105
0.732	0.081	0.061	0.126
0.124	0.092	0.661	0.123
0.149	0.590	0.145	0.116
0.149	0.620	0.099	0.132
0.174	0.537	0.125	0.164
0.147	0.102	0.634	0.117
0.119	0.668	0.100	0.113
0.740	0.076	0.068	0.116
0.143	0.088	0.700	0.069
0.720	0.100	0.079	0.101
