>CAAATTTTGGAA	21-CAAATTTTGGAA,BestGuess:PB0162.1_Sfpi1_2/Jaspar(0.739)	9.743943	-16.494342	0	T:33.0(2.55%),B:296.9(0.86%),P:1e-7
0.077	0.774	0.078	0.071
0.851	0.071	0.001	0.077
0.883	0.077	0.001	0.039
0.882	0.039	0.001	0.078
0.011	0.001	0.001	0.987
0.117	0.116	0.079	0.688
0.117	0.116	0.109	0.658
0.039	0.077	0.001	0.883
0.039	0.001	0.958	0.002
0.032	0.078	0.889	0.001
0.805	0.039	0.039	0.117
0.727	0.039	0.078	0.156
