>GGTTTCGGATTT	12-AAATCCGAAACC	8.945528	-23.739458	0	T:46.0(3.55%),B:395.1(1.15%),P:1e-10
0.059	0.030	0.868	0.043
0.059	0.089	0.703	0.149
0.020	0.030	0.059	0.891
0.030	0.030	0.059	0.881
0.001	0.029	0.029	0.941
0.089	0.763	0.059	0.089
0.101	0.059	0.650	0.190
0.059	0.119	0.769	0.053
0.879	0.001	0.029	0.091
0.001	0.017	0.029	0.953
0.059	0.001	0.020	0.920
0.030	0.117	0.061	0.792
