>CAAAGAAATCTG	20-CAAAGAAATCTG	9.278328	-18.625195	0	T:43.0(3.32%),B:419.9(1.22%),P:1e-8
0.099	0.734	0.066	0.101
0.866	0.035	0.066	0.033
0.802	0.033	0.066	0.099
0.801	0.066	0.001	0.132
0.066	0.066	0.835	0.033
0.966	0.032	0.001	0.001
0.899	0.035	0.033	0.033
0.834	0.132	0.001	0.033
0.033	0.033	0.033	0.901
0.033	0.802	0.066	0.099
0.132	0.033	0.033	0.802
0.099	0.099	0.769	0.033
