>ATGTCATCACTA	15-ATGTCATCACTA,BestGuess:CREB1/MA0018.4/Jaspar(0.755)	10.579223	-21.657076	0	T:22.0(1.70%),B:108.6(0.31%),P:1e-9
0.905	0.032	0.019	0.044
0.095	0.031	0.001	0.873
0.020	0.064	0.820	0.096
0.064	0.032	0.057	0.847
0.001	0.872	0.095	0.032
0.935	0.001	0.063	0.001
0.114	0.064	0.095	0.727
0.089	0.879	0.001	0.031
0.967	0.001	0.001	0.031
0.134	0.485	0.149	0.232
0.020	0.033	0.032	0.915
0.783	0.022	0.032	0.163
