>TCAACTTTGACC	2-TCAACTTTGACC,BestGuess:PPARD/MA1550.1/Jaspar(0.774)	9.950360	-36.154814	0	T:40.0(2.96%),B:197.9(0.58%),P:1e-15
0.103	0.024	0.037	0.836
0.099	0.811	0.048	0.042
0.780	0.069	0.105	0.046
0.893	0.083	0.023	0.001
0.057	0.796	0.069	0.078
0.023	0.023	0.048	0.906
0.037	0.001	0.001	0.961
0.023	0.023	0.060	0.894
0.138	0.041	0.734	0.087
0.816	0.023	0.092	0.069
0.093	0.792	0.046	0.069
0.067	0.786	0.069	0.078
