>AACATGGCGGAC	3-AACATGGCGGAC	9.494274	-35.221238	0	T:95.0(7.03%),B:941.1(2.76%),P:1e-15
0.903	0.039	0.039	0.019
0.790	0.019	0.058	0.133
0.108	0.642	0.111	0.139
0.960	0.001	0.020	0.019
0.001	0.019	0.039	0.941
0.019	0.039	0.929	0.013
0.078	0.019	0.884	0.019
0.058	0.845	0.019	0.078
0.030	0.077	0.795	0.098
0.064	0.087	0.786	0.063
0.663	0.180	0.110	0.047
0.054	0.871	0.041	0.034
