>AACGAATACGAA	11-AACGAATACGAA,BestGuess:IRF9/MA0653.1/Jaspar(0.713)	9.665475	-27.649396	0	T:40.0(2.96%),B:258.6(0.76%),P:1e-12
0.732	0.058	0.022	0.188
0.906	0.079	0.001	0.014
0.082	0.803	0.114	0.001
0.114	0.043	0.821	0.022
0.956	0.042	0.001	0.001
0.811	0.058	0.022	0.109
0.142	0.145	0.090	0.623
0.820	0.093	0.065	0.022
0.065	0.874	0.001	0.060
0.127	0.022	0.834	0.017
0.896	0.022	0.065	0.017
0.933	0.022	0.023	0.022
