>TCAAGTTTCCCG	18-TCAAGTTTCCCG	9.326529	-22.392404	0	T:33.0(2.44%),B:219.1(0.64%),P:1e-9
0.001	0.025	0.050	0.924
0.076	0.842	0.057	0.025
0.809	0.101	0.040	0.050
0.878	0.045	0.025	0.052
0.118	0.032	0.798	0.052
0.025	0.025	0.001	0.949
0.001	0.025	0.070	0.904
0.025	0.076	0.101	0.798
0.101	0.784	0.050	0.065
0.151	0.734	0.050	0.065
0.101	0.813	0.050	0.036
0.127	0.045	0.776	0.052
