>GAGGGCGCACTA	4-GAGGGCGCACTA	6.955225	-34.234215	0	T:141.0(10.44%),B:1729.5(5.06%),P:1e-14
0.092	0.017	0.824	0.067
0.774	0.033	0.118	0.075
0.096	0.054	0.704	0.146
0.072	0.117	0.786	0.025
0.080	0.017	0.842	0.061
0.092	0.783	0.058	0.067
0.137	0.034	0.712	0.117
0.094	0.789	0.031	0.086
0.736	0.064	0.084	0.116
0.112	0.700	0.078	0.110
0.151	0.058	0.076	0.715
0.636	0.095	0.117	0.152
