>AAAGTAAAGTAA	22-AAAGTAAAGTAA,BestGuess:ZBTB32/MA1580.1/Jaspar(0.682)	11.443165	-13.392839	0	T:4.0(0.30%),B:2.7(0.01%),P:1e-5
0.821	0.047	0.060	0.072
0.694	0.123	0.094	0.089
0.750	0.085	0.064	0.101
0.119	0.085	0.719	0.077
0.077	0.094	0.077	0.752
0.766	0.072	0.102	0.060
0.719	0.115	0.077	0.089
0.741	0.089	0.098	0.072
0.047	0.106	0.766	0.081
0.085	0.077	0.081	0.757
0.771	0.072	0.081	0.076
0.744	0.068	0.077	0.111
