>CATAAAATATTT	14-CATAAAATATTT,BestGuess:PH0075.1_Hoxd10/Jaspar(0.691)	8.262110	-25.493465	0	T:111.0(8.22%),B:1397.6(4.09%),P:1e-11
0.096	0.717	0.053	0.134
0.880	0.007	0.047	0.066
0.090	0.052	0.103	0.755
0.762	0.081	0.044	0.113
0.899	0.014	0.041	0.046
0.823	0.087	0.001	0.089
0.875	0.041	0.014	0.070
0.054	0.064	0.035	0.847
0.865	0.041	0.029	0.065
0.089	0.055	0.022	0.834
0.079	0.033	0.047	0.841
0.019	0.024	0.050	0.907
