>TTACTTTACTTT	22-AAAGTAAAGTAA	11.443165	-13.392839	0	T:4.0(0.30%),B:2.7(0.01%),P:1e-5
0.111	0.077	0.068	0.744
0.076	0.081	0.072	0.771
0.757	0.081	0.077	0.085
0.081	0.766	0.106	0.047
0.072	0.098	0.089	0.741
0.089	0.077	0.115	0.719
0.060	0.102	0.072	0.766
0.752	0.077	0.094	0.077
0.077	0.719	0.085	0.119
0.101	0.064	0.085	0.750
0.089	0.094	0.123	0.694
0.072	0.060	0.047	0.821
