>AAAAATTT	1-AAAAATTT	7.194523	-73.407160	0	T:362.0(34.98%),B:13899.7(19.26%),P:1e-31	Tpos:99.9,Tstd:53.2,Bpos:98.5,Bstd:128.5,StrandBias:0.1,Multiplicity:1.37
0.870	0.063	0.001	0.066
0.920	0.026	0.053	0.001
0.963	0.001	0.001	0.035
0.997	0.001	0.001	0.001
0.873	0.025	0.027	0.075
0.094	0.057	0.052	0.797
0.136	0.022	0.080	0.762
0.072	0.001	0.061	0.866
>ATTTTGGG	2-ATTTTGGG	5.278458	-59.813298	0	T:513.0(49.57%),B:24161.9(33.47%),P:1e-25	Tpos:99.5,Tstd:56.6,Bpos:100.3,Bstd:110.6,StrandBias:0.2,Multiplicity:1.33
0.737	0.021	0.068	0.174
0.092	0.044	0.073	0.791
0.110	0.069	0.069	0.752
0.030	0.036	0.025	0.909
0.023	0.072	0.063	0.842
0.089	0.149	0.609	0.153
0.121	0.076	0.742	0.061
0.159	0.099	0.621	0.121
>NAAATTTT	3-NAAATTTT	5.338948	-53.244381	0	T:665.0(64.25%),B:35188.3(48.75%),P:1e-23	Tpos:100.0,Tstd:55.1,Bpos:99.0,Bstd:120.8,StrandBias:-0.1,Multiplicity:1.40
0.186	0.270	0.291	0.254
0.691	0.138	0.056	0.115
0.714	0.001	0.101	0.184
0.837	0.012	0.030	0.121
0.001	0.058	0.132	0.809
0.001	0.016	0.037	0.946
0.001	0.024	0.038	0.937
0.042	0.001	0.014	0.943
>ATATTTCT	4-ATATTTCT	6.208587	-31.998657	0	T:296.0(28.60%),B:13558.8(18.78%),P:1e-13	Tpos:104.2,Tstd:56.3,Bpos:98.2,Bstd:109.0,StrandBias:0.1,Multiplicity:1.18
0.826	0.113	0.001	0.060
0.001	0.123	0.038	0.838
0.917	0.035	0.001	0.047
0.053	0.001	0.027	0.919
0.035	0.056	0.084	0.825
0.041	0.001	0.001	0.957
0.001	0.934	0.064	0.001
0.093	0.028	0.001	0.878
>AAKTTNGN	5-AAKTTNGN	6.379520	-28.070408	0	T:188.0(18.16%),B:7738.2(10.72%),P:1e-12	Tpos:100.3,Tstd:57.0,Bpos:101.9,Bstd:91.7,StrandBias:0.2,Multiplicity:1.20
0.630	0.226	0.038	0.106
0.917	0.081	0.001	0.001
0.001	0.165	0.455	0.378
0.068	0.012	0.001	0.919
0.001	0.057	0.001	0.941
0.190	0.315	0.228	0.267
0.001	0.298	0.700	0.001
0.244	0.248	0.238	0.270
>ATATATAT	6-ATATATAT	8.236954	-23.825278	0	T:34.0(3.29%),B:605.2(0.84%),P:1e-10	Tpos:125.7,Tstd:57.3,Bpos:105.2,Bstd:116.8,StrandBias:0.0,Multiplicity:1.09
0.700	0.100	0.100	0.100
0.100	0.100	0.100	0.700
0.700	0.100	0.100	0.100
0.100	0.100	0.100	0.700
0.700	0.100	0.100	0.100
0.100	0.100	0.100	0.700
0.700	0.100	0.100	0.100
0.100	0.100	0.100	0.700
>ATTAAAAA	7-ATTAAAAA	3.945171	-21.016204	0	T:244.0(23.57%),B:11722.5(16.24%),P:1e-9	Tpos:96.9,Tstd:51.1,Bpos:100.9,Bstd:123.4,StrandBias:-0.3,Multiplicity:1.08
0.997	0.001	0.001	0.001
0.069	0.001	0.001	0.929
0.195	0.001	0.001	0.803
0.997	0.001	0.001	0.001
0.997	0.001	0.001	0.001
0.997	0.001	0.001	0.001
0.997	0.001	0.001	0.001
0.997	0.001	0.001	0.001
>WGCGATAT	8-WGCGATAT	6.070815	-19.628764	0	T:136.0(13.14%),B:5646.1(7.82%),P:1e-8	Tpos:97.8,Tstd:54.5,Bpos:97.1,Bstd:86.8,StrandBias:0.2,Multiplicity:1.10
0.508	0.020	0.028	0.444
0.133	0.029	0.629	0.209
0.026	0.754	0.219	0.001
0.029	0.290	0.547	0.134
0.756	0.025	0.199	0.020
0.133	0.032	0.069	0.766
0.593	0.028	0.217	0.162
0.254	0.066	0.084	0.596
>TTTCGTAG	9-TTTCGTAG	5.844543	-16.608417	0	T:119.0(11.50%),B:4999.5(6.93%),P:1e-7	Tpos:97.1,Tstd:58.1,Bpos:99.8,Bstd:86.3,StrandBias:0.1,Multiplicity:1.11
0.088	0.060	0.015	0.837
0.118	0.013	0.001	0.868
0.001	0.059	0.001	0.939
0.001	0.856	0.077	0.066
0.092	0.001	0.836	0.071
0.072	0.001	0.054	0.873
0.882	0.001	0.054	0.063
0.001	0.062	0.936	0.001
>CGCGACTG	10-CGCGACTG	7.099167	-14.670037	0	T:62.0(5.99%),B:2169.8(3.01%),P:1e-6	Tpos:118.3,Tstd:52.1,Bpos:99.4,Bstd:65.9,StrandBias:0.3,Multiplicity:1.10
0.001	0.904	0.001	0.094
0.072	0.001	0.926	0.001
0.212	0.629	0.066	0.093
0.039	0.074	0.679	0.208
0.997	0.001	0.001	0.001
0.001	0.962	0.036	0.001
0.001	0.057	0.001	0.941
0.001	0.001	0.997	0.001
>ACTCCGAG	11-ACTCCGAG	4.751880	-14.100472	0	T:258.0(24.93%),B:13590.0(18.83%),P:1e-6	Tpos:103.7,Tstd:55.6,Bpos:99.9,Bstd:72.8,StrandBias:0.0,Multiplicity:1.19
0.737	0.107	0.066	0.090
0.079	0.717	0.149	0.055
0.073	0.038	0.067	0.822
0.055	0.752	0.081	0.112
0.091	0.757	0.082	0.070
0.111	0.154	0.672	0.063
0.784	0.038	0.083	0.095
0.052	0.073	0.771	0.104
>GTTGTKGG	12-GTTGTKGG	4.075644	-9.506147	0	T:164.0(15.85%),B:8541.9(11.83%),P:1e-4	Tpos:103.4,Tstd:55.4,Bpos:100.0,Bstd:77.2,StrandBias:0.2,Multiplicity:1.12
0.001	0.249	0.749	0.001
0.001	0.001	0.001	0.997
0.087	0.001	0.001	0.911
0.001	0.111	0.887	0.001
0.001	0.001	0.001	0.997
0.001	0.001	0.441	0.557
0.001	0.001	0.997	0.001
0.001	0.001	0.891	0.107
>GACAGAYA	13-GACAGAYA	6.518503	-7.549900	0	T:59.0(5.70%),B:2609.9(3.62%),P:1e-3	Tpos:98.4,Tstd:57.4,Bpos:102.3,Bstd:91.2,StrandBias:-0.7,Multiplicity:1.53
0.001	0.001	0.997	0.001
0.997	0.001	0.001	0.001
0.001	0.684	0.001	0.314
0.997	0.001	0.001	0.001
0.001	0.001	0.997	0.001
0.970	0.001	0.028	0.001
0.001	0.548	0.001	0.450
0.997	0.001	0.001	0.001
>TTATTTAT	14-TTATTTAT	8.236954	-4.960172	0	T:40.0(3.86%),B:1835.7(2.54%),P:1e-2	Tpos:87.1,Tstd:58.6,Bpos:98.5,Bstd:127.3,StrandBias:-1.6,Multiplicity:1.26
0.100	0.100	0.100	0.700
0.100	0.100	0.100	0.700
0.700	0.100	0.100	0.100
0.100	0.100	0.100	0.700
0.100	0.100	0.100	0.700
0.100	0.100	0.100	0.700
0.700	0.100	0.100	0.100
0.100	0.100	0.100	0.700
>ATACATAC	15-ATACATAC	8.236954	-3.232651	0	T:23.0(2.22%),B:1072.0(1.49%),P:1e-1	Tpos:111.2,Tstd:53.1,Bpos:100.6,Bstd:120.7,StrandBias:-0.4,Multiplicity:7.78
0.700	0.100	0.100	0.100
0.100	0.100	0.100	0.700
0.700	0.100	0.100	0.100
0.100	0.700	0.100	0.100
0.700	0.100	0.100	0.100
0.100	0.100	0.100	0.700
0.700	0.100	0.100	0.100
0.100	0.700	0.100	0.100
>AGAGAGAG	16-AGAGAGAG	8.236954	-3.148749	0	T:17.0(1.64%),B:742.4(1.03%),P:1e-1	Tpos:119.9,Tstd:60.0,Bpos:92.3,Bstd:82.2,StrandBias:0.0,Multiplicity:1.24
0.700	0.100	0.100	0.100
0.100	0.100	0.700	0.100
0.700	0.100	0.100	0.100
0.100	0.100	0.700	0.100
0.700	0.100	0.100	0.100
0.100	0.100	0.700	0.100
0.700	0.100	0.100	0.100
0.100	0.100	0.700	0.100
>GKGKGKGT	17-GKGKGKGT	5.086858	-2.734409	0	T:65.0(6.28%),B:3733.5(5.17%),P:1e-1	Tpos:104.5,Tstd:52.0,Bpos:100.0,Bstd:64.3,StrandBias:-0.5,Multiplicity:1.23
0.087	0.192	0.507	0.214
0.109	0.095	0.384	0.411
0.094	0.116	0.661	0.129
0.160	0.071	0.385	0.384
0.125	0.144	0.677	0.054
0.164	0.091	0.425	0.321
0.068	0.066	0.725	0.141
0.229	0.142	0.239	0.390
>ATGCATGC	18-ATGCATGC	8.465632	-1.952883	0	T:22.0(2.13%),B:1193.0(1.65%),P:1e0	Tpos:60.7,Tstd:50.0,Bpos:96.5,Bstd:106.4,StrandBias:-0.4,Multiplicity:1.41
0.997	0.001	0.001	0.001
0.001	0.001	0.001	0.997
0.001	0.001	0.997	0.001
0.001	0.997	0.001	0.001
0.997	0.001	0.001	0.001
0.001	0.074	0.001	0.924
0.001	0.001	0.997	0.001
0.001	0.997	0.001	0.001
>SATCATSA	19-SATCATSA	6.648636	-1.683834	0	T:85.0(8.21%),B:5369.1(7.44%),P:1e0	Tpos:96.3,Tstd:54.0,Bpos:97.4,Bstd:97.1,StrandBias:-0.2,Multiplicity:1.26
0.001	0.457	0.541	0.001
0.799	0.022	0.001	0.178
0.087	0.038	0.001	0.874
0.001	0.628	0.370	0.001
0.657	0.045	0.001	0.297
0.175	0.093	0.073	0.659
0.001	0.457	0.475	0.066
0.632	0.034	0.156	0.178
