>AAATTTGGTA	1-AAATTTGGTA	6.340065	-68.883389	0	T:355.0(34.30%),B:13821.7(19.15%),P:1e-29	Tpos:102.1,Tstd:54.8,Bpos:100.5,Bstd:109.6,StrandBias:0.1,Multiplicity:1.23
0.820	0.032	0.060	0.088
0.786	0.049	0.046	0.119
0.796	0.057	0.079	0.068
0.095	0.043	0.067	0.795
0.041	0.040	0.048	0.871
0.030	0.067	0.078	0.825
0.071	0.089	0.774	0.066
0.103	0.057	0.786	0.054
0.049	0.081	0.106	0.764
0.785	0.059	0.060	0.096
>AAAATTTTGA	2-AAAATTTTGA	5.358240	-66.430561	0	T:368.0(35.56%),B:14738.9(20.42%),P:1e-28	Tpos:99.4,Tstd:54.6,Bpos:99.9,Bstd:130.1,StrandBias:0.0,Multiplicity:1.35
0.505	0.136	0.182	0.177
0.629	0.043	0.125	0.203
0.600	0.126	0.100	0.174
0.577	0.019	0.078	0.326
0.157	0.083	0.083	0.677
0.101	0.155	0.114	0.630
0.172	0.017	0.123	0.688
0.196	0.129	0.213	0.463
0.219	0.165	0.388	0.228
0.379	0.189	0.227	0.205
>CCGAAAATAT	3-CCGAAAATAT	4.804816	-54.265680	0	T:482.0(46.57%),B:22711.5(31.46%),P:1e-23	Tpos:102.2,Tstd:56.2,Bpos:99.5,Bstd:111.2,StrandBias:0.2,Multiplicity:1.29
0.106	0.681	0.109	0.104
0.097	0.685	0.106	0.112
0.135	0.106	0.650	0.109
0.722	0.092	0.094	0.092
0.703	0.099	0.098	0.100
0.747	0.070	0.085	0.098
0.703	0.092	0.097	0.108
0.116	0.085	0.089	0.710
0.675	0.116	0.106	0.103
0.098	0.096	0.083	0.723
>ATTTCGAGAT	4-ATTTCGAGAT	4.871236	-50.889530	0	T:505.0(48.79%),B:24537.9(33.99%),P:1e-22	Tpos:99.3,Tstd:54.4,Bpos:100.3,Bstd:107.1,StrandBias:0.0,Multiplicity:1.24
0.713	0.084	0.090	0.113
0.107	0.112	0.106	0.675
0.113	0.055	0.091	0.741
0.088	0.095	0.094	0.723
0.098	0.650	0.100	0.152
0.119	0.093	0.652	0.136
0.702	0.090	0.092	0.116
0.053	0.101	0.740	0.106
0.705	0.100	0.085	0.110
0.122	0.083	0.095	0.700
>TTTTAAGTTT	5-TTTTAAGTTT	6.898985	-46.607868	0	T:275.0(26.57%),B:11008.8(15.25%),P:1e-20	Tpos:96.1,Tstd:55.2,Bpos:98.4,Bstd:110.6,StrandBias:0.0,Multiplicity:1.11
0.027	0.062	0.081	0.830
0.084	0.093	0.033	0.790
0.063	0.122	0.074	0.741
0.064	0.027	0.071	0.838
0.837	0.076	0.028	0.059
0.699	0.117	0.106	0.078
0.007	0.089	0.799	0.105
0.093	0.046	0.075	0.786
0.035	0.059	0.035	0.871
0.086	0.035	0.064	0.815
>AAGTTGTAGC	6-AAGTTGTAGC	6.947992	-41.004019	0	T:126.0(12.17%),B:3729.1(5.17%),P:1e-17	Tpos:102.3,Tstd:55.1,Bpos:102.3,Bstd:91.0,StrandBias:-0.0,Multiplicity:1.05
0.884	0.049	0.034	0.033
0.776	0.045	0.073	0.106
0.068	0.107	0.754	0.071
0.068	0.071	0.100	0.761
0.057	0.044	0.071	0.828
0.082	0.038	0.783	0.097
0.057	0.057	0.080	0.806
0.822	0.059	0.034	0.085
0.079	0.067	0.784	0.070
0.111	0.806	0.040	0.043
>AAATWAAAAA	7-AAATWAAAAA	8.261593	-36.959289	0	T:169.0(16.33%),B:6046.8(8.38%),P:1e-16	Tpos:102.1,Tstd:49.8,Bpos:97.7,Bstd:124.2,StrandBias:-0.3,Multiplicity:1.13
0.674	0.041	0.116	0.169
0.931	0.001	0.002	0.066
0.705	0.025	0.001	0.269
0.189	0.024	0.001	0.786
0.564	0.001	0.001	0.434
0.639	0.001	0.001	0.359
0.682	0.001	0.157	0.160
0.751	0.004	0.001	0.244
0.880	0.056	0.002	0.062
0.692	0.001	0.305	0.002
>ATGCGGAAAA	8-ATGCGGAAAA	9.073703	-27.477728	0	T:29.0(2.80%),B:382.5(0.53%),P:1e-11	Tpos:79.9,Tstd:51.8,Bpos:81.5,Bstd:77.7,StrandBias:0.3,Multiplicity:1.00
0.775	0.001	0.001	0.223
0.001	0.273	0.001	0.725
0.001	0.001	0.791	0.207
0.151	0.607	0.204	0.038
0.001	0.038	0.912	0.049
0.001	0.189	0.564	0.246
0.789	0.001	0.209	0.001
0.573	0.055	0.371	0.001
0.800	0.001	0.001	0.198
0.742	0.256	0.001	0.001
>ATATATATAT	9-ATATATATAT	10.296193	-24.740455	0	T:14.0(1.35%),B:78.6(0.11%),P:1e-10	Tpos:127.2,Tstd:58.2,Bpos:102.5,Bstd:133.8,StrandBias:0.0,Multiplicity:1.07
0.700	0.100	0.100	0.100
0.100	0.100	0.100	0.700
0.700	0.100	0.100	0.100
0.100	0.100	0.100	0.700
0.700	0.100	0.100	0.100
0.100	0.100	0.100	0.700
0.700	0.100	0.100	0.100
0.100	0.100	0.100	0.700
0.700	0.100	0.100	0.100
0.100	0.100	0.100	0.700
>CCTTCTTCCA	10-CCTTCTTCCA	7.925106	-22.130380	0	T:23.0(2.22%),B:303.9(0.42%),P:1e-9	Tpos:92.4,Tstd:54.3,Bpos:106.7,Bstd:71.4,StrandBias:0.0,Multiplicity:1.04
0.278	0.573	0.060	0.089
0.044	0.656	0.053	0.247
0.220	0.028	0.014	0.738
0.032	0.039	0.236	0.693
0.048	0.679	0.062	0.211
0.177	0.052	0.225	0.546
0.049	0.083	0.212	0.656
0.040	0.889	0.048	0.023
0.140	0.538	0.251	0.071
0.590	0.168	0.035	0.207
>GTATCACCAT	11-GTATCACCAT	8.484141	-19.908719	0	T:31.0(3.00%),B:600.6(0.83%),P:1e-8	Tpos:105.9,Tstd:54.8,Bpos:97.8,Bstd:80.8,StrandBias:0.4,Multiplicity:1.21
0.139	0.116	0.586	0.159
0.060	0.340	0.109	0.491
0.783	0.022	0.023	0.172
0.008	0.183	0.067	0.742
0.138	0.686	0.148	0.028
0.870	0.060	0.001	0.069
0.001	0.666	0.296	0.037
0.027	0.887	0.085	0.001
0.538	0.251	0.058	0.153
0.228	0.016	0.021	0.735
>GCAGTCGCAT	12-GCAGTCGCAT	10.296193	-16.374706	0	T:5.0(0.48%),B:7.7(0.01%),P:1e-7	Tpos:112.0,Tstd:56.6,Bpos:106.6,Bstd:38.6,StrandBias:10.0,Multiplicity:1.00
0.100	0.100	0.700	0.100
0.100	0.700	0.100	0.100
0.700	0.100	0.100	0.100
0.100	0.100	0.700	0.100
0.100	0.100	0.100	0.700
0.100	0.700	0.100	0.100
0.100	0.100	0.700	0.100
0.100	0.700	0.100	0.100
0.700	0.100	0.100	0.100
0.100	0.100	0.100	0.700
>GGGAGCGAGG	13-GGGAGCGAGG	10.671617	-13.560151	0	T:10.0(0.97%),B:92.1(0.13%),P:1e-5	Tpos:77.9,Tstd:48.6,Bpos:102.4,Bstd:50.0,StrandBias:0.8,Multiplicity:1.00
0.001	0.001	0.997	0.001
0.094	0.001	0.539	0.366
0.001	0.001	0.997	0.001
0.997	0.001	0.001	0.001
0.002	0.001	0.741	0.256
0.001	0.726	0.272	0.001
0.001	0.212	0.786	0.001
0.679	0.001	0.319	0.001
0.001	0.001	0.997	0.001
0.001	0.001	0.997	0.001
>GGGGGGGGGG	14-GGGGGGGGGG	11.624011	-13.465718	0	T:16.0(1.55%),B:254.8(0.35%),P:1e-5	Tpos:112.4,Tstd:49.8,Bpos:97.3,Bstd:60.0,StrandBias:-1.2,Multiplicity:1.06
0.074	0.065	0.793	0.068
0.045	0.075	0.752	0.128
0.093	0.041	0.827	0.039
0.132	0.055	0.752	0.061
0.049	0.050	0.866	0.035
0.048	0.056	0.853	0.043
0.117	0.072	0.757	0.054
0.137	0.032	0.768	0.063
0.075	0.043	0.819	0.063
0.038	0.041	0.817	0.104
>GTKCWGCAAR	15-GTKCWGCAAR	7.942404	-12.417022	0	T:22.0(2.13%),B:488.1(0.68%),P:1e-5	Tpos:113.1,Tstd:51.7,Bpos:100.4,Bstd:79.4,StrandBias:-0.4,Multiplicity:1.24
0.091	0.063	0.813	0.033
0.045	0.269	0.029	0.657
0.033	0.016	0.538	0.413
0.177	0.388	0.225	0.210
0.423	0.014	0.010	0.553
0.081	0.083	0.771	0.065
0.042	0.569	0.374	0.015
0.583	0.068	0.075	0.274
0.842	0.060	0.035	0.063
0.428	0.129	0.402	0.041
>GTTGTTGTTG	16-GTTGTTGTTG	10.063641	-12.355994	0	T:12.0(1.16%),B:157.2(0.22%),P:1e-5	Tpos:126.3,Tstd:54.9,Bpos:99.0,Bstd:48.8,StrandBias:0.4,Multiplicity:1.17
0.001	0.001	0.997	0.001
0.001	0.001	0.001	0.997
0.001	0.001	0.001	0.997
0.001	0.001	0.997	0.001
0.001	0.001	0.001	0.997
0.001	0.001	0.001	0.997
0.001	0.001	0.997	0.001
0.001	0.001	0.023	0.975
0.001	0.001	0.001	0.997
0.001	0.001	0.997	0.001
>ACGGACGGAC	17-ACGGACGGAC	8.401698	-11.627180	0	T:12.0(1.16%),B:170.0(0.24%),P:1e-5	Tpos:70.1,Tstd:62.6,Bpos:98.2,Bstd:47.7,StrandBias:-0.4,Multiplicity:1.09
0.997	0.001	0.001	0.001
0.001	0.997	0.001	0.001
0.001	0.071	0.927	0.001
0.001	0.162	0.836	0.001
0.935	0.001	0.001	0.063
0.001	0.945	0.001	0.053
0.025	0.001	0.929	0.045
0.001	0.346	0.652	0.001
0.997	0.001	0.001	0.001
0.047	0.951	0.001	0.001
>AGAACTACGC	18-AGAACTACGC	10.044574	-11.429221	0	T:9.0(0.87%),B:93.3(0.13%),P:1e-4	Tpos:111.6,Tstd:59.5,Bpos:99.3,Bstd:65.3,StrandBias:0.8,Multiplicity:1.56
0.997	0.001	0.001	0.001
0.168	0.001	0.830	0.001
0.651	0.035	0.313	0.001
0.804	0.001	0.001	0.194
0.001	0.997	0.001	0.001
0.001	0.001	0.398	0.600
0.997	0.001	0.001	0.001
0.001	0.997	0.001	0.001
0.001	0.001	0.648	0.350
0.001	0.764	0.001	0.234
>GTAGGCKATG	19-GTAGGCKATG	9.202449	-10.999303	0	T:6.0(0.58%),B:36.5(0.05%),P:1e-4	Tpos:89.2,Tstd:40.3,Bpos:86.3,Bstd:48.7,StrandBias:-1.2,Multiplicity:1.67
0.023	0.001	0.820	0.156
0.001	0.069	0.156	0.774
0.698	0.052	0.180	0.070
0.023	0.025	0.917	0.035
0.055	0.076	0.774	0.095
0.098	0.609	0.268	0.025
0.001	0.182	0.474	0.343
0.848	0.025	0.026	0.101
0.261	0.123	0.001	0.615
0.191	0.319	0.471	0.019
>AGAGAGAGAG	20-AGAGAGAGAG	8.661283	-10.065922	0	T:18.0(1.74%),B:411.4(0.57%),P:1e-4	Tpos:121.9,Tstd:58.6,Bpos:91.1,Bstd:80.0,StrandBias:0.1,Multiplicity:1.11
0.987	0.005	0.001	0.007
0.001	0.001	0.997	0.001
0.984	0.014	0.001	0.001
0.006	0.001	0.992	0.001
0.997	0.001	0.001	0.001
0.001	0.001	0.997	0.001
0.979	0.001	0.019	0.001
0.001	0.001	0.997	0.001
0.980	0.001	0.018	0.001
0.001	0.001	0.997	0.001
>AGGGCATGGC	21-AGGGCATGGC	11.173978	-8.282143	0	T:5.0(0.48%),B:38.4(0.05%),P:1e-3	Tpos:97.8,Tstd:48.8,Bpos:101.0,Bstd:53.6,StrandBias:-2.2,Multiplicity:2.20
0.997	0.001	0.001	0.001
0.001	0.001	0.997	0.001
0.001	0.001	0.997	0.001
0.001	0.001	0.997	0.001
0.001	0.921	0.001	0.077
0.897	0.001	0.001	0.101
0.001	0.001	0.001	0.997
0.001	0.001	0.997	0.001
0.001	0.001	0.997	0.001
0.001	0.914	0.084	0.001
>GATGATGATG	22-GATGATGATG	11.755315	-7.891889	0	T:9.0(0.87%),B:149.6(0.21%),P:1e-3	Tpos:90.6,Tstd:51.5,Bpos:87.9,Bstd:148.0,StrandBias:1.1,Multiplicity:2.33
0.001	0.001	0.997	0.001
0.946	0.001	0.052	0.001
0.001	0.018	0.001	0.980
0.001	0.001	0.997	0.001
0.982	0.001	0.016	0.001
0.001	0.001	0.001	0.997
0.036	0.001	0.962	0.001
0.989	0.001	0.009	0.001
0.001	0.001	0.001	0.997
0.025	0.142	0.832	0.001
>CATGCATGCT	23-CATGCATGCT	10.718548	-6.948959	0	T:11.0(1.06%),B:243.7(0.34%),P:1e-3	Tpos:47.2,Tstd:37.3,Bpos:106.8,Bstd:64.2,StrandBias:-0.5,Multiplicity:1.09
0.001	0.997	0.001	0.001
0.997	0.001	0.001	0.001
0.001	0.228	0.001	0.770
0.001	0.001	0.997	0.001
0.001	0.740	0.258	0.001
0.621	0.001	0.247	0.131
0.001	0.001	0.001	0.997
0.001	0.001	0.997	0.001
0.001	0.997	0.001	0.001
0.124	0.001	0.001	0.874
>ACGACGACGA	24-ACGACGACGA	11.600976	-5.489945	0	T:3.0(0.29%),B:22.2(0.03%),P:1e-2	Tpos:137.2,Tstd:25.8,Bpos:103.9,Bstd:44.8,StrandBias:-0.3,Multiplicity:1.00
0.997	0.001	0.001	0.001
0.001	0.997	0.001	0.001
0.001	0.001	0.997	0.001
0.997	0.001	0.001	0.001
0.001	0.997	0.001	0.001
0.001	0.001	0.891	0.107
0.997	0.001	0.001	0.001
0.001	0.997	0.001	0.001
0.001	0.001	0.997	0.001
0.997	0.001	0.001	0.001
>TGTGTGTVTG	25-TGTGTGTVTG	8.210027	-4.077619	0	T:39.0(3.77%),B:1889.6(2.62%),P:1e-1	Tpos:109.8,Tstd:52.7,Bpos:101.8,Bstd:85.9,StrandBias:0.1,Multiplicity:1.23
0.037	0.166	0.001	0.796
0.262	0.174	0.446	0.117
0.001	0.174	0.250	0.575
0.230	0.306	0.462	0.001
0.001	0.079	0.001	0.919
0.196	0.002	0.801	0.001
0.110	0.148	0.082	0.660
0.309	0.281	0.409	0.001
0.044	0.088	0.039	0.829
0.109	0.070	0.768	0.053
>AATTTTGRGAAA	1-AATTTTGRGAAA	6.530915	-83.086133	0	T:434.0(41.93%),B:17356.7(24.05%),P:1e-36	Tpos:95.9,Tstd:53.5,Bpos:100.0,Bstd:120.0,StrandBias:0.0,Multiplicity:1.37
0.694	0.082	0.104	0.120
0.745	0.012	0.037	0.206
0.189	0.016	0.154	0.641
0.091	0.001	0.001	0.907
0.006	0.123	0.013	0.858
0.129	0.215	0.062	0.594
0.201	0.048	0.533	0.218
0.372	0.183	0.293	0.153
0.282	0.117	0.436	0.166
0.623	0.112	0.187	0.078
0.733	0.001	0.049	0.217
0.813	0.001	0.001	0.185
>TTAAAATTTGGT	2-TTAAAATTTGGT	9.023590	-55.292502	0	T:79.0(7.63%),B:1367.9(1.90%),P:1e-24	Tpos:103.0,Tstd:53.4,Bpos:101.3,Bstd:110.1,StrandBias:0.4,Multiplicity:1.02
0.047	0.070	0.023	0.860
0.094	0.023	0.087	0.796
0.862	0.067	0.070	0.001
0.862	0.090	0.001	0.047
0.828	0.087	0.001	0.084
0.754	0.086	0.090	0.070
0.023	0.049	0.091	0.837
0.076	0.108	0.080	0.736
0.023	0.041	0.001	0.935
0.025	0.094	0.818	0.063
0.061	0.059	0.851	0.029
0.077	0.056	0.001	0.866
>AAAAATWTAAAA	3-AAAAATWTAAAA	8.399135	-46.724746	0	T:185.0(17.87%),B:6240.3(8.65%),P:1e-20	Tpos:99.9,Tstd:52.4,Bpos:93.8,Bstd:147.9,StrandBias:-0.1,Multiplicity:1.14
0.811	0.030	0.042	0.117
0.872	0.019	0.019	0.090
0.945	0.001	0.008	0.046
0.800	0.008	0.003	0.189
0.704	0.012	0.004	0.280
0.302	0.035	0.058	0.605
0.455	0.042	0.117	0.385
0.347	0.045	0.078	0.530
0.633	0.082	0.094	0.191
0.726	0.062	0.051	0.161
0.832	0.052	0.007	0.109
0.740	0.006	0.081	0.173
>CCAAATATCAAA	4-CCAAATATCAAA	12.669116	-33.092544	0	T:15.0(1.45%),B:52.1(0.07%),P:1e-14	Tpos:106.8,Tstd:49.6,Bpos:107.7,Bstd:79.9,StrandBias:-1.1,Multiplicity:1.14
0.098	0.900	0.001	0.001
0.052	0.946	0.001	0.001
0.997	0.001	0.001	0.001
0.997	0.001	0.001	0.001
0.898	0.001	0.001	0.100
0.001	0.001	0.100	0.898
0.997	0.001	0.001	0.001
0.101	0.101	0.101	0.697
0.001	0.898	0.001	0.100
0.997	0.001	0.001	0.001
0.997	0.001	0.001	0.001
0.814	0.001	0.101	0.084
>AGCAACATGCAC	5-AGCAACATGCAC	14.848018	-27.928055	0	T:6.0(0.58%),B:2.3(0.00%),P:1e-12	Tpos:115.7,Tstd:47.6,Bpos:133.9,Bstd:27.0,StrandBias:2.3,Multiplicity:1.00
0.825	0.001	0.173	0.001
0.001	0.001	0.997	0.001
0.001	0.997	0.001	0.001
0.997	0.001	0.001	0.001
0.997	0.001	0.001	0.001
0.001	0.997	0.001	0.001
0.997	0.001	0.001	0.001
0.001	0.001	0.001	0.997
0.001	0.001	0.997	0.001
0.001	0.997	0.001	0.001
0.997	0.001	0.001	0.001
0.001	0.997	0.001	0.001
>GGGGGGGGGGGG	6-GGGGGGGGGGGG	8.786246	-25.501523	0	T:43.0(4.15%),B:873.9(1.21%),P:1e-11	Tpos:111.4,Tstd:57.7,Bpos:94.0,Bstd:71.8,StrandBias:-0.3,Multiplicity:1.14
0.281	0.036	0.657	0.026
0.001	0.032	0.966	0.001
0.328	0.001	0.670	0.001
0.028	0.001	0.970	0.001
0.417	0.001	0.581	0.001
0.021	0.001	0.926	0.052
0.280	0.001	0.718	0.001
0.001	0.001	0.959	0.039
0.245	0.001	0.753	0.001
0.046	0.053	0.900	0.001
0.354	0.048	0.597	0.001
0.324	0.020	0.558	0.098
>AGATATCTCTGA	7-AGATATCTCTGA	9.153108	-25.171915	0	T:37.0(3.57%),B:673.5(0.93%),P:1e-10	Tpos:95.1,Tstd:60.0,Bpos:105.9,Bstd:112.6,StrandBias:0.0,Multiplicity:1.16
0.814	0.041	0.001	0.144
0.106	0.245	0.608	0.041
0.918	0.041	0.040	0.001
0.097	0.267	0.001	0.635
0.641	0.164	0.194	0.001
0.257	0.001	0.022	0.720
0.226	0.559	0.200	0.015
0.153	0.041	0.001	0.805
0.041	0.865	0.041	0.053
0.197	0.001	0.001	0.801
0.041	0.001	0.917	0.041
0.818	0.001	0.125	0.056
>AAGTTGGCAAGT	8-AAGTTGGCAAGT	9.836713	-22.661148	0	T:26.0(2.51%),B:379.4(0.53%),P:1e-9	Tpos:114.1,Tstd:50.8,Bpos:92.5,Bstd:69.2,StrandBias:1.6,Multiplicity:1.28
0.941	0.001	0.001	0.057
0.950	0.001	0.001	0.048
0.001	0.058	0.776	0.165
0.058	0.143	0.001	0.798
0.058	0.061	0.001	0.880
0.116	0.001	0.659	0.224
0.003	0.001	0.700	0.296
0.090	0.745	0.058	0.107
0.941	0.001	0.057	0.001
0.997	0.001	0.001	0.001
0.156	0.165	0.639	0.040
0.001	0.049	0.062	0.888
>ATGGCTCTGTAC	9-ATGGCTCTGTAC	15.110827	-20.174439	0	T:4.0(0.39%),B:0.5(0.00%),P:1e-8	Tpos:107.6,Tstd:58.5,Bpos:168.6,Bstd:7.3,StrandBias:-10.0,Multiplicity:1.25
0.997	0.001	0.001	0.001
0.001	0.001	0.001	0.997
0.001	0.001	0.997	0.001
0.001	0.001	0.997	0.001
0.001	0.997	0.001	0.001
0.001	0.001	0.001	0.997
0.001	0.997	0.001	0.001
0.225	0.001	0.001	0.773
0.001	0.001	0.997	0.001
0.001	0.001	0.001	0.997
0.997	0.001	0.001	0.001
0.001	0.997	0.001	0.001
>RAWAAAATATAT	10-RAWAAAATATAT	10.487629	-19.137176	0	T:5.0(0.48%),B:4.6(0.01%),P:1e-8	Tpos:47.8,Tstd:17.0,Bpos:129.5,Bstd:51.1,StrandBias:2.0,Multiplicity:1.00
0.254	0.173	0.387	0.186
0.660	0.093	0.138	0.109
0.366	0.086	0.063	0.485
0.570	0.053	0.137	0.240
0.778	0.104	0.011	0.107
0.676	0.023	0.154	0.147
0.687	0.066	0.114	0.133
0.282	0.084	0.009	0.625
0.515	0.060	0.081	0.344
0.211	0.092	0.055	0.642
0.535	0.194	0.024	0.247
0.079	0.106	0.057	0.758
>CAGGGACCACCS	11-CAGGGACCACCS	11.343755	-17.737669	0	T:9.0(0.87%),B:43.8(0.06%),P:1e-7	Tpos:108.5,Tstd:53.4,Bpos:91.3,Bstd:42.2,StrandBias:0.7,Multiplicity:1.44
0.001	0.997	0.001	0.001
0.997	0.001	0.001	0.001
0.210	0.001	0.788	0.001
0.001	0.001	0.997	0.001
0.001	0.001	0.997	0.001
0.997	0.001	0.001	0.001
0.403	0.595	0.001	0.001
0.001	0.805	0.193	0.001
0.997	0.001	0.001	0.001
0.001	0.894	0.001	0.104
0.210	0.571	0.001	0.218
0.001	0.465	0.429	0.105
>GTTGTTGTTGTT	12-GTTGTTGTTGTT	12.852620	-16.975313	0	T:10.0(0.97%),B:63.6(0.09%),P:1e-7	Tpos:124.2,Tstd:57.6,Bpos:102.9,Bstd:50.8,StrandBias:0.6,Multiplicity:1.30
0.001	0.028	0.970	0.001
0.001	0.001	0.001	0.997
0.001	0.001	0.001	0.997
0.001	0.001	0.997	0.001
0.001	0.001	0.001	0.997
0.001	0.001	0.001	0.997
0.001	0.001	0.997	0.001
0.028	0.001	0.001	0.970
0.043	0.001	0.043	0.913
0.020	0.001	0.978	0.001
0.021	0.027	0.001	0.951
0.029	0.030	0.027	0.914
>YAYAYAYAYAYA	13-YAYAYAYAYAYA	10.136898	-16.260950	0	T:24.0(2.32%),B:452.3(0.63%),P:1e-7	Tpos:122.0,Tstd:57.4,Bpos:103.9,Bstd:120.0,StrandBias:-0.1,Multiplicity:1.33
0.078	0.493	0.045	0.385
0.781	0.085	0.045	0.089
0.045	0.492	0.023	0.440
0.746	0.094	0.057	0.103
0.034	0.439	0.066	0.462
0.739	0.042	0.086	0.133
0.061	0.418	0.025	0.497
0.748	0.094	0.084	0.074
0.046	0.393	0.056	0.505
0.732	0.059	0.087	0.122
0.053	0.427	0.037	0.483
0.744	0.063	0.089	0.104
>AGTTAAGCAAAG	14-AGTTAAGCAAAG	13.360485	-15.718911	0	T:5.0(0.48%),B:8.0(0.01%),P:1e-6	Tpos:88.9,Tstd:54.1,Bpos:113.5,Bstd:32.7,StrandBias:-1.0,Multiplicity:1.80
0.633	0.001	0.311	0.055
0.001	0.001	0.997	0.001
0.001	0.001	0.001	0.997
0.308	0.001	0.001	0.690
0.620	0.378	0.001	0.001
0.997	0.001	0.001	0.001
0.001	0.308	0.690	0.001
0.308	0.690	0.001	0.001
0.997	0.001	0.001	0.001
0.997	0.001	0.001	0.001
0.997	0.001	0.001	0.001
0.001	0.001	0.997	0.001
>AAACTKAACAGC	15-AAACTKAACAGC	11.174372	-12.991918	0	T:5.0(0.48%),B:14.8(0.02%),P:1e-5	Tpos:76.2,Tstd:48.7,Bpos:103.6,Bstd:33.4,StrandBias:0.0,Multiplicity:1.60
0.643	0.198	0.001	0.158
0.997	0.001	0.001	0.001
0.678	0.216	0.001	0.105
0.107	0.839	0.053	0.001
0.001	0.052	0.001	0.946
0.135	0.053	0.441	0.371
0.829	0.039	0.054	0.078
0.691	0.256	0.052	0.001
0.105	0.455	0.214	0.225
0.542	0.001	0.083	0.374
0.001	0.272	0.725	0.002
0.079	0.736	0.053	0.132
>GTSCGTCCGTCC	16-GTSCGTCCGTCC	11.168162	-11.279484	0	T:5.0(0.48%),B:20.1(0.03%),P:1e-4	Tpos:58.6,Tstd:60.9,Bpos:104.1,Bstd:32.2,StrandBias:0.8,Multiplicity:1.20
0.001	0.001	0.997	0.001
0.001	0.001	0.001	0.997
0.121	0.386	0.492	0.001
0.121	0.757	0.121	0.001
0.001	0.001	0.756	0.242
0.001	0.001	0.001	0.997
0.001	0.865	0.133	0.001
0.121	0.757	0.121	0.001
0.001	0.001	0.997	0.001
0.120	0.001	0.001	0.878
0.001	0.749	0.125	0.125
0.001	0.878	0.120	0.001
>ATGCATGCATGC	17-ATGCATGCATGC	16.360641	-10.360122	0	T:4.0(0.39%),B:12.4(0.02%),P:1e-4	Tpos:31.0,Tstd:20.5,Bpos:103.9,Bstd:36.5,StrandBias:-0.4,Multiplicity:1.00
0.818	0.001	0.128	0.053
0.001	0.001	0.001	0.997
0.041	0.001	0.957	0.001
0.001	0.997	0.001	0.001
0.997	0.001	0.001	0.001
0.001	0.001	0.001	0.997
0.001	0.001	0.997	0.001
0.001	0.997	0.001	0.001
0.997	0.001	0.001	0.001
0.001	0.001	0.001	0.997
0.001	0.001	0.997	0.001
0.001	0.997	0.001	0.001
>TCTGTCTGTCTG	18-TCTGTCTGTCTG	13.244093	-10.198925	0	T:8.0(0.77%),B:84.9(0.12%),P:1e-4	Tpos:98.4,Tstd:63.3,Bpos:97.1,Bstd:60.8,StrandBias:1.3,Multiplicity:1.25
0.050	0.001	0.001	0.948
0.001	0.997	0.001	0.001
0.001	0.001	0.001	0.997
0.001	0.001	0.997	0.001
0.001	0.001	0.001	0.997
0.045	0.953	0.001	0.001
0.050	0.001	0.001	0.948
0.001	0.001	0.997	0.001
0.001	0.058	0.001	0.940
0.001	0.997	0.001	0.001
0.050	0.001	0.001	0.948
0.001	0.001	0.951	0.047
>TAGCTGAATAGC	19-TAGCTGAATAGC	12.343241	-9.501609	0	T:4.0(0.39%),B:15.9(0.02%),P:1e-4	Tpos:93.8,Tstd:49.8,Bpos:89.9,Bstd:47.6,StrandBias:10.0,Multiplicity:2.50
0.001	0.001	0.001	0.997
0.997	0.001	0.001	0.001
0.001	0.001	0.997	0.001
0.001	0.871	0.001	0.127
0.127	0.001	0.001	0.871
0.001	0.127	0.871	0.001
0.997	0.001	0.001	0.001
0.997	0.001	0.001	0.001
0.001	0.001	0.001	0.997
0.997	0.001	0.001	0.001
0.001	0.001	0.997	0.001
0.001	0.997	0.001	0.001
>GATGATGATGAT	20-GATGATGATGAT	10.379793	-8.520361	0	T:12.0(1.16%),B:235.1(0.33%),P:1e-3	Tpos:93.6,Tstd:48.5,Bpos:91.8,Bstd:106.3,StrandBias:0.5,Multiplicity:2.42
0.067	0.045	0.877	0.011
0.741	0.127	0.106	0.026
0.159	0.054	0.017	0.770
0.050	0.065	0.873	0.012
0.883	0.017	0.088	0.012
0.001	0.071	0.017	0.911
0.029	0.017	0.870	0.084
0.846	0.017	0.074	0.063
0.017	0.017	0.017	0.949
0.059	0.179	0.713	0.049
0.866	0.001	0.094	0.039
0.048	0.066	0.179	0.707
>TTTAAATTTGGG	21-TTTAAATTTGGG	13.081579	-7.882419	0	T:4.0(0.39%),B:23.5(0.03%),P:1e-3	Tpos:91.1,Tstd:42.0,Bpos:126.4,Bstd:58.2,StrandBias:10.0,Multiplicity:1.75
0.001	0.001	0.001	0.997
0.001	0.001	0.001	0.997
0.001	0.001	0.156	0.842
0.997	0.001	0.001	0.001
0.997	0.001	0.001	0.001
0.997	0.001	0.001	0.001
0.189	0.001	0.001	0.809
0.001	0.001	0.001	0.997
0.001	0.001	0.001	0.997
0.001	0.001	0.997	0.001
0.001	0.001	0.997	0.001
0.001	0.001	0.997	0.001
>TGTGTGTGTGTG	22-TGTGTGTGTGTG	12.888145	-6.223645	0	T:7.0(0.68%),B:120.1(0.17%),P:1e-2	Tpos:109.6,Tstd:51.3,Bpos:104.0,Bstd:43.3,StrandBias:-0.2,Multiplicity:1.29
0.001	0.001	0.001	0.997
0.011	0.008	0.980	0.001
0.001	0.001	0.001	0.997
0.001	0.001	0.997	0.001
0.001	0.001	0.026	0.972
0.001	0.001	0.997	0.001
0.001	0.001	0.019	0.979
0.001	0.001	0.997	0.001
0.001	0.001	0.001	0.997
0.001	0.008	0.990	0.001
0.001	0.001	0.017	0.981
0.001	0.007	0.991	0.001
>ATTTTACCATGG	23-ATTTTACCATGG	14.230072	-6.012379	0	T:2.0(0.19%),B:5.3(0.01%),P:1e-2	Tpos:110.0,Tstd:49.6,Bpos:138.6,Bstd:24.1,StrandBias:10.0,Multiplicity:4.50
0.997	0.001	0.001	0.001
0.001	0.001	0.001	0.997
0.001	0.001	0.001	0.997
0.001	0.001	0.001	0.997
0.001	0.001	0.001	0.997
0.997	0.001	0.001	0.001
0.001	0.997	0.001	0.001
0.001	0.894	0.001	0.104
0.997	0.001	0.001	0.001
0.001	0.001	0.001	0.997
0.104	0.001	0.894	0.001
0.001	0.001	0.997	0.001
>TGTTGTTTCATA	24-TGTTGTTTCATA	10.409522	-5.400453	0	T:10.0(0.97%),B:256.8(0.36%),P:1e-2	Tpos:79.7,Tstd:55.9,Bpos:103.7,Bstd:68.0,StrandBias:0.0,Multiplicity:1.56
0.100	0.100	0.100	0.700
0.100	0.100	0.700	0.100
0.100	0.100	0.100	0.700
0.100	0.100	0.100	0.700
0.100	0.100	0.700	0.100
0.100	0.100	0.100	0.700
0.100	0.100	0.100	0.700
0.100	0.100	0.100	0.700
0.100	0.700	0.100	0.100
0.700	0.100	0.100	0.100
0.100	0.100	0.100	0.700
0.700	0.100	0.100	0.100
>ACAGAACGACGC	25-ACAGAACGACGC	12.355432	-3.565933	0	T:1.0(0.10%),B:2.7(0.00%),P:1e-1	Tpos:111.5,Tstd:55.3,Bpos:111.0,Bstd:41.3,StrandBias:10.0,Multiplicity:6.00
0.700	0.100	0.100	0.100
0.100	0.700	0.100	0.100
0.700	0.100	0.100	0.100
0.100	0.100	0.700	0.100
0.700	0.100	0.100	0.100
0.700	0.100	0.100	0.100
0.100	0.700	0.100	0.100
0.100	0.100	0.700	0.100
0.700	0.100	0.100	0.100
0.100	0.700	0.100	0.100
0.100	0.100	0.700	0.100
0.100	0.700	0.100	0.100
>AAAAATTT	1-AAAAATTT	7.194523	-73.407160	0	T:362.0(34.98%),B:13899.7(19.26%),P:1e-31	Tpos:99.9,Tstd:53.2,Bpos:98.5,Bstd:128.5,StrandBias:0.1,Multiplicity:1.37
0.870	0.063	0.001	0.066
0.920	0.026	0.053	0.001
0.963	0.001	0.001	0.035
0.997	0.001	0.001	0.001
0.873	0.025	0.027	0.075
0.094	0.057	0.052	0.797
0.136	0.022	0.080	0.762
0.072	0.001	0.061	0.866
>ATTTTGGG	2-ATTTTGGG	5.278458	-59.813298	0	T:513.0(49.57%),B:24161.9(33.47%),P:1e-25	Tpos:99.5,Tstd:56.6,Bpos:100.3,Bstd:110.6,StrandBias:0.2,Multiplicity:1.33
0.737	0.021	0.068	0.174
0.092	0.044	0.073	0.791
0.110	0.069	0.069	0.752
0.030	0.036	0.025	0.909
0.023	0.072	0.063	0.842
0.089	0.149	0.609	0.153
0.121	0.076	0.742	0.061
0.159	0.099	0.621	0.121
>NAAATTTT	3-NAAATTTT	5.338948	-53.244381	0	T:665.0(64.25%),B:35188.3(48.75%),P:1e-23	Tpos:100.0,Tstd:55.1,Bpos:99.0,Bstd:120.8,StrandBias:-0.1,Multiplicity:1.40
0.186	0.270	0.291	0.254
0.691	0.138	0.056	0.115
0.714	0.001	0.101	0.184
0.837	0.012	0.030	0.121
0.001	0.058	0.132	0.809
0.001	0.016	0.037	0.946
0.001	0.024	0.038	0.937
0.042	0.001	0.014	0.943
>ATATTTCT	4-ATATTTCT	6.208587	-31.998657	0	T:296.0(28.60%),B:13558.8(18.78%),P:1e-13	Tpos:104.2,Tstd:56.3,Bpos:98.2,Bstd:109.0,StrandBias:0.1,Multiplicity:1.18
0.826	0.113	0.001	0.060
0.001	0.123	0.038	0.838
0.917	0.035	0.001	0.047
0.053	0.001	0.027	0.919
0.035	0.056	0.084	0.825
0.041	0.001	0.001	0.957
0.001	0.934	0.064	0.001
0.093	0.028	0.001	0.878
>AAKTTNGN	5-AAKTTNGN	6.379520	-28.070408	0	T:188.0(18.16%),B:7738.2(10.72%),P:1e-12	Tpos:100.3,Tstd:57.0,Bpos:101.9,Bstd:91.7,StrandBias:0.2,Multiplicity:1.20
0.630	0.226	0.038	0.106
0.917	0.081	0.001	0.001
0.001	0.165	0.455	0.378
0.068	0.012	0.001	0.919
0.001	0.057	0.001	0.941
0.190	0.315	0.228	0.267
0.001	0.298	0.700	0.001
0.244	0.248	0.238	0.270
>ATATATAT	6-ATATATAT	8.236954	-23.825278	0	T:34.0(3.29%),B:605.2(0.84%),P:1e-10	Tpos:125.7,Tstd:57.3,Bpos:105.2,Bstd:116.8,StrandBias:0.0,Multiplicity:1.09
0.700	0.100	0.100	0.100
0.100	0.100	0.100	0.700
0.700	0.100	0.100	0.100
0.100	0.100	0.100	0.700
0.700	0.100	0.100	0.100
0.100	0.100	0.100	0.700
0.700	0.100	0.100	0.100
0.100	0.100	0.100	0.700
>ATTAAAAA	7-ATTAAAAA	3.945171	-21.016204	0	T:244.0(23.57%),B:11722.5(16.24%),P:1e-9	Tpos:96.9,Tstd:51.1,Bpos:100.9,Bstd:123.4,StrandBias:-0.3,Multiplicity:1.08
0.997	0.001	0.001	0.001
0.069	0.001	0.001	0.929
0.195	0.001	0.001	0.803
0.997	0.001	0.001	0.001
0.997	0.001	0.001	0.001
0.997	0.001	0.001	0.001
0.997	0.001	0.001	0.001
0.997	0.001	0.001	0.001
>WGCGATAT	8-WGCGATAT	6.070815	-19.628764	0	T:136.0(13.14%),B:5646.1(7.82%),P:1e-8	Tpos:97.8,Tstd:54.5,Bpos:97.1,Bstd:86.8,StrandBias:0.2,Multiplicity:1.10
0.508	0.020	0.028	0.444
0.133	0.029	0.629	0.209
0.026	0.754	0.219	0.001
0.029	0.290	0.547	0.134
0.756	0.025	0.199	0.020
0.133	0.032	0.069	0.766
0.593	0.028	0.217	0.162
0.254	0.066	0.084	0.596
>TTTCGTAG	9-TTTCGTAG	5.844543	-16.608417	0	T:119.0(11.50%),B:4999.5(6.93%),P:1e-7	Tpos:97.1,Tstd:58.1,Bpos:99.8,Bstd:86.3,StrandBias:0.1,Multiplicity:1.11
0.088	0.060	0.015	0.837
0.118	0.013	0.001	0.868
0.001	0.059	0.001	0.939
0.001	0.856	0.077	0.066
0.092	0.001	0.836	0.071
0.072	0.001	0.054	0.873
0.882	0.001	0.054	0.063
0.001	0.062	0.936	0.001
>CGCGACTG	10-CGCGACTG	7.099167	-14.670037	0	T:62.0(5.99%),B:2169.8(3.01%),P:1e-6	Tpos:118.3,Tstd:52.1,Bpos:99.4,Bstd:65.9,StrandBias:0.3,Multiplicity:1.10
0.001	0.904	0.001	0.094
0.072	0.001	0.926	0.001
0.212	0.629	0.066	0.093
0.039	0.074	0.679	0.208
0.997	0.001	0.001	0.001
0.001	0.962	0.036	0.001
0.001	0.057	0.001	0.941
0.001	0.001	0.997	0.001
>ACTCCGAG	11-ACTCCGAG	4.751880	-14.100472	0	T:258.0(24.93%),B:13590.0(18.83%),P:1e-6	Tpos:103.7,Tstd:55.6,Bpos:99.9,Bstd:72.8,StrandBias:0.0,Multiplicity:1.19
0.737	0.107	0.066	0.090
0.079	0.717	0.149	0.055
0.073	0.038	0.067	0.822
0.055	0.752	0.081	0.112
0.091	0.757	0.082	0.070
0.111	0.154	0.672	0.063
0.784	0.038	0.083	0.095
0.052	0.073	0.771	0.104
>GTTGTKGG	12-GTTGTKGG	4.075644	-9.506147	0	T:164.0(15.85%),B:8541.9(11.83%),P:1e-4	Tpos:103.4,Tstd:55.4,Bpos:100.0,Bstd:77.2,StrandBias:0.2,Multiplicity:1.12
0.001	0.249	0.749	0.001
0.001	0.001	0.001	0.997
0.087	0.001	0.001	0.911
0.001	0.111	0.887	0.001
0.001	0.001	0.001	0.997
0.001	0.001	0.441	0.557
0.001	0.001	0.997	0.001
0.001	0.001	0.891	0.107
>GACAGAYA	13-GACAGAYA	6.518503	-7.549900	0	T:59.0(5.70%),B:2609.9(3.62%),P:1e-3	Tpos:98.4,Tstd:57.4,Bpos:102.3,Bstd:91.2,StrandBias:-0.7,Multiplicity:1.53
0.001	0.001	0.997	0.001
0.997	0.001	0.001	0.001
0.001	0.684	0.001	0.314
0.997	0.001	0.001	0.001
0.001	0.001	0.997	0.001
0.970	0.001	0.028	0.001
0.001	0.548	0.001	0.450
0.997	0.001	0.001	0.001
>TTATTTAT	14-TTATTTAT	8.236954	-4.960172	0	T:40.0(3.86%),B:1835.7(2.54%),P:1e-2	Tpos:87.1,Tstd:58.6,Bpos:98.5,Bstd:127.3,StrandBias:-1.6,Multiplicity:1.26
0.100	0.100	0.100	0.700
0.100	0.100	0.100	0.700
0.700	0.100	0.100	0.100
0.100	0.100	0.100	0.700
0.100	0.100	0.100	0.700
0.100	0.100	0.100	0.700
0.700	0.100	0.100	0.100
0.100	0.100	0.100	0.700
>ATACATAC	15-ATACATAC	8.236954	-3.232651	0	T:23.0(2.22%),B:1072.0(1.49%),P:1e-1	Tpos:111.2,Tstd:53.1,Bpos:100.6,Bstd:120.7,StrandBias:-0.4,Multiplicity:7.78
0.700	0.100	0.100	0.100
0.100	0.100	0.100	0.700
0.700	0.100	0.100	0.100
0.100	0.700	0.100	0.100
0.700	0.100	0.100	0.100
0.100	0.100	0.100	0.700
0.700	0.100	0.100	0.100
0.100	0.700	0.100	0.100
>AGAGAGAG	16-AGAGAGAG	8.236954	-3.148749	0	T:17.0(1.64%),B:742.4(1.03%),P:1e-1	Tpos:119.9,Tstd:60.0,Bpos:92.3,Bstd:82.2,StrandBias:0.0,Multiplicity:1.24
0.700	0.100	0.100	0.100
0.100	0.100	0.700	0.100
0.700	0.100	0.100	0.100
0.100	0.100	0.700	0.100
0.700	0.100	0.100	0.100
0.100	0.100	0.700	0.100
0.700	0.100	0.100	0.100
0.100	0.100	0.700	0.100
>GKGKGKGT	17-GKGKGKGT	5.086858	-2.734409	0	T:65.0(6.28%),B:3733.5(5.17%),P:1e-1	Tpos:104.5,Tstd:52.0,Bpos:100.0,Bstd:64.3,StrandBias:-0.5,Multiplicity:1.23
0.087	0.192	0.507	0.214
0.109	0.095	0.384	0.411
0.094	0.116	0.661	0.129
0.160	0.071	0.385	0.384
0.125	0.144	0.677	0.054
0.164	0.091	0.425	0.321
0.068	0.066	0.725	0.141
0.229	0.142	0.239	0.390
>ATGCATGC	18-ATGCATGC	8.465632	-1.952883	0	T:22.0(2.13%),B:1193.0(1.65%),P:1e0	Tpos:60.7,Tstd:50.0,Bpos:96.5,Bstd:106.4,StrandBias:-0.4,Multiplicity:1.41
0.997	0.001	0.001	0.001
0.001	0.001	0.001	0.997
0.001	0.001	0.997	0.001
0.001	0.997	0.001	0.001
0.997	0.001	0.001	0.001
0.001	0.074	0.001	0.924
0.001	0.001	0.997	0.001
0.001	0.997	0.001	0.001
>SATCATSA	19-SATCATSA	6.648636	-1.683834	0	T:85.0(8.21%),B:5369.1(7.44%),P:1e0	Tpos:96.3,Tstd:54.0,Bpos:97.4,Bstd:97.1,StrandBias:-0.2,Multiplicity:1.26
0.001	0.457	0.541	0.001
0.799	0.022	0.001	0.178
0.087	0.038	0.001	0.874
0.001	0.628	0.370	0.001
0.657	0.045	0.001	0.297
0.175	0.093	0.073	0.659
0.001	0.457	0.475	0.066
0.632	0.034	0.156	0.178
