>AATTTTGRGAAA	1-AATTTTGRGAAA	6.530915	-83.086133	0	T:434.0(41.93%),B:17356.7(24.05%),P:1e-36	Tpos:95.9,Tstd:53.5,Bpos:100.0,Bstd:120.0,StrandBias:0.0,Multiplicity:1.37
0.694	0.082	0.104	0.120
0.745	0.012	0.037	0.206
0.189	0.016	0.154	0.641
0.091	0.001	0.001	0.907
0.006	0.123	0.013	0.858
0.129	0.215	0.062	0.594
0.201	0.048	0.533	0.218
0.372	0.183	0.293	0.153
0.282	0.117	0.436	0.166
0.623	0.112	0.187	0.078
0.733	0.001	0.049	0.217
0.813	0.001	0.001	0.185
>TTAAAATTTGGT	2-TTAAAATTTGGT	9.023590	-55.292502	0	T:79.0(7.63%),B:1367.9(1.90%),P:1e-24	Tpos:103.0,Tstd:53.4,Bpos:101.3,Bstd:110.1,StrandBias:0.4,Multiplicity:1.02
0.047	0.070	0.023	0.860
0.094	0.023	0.087	0.796
0.862	0.067	0.070	0.001
0.862	0.090	0.001	0.047
0.828	0.087	0.001	0.084
0.754	0.086	0.090	0.070
0.023	0.049	0.091	0.837
0.076	0.108	0.080	0.736
0.023	0.041	0.001	0.935
0.025	0.094	0.818	0.063
0.061	0.059	0.851	0.029
0.077	0.056	0.001	0.866
>AAAAATWTAAAA	3-AAAAATWTAAAA	8.399135	-46.724746	0	T:185.0(17.87%),B:6240.3(8.65%),P:1e-20	Tpos:99.9,Tstd:52.4,Bpos:93.8,Bstd:147.9,StrandBias:-0.1,Multiplicity:1.14
0.811	0.030	0.042	0.117
0.872	0.019	0.019	0.090
0.945	0.001	0.008	0.046
0.800	0.008	0.003	0.189
0.704	0.012	0.004	0.280
0.302	0.035	0.058	0.605
0.455	0.042	0.117	0.385
0.347	0.045	0.078	0.530
0.633	0.082	0.094	0.191
0.726	0.062	0.051	0.161
0.832	0.052	0.007	0.109
0.740	0.006	0.081	0.173
>CCAAATATCAAA	4-CCAAATATCAAA	12.669116	-33.092544	0	T:15.0(1.45%),B:52.1(0.07%),P:1e-14	Tpos:106.8,Tstd:49.6,Bpos:107.7,Bstd:79.9,StrandBias:-1.1,Multiplicity:1.14
0.098	0.900	0.001	0.001
0.052	0.946	0.001	0.001
0.997	0.001	0.001	0.001
0.997	0.001	0.001	0.001
0.898	0.001	0.001	0.100
0.001	0.001	0.100	0.898
0.997	0.001	0.001	0.001
0.101	0.101	0.101	0.697
0.001	0.898	0.001	0.100
0.997	0.001	0.001	0.001
0.997	0.001	0.001	0.001
0.814	0.001	0.101	0.084
>AGCAACATGCAC	5-AGCAACATGCAC	14.848018	-27.928055	0	T:6.0(0.58%),B:2.3(0.00%),P:1e-12	Tpos:115.7,Tstd:47.6,Bpos:133.9,Bstd:27.0,StrandBias:2.3,Multiplicity:1.00
0.825	0.001	0.173	0.001
0.001	0.001	0.997	0.001
0.001	0.997	0.001	0.001
0.997	0.001	0.001	0.001
0.997	0.001	0.001	0.001
0.001	0.997	0.001	0.001
0.997	0.001	0.001	0.001
0.001	0.001	0.001	0.997
0.001	0.001	0.997	0.001
0.001	0.997	0.001	0.001
0.997	0.001	0.001	0.001
0.001	0.997	0.001	0.001
>GGGGGGGGGGGG	6-GGGGGGGGGGGG	8.786246	-25.501523	0	T:43.0(4.15%),B:873.9(1.21%),P:1e-11	Tpos:111.4,Tstd:57.7,Bpos:94.0,Bstd:71.8,StrandBias:-0.3,Multiplicity:1.14
0.281	0.036	0.657	0.026
0.001	0.032	0.966	0.001
0.328	0.001	0.670	0.001
0.028	0.001	0.970	0.001
0.417	0.001	0.581	0.001
0.021	0.001	0.926	0.052
0.280	0.001	0.718	0.001
0.001	0.001	0.959	0.039
0.245	0.001	0.753	0.001
0.046	0.053	0.900	0.001
0.354	0.048	0.597	0.001
0.324	0.020	0.558	0.098
>AGATATCTCTGA	7-AGATATCTCTGA	9.153108	-25.171915	0	T:37.0(3.57%),B:673.5(0.93%),P:1e-10	Tpos:95.1,Tstd:60.0,Bpos:105.9,Bstd:112.6,StrandBias:0.0,Multiplicity:1.16
0.814	0.041	0.001	0.144
0.106	0.245	0.608	0.041
0.918	0.041	0.040	0.001
0.097	0.267	0.001	0.635
0.641	0.164	0.194	0.001
0.257	0.001	0.022	0.720
0.226	0.559	0.200	0.015
0.153	0.041	0.001	0.805
0.041	0.865	0.041	0.053
0.197	0.001	0.001	0.801
0.041	0.001	0.917	0.041
0.818	0.001	0.125	0.056
>AAGTTGGCAAGT	8-AAGTTGGCAAGT	9.836713	-22.661148	0	T:26.0(2.51%),B:379.4(0.53%),P:1e-9	Tpos:114.1,Tstd:50.8,Bpos:92.5,Bstd:69.2,StrandBias:1.6,Multiplicity:1.28
0.941	0.001	0.001	0.057
0.950	0.001	0.001	0.048
0.001	0.058	0.776	0.165
0.058	0.143	0.001	0.798
0.058	0.061	0.001	0.880
0.116	0.001	0.659	0.224
0.003	0.001	0.700	0.296
0.090	0.745	0.058	0.107
0.941	0.001	0.057	0.001
0.997	0.001	0.001	0.001
0.156	0.165	0.639	0.040
0.001	0.049	0.062	0.888
>ATGGCTCTGTAC	9-ATGGCTCTGTAC	15.110827	-20.174439	0	T:4.0(0.39%),B:0.5(0.00%),P:1e-8	Tpos:107.6,Tstd:58.5,Bpos:168.6,Bstd:7.3,StrandBias:-10.0,Multiplicity:1.25
0.997	0.001	0.001	0.001
0.001	0.001	0.001	0.997
0.001	0.001	0.997	0.001
0.001	0.001	0.997	0.001
0.001	0.997	0.001	0.001
0.001	0.001	0.001	0.997
0.001	0.997	0.001	0.001
0.225	0.001	0.001	0.773
0.001	0.001	0.997	0.001
0.001	0.001	0.001	0.997
0.997	0.001	0.001	0.001
0.001	0.997	0.001	0.001
>RAWAAAATATAT	10-RAWAAAATATAT	10.487629	-19.137176	0	T:5.0(0.48%),B:4.6(0.01%),P:1e-8	Tpos:47.8,Tstd:17.0,Bpos:129.5,Bstd:51.1,StrandBias:2.0,Multiplicity:1.00
0.254	0.173	0.387	0.186
0.660	0.093	0.138	0.109
0.366	0.086	0.063	0.485
0.570	0.053	0.137	0.240
0.778	0.104	0.011	0.107
0.676	0.023	0.154	0.147
0.687	0.066	0.114	0.133
0.282	0.084	0.009	0.625
0.515	0.060	0.081	0.344
0.211	0.092	0.055	0.642
0.535	0.194	0.024	0.247
0.079	0.106	0.057	0.758
>CAGGGACCACCS	11-CAGGGACCACCS	11.343755	-17.737669	0	T:9.0(0.87%),B:43.8(0.06%),P:1e-7	Tpos:108.5,Tstd:53.4,Bpos:91.3,Bstd:42.2,StrandBias:0.7,Multiplicity:1.44
0.001	0.997	0.001	0.001
0.997	0.001	0.001	0.001
0.210	0.001	0.788	0.001
0.001	0.001	0.997	0.001
0.001	0.001	0.997	0.001
0.997	0.001	0.001	0.001
0.403	0.595	0.001	0.001
0.001	0.805	0.193	0.001
0.997	0.001	0.001	0.001
0.001	0.894	0.001	0.104
0.210	0.571	0.001	0.218
0.001	0.465	0.429	0.105
>GTTGTTGTTGTT	12-GTTGTTGTTGTT	12.852620	-16.975313	0	T:10.0(0.97%),B:63.6(0.09%),P:1e-7	Tpos:124.2,Tstd:57.6,Bpos:102.9,Bstd:50.8,StrandBias:0.6,Multiplicity:1.30
0.001	0.028	0.970	0.001
0.001	0.001	0.001	0.997
0.001	0.001	0.001	0.997
0.001	0.001	0.997	0.001
0.001	0.001	0.001	0.997
0.001	0.001	0.001	0.997
0.001	0.001	0.997	0.001
0.028	0.001	0.001	0.970
0.043	0.001	0.043	0.913
0.020	0.001	0.978	0.001
0.021	0.027	0.001	0.951
0.029	0.030	0.027	0.914
>YAYAYAYAYAYA	13-YAYAYAYAYAYA	10.136898	-16.260950	0	T:24.0(2.32%),B:452.3(0.63%),P:1e-7	Tpos:122.0,Tstd:57.4,Bpos:103.9,Bstd:120.0,StrandBias:-0.1,Multiplicity:1.33
0.078	0.493	0.045	0.385
0.781	0.085	0.045	0.089
0.045	0.492	0.023	0.440
0.746	0.094	0.057	0.103
0.034	0.439	0.066	0.462
0.739	0.042	0.086	0.133
0.061	0.418	0.025	0.497
0.748	0.094	0.084	0.074
0.046	0.393	0.056	0.505
0.732	0.059	0.087	0.122
0.053	0.427	0.037	0.483
0.744	0.063	0.089	0.104
>AGTTAAGCAAAG	14-AGTTAAGCAAAG	13.360485	-15.718911	0	T:5.0(0.48%),B:8.0(0.01%),P:1e-6	Tpos:88.9,Tstd:54.1,Bpos:113.5,Bstd:32.7,StrandBias:-1.0,Multiplicity:1.80
0.633	0.001	0.311	0.055
0.001	0.001	0.997	0.001
0.001	0.001	0.001	0.997
0.308	0.001	0.001	0.690
0.620	0.378	0.001	0.001
0.997	0.001	0.001	0.001
0.001	0.308	0.690	0.001
0.308	0.690	0.001	0.001
0.997	0.001	0.001	0.001
0.997	0.001	0.001	0.001
0.997	0.001	0.001	0.001
0.001	0.001	0.997	0.001
>AAACTKAACAGC	15-AAACTKAACAGC	11.174372	-12.991918	0	T:5.0(0.48%),B:14.8(0.02%),P:1e-5	Tpos:76.2,Tstd:48.7,Bpos:103.6,Bstd:33.4,StrandBias:0.0,Multiplicity:1.60
0.643	0.198	0.001	0.158
0.997	0.001	0.001	0.001
0.678	0.216	0.001	0.105
0.107	0.839	0.053	0.001
0.001	0.052	0.001	0.946
0.135	0.053	0.441	0.371
0.829	0.039	0.054	0.078
0.691	0.256	0.052	0.001
0.105	0.455	0.214	0.225
0.542	0.001	0.083	0.374
0.001	0.272	0.725	0.002
0.079	0.736	0.053	0.132
>GTSCGTCCGTCC	16-GTSCGTCCGTCC	11.168162	-11.279484	0	T:5.0(0.48%),B:20.1(0.03%),P:1e-4	Tpos:58.6,Tstd:60.9,Bpos:104.1,Bstd:32.2,StrandBias:0.8,Multiplicity:1.20
0.001	0.001	0.997	0.001
0.001	0.001	0.001	0.997
0.121	0.386	0.492	0.001
0.121	0.757	0.121	0.001
0.001	0.001	0.756	0.242
0.001	0.001	0.001	0.997
0.001	0.865	0.133	0.001
0.121	0.757	0.121	0.001
0.001	0.001	0.997	0.001
0.120	0.001	0.001	0.878
0.001	0.749	0.125	0.125
0.001	0.878	0.120	0.001
>ATGCATGCATGC	17-ATGCATGCATGC	16.360641	-10.360122	0	T:4.0(0.39%),B:12.4(0.02%),P:1e-4	Tpos:31.0,Tstd:20.5,Bpos:103.9,Bstd:36.5,StrandBias:-0.4,Multiplicity:1.00
0.818	0.001	0.128	0.053
0.001	0.001	0.001	0.997
0.041	0.001	0.957	0.001
0.001	0.997	0.001	0.001
0.997	0.001	0.001	0.001
0.001	0.001	0.001	0.997
0.001	0.001	0.997	0.001
0.001	0.997	0.001	0.001
0.997	0.001	0.001	0.001
0.001	0.001	0.001	0.997
0.001	0.001	0.997	0.001
0.001	0.997	0.001	0.001
>TCTGTCTGTCTG	18-TCTGTCTGTCTG	13.244093	-10.198925	0	T:8.0(0.77%),B:84.9(0.12%),P:1e-4	Tpos:98.4,Tstd:63.3,Bpos:97.1,Bstd:60.8,StrandBias:1.3,Multiplicity:1.25
0.050	0.001	0.001	0.948
0.001	0.997	0.001	0.001
0.001	0.001	0.001	0.997
0.001	0.001	0.997	0.001
0.001	0.001	0.001	0.997
0.045	0.953	0.001	0.001
0.050	0.001	0.001	0.948
0.001	0.001	0.997	0.001
0.001	0.058	0.001	0.940
0.001	0.997	0.001	0.001
0.050	0.001	0.001	0.948
0.001	0.001	0.951	0.047
>TAGCTGAATAGC	19-TAGCTGAATAGC	12.343241	-9.501609	0	T:4.0(0.39%),B:15.9(0.02%),P:1e-4	Tpos:93.8,Tstd:49.8,Bpos:89.9,Bstd:47.6,StrandBias:10.0,Multiplicity:2.50
0.001	0.001	0.001	0.997
0.997	0.001	0.001	0.001
0.001	0.001	0.997	0.001
0.001	0.871	0.001	0.127
0.127	0.001	0.001	0.871
0.001	0.127	0.871	0.001
0.997	0.001	0.001	0.001
0.997	0.001	0.001	0.001
0.001	0.001	0.001	0.997
0.997	0.001	0.001	0.001
0.001	0.001	0.997	0.001
0.001	0.997	0.001	0.001
>GATGATGATGAT	20-GATGATGATGAT	10.379793	-8.520361	0	T:12.0(1.16%),B:235.1(0.33%),P:1e-3	Tpos:93.6,Tstd:48.5,Bpos:91.8,Bstd:106.3,StrandBias:0.5,Multiplicity:2.42
0.067	0.045	0.877	0.011
0.741	0.127	0.106	0.026
0.159	0.054	0.017	0.770
0.050	0.065	0.873	0.012
0.883	0.017	0.088	0.012
0.001	0.071	0.017	0.911
0.029	0.017	0.870	0.084
0.846	0.017	0.074	0.063
0.017	0.017	0.017	0.949
0.059	0.179	0.713	0.049
0.866	0.001	0.094	0.039
0.048	0.066	0.179	0.707
>TTTAAATTTGGG	21-TTTAAATTTGGG	13.081579	-7.882419	0	T:4.0(0.39%),B:23.5(0.03%),P:1e-3	Tpos:91.1,Tstd:42.0,Bpos:126.4,Bstd:58.2,StrandBias:10.0,Multiplicity:1.75
0.001	0.001	0.001	0.997
0.001	0.001	0.001	0.997
0.001	0.001	0.156	0.842
0.997	0.001	0.001	0.001
0.997	0.001	0.001	0.001
0.997	0.001	0.001	0.001
0.189	0.001	0.001	0.809
0.001	0.001	0.001	0.997
0.001	0.001	0.001	0.997
0.001	0.001	0.997	0.001
0.001	0.001	0.997	0.001
0.001	0.001	0.997	0.001
>TGTGTGTGTGTG	22-TGTGTGTGTGTG	12.888145	-6.223645	0	T:7.0(0.68%),B:120.1(0.17%),P:1e-2	Tpos:109.6,Tstd:51.3,Bpos:104.0,Bstd:43.3,StrandBias:-0.2,Multiplicity:1.29
0.001	0.001	0.001	0.997
0.011	0.008	0.980	0.001
0.001	0.001	0.001	0.997
0.001	0.001	0.997	0.001
0.001	0.001	0.026	0.972
0.001	0.001	0.997	0.001
0.001	0.001	0.019	0.979
0.001	0.001	0.997	0.001
0.001	0.001	0.001	0.997
0.001	0.008	0.990	0.001
0.001	0.001	0.017	0.981
0.001	0.007	0.991	0.001
>ATTTTACCATGG	23-ATTTTACCATGG	14.230072	-6.012379	0	T:2.0(0.19%),B:5.3(0.01%),P:1e-2	Tpos:110.0,Tstd:49.6,Bpos:138.6,Bstd:24.1,StrandBias:10.0,Multiplicity:4.50
0.997	0.001	0.001	0.001
0.001	0.001	0.001	0.997
0.001	0.001	0.001	0.997
0.001	0.001	0.001	0.997
0.001	0.001	0.001	0.997
0.997	0.001	0.001	0.001
0.001	0.997	0.001	0.001
0.001	0.894	0.001	0.104
0.997	0.001	0.001	0.001
0.001	0.001	0.001	0.997
0.104	0.001	0.894	0.001
0.001	0.001	0.997	0.001
>TGTTGTTTCATA	24-TGTTGTTTCATA	10.409522	-5.400453	0	T:10.0(0.97%),B:256.8(0.36%),P:1e-2	Tpos:79.7,Tstd:55.9,Bpos:103.7,Bstd:68.0,StrandBias:0.0,Multiplicity:1.56
0.100	0.100	0.100	0.700
0.100	0.100	0.700	0.100
0.100	0.100	0.100	0.700
0.100	0.100	0.100	0.700
0.100	0.100	0.700	0.100
0.100	0.100	0.100	0.700
0.100	0.100	0.100	0.700
0.100	0.100	0.100	0.700
0.100	0.700	0.100	0.100
0.700	0.100	0.100	0.100
0.100	0.100	0.100	0.700
0.700	0.100	0.100	0.100
>ACAGAACGACGC	25-ACAGAACGACGC	12.355432	-3.565933	0	T:1.0(0.10%),B:2.7(0.00%),P:1e-1	Tpos:111.5,Tstd:55.3,Bpos:111.0,Bstd:41.3,StrandBias:10.0,Multiplicity:6.00
0.700	0.100	0.100	0.100
0.100	0.700	0.100	0.100
0.700	0.100	0.100	0.100
0.100	0.100	0.700	0.100
0.700	0.100	0.100	0.100
0.700	0.100	0.100	0.100
0.100	0.700	0.100	0.100
0.100	0.100	0.700	0.100
0.700	0.100	0.100	0.100
0.100	0.700	0.100	0.100
0.100	0.100	0.700	0.100
0.100	0.700	0.100	0.100
