>AAATTTGGTA	1-AAATTTGGTA	6.340065	-68.883389	0	T:355.0(34.30%),B:13821.7(19.15%),P:1e-29	Tpos:102.1,Tstd:54.8,Bpos:100.5,Bstd:109.6,StrandBias:0.1,Multiplicity:1.23
0.820	0.032	0.060	0.088
0.786	0.049	0.046	0.119
0.796	0.057	0.079	0.068
0.095	0.043	0.067	0.795
0.041	0.040	0.048	0.871
0.030	0.067	0.078	0.825
0.071	0.089	0.774	0.066
0.103	0.057	0.786	0.054
0.049	0.081	0.106	0.764
0.785	0.059	0.060	0.096
>AAAATTTTGA	2-AAAATTTTGA	5.358240	-66.430561	0	T:368.0(35.56%),B:14738.9(20.42%),P:1e-28	Tpos:99.4,Tstd:54.6,Bpos:99.9,Bstd:130.1,StrandBias:0.0,Multiplicity:1.35
0.505	0.136	0.182	0.177
0.629	0.043	0.125	0.203
0.600	0.126	0.100	0.174
0.577	0.019	0.078	0.326
0.157	0.083	0.083	0.677
0.101	0.155	0.114	0.630
0.172	0.017	0.123	0.688
0.196	0.129	0.213	0.463
0.219	0.165	0.388	0.228
0.379	0.189	0.227	0.205
>CCGAAAATAT	3-CCGAAAATAT	4.804816	-54.265680	0	T:482.0(46.57%),B:22711.5(31.46%),P:1e-23	Tpos:102.2,Tstd:56.2,Bpos:99.5,Bstd:111.2,StrandBias:0.2,Multiplicity:1.29
0.106	0.681	0.109	0.104
0.097	0.685	0.106	0.112
0.135	0.106	0.650	0.109
0.722	0.092	0.094	0.092
0.703	0.099	0.098	0.100
0.747	0.070	0.085	0.098
0.703	0.092	0.097	0.108
0.116	0.085	0.089	0.710
0.675	0.116	0.106	0.103
0.098	0.096	0.083	0.723
>ATTTCGAGAT	4-ATTTCGAGAT	4.871236	-50.889530	0	T:505.0(48.79%),B:24537.9(33.99%),P:1e-22	Tpos:99.3,Tstd:54.4,Bpos:100.3,Bstd:107.1,StrandBias:0.0,Multiplicity:1.24
0.713	0.084	0.090	0.113
0.107	0.112	0.106	0.675
0.113	0.055	0.091	0.741
0.088	0.095	0.094	0.723
0.098	0.650	0.100	0.152
0.119	0.093	0.652	0.136
0.702	0.090	0.092	0.116
0.053	0.101	0.740	0.106
0.705	0.100	0.085	0.110
0.122	0.083	0.095	0.700
>TTTTAAGTTT	5-TTTTAAGTTT	6.898985	-46.607868	0	T:275.0(26.57%),B:11008.8(15.25%),P:1e-20	Tpos:96.1,Tstd:55.2,Bpos:98.4,Bstd:110.6,StrandBias:0.0,Multiplicity:1.11
0.027	0.062	0.081	0.830
0.084	0.093	0.033	0.790
0.063	0.122	0.074	0.741
0.064	0.027	0.071	0.838
0.837	0.076	0.028	0.059
0.699	0.117	0.106	0.078
0.007	0.089	0.799	0.105
0.093	0.046	0.075	0.786
0.035	0.059	0.035	0.871
0.086	0.035	0.064	0.815
>AAGTTGTAGC	6-AAGTTGTAGC	6.947992	-41.004019	0	T:126.0(12.17%),B:3729.1(5.17%),P:1e-17	Tpos:102.3,Tstd:55.1,Bpos:102.3,Bstd:91.0,StrandBias:-0.0,Multiplicity:1.05
0.884	0.049	0.034	0.033
0.776	0.045	0.073	0.106
0.068	0.107	0.754	0.071
0.068	0.071	0.100	0.761
0.057	0.044	0.071	0.828
0.082	0.038	0.783	0.097
0.057	0.057	0.080	0.806
0.822	0.059	0.034	0.085
0.079	0.067	0.784	0.070
0.111	0.806	0.040	0.043
>AAATWAAAAA	7-AAATWAAAAA	8.261593	-36.959289	0	T:169.0(16.33%),B:6046.8(8.38%),P:1e-16	Tpos:102.1,Tstd:49.8,Bpos:97.7,Bstd:124.2,StrandBias:-0.3,Multiplicity:1.13
0.674	0.041	0.116	0.169
0.931	0.001	0.002	0.066
0.705	0.025	0.001	0.269
0.189	0.024	0.001	0.786
0.564	0.001	0.001	0.434
0.639	0.001	0.001	0.359
0.682	0.001	0.157	0.160
0.751	0.004	0.001	0.244
0.880	0.056	0.002	0.062
0.692	0.001	0.305	0.002
>ATGCGGAAAA	8-ATGCGGAAAA	9.073703	-27.477728	0	T:29.0(2.80%),B:382.5(0.53%),P:1e-11	Tpos:79.9,Tstd:51.8,Bpos:81.5,Bstd:77.7,StrandBias:0.3,Multiplicity:1.00
0.775	0.001	0.001	0.223
0.001	0.273	0.001	0.725
0.001	0.001	0.791	0.207
0.151	0.607	0.204	0.038
0.001	0.038	0.912	0.049
0.001	0.189	0.564	0.246
0.789	0.001	0.209	0.001
0.573	0.055	0.371	0.001
0.800	0.001	0.001	0.198
0.742	0.256	0.001	0.001
>ATATATATAT	9-ATATATATAT	10.296193	-24.740455	0	T:14.0(1.35%),B:78.6(0.11%),P:1e-10	Tpos:127.2,Tstd:58.2,Bpos:102.5,Bstd:133.8,StrandBias:0.0,Multiplicity:1.07
0.700	0.100	0.100	0.100
0.100	0.100	0.100	0.700
0.700	0.100	0.100	0.100
0.100	0.100	0.100	0.700
0.700	0.100	0.100	0.100
0.100	0.100	0.100	0.700
0.700	0.100	0.100	0.100
0.100	0.100	0.100	0.700
0.700	0.100	0.100	0.100
0.100	0.100	0.100	0.700
>CCTTCTTCCA	10-CCTTCTTCCA	7.925106	-22.130380	0	T:23.0(2.22%),B:303.9(0.42%),P:1e-9	Tpos:92.4,Tstd:54.3,Bpos:106.7,Bstd:71.4,StrandBias:0.0,Multiplicity:1.04
0.278	0.573	0.060	0.089
0.044	0.656	0.053	0.247
0.220	0.028	0.014	0.738
0.032	0.039	0.236	0.693
0.048	0.679	0.062	0.211
0.177	0.052	0.225	0.546
0.049	0.083	0.212	0.656
0.040	0.889	0.048	0.023
0.140	0.538	0.251	0.071
0.590	0.168	0.035	0.207
>GTATCACCAT	11-GTATCACCAT	8.484141	-19.908719	0	T:31.0(3.00%),B:600.6(0.83%),P:1e-8	Tpos:105.9,Tstd:54.8,Bpos:97.8,Bstd:80.8,StrandBias:0.4,Multiplicity:1.21
0.139	0.116	0.586	0.159
0.060	0.340	0.109	0.491
0.783	0.022	0.023	0.172
0.008	0.183	0.067	0.742
0.138	0.686	0.148	0.028
0.870	0.060	0.001	0.069
0.001	0.666	0.296	0.037
0.027	0.887	0.085	0.001
0.538	0.251	0.058	0.153
0.228	0.016	0.021	0.735
>GCAGTCGCAT	12-GCAGTCGCAT	10.296193	-16.374706	0	T:5.0(0.48%),B:7.7(0.01%),P:1e-7	Tpos:112.0,Tstd:56.6,Bpos:106.6,Bstd:38.6,StrandBias:10.0,Multiplicity:1.00
0.100	0.100	0.700	0.100
0.100	0.700	0.100	0.100
0.700	0.100	0.100	0.100
0.100	0.100	0.700	0.100
0.100	0.100	0.100	0.700
0.100	0.700	0.100	0.100
0.100	0.100	0.700	0.100
0.100	0.700	0.100	0.100
0.700	0.100	0.100	0.100
0.100	0.100	0.100	0.700
>GGGAGCGAGG	13-GGGAGCGAGG	10.671617	-13.560151	0	T:10.0(0.97%),B:92.1(0.13%),P:1e-5	Tpos:77.9,Tstd:48.6,Bpos:102.4,Bstd:50.0,StrandBias:0.8,Multiplicity:1.00
0.001	0.001	0.997	0.001
0.094	0.001	0.539	0.366
0.001	0.001	0.997	0.001
0.997	0.001	0.001	0.001
0.002	0.001	0.741	0.256
0.001	0.726	0.272	0.001
0.001	0.212	0.786	0.001
0.679	0.001	0.319	0.001
0.001	0.001	0.997	0.001
0.001	0.001	0.997	0.001
>GGGGGGGGGG	14-GGGGGGGGGG	11.624011	-13.465718	0	T:16.0(1.55%),B:254.8(0.35%),P:1e-5	Tpos:112.4,Tstd:49.8,Bpos:97.3,Bstd:60.0,StrandBias:-1.2,Multiplicity:1.06
0.074	0.065	0.793	0.068
0.045	0.075	0.752	0.128
0.093	0.041	0.827	0.039
0.132	0.055	0.752	0.061
0.049	0.050	0.866	0.035
0.048	0.056	0.853	0.043
0.117	0.072	0.757	0.054
0.137	0.032	0.768	0.063
0.075	0.043	0.819	0.063
0.038	0.041	0.817	0.104
>GTKCWGCAAR	15-GTKCWGCAAR	7.942404	-12.417022	0	T:22.0(2.13%),B:488.1(0.68%),P:1e-5	Tpos:113.1,Tstd:51.7,Bpos:100.4,Bstd:79.4,StrandBias:-0.4,Multiplicity:1.24
0.091	0.063	0.813	0.033
0.045	0.269	0.029	0.657
0.033	0.016	0.538	0.413
0.177	0.388	0.225	0.210
0.423	0.014	0.010	0.553
0.081	0.083	0.771	0.065
0.042	0.569	0.374	0.015
0.583	0.068	0.075	0.274
0.842	0.060	0.035	0.063
0.428	0.129	0.402	0.041
>GTTGTTGTTG	16-GTTGTTGTTG	10.063641	-12.355994	0	T:12.0(1.16%),B:157.2(0.22%),P:1e-5	Tpos:126.3,Tstd:54.9,Bpos:99.0,Bstd:48.8,StrandBias:0.4,Multiplicity:1.17
0.001	0.001	0.997	0.001
0.001	0.001	0.001	0.997
0.001	0.001	0.001	0.997
0.001	0.001	0.997	0.001
0.001	0.001	0.001	0.997
0.001	0.001	0.001	0.997
0.001	0.001	0.997	0.001
0.001	0.001	0.023	0.975
0.001	0.001	0.001	0.997
0.001	0.001	0.997	0.001
>ACGGACGGAC	17-ACGGACGGAC	8.401698	-11.627180	0	T:12.0(1.16%),B:170.0(0.24%),P:1e-5	Tpos:70.1,Tstd:62.6,Bpos:98.2,Bstd:47.7,StrandBias:-0.4,Multiplicity:1.09
0.997	0.001	0.001	0.001
0.001	0.997	0.001	0.001
0.001	0.071	0.927	0.001
0.001	0.162	0.836	0.001
0.935	0.001	0.001	0.063
0.001	0.945	0.001	0.053
0.025	0.001	0.929	0.045
0.001	0.346	0.652	0.001
0.997	0.001	0.001	0.001
0.047	0.951	0.001	0.001
>AGAACTACGC	18-AGAACTACGC	10.044574	-11.429221	0	T:9.0(0.87%),B:93.3(0.13%),P:1e-4	Tpos:111.6,Tstd:59.5,Bpos:99.3,Bstd:65.3,StrandBias:0.8,Multiplicity:1.56
0.997	0.001	0.001	0.001
0.168	0.001	0.830	0.001
0.651	0.035	0.313	0.001
0.804	0.001	0.001	0.194
0.001	0.997	0.001	0.001
0.001	0.001	0.398	0.600
0.997	0.001	0.001	0.001
0.001	0.997	0.001	0.001
0.001	0.001	0.648	0.350
0.001	0.764	0.001	0.234
>GTAGGCKATG	19-GTAGGCKATG	9.202449	-10.999303	0	T:6.0(0.58%),B:36.5(0.05%),P:1e-4	Tpos:89.2,Tstd:40.3,Bpos:86.3,Bstd:48.7,StrandBias:-1.2,Multiplicity:1.67
0.023	0.001	0.820	0.156
0.001	0.069	0.156	0.774
0.698	0.052	0.180	0.070
0.023	0.025	0.917	0.035
0.055	0.076	0.774	0.095
0.098	0.609	0.268	0.025
0.001	0.182	0.474	0.343
0.848	0.025	0.026	0.101
0.261	0.123	0.001	0.615
0.191	0.319	0.471	0.019
>AGAGAGAGAG	20-AGAGAGAGAG	8.661283	-10.065922	0	T:18.0(1.74%),B:411.4(0.57%),P:1e-4	Tpos:121.9,Tstd:58.6,Bpos:91.1,Bstd:80.0,StrandBias:0.1,Multiplicity:1.11
0.987	0.005	0.001	0.007
0.001	0.001	0.997	0.001
0.984	0.014	0.001	0.001
0.006	0.001	0.992	0.001
0.997	0.001	0.001	0.001
0.001	0.001	0.997	0.001
0.979	0.001	0.019	0.001
0.001	0.001	0.997	0.001
0.980	0.001	0.018	0.001
0.001	0.001	0.997	0.001
>AGGGCATGGC	21-AGGGCATGGC	11.173978	-8.282143	0	T:5.0(0.48%),B:38.4(0.05%),P:1e-3	Tpos:97.8,Tstd:48.8,Bpos:101.0,Bstd:53.6,StrandBias:-2.2,Multiplicity:2.20
0.997	0.001	0.001	0.001
0.001	0.001	0.997	0.001
0.001	0.001	0.997	0.001
0.001	0.001	0.997	0.001
0.001	0.921	0.001	0.077
0.897	0.001	0.001	0.101
0.001	0.001	0.001	0.997
0.001	0.001	0.997	0.001
0.001	0.001	0.997	0.001
0.001	0.914	0.084	0.001
>GATGATGATG	22-GATGATGATG	11.755315	-7.891889	0	T:9.0(0.87%),B:149.6(0.21%),P:1e-3	Tpos:90.6,Tstd:51.5,Bpos:87.9,Bstd:148.0,StrandBias:1.1,Multiplicity:2.33
0.001	0.001	0.997	0.001
0.946	0.001	0.052	0.001
0.001	0.018	0.001	0.980
0.001	0.001	0.997	0.001
0.982	0.001	0.016	0.001
0.001	0.001	0.001	0.997
0.036	0.001	0.962	0.001
0.989	0.001	0.009	0.001
0.001	0.001	0.001	0.997
0.025	0.142	0.832	0.001
>CATGCATGCT	23-CATGCATGCT	10.718548	-6.948959	0	T:11.0(1.06%),B:243.7(0.34%),P:1e-3	Tpos:47.2,Tstd:37.3,Bpos:106.8,Bstd:64.2,StrandBias:-0.5,Multiplicity:1.09
0.001	0.997	0.001	0.001
0.997	0.001	0.001	0.001
0.001	0.228	0.001	0.770
0.001	0.001	0.997	0.001
0.001	0.740	0.258	0.001
0.621	0.001	0.247	0.131
0.001	0.001	0.001	0.997
0.001	0.001	0.997	0.001
0.001	0.997	0.001	0.001
0.124	0.001	0.001	0.874
>ACGACGACGA	24-ACGACGACGA	11.600976	-5.489945	0	T:3.0(0.29%),B:22.2(0.03%),P:1e-2	Tpos:137.2,Tstd:25.8,Bpos:103.9,Bstd:44.8,StrandBias:-0.3,Multiplicity:1.00
0.997	0.001	0.001	0.001
0.001	0.997	0.001	0.001
0.001	0.001	0.997	0.001
0.997	0.001	0.001	0.001
0.001	0.997	0.001	0.001
0.001	0.001	0.891	0.107
0.997	0.001	0.001	0.001
0.001	0.997	0.001	0.001
0.001	0.001	0.997	0.001
0.997	0.001	0.001	0.001
>TGTGTGTVTG	25-TGTGTGTVTG	8.210027	-4.077619	0	T:39.0(3.77%),B:1889.6(2.62%),P:1e-1	Tpos:109.8,Tstd:52.7,Bpos:101.8,Bstd:85.9,StrandBias:0.1,Multiplicity:1.23
0.037	0.166	0.001	0.796
0.262	0.174	0.446	0.117
0.001	0.174	0.250	0.575
0.230	0.306	0.462	0.001
0.001	0.079	0.001	0.919
0.196	0.002	0.801	0.001
0.110	0.148	0.082	0.660
0.309	0.281	0.409	0.001
0.044	0.088	0.039	0.829
0.109	0.070	0.768	0.053
