>CGGACAAT	1-CGGACAAT	4.724008	-69.201576	0	T:1010.0(55.92%),B:31242.2(42.45%),P:1e-30	Tpos:97.9,Tstd:54.6,Bpos:100.0,Bstd:68.6,StrandBias:-0.1,Multiplicity:1.40
0.033	0.798	0.168	0.001
0.131	0.044	0.772	0.053
0.111	0.064	0.784	0.041
0.997	0.001	0.001	0.001
0.001	0.948	0.026	0.025
0.974	0.024	0.001	0.001
0.977	0.001	0.001	0.021
0.114	0.001	0.001	0.884
>CAATTVAA	2-CAATTVAA	5.679874	-59.232731	0	T:1023.0(56.64%),B:32530.9(44.20%),P:1e-25	Tpos:99.9,Tstd:55.5,Bpos:100.4,Bstd:70.7,StrandBias:-0.0,Multiplicity:1.33
0.001	0.997	0.001	0.001
0.541	0.170	0.001	0.288
0.729	0.269	0.001	0.001
0.001	0.001	0.001	0.997
0.204	0.001	0.001	0.794
0.313	0.296	0.390	0.001
0.719	0.093	0.053	0.135
0.673	0.001	0.285	0.041
>GGGGATTA	3-GGGGATTA	4.836343	-57.208371	0	T:703.0(38.93%),B:20308.0(27.59%),P:1e-24	Tpos:103.0,Tstd:54.5,Bpos:100.1,Bstd:68.6,StrandBias:0.0,Multiplicity:1.26
0.100	0.054	0.720	0.126
0.088	0.169	0.707	0.036
0.072	0.118	0.728	0.082
0.132	0.036	0.720	0.112
0.747	0.103	0.046	0.104
0.059	0.034	0.051	0.856
0.094	0.081	0.051	0.774
0.752	0.062	0.080	0.106
>GCTTTTBT	4-GCTTTTBT	5.812146	-44.544737	0	T:1167.0(64.62%),B:39757.9(54.02%),P:1e-19	Tpos:100.9,Tstd:54.2,Bpos:99.7,Bstd:73.8,StrandBias:0.1,Multiplicity:1.49
0.049	0.001	0.617	0.333
0.001	0.675	0.100	0.224
0.131	0.126	0.001	0.742
0.176	0.001	0.001	0.822
0.001	0.001	0.001	0.997
0.092	0.001	0.143	0.764
0.147	0.287	0.333	0.233
0.001	0.001	0.001	0.997
>AGCCATTA	5-AGCCATTA	4.366371	-43.685335	0	T:738.0(40.86%),B:22673.5(30.81%),P:1e-18	Tpos:99.9,Tstd:54.4,Bpos:100.1,Bstd:67.5,StrandBias:0.0,Multiplicity:1.16
0.514	0.114	0.220	0.152
0.084	0.129	0.629	0.158
0.113	0.508	0.180	0.199
0.293	0.452	0.117	0.139
0.609	0.233	0.078	0.080
0.132	0.258	0.062	0.548
0.116	0.055	0.181	0.648
0.455	0.298	0.194	0.053
>NCTAATTA	6-NCTAATTA	5.700588	-36.774967	0	T:659.0(36.49%),B:20297.2(27.58%),P:1e-15	Tpos:104.0,Tstd:53.9,Bpos:99.4,Bstd:69.6,StrandBias:-0.1,Multiplicity:1.23
0.224	0.349	0.221	0.205
0.001	0.594	0.137	0.268
0.001	0.263	0.001	0.735
0.817	0.103	0.079	0.001
0.764	0.234	0.001	0.001
0.001	0.001	0.041	0.957
0.001	0.001	0.204	0.794
0.675	0.079	0.221	0.025
>TTTAAAAG	7-TTTAAAAG	7.787987	-29.359466	0	T:285.0(15.78%),B:7518.5(10.22%),P:1e-12	Tpos:99.8,Tstd:55.2,Bpos:101.3,Bstd:76.7,StrandBias:-0.1,Multiplicity:1.10
0.019	0.032	0.043	0.906
0.001	0.001	0.001	0.997
0.070	0.047	0.253	0.630
0.685	0.189	0.125	0.001
0.962	0.028	0.001	0.009
0.902	0.001	0.096	0.001
0.982	0.016	0.001	0.001
0.001	0.001	0.997	0.001
>RWGAAWGC	8-RWGAAWGC	6.167231	-26.169179	0	T:516.0(28.57%),B:15971.5(21.70%),P:1e-11	Tpos:99.2,Tstd:55.8,Bpos:99.6,Bstd:70.2,StrandBias:0.1,Multiplicity:1.14
0.464	0.001	0.322	0.213
0.437	0.001	0.001	0.561
0.274	0.161	0.564	0.001
0.713	0.160	0.126	0.001
0.997	0.001	0.001	0.001
0.326	0.001	0.225	0.448
0.204	0.001	0.742	0.053
0.001	0.610	0.388	0.001
>ACACAAAG	9-ACACAAAG	6.374805	-24.973002	0	T:598.0(33.11%),B:19163.7(26.04%),P:1e-10	Tpos:100.1,Tstd:55.4,Bpos:99.3,Bstd:69.7,StrandBias:-0.0,Multiplicity:1.15
0.700	0.070	0.080	0.150
0.001	0.963	0.035	0.001
0.862	0.036	0.020	0.082
0.071	0.897	0.001	0.031
0.968	0.030	0.001	0.001
0.997	0.001	0.001	0.001
0.641	0.086	0.052	0.221
0.001	0.032	0.966	0.001
>CGACATGT	10-CGACATGT	8.151854	-17.733435	0	T:152.0(8.42%),B:3881.2(5.27%),P:1e-7	Tpos:99.3,Tstd:49.8,Bpos:100.8,Bstd:67.4,StrandBias:-0.1,Multiplicity:1.06
0.244	0.565	0.088	0.103
0.173	0.001	0.825	0.001
0.980	0.001	0.018	0.001
0.013	0.969	0.017	0.001
0.967	0.001	0.001	0.031
0.036	0.066	0.017	0.881
0.024	0.015	0.960	0.001
0.018	0.042	0.001	0.939
>CTTACGYA	11-CTTACGYA	6.771353	-15.533909	0	T:82.0(4.54%),B:1808.0(2.46%),P:1e-6	Tpos:103.3,Tstd:53.3,Bpos:101.3,Bstd:55.1,StrandBias:0.2,Multiplicity:1.03
0.001	0.590	0.408	0.001
0.046	0.001	0.001	0.952
0.001	0.001	0.001	0.997
0.997	0.001	0.001	0.001
0.005	0.974	0.020	0.001
0.009	0.001	0.981	0.009
0.001	0.538	0.001	0.460
0.960	0.001	0.038	0.001
>TTGTTTAG	12-TTGTTTAG	8.236954	-9.612291	0	T:45.0(2.49%),B:975.0(1.32%),P:1e-4	Tpos:106.2,Tstd:60.3,Bpos:105.8,Bstd:72.6,StrandBias:-0.5,Multiplicity:1.05
0.100	0.100	0.100	0.700
0.100	0.100	0.100	0.700
0.100	0.100	0.700	0.100
0.100	0.100	0.100	0.700
0.100	0.100	0.100	0.700
0.100	0.100	0.100	0.700
0.700	0.100	0.100	0.100
0.100	0.100	0.700	0.100
>AGAGAGAG	13-AGAGAGAG	7.979834	-6.332009	0	T:61.0(3.38%),B:1669.0(2.27%),P:1e-2	Tpos:94.5,Tstd:50.5,Bpos:91.8,Bstd:83.9,StrandBias:1.9,Multiplicity:1.04
0.997	0.001	0.001	0.001
0.001	0.001	0.997	0.001
0.777	0.221	0.001	0.001
0.001	0.001	0.997	0.001
0.934	0.064	0.001	0.001
0.001	0.001	0.910	0.088
0.997	0.001	0.001	0.001
0.001	0.001	0.997	0.001
