>CAWGTHTAGACA	1-CAWGTHTAGACA	8.363722	-41.208144	0	T:227.0(12.57%),B:5014.6(6.81%),P:1e-17	Tpos:94.9,Tstd:50.8,Bpos:98.2,Bstd:67.8,StrandBias:0.1,Multiplicity:1.08
0.278	0.641	0.001	0.080
0.767	0.178	0.001	0.054
0.444	0.001	0.039	0.516
0.001	0.001	0.997	0.001
0.281	0.001	0.001	0.717
0.366	0.341	0.044	0.250
0.232	0.106	0.093	0.569
0.510	0.012	0.284	0.194
0.187	0.135	0.447	0.231
0.834	0.007	0.103	0.056
0.001	0.997	0.001	0.001
0.997	0.001	0.001	0.001
>GGCATTCATTCT	2-GGCATTCATTCT	7.212253	-40.367713	0	T:268.0(14.84%),B:6327.8(8.60%),P:1e-17	Tpos:103.0,Tstd:55.5,Bpos:99.8,Bstd:69.3,StrandBias:-0.2,Multiplicity:1.07
0.118	0.041	0.681	0.160
0.096	0.144	0.629	0.131
0.026	0.884	0.047	0.043
0.851	0.059	0.001	0.089
0.049	0.024	0.102	0.825
0.014	0.043	0.099	0.844
0.014	0.683	0.126	0.177
0.801	0.032	0.011	0.156
0.083	0.063	0.113	0.741
0.094	0.046	0.082	0.778
0.154	0.580	0.150	0.116
0.125	0.086	0.085	0.704
>TAATCCCCTTTT	3-TAATCCCCTTTT	6.543148	-37.156063	0	T:376.0(20.82%),B:10078.4(13.69%),P:1e-16	Tpos:101.9,Tstd:52.5,Bpos:99.8,Bstd:72.2,StrandBias:0.0,Multiplicity:1.13
0.109	0.084	0.051	0.756
0.753	0.066	0.079	0.102
0.802	0.065	0.065	0.068
0.107	0.065	0.058	0.770
0.093	0.726	0.079	0.102
0.106	0.720	0.072	0.102
0.126	0.673	0.089	0.112
0.086	0.708	0.063	0.143
0.057	0.081	0.052	0.810
0.071	0.106	0.063	0.760
0.063	0.074	0.102	0.761
0.071	0.092	0.077	0.760
>CRGCTAATTGCA	4-CRGCTAATTGCA	8.189431	-35.490879	0	T:119.0(6.59%),B:2121.3(2.88%),P:1e-15	Tpos:110.4,Tstd:54.3,Bpos:98.9,Bstd:68.1,StrandBias:-0.5,Multiplicity:1.03
0.165	0.522	0.195	0.118
0.281	0.054	0.408	0.257
0.069	0.037	0.798	0.096
0.099	0.700	0.143	0.058
0.074	0.089	0.029	0.808
0.733	0.079	0.187	0.001
0.889	0.056	0.030	0.025
0.001	0.001	0.001	0.997
0.001	0.001	0.029	0.969
0.204	0.001	0.650	0.145
0.145	0.659	0.062	0.134
0.835	0.103	0.056	0.006
>AAAACACTCCAA	5-AAAACACTCCAA	10.218290	-33.812059	0	T:55.0(3.05%),B:622.7(0.85%),P:1e-14	Tpos:102.4,Tstd:55.9,Bpos:96.3,Bstd:71.8,StrandBias:-0.3,Multiplicity:1.00
0.919	0.059	0.001	0.021
0.953	0.001	0.045	0.001
0.918	0.048	0.001	0.033
0.862	0.033	0.104	0.001
0.001	0.919	0.079	0.001
0.920	0.078	0.001	0.001
0.030	0.900	0.016	0.054
0.128	0.061	0.215	0.596
0.182	0.532	0.261	0.025
0.097	0.728	0.067	0.108
0.997	0.001	0.001	0.001
0.790	0.001	0.047	0.162
>GACTTGGTTTCA	6-GACTTGGTTTCA	12.784713	-32.313009	0	T:15.0(0.83%),B:32.9(0.04%),P:1e-14	Tpos:122.9,Tstd:44.5,Bpos:122.8,Bstd:56.2,StrandBias:1.0,Multiplicity:1.00
0.088	0.001	0.910	0.001
0.943	0.055	0.001	0.001
0.001	0.997	0.001	0.001
0.001	0.001	0.001	0.997
0.001	0.071	0.001	0.927
0.001	0.001	0.738	0.260
0.056	0.063	0.834	0.047
0.001	0.088	0.001	0.910
0.001	0.001	0.001	0.997
0.001	0.001	0.001	0.997
0.001	0.910	0.088	0.001
0.910	0.001	0.088	0.001
>CACAAAAGACTC	7-CACAAAAGACTC	10.453902	-31.450954	0	T:45.0(2.49%),B:459.9(0.62%),P:1e-13	Tpos:102.2,Tstd:52.5,Bpos:99.1,Bstd:65.8,StrandBias:0.1,Multiplicity:1.00
0.084	0.689	0.099	0.128
0.993	0.001	0.001	0.005
0.040	0.728	0.120	0.112
0.997	0.001	0.001	0.001
0.997	0.001	0.001	0.001
0.837	0.025	0.001	0.137
0.849	0.079	0.071	0.001
0.001	0.145	0.782	0.072
0.809	0.001	0.189	0.001
0.032	0.892	0.001	0.075
0.091	0.033	0.145	0.731
0.096	0.729	0.084	0.091
>GTGTTTGTTTTA	8-GTGTTTGTTTTA	9.230110	-31.340331	0	T:138.0(7.64%),B:2789.9(3.79%),P:1e-13	Tpos:108.8,Tstd:56.2,Bpos:99.9,Bstd:73.9,StrandBias:-0.2,Multiplicity:1.05
0.081	0.083	0.744	0.092
0.071	0.038	0.045	0.846
0.072	0.080	0.785	0.063
0.041	0.021	0.020	0.918
0.019	0.047	0.027	0.907
0.026	0.024	0.015	0.935
0.073	0.066	0.781	0.080
0.019	0.099	0.033	0.849
0.050	0.065	0.042	0.843
0.040	0.039	0.040	0.881
0.075	0.105	0.068	0.752
0.764	0.062	0.094	0.080
>TTCCCTTTCATT	9-TTCCCTTTCATT	8.802992	-29.025598	0	T:122.0(6.76%),B:2420.8(3.29%),P:1e-12	Tpos:107.9,Tstd:52.2,Bpos:98.7,Bstd:72.1,StrandBias:0.2,Multiplicity:1.03
0.084	0.037	0.081	0.798
0.077	0.061	0.084	0.778
0.045	0.795	0.087	0.073
0.063	0.786	0.072	0.079
0.080	0.849	0.011	0.060
0.060	0.041	0.031	0.868
0.046	0.034	0.039	0.881
0.015	0.045	0.023	0.917
0.034	0.863	0.032	0.071
0.886	0.031	0.005	0.078
0.124	0.031	0.059	0.786
0.048	0.086	0.070	0.796
>TGAGCTATTGTG	10-TGAGCTATTGTG	9.408278	-28.823121	0	T:63.0(3.49%),B:886.4(1.20%),P:1e-12	Tpos:94.6,Tstd:43.5,Bpos:100.7,Bstd:64.8,StrandBias:0.2,Multiplicity:1.00
0.028	0.032	0.051	0.889
0.078	0.131	0.743	0.048
0.857	0.049	0.032	0.062
0.121	0.087	0.761	0.031
0.064	0.772	0.081	0.083
0.058	0.078	0.065	0.799
0.800	0.079	0.088	0.033
0.039	0.098	0.039	0.824
0.019	0.001	0.019	0.961
0.078	0.033	0.834	0.055
0.001	0.001	0.018	0.980
0.037	0.033	0.783	0.147
>GTCTCTATTGAA	11-GTCTCTATTGAA	9.502352	-28.165765	0	T:55.0(3.05%),B:718.6(0.98%),P:1e-12	Tpos:98.1,Tstd:54.1,Bpos:100.8,Bstd:65.3,StrandBias:0.6,Multiplicity:1.00
0.085	0.058	0.798	0.059
0.092	0.057	0.027	0.824
0.083	0.811	0.058	0.048
0.052	0.035	0.038	0.875
0.033	0.802	0.101	0.064
0.085	0.048	0.019	0.848
0.812	0.065	0.018	0.105
0.076	0.019	0.019	0.886
0.050	0.001	0.053	0.896
0.039	0.089	0.841	0.031
0.763	0.038	0.074	0.125
0.848	0.071	0.024	0.057
>TTACGTAAGACC	12-TTACGTAAGACC	9.508220	-26.566141	0	T:53.0(2.93%),B:704.3(0.96%),P:1e-11	Tpos:106.1,Tstd:48.7,Bpos:104.9,Bstd:56.2,StrandBias:-0.4,Multiplicity:1.02
0.028	0.001	0.053	0.918
0.027	0.001	0.027	0.945
0.945	0.027	0.027	0.001
0.054	0.813	0.027	0.106
0.092	0.054	0.800	0.054
0.075	0.053	0.001	0.871
0.892	0.054	0.027	0.027
0.927	0.001	0.053	0.019
0.088	0.102	0.692	0.118
0.832	0.019	0.032	0.117
0.119	0.727	0.071	0.083
0.217	0.643	0.094	0.046
>GTGAATTGGACG	13-GTGAATTGGACG	13.236950	-24.715530	0	T:6.0(0.33%),B:2.6(0.00%),P:1e-10	Tpos:55.2,Tstd:47.4,Bpos:131.4,Bstd:29.3,StrandBias:1.0,Multiplicity:1.00
0.001	0.001	0.997	0.001
0.001	0.001	0.001	0.997
0.001	0.001	0.997	0.001
0.997	0.001	0.001	0.001
0.997	0.001	0.001	0.001
0.001	0.001	0.001	0.997
0.001	0.001	0.001	0.997
0.001	0.001	0.997	0.001
0.001	0.001	0.997	0.001
0.788	0.210	0.001	0.001
0.164	0.834	0.001	0.001
0.001	0.001	0.997	0.001
>TGAAAATGCCAG	14-TGAAAATGCCAG	12.618635	-24.002042	0	T:12.0(0.66%),B:31.7(0.04%),P:1e-10	Tpos:106.9,Tstd:49.0,Bpos:99.2,Bstd:76.3,StrandBias:1.0,Multiplicity:1.00
0.001	0.001	0.208	0.790
0.001	0.001	0.829	0.169
0.643	0.148	0.208	0.001
0.997	0.001	0.001	0.001
0.997	0.001	0.001	0.001
0.997	0.001	0.001	0.001
0.001	0.001	0.254	0.744
0.001	0.001	0.997	0.001
0.001	0.997	0.001	0.001
0.001	0.790	0.001	0.208
0.781	0.217	0.001	0.001
0.001	0.001	0.997	0.001
>GCTCTTTTGTTT	15-GCTCTTTTGTTT	8.610388	-22.307777	0	T:166.0(9.19%),B:4058.1(5.51%),P:1e-9	Tpos:97.4,Tstd:54.1,Bpos:100.0,Bstd:69.6,StrandBias:0.3,Multiplicity:1.06
0.065	0.069	0.774	0.092
0.037	0.786	0.089	0.088
0.061	0.060	0.042	0.837
0.036	0.776	0.060	0.128
0.101	0.032	0.044	0.823
0.065	0.071	0.051	0.813
0.046	0.026	0.030	0.898
0.038	0.015	0.024	0.923
0.048	0.109	0.788	0.055
0.060	0.041	0.062	0.837
0.052	0.059	0.008	0.881
0.032	0.055	0.043	0.870
>ACAAAAACAACC	16-ACAAAAACAACC	10.907352	-21.346623	0	T:46.0(2.55%),B:650.2(0.88%),P:1e-9	Tpos:82.9,Tstd:41.9,Bpos:102.6,Bstd:69.5,StrandBias:0.5,Multiplicity:1.00
0.997	0.001	0.001	0.001
0.016	0.906	0.014	0.064
0.997	0.001	0.001	0.001
0.981	0.017	0.001	0.001
0.852	0.113	0.001	0.034
0.878	0.039	0.001	0.082
0.848	0.001	0.150	0.001
0.081	0.917	0.001	0.001
0.783	0.094	0.030	0.093
0.594	0.001	0.267	0.138
0.039	0.834	0.052	0.075
0.248	0.411	0.212	0.129
>ACACTGTGTGGA	17-ACACTGTGTGGA	15.097404	-19.905508	0	T:5.0(0.28%),B:2.4(0.00%),P:1e-8	Tpos:101.4,Tstd:46.0,Bpos:57.7,Bstd:11.2,StrandBias:-0.6,Multiplicity:1.00
0.776	0.001	0.001	0.222
0.001	0.997	0.001	0.001
0.997	0.001	0.001	0.001
0.001	0.997	0.001	0.001
0.001	0.001	0.001	0.997
0.001	0.001	0.997	0.001
0.001	0.001	0.001	0.997
0.001	0.001	0.997	0.001
0.001	0.001	0.001	0.997
0.001	0.001	0.997	0.001
0.001	0.001	0.997	0.001
0.997	0.001	0.001	0.001
>GTGWTTTAAATC	18-GTGWTTTAAATC	15.334706	-19.905508	0	T:5.0(0.28%),B:2.4(0.00%),P:1e-8	Tpos:84.8,Tstd:52.6,Bpos:184.0,Bstd:0.0,StrandBias:0.0,Multiplicity:1.00
0.001	0.001	0.881	0.117
0.118	0.118	0.001	0.763
0.001	0.001	0.997	0.001
0.527	0.001	0.001	0.471
0.001	0.001	0.001	0.997
0.117	0.001	0.001	0.881
0.001	0.001	0.001	0.997
0.997	0.001	0.001	0.001
0.997	0.001	0.001	0.001
0.997	0.001	0.001	0.001
0.001	0.001	0.001	0.997
0.001	0.997	0.001	0.001
>ACAATGGCCATG	19-ACAATGGCCATG	7.577846	-19.163325	0	T:243.0(13.46%),B:6831.7(9.28%),P:1e-8	Tpos:101.1,Tstd:52.4,Bpos:100.7,Bstd:64.4,StrandBias:0.0,Multiplicity:1.09
0.815	0.056	0.001	0.128
0.054	0.786	0.056	0.104
0.906	0.026	0.007	0.061
0.789	0.067	0.040	0.104
0.092	0.061	0.006	0.841
0.112	0.044	0.747	0.097
0.168	0.066	0.696	0.070
0.172	0.621	0.082	0.125
0.102	0.641	0.115	0.142
0.697	0.090	0.128	0.085
0.134	0.082	0.001	0.783
0.099	0.107	0.659	0.135
>GCCTTTTCTGTT	20-GCCTTTTCTGTT	12.746699	-18.446056	0	T:8.0(0.44%),B:16.0(0.02%),P:1e-8	Tpos:108.2,Tstd:63.6,Bpos:91.7,Bstd:40.0,StrandBias:0.0,Multiplicity:1.00
0.001	0.001	0.935	0.063
0.001	0.997	0.001	0.001
0.305	0.693	0.001	0.001
0.001	0.001	0.001	0.997
0.001	0.001	0.305	0.693
0.001	0.001	0.001	0.997
0.001	0.305	0.001	0.693
0.001	0.997	0.001	0.001
0.001	0.001	0.001	0.997
0.001	0.001	0.997	0.001
0.001	0.001	0.001	0.997
0.001	0.001	0.001	0.997
>CAGATTACACTG	21-CAGATTACACTG	12.355432	-15.277893	0	T:4.0(0.22%),B:2.4(0.00%),P:1e-6	Tpos:63.8,Tstd:23.9,Bpos:88.1,Bstd:16.5,StrandBias:1.6,Multiplicity:1.00
0.100	0.700	0.100	0.100
0.700	0.100	0.100	0.100
0.100	0.100	0.700	0.100
0.700	0.100	0.100	0.100
0.100	0.100	0.100	0.700
0.100	0.100	0.100	0.700
0.700	0.100	0.100	0.100
0.100	0.700	0.100	0.100
0.700	0.100	0.100	0.100
0.100	0.700	0.100	0.100
0.100	0.100	0.100	0.700
0.100	0.100	0.700	0.100
>GAATTGTGTTCG	22-GAATTGTGTTCG	13.236950	-15.277893	0	T:4.0(0.22%),B:2.3(0.00%),P:1e-6	Tpos:93.7,Tstd:43.8,Bpos:117.7,Bstd:15.0,StrandBias:1.0,Multiplicity:1.50
0.001	0.001	0.997	0.001
0.997	0.001	0.001	0.001
0.997	0.001	0.001	0.001
0.001	0.001	0.001	0.997
0.001	0.001	0.001	0.997
0.001	0.164	0.834	0.001
0.001	0.001	0.001	0.997
0.210	0.001	0.788	0.001
0.001	0.001	0.001	0.997
0.001	0.001	0.001	0.997
0.001	0.997	0.001	0.001
0.001	0.001	0.997	0.001
>GAGAGAGAGAGA	23-GAGAGAGAGAGA	8.735708	-11.333657	0	T:67.0(3.71%),B:1555.5(2.11%),P:1e-4	Tpos:97.3,Tstd:54.0,Bpos:92.3,Bstd:82.3,StrandBias:1.3,Multiplicity:1.02
0.266	0.235	0.497	0.002
0.626	0.047	0.140	0.187
0.283	0.024	0.548	0.145
0.763	0.097	0.047	0.093
0.001	0.110	0.843	0.046
0.789	0.140	0.001	0.070
0.064	0.196	0.739	0.001
0.952	0.001	0.001	0.046
0.001	0.154	0.705	0.140
0.997	0.001	0.001	0.001
0.143	0.199	0.657	0.001
0.664	0.095	0.001	0.240
>AATGAGCCTAGT	24-AATGAGCCTAGT	13.690658	-10.961540	0	T:4.0(0.22%),B:6.4(0.01%),P:1e-4	Tpos:121.8,Tstd:46.6,Bpos:112.1,Bstd:43.9,StrandBias:-1.8,Multiplicity:2.25
0.997	0.001	0.001	0.001
0.997	0.001	0.001	0.001
0.001	0.128	0.001	0.870
0.128	0.001	0.870	0.001
0.997	0.001	0.001	0.001
0.001	0.001	0.997	0.001
0.001	0.997	0.001	0.001
0.001	0.870	0.001	0.128
0.377	0.001	0.001	0.621
0.997	0.001	0.001	0.001
0.105	0.001	0.893	0.001
0.001	0.001	0.001	0.997
>GTCATCCAGTCT	25-GTCATCCAGTCT	12.355432	-8.125005	0	T:2.0(0.11%),B:1.2(0.00%),P:1e-3	Tpos:108.0,Tstd:52.7,Bpos:112.4,Bstd:25.5,StrandBias:-10.0,Multiplicity:6.50
0.100	0.100	0.700	0.100
0.100	0.100	0.100	0.700
0.100	0.700	0.100	0.100
0.700	0.100	0.100	0.100
0.100	0.100	0.100	0.700
0.100	0.700	0.100	0.100
0.100	0.700	0.100	0.100
0.700	0.100	0.100	0.100
0.100	0.100	0.700	0.100
0.100	0.100	0.100	0.700
0.100	0.700	0.100	0.100
0.100	0.100	0.100	0.700
