>GGKCTTTTGT	1-GGKCTTTTGT	6.250417	-48.394811	0	T:920.0(50.94%),B:29319.2(39.84%),P:1e-21	Tpos:99.9,Tstd:53.4,Bpos:99.7,Bstd:71.4,StrandBias:0.0,Multiplicity:1.36
0.213	0.220	0.412	0.155
0.084	0.062	0.582	0.272
0.024	0.141	0.409	0.426
0.001	0.650	0.126	0.223
0.001	0.114	0.001	0.884
0.239	0.002	0.001	0.758
0.001	0.046	0.050	0.903
0.001	0.001	0.001	0.997
0.065	0.261	0.506	0.168
0.181	0.001	0.001	0.817
>CCGCACAATG	2-CCGCACAATG	6.870875	-44.364703	0	T:273.0(15.12%),B:6287.5(8.54%),P:1e-19	Tpos:97.1,Tstd:52.8,Bpos:100.3,Bstd:64.7,StrandBias:0.1,Multiplicity:1.08
0.075	0.759	0.065	0.101
0.079	0.776	0.092	0.053
0.147	0.075	0.726	0.052
0.094	0.747	0.081	0.078
0.835	0.046	0.069	0.050
0.021	0.858	0.068	0.053
0.862	0.050	0.036	0.052
0.826	0.022	0.097	0.055
0.103	0.042	0.035	0.820
0.072	0.049	0.796	0.083
>TGAATGGGAC	3-TGAATGGGAC	6.516413	-43.979711	0	T:324.0(17.94%),B:7933.8(10.78%),P:1e-19	Tpos:102.0,Tstd:56.0,Bpos:101.6,Bstd:67.2,StrandBias:0.1,Multiplicity:1.09
0.193	0.001	0.032	0.774
0.010	0.182	0.626	0.182
0.997	0.001	0.001	0.001
0.812	0.001	0.135	0.052
0.234	0.001	0.001	0.764
0.189	0.172	0.511	0.128
0.046	0.201	0.752	0.001
0.148	0.001	0.716	0.135
0.498	0.201	0.150	0.152
0.039	0.663	0.136	0.162
>AAGGGGATTA	4-AAGGGGATTA	4.488818	-42.949734	0	T:1093.0(60.52%),B:36821.2(50.03%),P:1e-18	Tpos:101.7,Tstd:54.3,Bpos:100.1,Bstd:69.3,StrandBias:0.0,Multiplicity:1.51
0.694	0.095	0.111	0.100
0.663	0.097	0.126	0.114
0.108	0.074	0.703	0.115
0.096	0.105	0.706	0.093
0.099	0.112	0.693	0.096
0.102	0.099	0.697	0.102
0.718	0.096	0.091	0.095
0.102	0.083	0.088	0.727
0.098	0.101	0.096	0.705
0.693	0.091	0.098	0.118
>ATTGAAAGGA	5-ATTGAAAGGA	6.950614	-42.814365	0	T:339.0(18.77%),B:8488.3(11.53%),P:1e-18	Tpos:102.4,Tstd:52.2,Bpos:102.8,Bstd:73.2,StrandBias:-0.3,Multiplicity:1.08
0.725	0.086	0.089	0.100
0.069	0.078	0.068	0.785
0.073	0.070	0.040	0.817
0.060	0.129	0.761	0.050
0.841	0.047	0.026	0.086
0.827	0.062	0.036	0.075
0.795	0.062	0.063	0.080
0.097	0.052	0.792	0.059
0.030	0.058	0.861	0.051
0.803	0.054	0.085	0.058
>AGACAATGCC	6-AGACAATGCC	6.629821	-39.490657	0	T:493.0(27.30%),B:13994.8(19.02%),P:1e-17	Tpos:99.5,Tstd:54.6,Bpos:99.7,Bstd:67.1,StrandBias:-0.1,Multiplicity:1.14
0.834	0.042	0.063	0.061
0.106	0.074	0.733	0.087
0.909	0.005	0.050	0.036
0.049	0.783	0.114	0.054
0.954	0.008	0.009	0.029
0.828	0.088	0.021	0.063
0.079	0.033	0.047	0.841
0.095	0.021	0.811	0.073
0.159	0.648	0.161	0.032
0.083	0.667	0.116	0.134
>GACTCAATTG	7-GACTCAATTG	6.944581	-38.899331	0	T:262.0(14.51%),B:6212.2(8.44%),P:1e-16	Tpos:97.4,Tstd:51.7,Bpos:99.7,Bstd:70.3,StrandBias:0.2,Multiplicity:1.07
0.090	0.095	0.669	0.146
0.682	0.016	0.220	0.082
0.081	0.775	0.143	0.001
0.084	0.001	0.001	0.914
0.001	0.735	0.065	0.199
0.673	0.050	0.050	0.227
0.965	0.033	0.001	0.001
0.118	0.016	0.062	0.804
0.046	0.001	0.152	0.801
0.195	0.001	0.803	0.001
>GTGTTTATCC	8-GTGTTTATCC	6.641322	-34.759875	0	T:298.0(16.50%),B:7609.9(10.34%),P:1e-15	Tpos:101.8,Tstd:53.0,Bpos:99.0,Bstd:68.7,StrandBias:-0.2,Multiplicity:1.08
0.097	0.207	0.639	0.057
0.001	0.001	0.001	0.997
0.073	0.213	0.657	0.057
0.204	0.175	0.001	0.620
0.001	0.133	0.005	0.861
0.257	0.042	0.006	0.695
0.561	0.091	0.340	0.008
0.179	0.108	0.275	0.439
0.001	0.889	0.001	0.109
0.001	0.892	0.001	0.106
>GTTTAGACAT	9-GTTTAGACAT	8.222173	-31.771586	0	T:53.0(2.93%),B:613.5(0.83%),P:1e-13	Tpos:99.5,Tstd:55.6,Bpos:103.2,Bstd:72.4,StrandBias:0.2,Multiplicity:1.04
0.090	0.193	0.716	0.001
0.072	0.017	0.118	0.793
0.231	0.022	0.181	0.566
0.045	0.092	0.197	0.666
0.731	0.008	0.218	0.043
0.034	0.011	0.954	0.001
0.644	0.026	0.178	0.152
0.123	0.669	0.011	0.197
0.678	0.120	0.001	0.201
0.188	0.007	0.136	0.669
>CGGTAATTAC	10-CGGTAATTAC	7.914748	-28.510500	0	T:127.0(7.03%),B:2582.4(3.51%),P:1e-12	Tpos:106.2,Tstd:48.0,Bpos:100.4,Bstd:66.8,StrandBias:-0.1,Multiplicity:1.04
0.008	0.528	0.150	0.314
0.087	0.199	0.558	0.156
0.169	0.162	0.561	0.108
0.001	0.228	0.001	0.770
0.879	0.106	0.014	0.001
0.749	0.057	0.193	0.001
0.015	0.001	0.001	0.983
0.001	0.001	0.001	0.997
0.872	0.001	0.079	0.048
0.086	0.533	0.354	0.027
>GCATGCATGG	11-GCATGCATGG	8.210220	-25.451107	0	T:61.0(3.38%),B:913.1(1.24%),P:1e-11	Tpos:113.6,Tstd:51.5,Bpos:101.3,Bstd:63.8,StrandBias:0.0,Multiplicity:1.02
0.179	0.001	0.819	0.001
0.167	0.599	0.125	0.109
0.782	0.013	0.011	0.194
0.134	0.012	0.201	0.653
0.001	0.206	0.548	0.245
0.214	0.561	0.016	0.209
0.832	0.107	0.011	0.050
0.005	0.001	0.001	0.993
0.239	0.142	0.602	0.017
0.228	0.234	0.537	0.001
>TTAGTGGCTC	12-TTAGTGGCTC	8.155090	-24.882930	0	T:47.0(2.60%),B:603.6(0.82%),P:1e-10	Tpos:106.9,Tstd:57.1,Bpos:103.0,Bstd:65.8,StrandBias:0.3,Multiplicity:1.00
0.142	0.001	0.061	0.796
0.001	0.009	0.043	0.947
0.997	0.001	0.001	0.001
0.001	0.001	0.953	0.045
0.157	0.001	0.178	0.664
0.113	0.001	0.885	0.001
0.001	0.001	0.997	0.001
0.001	0.997	0.001	0.001
0.001	0.001	0.143	0.855
0.081	0.648	0.207	0.064
>THTTACGTWA	13-THTTACGTWA	7.828492	-24.503914	0	T:60.0(3.32%),B:911.2(1.24%),P:1e-10	Tpos:110.0,Tstd:45.3,Bpos:99.8,Bstd:56.5,StrandBias:-0.3,Multiplicity:1.04
0.158	0.071	0.037	0.734
0.215	0.363	0.205	0.216
0.143	0.045	0.213	0.599
0.020	0.043	0.221	0.716
0.863	0.055	0.049	0.033
0.156	0.678	0.107	0.059
0.033	0.020	0.710	0.237
0.008	0.297	0.025	0.670
0.396	0.171	0.025	0.408
0.616	0.325	0.032	0.027
>AACTCAAAGA	14-AACTCAAAGA	8.814773	-22.693976	0	T:74.0(4.10%),B:1315.0(1.79%),P:1e-9	Tpos:99.4,Tstd:59.1,Bpos:101.8,Bstd:72.1,StrandBias:0.1,Multiplicity:1.00
0.905	0.061	0.017	0.017
0.865	0.053	0.033	0.049
0.018	0.980	0.001	0.001
0.113	0.039	0.033	0.815
0.048	0.902	0.049	0.001
0.942	0.056	0.001	0.001
0.971	0.001	0.027	0.001
0.869	0.001	0.001	0.129
0.001	0.103	0.895	0.001
0.852	0.017	0.026	0.105
>ACTCGGCGTG	15-ACTCGGCGTG	9.929998	-22.306648	0	T:18.0(1.00%),B:102.1(0.14%),P:1e-9	Tpos:86.3,Tstd:62.3,Bpos:93.1,Bstd:57.7,StrandBias:1.0,Multiplicity:1.00
0.899	0.099	0.001	0.001
0.070	0.928	0.001	0.001
0.060	0.060	0.001	0.879
0.056	0.906	0.001	0.037
0.095	0.001	0.903	0.001
0.070	0.001	0.928	0.001
0.049	0.949	0.001	0.001
0.001	0.065	0.801	0.133
0.001	0.001	0.001	0.997
0.099	0.001	0.899	0.001
>GTGATGTAAC	16-GTGATGTAAC	7.189730	-20.856476	0	T:122.0(6.76%),B:2763.7(3.76%),P:1e-9	Tpos:97.6,Tstd:54.3,Bpos:101.2,Bstd:63.8,StrandBias:0.4,Multiplicity:1.02
0.081	0.036	0.822	0.061
0.094	0.057	0.123	0.726
0.046	0.074	0.804	0.076
0.809	0.053	0.095	0.043
0.046	0.044	0.041	0.869
0.040	0.095	0.816	0.049
0.056	0.077	0.059	0.808
0.784	0.076	0.056	0.084
0.770	0.061	0.085	0.084
0.042	0.802	0.093	0.063
>AGCSATTGTT	17-AGCSATTGTT	7.795497	-20.676204	0	T:74.0(4.10%),B:1379.4(1.87%),P:1e-8	Tpos:103.5,Tstd:53.1,Bpos:99.2,Bstd:66.7,StrandBias:-0.7,Multiplicity:1.02
0.905	0.036	0.031	0.028
0.052	0.352	0.592	0.004
0.222	0.661	0.084	0.033
0.148	0.333	0.472	0.048
0.544	0.200	0.161	0.095
0.042	0.055	0.061	0.842
0.061	0.048	0.318	0.573
0.193	0.292	0.451	0.064
0.048	0.105	0.013	0.834
0.073	0.252	0.158	0.517
>TTTGGGTAAC	18-TTTGGGTAAC	12.148503	-20.105926	0	T:9.0(0.50%),B:20.0(0.03%),P:1e-8	Tpos:83.6,Tstd:41.2,Bpos:129.2,Bstd:48.8,StrandBias:-1.6,Multiplicity:1.00
0.001	0.001	0.001	0.997
0.001	0.001	0.001	0.997
0.185	0.001	0.001	0.813
0.001	0.001	0.997	0.001
0.001	0.001	0.997	0.001
0.001	0.001	0.997	0.001
0.001	0.001	0.001	0.997
0.997	0.001	0.001	0.001
0.997	0.001	0.001	0.001
0.001	0.997	0.001	0.001
>TTCAATTAGC	19-TTCAATTAGC	9.568272	-19.451983	0	T:47.0(2.60%),B:716.4(0.97%),P:1e-8	Tpos:92.8,Tstd:49.5,Bpos:98.1,Bstd:70.5,StrandBias:-0.4,Multiplicity:1.00
0.035	0.001	0.001	0.963
0.055	0.070	0.001	0.874
0.001	0.795	0.058	0.146
0.961	0.037	0.001	0.001
0.912	0.044	0.043	0.001
0.001	0.001	0.051	0.947
0.031	0.104	0.064	0.801
0.888	0.043	0.068	0.001
0.001	0.001	0.997	0.001
0.001	0.953	0.001	0.045
>ACATGTCCCT	20-ACATGTCCCT	8.756281	-18.399338	0	T:46.0(2.55%),B:717.0(0.97%),P:1e-7	Tpos:111.8,Tstd:48.1,Bpos:97.7,Bstd:68.5,StrandBias:0.1,Multiplicity:1.02
0.909	0.028	0.037	0.026
0.001	0.908	0.049	0.042
0.731	0.042	0.075	0.152
0.001	0.069	0.001	0.929
0.031	0.001	0.953	0.015
0.001	0.001	0.040	0.958
0.063	0.859	0.021	0.057
0.059	0.939	0.001	0.001
0.026	0.935	0.025	0.014
0.001	0.001	0.001	0.997
>CGGTCGGCTA	21-CGGTCGGCTA	12.330824	-17.898546	0	T:5.0(0.28%),B:3.9(0.01%),P:1e-7	Tpos:114.4,Tstd:55.9,Bpos:79.7,Bstd:44.9,StrandBias:10.0,Multiplicity:1.00
0.001	0.997	0.001	0.001
0.001	0.001	0.997	0.001
0.001	0.001	0.997	0.001
0.001	0.001	0.001	0.997
0.222	0.776	0.001	0.001
0.001	0.001	0.997	0.001
0.001	0.001	0.997	0.001
0.001	0.997	0.001	0.001
0.001	0.001	0.001	0.997
0.997	0.001	0.001	0.001
>GAGAGAGAGA	22-GAGAGAGAGA	8.345254	-17.251030	0	T:61.0(3.38%),B:1139.8(1.55%),P:1e-7	Tpos:96.0,Tstd:52.0,Bpos:90.5,Bstd:84.8,StrandBias:1.7,Multiplicity:1.00
0.137	0.061	0.693	0.109
0.798	0.200	0.001	0.001
0.001	0.001	0.964	0.034
0.777	0.094	0.063	0.066
0.076	0.129	0.717	0.078
0.997	0.001	0.001	0.001
0.001	0.153	0.734	0.112
0.753	0.120	0.001	0.126
0.140	0.109	0.750	0.001
0.819	0.142	0.001	0.038
>TATAATGGCC	23-TATAATGGCC	9.826629	-15.519782	0	T:29.0(1.61%),B:381.9(0.52%),P:1e-6	Tpos:118.2,Tstd:56.5,Bpos:102.5,Bstd:64.3,StrandBias:0.2,Multiplicity:1.04
0.089	0.001	0.001	0.909
0.904	0.001	0.081	0.014
0.001	0.061	0.208	0.730
0.857	0.141	0.001	0.001
0.910	0.004	0.085	0.001
0.023	0.001	0.001	0.975
0.107	0.001	0.891	0.001
0.073	0.001	0.925	0.001
0.056	0.938	0.001	0.005
0.059	0.839	0.090	0.012
>ATCCAGTCTA	24-ATCCAGTCTA	9.247639	-12.737133	0	T:9.0(0.50%),B:46.3(0.06%),P:1e-5	Tpos:95.4,Tstd:55.3,Bpos:86.3,Bstd:72.8,StrandBias:-1.6,Multiplicity:2.22
0.997	0.001	0.001	0.001
0.001	0.001	0.001	0.997
0.001	0.997	0.001	0.001
0.001	0.997	0.001	0.001
0.920	0.078	0.001	0.001
0.001	0.001	0.997	0.001
0.001	0.001	0.001	0.997
0.001	0.997	0.001	0.001
0.001	0.001	0.001	0.997
0.868	0.130	0.001	0.001
>TGAGCCTRGT	25-TGAGCCTRGT	11.225994	-4.281034	0	T:4.0(0.22%),B:37.8(0.05%),P:1e-1	Tpos:120.0,Tstd:43.5,Bpos:133.1,Bstd:60.2,StrandBias:0.0,Multiplicity:1.00
0.001	0.141	0.001	0.857
0.236	0.105	0.658	0.001
0.997	0.001	0.001	0.001
0.001	0.001	0.997	0.001
0.001	0.997	0.001	0.001
0.001	0.997	0.001	0.001
0.211	0.001	0.001	0.787
0.552	0.001	0.446	0.001
0.171	0.001	0.827	0.001
0.001	0.001	0.001	0.997
>CAWGTHTAGACA	1-CAWGTHTAGACA	8.363722	-41.208144	0	T:227.0(12.57%),B:5014.6(6.81%),P:1e-17	Tpos:94.9,Tstd:50.8,Bpos:98.2,Bstd:67.8,StrandBias:0.1,Multiplicity:1.08
0.278	0.641	0.001	0.080
0.767	0.178	0.001	0.054
0.444	0.001	0.039	0.516
0.001	0.001	0.997	0.001
0.281	0.001	0.001	0.717
0.366	0.341	0.044	0.250
0.232	0.106	0.093	0.569
0.510	0.012	0.284	0.194
0.187	0.135	0.447	0.231
0.834	0.007	0.103	0.056
0.001	0.997	0.001	0.001
0.997	0.001	0.001	0.001
>GGCATTCATTCT	2-GGCATTCATTCT	7.212253	-40.367713	0	T:268.0(14.84%),B:6327.8(8.60%),P:1e-17	Tpos:103.0,Tstd:55.5,Bpos:99.8,Bstd:69.3,StrandBias:-0.2,Multiplicity:1.07
0.118	0.041	0.681	0.160
0.096	0.144	0.629	0.131
0.026	0.884	0.047	0.043
0.851	0.059	0.001	0.089
0.049	0.024	0.102	0.825
0.014	0.043	0.099	0.844
0.014	0.683	0.126	0.177
0.801	0.032	0.011	0.156
0.083	0.063	0.113	0.741
0.094	0.046	0.082	0.778
0.154	0.580	0.150	0.116
0.125	0.086	0.085	0.704
>TAATCCCCTTTT	3-TAATCCCCTTTT	6.543148	-37.156063	0	T:376.0(20.82%),B:10078.4(13.69%),P:1e-16	Tpos:101.9,Tstd:52.5,Bpos:99.8,Bstd:72.2,StrandBias:0.0,Multiplicity:1.13
0.109	0.084	0.051	0.756
0.753	0.066	0.079	0.102
0.802	0.065	0.065	0.068
0.107	0.065	0.058	0.770
0.093	0.726	0.079	0.102
0.106	0.720	0.072	0.102
0.126	0.673	0.089	0.112
0.086	0.708	0.063	0.143
0.057	0.081	0.052	0.810
0.071	0.106	0.063	0.760
0.063	0.074	0.102	0.761
0.071	0.092	0.077	0.760
>CRGCTAATTGCA	4-CRGCTAATTGCA	8.189431	-35.490879	0	T:119.0(6.59%),B:2121.3(2.88%),P:1e-15	Tpos:110.4,Tstd:54.3,Bpos:98.9,Bstd:68.1,StrandBias:-0.5,Multiplicity:1.03
0.165	0.522	0.195	0.118
0.281	0.054	0.408	0.257
0.069	0.037	0.798	0.096
0.099	0.700	0.143	0.058
0.074	0.089	0.029	0.808
0.733	0.079	0.187	0.001
0.889	0.056	0.030	0.025
0.001	0.001	0.001	0.997
0.001	0.001	0.029	0.969
0.204	0.001	0.650	0.145
0.145	0.659	0.062	0.134
0.835	0.103	0.056	0.006
>AAAACACTCCAA	5-AAAACACTCCAA	10.218290	-33.812059	0	T:55.0(3.05%),B:622.7(0.85%),P:1e-14	Tpos:102.4,Tstd:55.9,Bpos:96.3,Bstd:71.8,StrandBias:-0.3,Multiplicity:1.00
0.919	0.059	0.001	0.021
0.953	0.001	0.045	0.001
0.918	0.048	0.001	0.033
0.862	0.033	0.104	0.001
0.001	0.919	0.079	0.001
0.920	0.078	0.001	0.001
0.030	0.900	0.016	0.054
0.128	0.061	0.215	0.596
0.182	0.532	0.261	0.025
0.097	0.728	0.067	0.108
0.997	0.001	0.001	0.001
0.790	0.001	0.047	0.162
>GACTTGGTTTCA	6-GACTTGGTTTCA	12.784713	-32.313009	0	T:15.0(0.83%),B:32.9(0.04%),P:1e-14	Tpos:122.9,Tstd:44.5,Bpos:122.8,Bstd:56.2,StrandBias:1.0,Multiplicity:1.00
0.088	0.001	0.910	0.001
0.943	0.055	0.001	0.001
0.001	0.997	0.001	0.001
0.001	0.001	0.001	0.997
0.001	0.071	0.001	0.927
0.001	0.001	0.738	0.260
0.056	0.063	0.834	0.047
0.001	0.088	0.001	0.910
0.001	0.001	0.001	0.997
0.001	0.001	0.001	0.997
0.001	0.910	0.088	0.001
0.910	0.001	0.088	0.001
>CACAAAAGACTC	7-CACAAAAGACTC	10.453902	-31.450954	0	T:45.0(2.49%),B:459.9(0.62%),P:1e-13	Tpos:102.2,Tstd:52.5,Bpos:99.1,Bstd:65.8,StrandBias:0.1,Multiplicity:1.00
0.084	0.689	0.099	0.128
0.993	0.001	0.001	0.005
0.040	0.728	0.120	0.112
0.997	0.001	0.001	0.001
0.997	0.001	0.001	0.001
0.837	0.025	0.001	0.137
0.849	0.079	0.071	0.001
0.001	0.145	0.782	0.072
0.809	0.001	0.189	0.001
0.032	0.892	0.001	0.075
0.091	0.033	0.145	0.731
0.096	0.729	0.084	0.091
>GTGTTTGTTTTA	8-GTGTTTGTTTTA	9.230110	-31.340331	0	T:138.0(7.64%),B:2789.9(3.79%),P:1e-13	Tpos:108.8,Tstd:56.2,Bpos:99.9,Bstd:73.9,StrandBias:-0.2,Multiplicity:1.05
0.081	0.083	0.744	0.092
0.071	0.038	0.045	0.846
0.072	0.080	0.785	0.063
0.041	0.021	0.020	0.918
0.019	0.047	0.027	0.907
0.026	0.024	0.015	0.935
0.073	0.066	0.781	0.080
0.019	0.099	0.033	0.849
0.050	0.065	0.042	0.843
0.040	0.039	0.040	0.881
0.075	0.105	0.068	0.752
0.764	0.062	0.094	0.080
>TTCCCTTTCATT	9-TTCCCTTTCATT	8.802992	-29.025598	0	T:122.0(6.76%),B:2420.8(3.29%),P:1e-12	Tpos:107.9,Tstd:52.2,Bpos:98.7,Bstd:72.1,StrandBias:0.2,Multiplicity:1.03
0.084	0.037	0.081	0.798
0.077	0.061	0.084	0.778
0.045	0.795	0.087	0.073
0.063	0.786	0.072	0.079
0.080	0.849	0.011	0.060
0.060	0.041	0.031	0.868
0.046	0.034	0.039	0.881
0.015	0.045	0.023	0.917
0.034	0.863	0.032	0.071
0.886	0.031	0.005	0.078
0.124	0.031	0.059	0.786
0.048	0.086	0.070	0.796
>TGAGCTATTGTG	10-TGAGCTATTGTG	9.408278	-28.823121	0	T:63.0(3.49%),B:886.4(1.20%),P:1e-12	Tpos:94.6,Tstd:43.5,Bpos:100.7,Bstd:64.8,StrandBias:0.2,Multiplicity:1.00
0.028	0.032	0.051	0.889
0.078	0.131	0.743	0.048
0.857	0.049	0.032	0.062
0.121	0.087	0.761	0.031
0.064	0.772	0.081	0.083
0.058	0.078	0.065	0.799
0.800	0.079	0.088	0.033
0.039	0.098	0.039	0.824
0.019	0.001	0.019	0.961
0.078	0.033	0.834	0.055
0.001	0.001	0.018	0.980
0.037	0.033	0.783	0.147
>GTCTCTATTGAA	11-GTCTCTATTGAA	9.502352	-28.165765	0	T:55.0(3.05%),B:718.6(0.98%),P:1e-12	Tpos:98.1,Tstd:54.1,Bpos:100.8,Bstd:65.3,StrandBias:0.6,Multiplicity:1.00
0.085	0.058	0.798	0.059
0.092	0.057	0.027	0.824
0.083	0.811	0.058	0.048
0.052	0.035	0.038	0.875
0.033	0.802	0.101	0.064
0.085	0.048	0.019	0.848
0.812	0.065	0.018	0.105
0.076	0.019	0.019	0.886
0.050	0.001	0.053	0.896
0.039	0.089	0.841	0.031
0.763	0.038	0.074	0.125
0.848	0.071	0.024	0.057
>TTACGTAAGACC	12-TTACGTAAGACC	9.508220	-26.566141	0	T:53.0(2.93%),B:704.3(0.96%),P:1e-11	Tpos:106.1,Tstd:48.7,Bpos:104.9,Bstd:56.2,StrandBias:-0.4,Multiplicity:1.02
0.028	0.001	0.053	0.918
0.027	0.001	0.027	0.945
0.945	0.027	0.027	0.001
0.054	0.813	0.027	0.106
0.092	0.054	0.800	0.054
0.075	0.053	0.001	0.871
0.892	0.054	0.027	0.027
0.927	0.001	0.053	0.019
0.088	0.102	0.692	0.118
0.832	0.019	0.032	0.117
0.119	0.727	0.071	0.083
0.217	0.643	0.094	0.046
>GTGAATTGGACG	13-GTGAATTGGACG	13.236950	-24.715530	0	T:6.0(0.33%),B:2.6(0.00%),P:1e-10	Tpos:55.2,Tstd:47.4,Bpos:131.4,Bstd:29.3,StrandBias:1.0,Multiplicity:1.00
0.001	0.001	0.997	0.001
0.001	0.001	0.001	0.997
0.001	0.001	0.997	0.001
0.997	0.001	0.001	0.001
0.997	0.001	0.001	0.001
0.001	0.001	0.001	0.997
0.001	0.001	0.001	0.997
0.001	0.001	0.997	0.001
0.001	0.001	0.997	0.001
0.788	0.210	0.001	0.001
0.164	0.834	0.001	0.001
0.001	0.001	0.997	0.001
>TGAAAATGCCAG	14-TGAAAATGCCAG	12.618635	-24.002042	0	T:12.0(0.66%),B:31.7(0.04%),P:1e-10	Tpos:106.9,Tstd:49.0,Bpos:99.2,Bstd:76.3,StrandBias:1.0,Multiplicity:1.00
0.001	0.001	0.208	0.790
0.001	0.001	0.829	0.169
0.643	0.148	0.208	0.001
0.997	0.001	0.001	0.001
0.997	0.001	0.001	0.001
0.997	0.001	0.001	0.001
0.001	0.001	0.254	0.744
0.001	0.001	0.997	0.001
0.001	0.997	0.001	0.001
0.001	0.790	0.001	0.208
0.781	0.217	0.001	0.001
0.001	0.001	0.997	0.001
>GCTCTTTTGTTT	15-GCTCTTTTGTTT	8.610388	-22.307777	0	T:166.0(9.19%),B:4058.1(5.51%),P:1e-9	Tpos:97.4,Tstd:54.1,Bpos:100.0,Bstd:69.6,StrandBias:0.3,Multiplicity:1.06
0.065	0.069	0.774	0.092
0.037	0.786	0.089	0.088
0.061	0.060	0.042	0.837
0.036	0.776	0.060	0.128
0.101	0.032	0.044	0.823
0.065	0.071	0.051	0.813
0.046	0.026	0.030	0.898
0.038	0.015	0.024	0.923
0.048	0.109	0.788	0.055
0.060	0.041	0.062	0.837
0.052	0.059	0.008	0.881
0.032	0.055	0.043	0.870
>ACAAAAACAACC	16-ACAAAAACAACC	10.907352	-21.346623	0	T:46.0(2.55%),B:650.2(0.88%),P:1e-9	Tpos:82.9,Tstd:41.9,Bpos:102.6,Bstd:69.5,StrandBias:0.5,Multiplicity:1.00
0.997	0.001	0.001	0.001
0.016	0.906	0.014	0.064
0.997	0.001	0.001	0.001
0.981	0.017	0.001	0.001
0.852	0.113	0.001	0.034
0.878	0.039	0.001	0.082
0.848	0.001	0.150	0.001
0.081	0.917	0.001	0.001
0.783	0.094	0.030	0.093
0.594	0.001	0.267	0.138
0.039	0.834	0.052	0.075
0.248	0.411	0.212	0.129
>ACACTGTGTGGA	17-ACACTGTGTGGA	15.097404	-19.905508	0	T:5.0(0.28%),B:2.4(0.00%),P:1e-8	Tpos:101.4,Tstd:46.0,Bpos:57.7,Bstd:11.2,StrandBias:-0.6,Multiplicity:1.00
0.776	0.001	0.001	0.222
0.001	0.997	0.001	0.001
0.997	0.001	0.001	0.001
0.001	0.997	0.001	0.001
0.001	0.001	0.001	0.997
0.001	0.001	0.997	0.001
0.001	0.001	0.001	0.997
0.001	0.001	0.997	0.001
0.001	0.001	0.001	0.997
0.001	0.001	0.997	0.001
0.001	0.001	0.997	0.001
0.997	0.001	0.001	0.001
>GTGWTTTAAATC	18-GTGWTTTAAATC	15.334706	-19.905508	0	T:5.0(0.28%),B:2.4(0.00%),P:1e-8	Tpos:84.8,Tstd:52.6,Bpos:184.0,Bstd:0.0,StrandBias:0.0,Multiplicity:1.00
0.001	0.001	0.881	0.117
0.118	0.118	0.001	0.763
0.001	0.001	0.997	0.001
0.527	0.001	0.001	0.471
0.001	0.001	0.001	0.997
0.117	0.001	0.001	0.881
0.001	0.001	0.001	0.997
0.997	0.001	0.001	0.001
0.997	0.001	0.001	0.001
0.997	0.001	0.001	0.001
0.001	0.001	0.001	0.997
0.001	0.997	0.001	0.001
>ACAATGGCCATG	19-ACAATGGCCATG	7.577846	-19.163325	0	T:243.0(13.46%),B:6831.7(9.28%),P:1e-8	Tpos:101.1,Tstd:52.4,Bpos:100.7,Bstd:64.4,StrandBias:0.0,Multiplicity:1.09
0.815	0.056	0.001	0.128
0.054	0.786	0.056	0.104
0.906	0.026	0.007	0.061
0.789	0.067	0.040	0.104
0.092	0.061	0.006	0.841
0.112	0.044	0.747	0.097
0.168	0.066	0.696	0.070
0.172	0.621	0.082	0.125
0.102	0.641	0.115	0.142
0.697	0.090	0.128	0.085
0.134	0.082	0.001	0.783
0.099	0.107	0.659	0.135
>GCCTTTTCTGTT	20-GCCTTTTCTGTT	12.746699	-18.446056	0	T:8.0(0.44%),B:16.0(0.02%),P:1e-8	Tpos:108.2,Tstd:63.6,Bpos:91.7,Bstd:40.0,StrandBias:0.0,Multiplicity:1.00
0.001	0.001	0.935	0.063
0.001	0.997	0.001	0.001
0.305	0.693	0.001	0.001
0.001	0.001	0.001	0.997
0.001	0.001	0.305	0.693
0.001	0.001	0.001	0.997
0.001	0.305	0.001	0.693
0.001	0.997	0.001	0.001
0.001	0.001	0.001	0.997
0.001	0.001	0.997	0.001
0.001	0.001	0.001	0.997
0.001	0.001	0.001	0.997
>CAGATTACACTG	21-CAGATTACACTG	12.355432	-15.277893	0	T:4.0(0.22%),B:2.4(0.00%),P:1e-6	Tpos:63.8,Tstd:23.9,Bpos:88.1,Bstd:16.5,StrandBias:1.6,Multiplicity:1.00
0.100	0.700	0.100	0.100
0.700	0.100	0.100	0.100
0.100	0.100	0.700	0.100
0.700	0.100	0.100	0.100
0.100	0.100	0.100	0.700
0.100	0.100	0.100	0.700
0.700	0.100	0.100	0.100
0.100	0.700	0.100	0.100
0.700	0.100	0.100	0.100
0.100	0.700	0.100	0.100
0.100	0.100	0.100	0.700
0.100	0.100	0.700	0.100
>GAATTGTGTTCG	22-GAATTGTGTTCG	13.236950	-15.277893	0	T:4.0(0.22%),B:2.3(0.00%),P:1e-6	Tpos:93.7,Tstd:43.8,Bpos:117.7,Bstd:15.0,StrandBias:1.0,Multiplicity:1.50
0.001	0.001	0.997	0.001
0.997	0.001	0.001	0.001
0.997	0.001	0.001	0.001
0.001	0.001	0.001	0.997
0.001	0.001	0.001	0.997
0.001	0.164	0.834	0.001
0.001	0.001	0.001	0.997
0.210	0.001	0.788	0.001
0.001	0.001	0.001	0.997
0.001	0.001	0.001	0.997
0.001	0.997	0.001	0.001
0.001	0.001	0.997	0.001
>GAGAGAGAGAGA	23-GAGAGAGAGAGA	8.735708	-11.333657	0	T:67.0(3.71%),B:1555.5(2.11%),P:1e-4	Tpos:97.3,Tstd:54.0,Bpos:92.3,Bstd:82.3,StrandBias:1.3,Multiplicity:1.02
0.266	0.235	0.497	0.002
0.626	0.047	0.140	0.187
0.283	0.024	0.548	0.145
0.763	0.097	0.047	0.093
0.001	0.110	0.843	0.046
0.789	0.140	0.001	0.070
0.064	0.196	0.739	0.001
0.952	0.001	0.001	0.046
0.001	0.154	0.705	0.140
0.997	0.001	0.001	0.001
0.143	0.199	0.657	0.001
0.664	0.095	0.001	0.240
>AATGAGCCTAGT	24-AATGAGCCTAGT	13.690658	-10.961540	0	T:4.0(0.22%),B:6.4(0.01%),P:1e-4	Tpos:121.8,Tstd:46.6,Bpos:112.1,Bstd:43.9,StrandBias:-1.8,Multiplicity:2.25
0.997	0.001	0.001	0.001
0.997	0.001	0.001	0.001
0.001	0.128	0.001	0.870
0.128	0.001	0.870	0.001
0.997	0.001	0.001	0.001
0.001	0.001	0.997	0.001
0.001	0.997	0.001	0.001
0.001	0.870	0.001	0.128
0.377	0.001	0.001	0.621
0.997	0.001	0.001	0.001
0.105	0.001	0.893	0.001
0.001	0.001	0.001	0.997
>GTCATCCAGTCT	25-GTCATCCAGTCT	12.355432	-8.125005	0	T:2.0(0.11%),B:1.2(0.00%),P:1e-3	Tpos:108.0,Tstd:52.7,Bpos:112.4,Bstd:25.5,StrandBias:-10.0,Multiplicity:6.50
0.100	0.100	0.700	0.100
0.100	0.100	0.100	0.700
0.100	0.700	0.100	0.100
0.700	0.100	0.100	0.100
0.100	0.100	0.100	0.700
0.100	0.700	0.100	0.100
0.100	0.700	0.100	0.100
0.700	0.100	0.100	0.100
0.100	0.100	0.700	0.100
0.100	0.100	0.100	0.700
0.100	0.700	0.100	0.100
0.100	0.100	0.100	0.700
>CGGACAAT	1-CGGACAAT	4.724008	-69.201576	0	T:1010.0(55.92%),B:31242.2(42.45%),P:1e-30	Tpos:97.9,Tstd:54.6,Bpos:100.0,Bstd:68.6,StrandBias:-0.1,Multiplicity:1.40
0.033	0.798	0.168	0.001
0.131	0.044	0.772	0.053
0.111	0.064	0.784	0.041
0.997	0.001	0.001	0.001
0.001	0.948	0.026	0.025
0.974	0.024	0.001	0.001
0.977	0.001	0.001	0.021
0.114	0.001	0.001	0.884
>CAATTVAA	2-CAATTVAA	5.679874	-59.232731	0	T:1023.0(56.64%),B:32530.9(44.20%),P:1e-25	Tpos:99.9,Tstd:55.5,Bpos:100.4,Bstd:70.7,StrandBias:-0.0,Multiplicity:1.33
0.001	0.997	0.001	0.001
0.541	0.170	0.001	0.288
0.729	0.269	0.001	0.001
0.001	0.001	0.001	0.997
0.204	0.001	0.001	0.794
0.313	0.296	0.390	0.001
0.719	0.093	0.053	0.135
0.673	0.001	0.285	0.041
>GGGGATTA	3-GGGGATTA	4.836343	-57.208371	0	T:703.0(38.93%),B:20308.0(27.59%),P:1e-24	Tpos:103.0,Tstd:54.5,Bpos:100.1,Bstd:68.6,StrandBias:0.0,Multiplicity:1.26
0.100	0.054	0.720	0.126
0.088	0.169	0.707	0.036
0.072	0.118	0.728	0.082
0.132	0.036	0.720	0.112
0.747	0.103	0.046	0.104
0.059	0.034	0.051	0.856
0.094	0.081	0.051	0.774
0.752	0.062	0.080	0.106
>GCTTTTBT	4-GCTTTTBT	5.812146	-44.544737	0	T:1167.0(64.62%),B:39757.9(54.02%),P:1e-19	Tpos:100.9,Tstd:54.2,Bpos:99.7,Bstd:73.8,StrandBias:0.1,Multiplicity:1.49
0.049	0.001	0.617	0.333
0.001	0.675	0.100	0.224
0.131	0.126	0.001	0.742
0.176	0.001	0.001	0.822
0.001	0.001	0.001	0.997
0.092	0.001	0.143	0.764
0.147	0.287	0.333	0.233
0.001	0.001	0.001	0.997
>AGCCATTA	5-AGCCATTA	4.366371	-43.685335	0	T:738.0(40.86%),B:22673.5(30.81%),P:1e-18	Tpos:99.9,Tstd:54.4,Bpos:100.1,Bstd:67.5,StrandBias:0.0,Multiplicity:1.16
0.514	0.114	0.220	0.152
0.084	0.129	0.629	0.158
0.113	0.508	0.180	0.199
0.293	0.452	0.117	0.139
0.609	0.233	0.078	0.080
0.132	0.258	0.062	0.548
0.116	0.055	0.181	0.648
0.455	0.298	0.194	0.053
>NCTAATTA	6-NCTAATTA	5.700588	-36.774967	0	T:659.0(36.49%),B:20297.2(27.58%),P:1e-15	Tpos:104.0,Tstd:53.9,Bpos:99.4,Bstd:69.6,StrandBias:-0.1,Multiplicity:1.23
0.224	0.349	0.221	0.205
0.001	0.594	0.137	0.268
0.001	0.263	0.001	0.735
0.817	0.103	0.079	0.001
0.764	0.234	0.001	0.001
0.001	0.001	0.041	0.957
0.001	0.001	0.204	0.794
0.675	0.079	0.221	0.025
>TTTAAAAG	7-TTTAAAAG	7.787987	-29.359466	0	T:285.0(15.78%),B:7518.5(10.22%),P:1e-12	Tpos:99.8,Tstd:55.2,Bpos:101.3,Bstd:76.7,StrandBias:-0.1,Multiplicity:1.10
0.019	0.032	0.043	0.906
0.001	0.001	0.001	0.997
0.070	0.047	0.253	0.630
0.685	0.189	0.125	0.001
0.962	0.028	0.001	0.009
0.902	0.001	0.096	0.001
0.982	0.016	0.001	0.001
0.001	0.001	0.997	0.001
>RWGAAWGC	8-RWGAAWGC	6.167231	-26.169179	0	T:516.0(28.57%),B:15971.5(21.70%),P:1e-11	Tpos:99.2,Tstd:55.8,Bpos:99.6,Bstd:70.2,StrandBias:0.1,Multiplicity:1.14
0.464	0.001	0.322	0.213
0.437	0.001	0.001	0.561
0.274	0.161	0.564	0.001
0.713	0.160	0.126	0.001
0.997	0.001	0.001	0.001
0.326	0.001	0.225	0.448
0.204	0.001	0.742	0.053
0.001	0.610	0.388	0.001
>ACACAAAG	9-ACACAAAG	6.374805	-24.973002	0	T:598.0(33.11%),B:19163.7(26.04%),P:1e-10	Tpos:100.1,Tstd:55.4,Bpos:99.3,Bstd:69.7,StrandBias:-0.0,Multiplicity:1.15
0.700	0.070	0.080	0.150
0.001	0.963	0.035	0.001
0.862	0.036	0.020	0.082
0.071	0.897	0.001	0.031
0.968	0.030	0.001	0.001
0.997	0.001	0.001	0.001
0.641	0.086	0.052	0.221
0.001	0.032	0.966	0.001
>CGACATGT	10-CGACATGT	8.151854	-17.733435	0	T:152.0(8.42%),B:3881.2(5.27%),P:1e-7	Tpos:99.3,Tstd:49.8,Bpos:100.8,Bstd:67.4,StrandBias:-0.1,Multiplicity:1.06
0.244	0.565	0.088	0.103
0.173	0.001	0.825	0.001
0.980	0.001	0.018	0.001
0.013	0.969	0.017	0.001
0.967	0.001	0.001	0.031
0.036	0.066	0.017	0.881
0.024	0.015	0.960	0.001
0.018	0.042	0.001	0.939
>CTTACGYA	11-CTTACGYA	6.771353	-15.533909	0	T:82.0(4.54%),B:1808.0(2.46%),P:1e-6	Tpos:103.3,Tstd:53.3,Bpos:101.3,Bstd:55.1,StrandBias:0.2,Multiplicity:1.03
0.001	0.590	0.408	0.001
0.046	0.001	0.001	0.952
0.001	0.001	0.001	0.997
0.997	0.001	0.001	0.001
0.005	0.974	0.020	0.001
0.009	0.001	0.981	0.009
0.001	0.538	0.001	0.460
0.960	0.001	0.038	0.001
>TTGTTTAG	12-TTGTTTAG	8.236954	-9.612291	0	T:45.0(2.49%),B:975.0(1.32%),P:1e-4	Tpos:106.2,Tstd:60.3,Bpos:105.8,Bstd:72.6,StrandBias:-0.5,Multiplicity:1.05
0.100	0.100	0.100	0.700
0.100	0.100	0.100	0.700
0.100	0.100	0.700	0.100
0.100	0.100	0.100	0.700
0.100	0.100	0.100	0.700
0.100	0.100	0.100	0.700
0.700	0.100	0.100	0.100
0.100	0.100	0.700	0.100
>AGAGAGAG	13-AGAGAGAG	7.979834	-6.332009	0	T:61.0(3.38%),B:1669.0(2.27%),P:1e-2	Tpos:94.5,Tstd:50.5,Bpos:91.8,Bstd:83.9,StrandBias:1.9,Multiplicity:1.04
0.997	0.001	0.001	0.001
0.001	0.001	0.997	0.001
0.777	0.221	0.001	0.001
0.001	0.001	0.997	0.001
0.934	0.064	0.001	0.001
0.001	0.001	0.910	0.088
0.997	0.001	0.001	0.001
0.001	0.001	0.997	0.001
