>NNTTCACACC	1-NNTTCACACC	6.828804	-458.311690	0	T:1099.0(27.97%),B:8117.0(10.61%),P:1e-199	Tpos:101.7,Tstd:49.3,Bpos:99.3,Bstd:59.8,StrandBias:0.2,Multiplicity:1.28
0.338	0.202	0.202	0.258
0.261	0.290	0.265	0.185
0.001	0.112	0.025	0.862
0.012	0.004	0.001	0.983
0.220	0.547	0.156	0.077
0.505	0.024	0.355	0.116
0.003	0.863	0.004	0.130
0.826	0.112	0.061	0.001
0.005	0.856	0.074	0.065
0.152	0.584	0.135	0.129
>VAGGTGTBAA	2-VAGGTGTBAA	6.135229	-356.534651	0	T:1773.0(45.13%),B:19512.9(25.50%),P:1e-154	Tpos:100.4,Tstd:51.9,Bpos:101.3,Bstd:60.6,StrandBias:0.1,Multiplicity:1.31
0.323	0.226	0.289	0.162
0.528	0.050	0.312	0.110
0.169	0.205	0.392	0.234
0.135	0.203	0.492	0.170
0.001	0.018	0.001	0.980
0.001	0.001	0.997	0.001
0.212	0.181	0.068	0.539
0.111	0.275	0.253	0.361
0.731	0.001	0.267	0.001
0.934	0.001	0.001	0.064
>TACCAAAACC	3-TACCAAAACC	11.214092	-136.179375	0	T:89.0(2.27%),B:158.4(0.21%),P:1e-59	Tpos:115.6,Tstd:52.5,Bpos:102.7,Bstd:69.1,StrandBias:-0.1,Multiplicity:1.05
0.001	0.179	0.001	0.819
0.997	0.001	0.001	0.001
0.001	0.997	0.001	0.001
0.001	0.893	0.001	0.105
0.997	0.001	0.001	0.001
0.997	0.001	0.001	0.001
0.997	0.001	0.001	0.001
0.997	0.001	0.001	0.001
0.158	0.840	0.001	0.001
0.001	0.997	0.001	0.001
>TTGGCGCGAA	4-TTGGCGCGAA	8.106944	-98.953986	0	T:146.0(3.72%),B:703.0(0.92%),P:1e-42	Tpos:103.6,Tstd:52.4,Bpos:102.0,Bstd:58.3,StrandBias:0.1,Multiplicity:1.22
0.057	0.059	0.123	0.761
0.027	0.057	0.079	0.837
0.094	0.045	0.777	0.084
0.039	0.049	0.891	0.021
0.030	0.626	0.250	0.094
0.115	0.075	0.751	0.059
0.063	0.828	0.038	0.071
0.055	0.026	0.852	0.067
0.833	0.052	0.067	0.048
0.851	0.067	0.039	0.043
>CGAGGTGGTT	5-CGAGGTGGTT	10.534845	-92.592560	0	T:71.0(1.81%),B:163.3(0.21%),P:1e-40	Tpos:114.9,Tstd:56.2,Bpos:97.4,Bstd:61.3,StrandBias:0.1,Multiplicity:1.28
0.001	0.997	0.001	0.001
0.001	0.001	0.997	0.001
0.997	0.001	0.001	0.001
0.239	0.001	0.759	0.001
0.001	0.001	0.997	0.001
0.001	0.001	0.001	0.997
0.240	0.001	0.564	0.195
0.001	0.001	0.782	0.216
0.001	0.001	0.001	0.997
0.070	0.001	0.001	0.928
>GTMTGGGAMC	6-GTMTGGGAMC	9.425233	-83.740107	0	T:52.0(1.32%),B:86.7(0.11%),P:1e-36	Tpos:112.9,Tstd:51.5,Bpos:101.0,Bstd:71.9,StrandBias:-0.3,Multiplicity:1.44
0.026	0.073	0.828	0.073
0.001	0.001	0.041	0.957
0.342	0.337	0.159	0.162
0.001	0.087	0.077	0.835
0.018	0.084	0.755	0.143
0.017	0.048	0.934	0.001
0.112	0.027	0.733	0.128
0.638	0.111	0.077	0.174
0.449	0.486	0.064	0.001
0.120	0.538	0.326	0.016
>WWCVTATGCC	7-WWCVTATGCC	7.945926	-51.251978	0	T:69.0(1.76%),B:310.7(0.41%),P:1e-22	Tpos:94.0,Tstd:47.2,Bpos:100.5,Bstd:59.9,StrandBias:0.5,Multiplicity:1.16
0.495	0.020	0.018	0.467
0.387	0.100	0.140	0.372
0.345	0.601	0.032	0.022
0.361	0.275	0.252	0.111
0.162	0.032	0.073	0.733
0.680	0.279	0.017	0.024
0.007	0.043	0.288	0.662
0.066	0.045	0.647	0.242
0.022	0.829	0.099	0.050
0.098	0.530	0.144	0.228
>MAGADTATGC	8-MAGADTATGC	9.003317	-45.281909	0	T:49.0(1.25%),B:178.4(0.23%),P:1e-19	Tpos:93.4,Tstd:48.3,Bpos:103.8,Bstd:50.2,StrandBias:-0.6,Multiplicity:1.02
0.482	0.455	0.053	0.009
0.885	0.028	0.001	0.086
0.294	0.001	0.704	0.001
0.728	0.086	0.160	0.026
0.278	0.060	0.268	0.394
0.001	0.136	0.017	0.846
0.501	0.120	0.183	0.196
0.119	0.178	0.082	0.621
0.186	0.007	0.793	0.014
0.178	0.634	0.084	0.104
>GTCTATTCCR	9-GTCTATTCCR	9.852018	-43.389699	0	T:57.0(1.45%),B:252.6(0.33%),P:1e-18	Tpos:101.4,Tstd:52.9,Bpos:103.0,Bstd:62.4,StrandBias:0.0,Multiplicity:1.25
0.025	0.001	0.731	0.243
0.223	0.001	0.034	0.742
0.034	0.590	0.001	0.375
0.001	0.146	0.062	0.791
0.979	0.019	0.001	0.001
0.038	0.035	0.278	0.649
0.001	0.030	0.001	0.968
0.001	0.944	0.003	0.052
0.001	0.661	0.277	0.061
0.437	0.001	0.561	0.001
>CTCGGCGTCT	10-CTCGGCGTCT	7.602815	-40.988703	0	T:93.0(2.37%),B:628.9(0.82%),P:1e-17	Tpos:105.7,Tstd:54.3,Bpos:97.3,Bstd:61.5,StrandBias:0.2,Multiplicity:1.20
0.102	0.754	0.072	0.072
0.080	0.080	0.023	0.817
0.057	0.800	0.069	0.074
0.091	0.090	0.767	0.052
0.069	0.052	0.834	0.045
0.140	0.751	0.070	0.039
0.053	0.063	0.875	0.009
0.024	0.124	0.096	0.756
0.080	0.818	0.053	0.049
0.056	0.068	0.038	0.838
>CACACGTCTA	11-CACACGTCTA	8.066941	-40.512475	0	T:88.0(2.24%),B:578.1(0.76%),P:1e-17	Tpos:95.3,Tstd:50.9,Bpos:98.3,Bstd:56.9,StrandBias:-0.2,Multiplicity:1.29
0.048	0.950	0.001	0.001
0.975	0.001	0.023	0.001
0.017	0.964	0.001	0.018
0.997	0.001	0.001	0.001
0.001	0.997	0.001	0.001
0.001	0.068	0.895	0.036
0.001	0.001	0.001	0.997
0.042	0.956	0.001	0.001
0.001	0.001	0.001	0.997
0.833	0.068	0.053	0.046
>GGGCAACCCC	12-GGGCAACCCC	10.485303	-39.723795	0	T:32.0(0.81%),B:82.7(0.11%),P:1e-17	Tpos:106.2,Tstd:55.0,Bpos:88.4,Bstd:68.9,StrandBias:-0.2,Multiplicity:1.00
0.001	0.001	0.997	0.001
0.161	0.001	0.837	0.001
0.001	0.014	0.984	0.001
0.001	0.997	0.001	0.001
0.486	0.220	0.001	0.293
0.997	0.001	0.001	0.001
0.001	0.997	0.001	0.001
0.001	0.997	0.001	0.001
0.001	0.997	0.001	0.001
0.001	0.997	0.001	0.001
>GGGATGTCCM	13-GGGATGTCCM	9.497263	-38.963879	0	T:65.0(1.65%),B:354.2(0.46%),P:1e-16	Tpos:100.3,Tstd:50.4,Bpos:102.3,Bstd:61.7,StrandBias:-0.1,Multiplicity:1.03
0.080	0.090	0.829	0.001
0.021	0.001	0.977	0.001
0.001	0.001	0.997	0.001
0.535	0.006	0.149	0.310
0.001	0.001	0.003	0.995
0.217	0.250	0.532	0.001
0.223	0.001	0.198	0.578
0.001	0.911	0.087	0.001
0.008	0.865	0.126	0.001
0.548	0.448	0.001	0.003
>CGTGAGGCCA	14-CGTGAGGCCA	7.544204	-36.681525	0	T:28.0(0.71%),B:67.3(0.09%),P:1e-15	Tpos:94.1,Tstd:37.9,Bpos:95.4,Bstd:47.5,StrandBias:-0.5,Multiplicity:1.00
0.001	0.940	0.058	0.001
0.001	0.001	0.997	0.001
0.001	0.001	0.001	0.997
0.001	0.001	0.976	0.022
0.997	0.001	0.001	0.001
0.001	0.001	0.997	0.001
0.001	0.089	0.909	0.001
0.001	0.997	0.001	0.001
0.001	0.997	0.001	0.001
0.997	0.001	0.001	0.001
>TTGCTCACTC	15-TTGCTCACTC	11.876907	-33.907885	0	T:26.0(0.66%),B:63.7(0.08%),P:1e-14	Tpos:105.7,Tstd:53.1,Bpos:116.8,Bstd:59.1,StrandBias:-0.4,Multiplicity:1.00
0.141	0.001	0.001	0.857
0.001	0.001	0.001	0.997
0.001	0.001	0.997	0.001
0.001	0.997	0.001	0.001
0.001	0.001	0.001	0.997
0.001	0.997	0.001	0.001
0.997	0.001	0.001	0.001
0.001	0.997	0.001	0.001
0.001	0.001	0.001	0.997
0.001	0.997	0.001	0.001
>TGAGTACCCC	16-TGAGTACCCC	10.296193	-32.627079	0	T:19.0(0.48%),B:30.6(0.04%),P:1e-14	Tpos:94.8,Tstd:66.6,Bpos:119.2,Bstd:73.4,StrandBias:-0.2,Multiplicity:1.00
0.100	0.100	0.100	0.700
0.100	0.100	0.700	0.100
0.700	0.100	0.100	0.100
0.100	0.100	0.700	0.100
0.100	0.100	0.100	0.700
0.700	0.100	0.100	0.100
0.100	0.700	0.100	0.100
0.100	0.700	0.100	0.100
0.100	0.700	0.100	0.100
0.100	0.700	0.100	0.100
>GTGCCGACAG	17-GTGCCGACAG	11.471903	-31.498134	0	T:24.0(0.61%),B:58.8(0.08%),P:1e-13	Tpos:119.8,Tstd:64.9,Bpos:82.4,Bstd:65.7,StrandBias:-0.5,Multiplicity:1.00
0.306	0.001	0.692	0.001
0.409	0.001	0.001	0.589
0.001	0.001	0.960	0.038
0.001	0.997	0.001	0.001
0.249	0.749	0.001	0.001
0.001	0.001	0.997	0.001
0.717	0.001	0.001	0.281
0.001	0.997	0.001	0.001
0.997	0.001	0.001	0.001
0.001	0.001	0.997	0.001
>TGTTTGGWAC	18-TGTTTGGWAC	10.496423	-31.059241	0	T:49.0(1.25%),B:259.0(0.34%),P:1e-13	Tpos:96.3,Tstd:45.7,Bpos:103.3,Bstd:59.4,StrandBias:0.7,Multiplicity:1.08
0.156	0.021	0.178	0.645
0.069	0.001	0.716	0.214
0.001	0.303	0.001	0.695
0.134	0.001	0.001	0.864
0.079	0.001	0.001	0.919
0.001	0.001	0.997	0.001
0.001	0.017	0.598	0.384
0.377	0.103	0.001	0.519
0.997	0.001	0.001	0.001
0.001	0.941	0.057	0.001
>TAGCGTCAGC	19-TAGCGTCAGC	10.350482	-30.606944	0	T:30.0(0.76%),B:100.7(0.13%),P:1e-13	Tpos:89.5,Tstd:69.4,Bpos:99.6,Bstd:58.6,StrandBias:-0.2,Multiplicity:1.00
0.001	0.001	0.001	0.997
0.997	0.001	0.001	0.001
0.107	0.001	0.891	0.001
0.001	0.997	0.001	0.001
0.001	0.001	0.997	0.001
0.001	0.066	0.001	0.932
0.001	0.997	0.001	0.001
0.500	0.217	0.282	0.001
0.389	0.001	0.609	0.001
0.001	0.997	0.001	0.001
>MGAGGTGACT	20-MGAGGTGACT	10.044914	-29.614284	0	T:63.0(1.60%),B:413.8(0.54%),P:1e-12	Tpos:100.5,Tstd:57.0,Bpos:101.2,Bstd:69.7,StrandBias:-0.1,Multiplicity:1.19
0.499	0.499	0.001	0.001
0.001	0.225	0.773	0.001
0.926	0.072	0.001	0.001
0.001	0.338	0.660	0.001
0.001	0.150	0.836	0.013
0.103	0.001	0.001	0.895
0.001	0.001	0.997	0.001
0.726	0.001	0.272	0.001
0.036	0.962	0.001	0.001
0.001	0.001	0.001	0.997
>GGGTGCTTGG	21-GGGTGCTTGG	10.772823	-28.774462	0	T:28.0(0.71%),B:93.1(0.12%),P:1e-12	Tpos:77.0,Tstd:39.9,Bpos:99.0,Bstd:71.1,StrandBias:-0.1,Multiplicity:1.04
0.001	0.001	0.997	0.001
0.001	0.001	0.997	0.001
0.001	0.001	0.997	0.001
0.001	0.001	0.001	0.997
0.001	0.200	0.798	0.001
0.001	0.997	0.001	0.001
0.001	0.317	0.001	0.681
0.001	0.146	0.001	0.852
0.001	0.001	0.873	0.125
0.200	0.001	0.798	0.001
>CTGATTGGYY	22-CTGATTGGYY	8.750272	-27.786766	0	T:299.0(7.61%),B:3805.7(4.97%),P:1e-12	Tpos:98.2,Tstd:49.0,Bpos:99.8,Bstd:54.8,StrandBias:0.0,Multiplicity:1.41
0.140	0.539	0.117	0.204
0.001	0.001	0.001	0.997
0.001	0.120	0.878	0.001
0.755	0.001	0.243	0.001
0.001	0.201	0.001	0.797
0.001	0.001	0.001	0.997
0.001	0.001	0.997	0.001
0.267	0.001	0.731	0.001
0.100	0.417	0.001	0.482
0.024	0.497	0.072	0.407
>TGTGGTAAAA	23-TGTGGTAAAA	11.795681	-20.893216	0	T:30.0(0.76%),B:150.1(0.20%),P:1e-9	Tpos:97.9,Tstd:51.6,Bpos:101.6,Bstd:62.1,StrandBias:1.0,Multiplicity:1.40
0.130	0.001	0.001	0.868
0.001	0.001	0.997	0.001
0.001	0.001	0.001	0.997
0.001	0.001	0.997	0.001
0.001	0.001	0.997	0.001
0.001	0.001	0.001	0.997
0.997	0.001	0.001	0.001
0.997	0.001	0.001	0.001
0.997	0.001	0.001	0.001
0.997	0.001	0.001	0.001
>TTTTCACATC	24-TTTTCACATC	9.757036	-18.382880	0	T:59.0(1.50%),B:499.9(0.65%),P:1e-7	Tpos:94.6,Tstd:55.1,Bpos:101.1,Bstd:54.5,StrandBias:-0.3,Multiplicity:1.04
0.001	0.398	0.001	0.600
0.001	0.001	0.207	0.791
0.001	0.001	0.001	0.997
0.001	0.032	0.001	0.966
0.286	0.712	0.001	0.001
0.997	0.001	0.001	0.001
0.001	0.995	0.001	0.003
0.935	0.001	0.034	0.030
0.058	0.001	0.013	0.928
0.001	0.941	0.001	0.057
>TRTCGGTCTG	25-TRTCGGTCTG	9.422500	-14.467507	0	T:64.0(1.63%),B:630.6(0.82%),P:1e-6	Tpos:94.2,Tstd:52.2,Bpos:101.5,Bstd:67.5,StrandBias:-0.4,Multiplicity:1.47
0.001	0.026	0.096	0.877
0.432	0.001	0.425	0.142
0.001	0.001	0.179	0.819
0.001	0.763	0.235	0.001
0.001	0.091	0.594	0.314
0.001	0.001	0.997	0.001
0.001	0.383	0.001	0.615
0.001	0.945	0.053	0.001
0.037	0.001	0.001	0.961
0.001	0.165	0.785	0.049
