>NNTTCACACC	1-NNTTCACACC	6.828804	-458.311690	0	T:1099.0(27.97%),B:8117.0(10.61%),P:1e-199	Tpos:101.7,Tstd:49.3,Bpos:99.3,Bstd:59.8,StrandBias:0.2,Multiplicity:1.28
0.338	0.202	0.202	0.258
0.261	0.290	0.265	0.185
0.001	0.112	0.025	0.862
0.012	0.004	0.001	0.983
0.220	0.547	0.156	0.077
0.505	0.024	0.355	0.116
0.003	0.863	0.004	0.130
0.826	0.112	0.061	0.001
0.005	0.856	0.074	0.065
0.152	0.584	0.135	0.129
>VAGGTGTBAA	2-VAGGTGTBAA	6.135229	-356.534651	0	T:1773.0(45.13%),B:19512.9(25.50%),P:1e-154	Tpos:100.4,Tstd:51.9,Bpos:101.3,Bstd:60.6,StrandBias:0.1,Multiplicity:1.31
0.323	0.226	0.289	0.162
0.528	0.050	0.312	0.110
0.169	0.205	0.392	0.234
0.135	0.203	0.492	0.170
0.001	0.018	0.001	0.980
0.001	0.001	0.997	0.001
0.212	0.181	0.068	0.539
0.111	0.275	0.253	0.361
0.731	0.001	0.267	0.001
0.934	0.001	0.001	0.064
>TACCAAAACC	3-TACCAAAACC	11.214092	-136.179375	0	T:89.0(2.27%),B:158.4(0.21%),P:1e-59	Tpos:115.6,Tstd:52.5,Bpos:102.7,Bstd:69.1,StrandBias:-0.1,Multiplicity:1.05
0.001	0.179	0.001	0.819
0.997	0.001	0.001	0.001
0.001	0.997	0.001	0.001
0.001	0.893	0.001	0.105
0.997	0.001	0.001	0.001
0.997	0.001	0.001	0.001
0.997	0.001	0.001	0.001
0.997	0.001	0.001	0.001
0.158	0.840	0.001	0.001
0.001	0.997	0.001	0.001
>TTGGCGCGAA	4-TTGGCGCGAA	8.106944	-98.953986	0	T:146.0(3.72%),B:703.0(0.92%),P:1e-42	Tpos:103.6,Tstd:52.4,Bpos:102.0,Bstd:58.3,StrandBias:0.1,Multiplicity:1.22
0.057	0.059	0.123	0.761
0.027	0.057	0.079	0.837
0.094	0.045	0.777	0.084
0.039	0.049	0.891	0.021
0.030	0.626	0.250	0.094
0.115	0.075	0.751	0.059
0.063	0.828	0.038	0.071
0.055	0.026	0.852	0.067
0.833	0.052	0.067	0.048
0.851	0.067	0.039	0.043
>CGAGGTGGTT	5-CGAGGTGGTT	10.534845	-92.592560	0	T:71.0(1.81%),B:163.3(0.21%),P:1e-40	Tpos:114.9,Tstd:56.2,Bpos:97.4,Bstd:61.3,StrandBias:0.1,Multiplicity:1.28
0.001	0.997	0.001	0.001
0.001	0.001	0.997	0.001
0.997	0.001	0.001	0.001
0.239	0.001	0.759	0.001
0.001	0.001	0.997	0.001
0.001	0.001	0.001	0.997
0.240	0.001	0.564	0.195
0.001	0.001	0.782	0.216
0.001	0.001	0.001	0.997
0.070	0.001	0.001	0.928
>GTMTGGGAMC	6-GTMTGGGAMC	9.425233	-83.740107	0	T:52.0(1.32%),B:86.7(0.11%),P:1e-36	Tpos:112.9,Tstd:51.5,Bpos:101.0,Bstd:71.9,StrandBias:-0.3,Multiplicity:1.44
0.026	0.073	0.828	0.073
0.001	0.001	0.041	0.957
0.342	0.337	0.159	0.162
0.001	0.087	0.077	0.835
0.018	0.084	0.755	0.143
0.017	0.048	0.934	0.001
0.112	0.027	0.733	0.128
0.638	0.111	0.077	0.174
0.449	0.486	0.064	0.001
0.120	0.538	0.326	0.016
>WWCVTATGCC	7-WWCVTATGCC	7.945926	-51.251978	0	T:69.0(1.76%),B:310.7(0.41%),P:1e-22	Tpos:94.0,Tstd:47.2,Bpos:100.5,Bstd:59.9,StrandBias:0.5,Multiplicity:1.16
0.495	0.020	0.018	0.467
0.387	0.100	0.140	0.372
0.345	0.601	0.032	0.022
0.361	0.275	0.252	0.111
0.162	0.032	0.073	0.733
0.680	0.279	0.017	0.024
0.007	0.043	0.288	0.662
0.066	0.045	0.647	0.242
0.022	0.829	0.099	0.050
0.098	0.530	0.144	0.228
>MAGADTATGC	8-MAGADTATGC	9.003317	-45.281909	0	T:49.0(1.25%),B:178.4(0.23%),P:1e-19	Tpos:93.4,Tstd:48.3,Bpos:103.8,Bstd:50.2,StrandBias:-0.6,Multiplicity:1.02
0.482	0.455	0.053	0.009
0.885	0.028	0.001	0.086
0.294	0.001	0.704	0.001
0.728	0.086	0.160	0.026
0.278	0.060	0.268	0.394
0.001	0.136	0.017	0.846
0.501	0.120	0.183	0.196
0.119	0.178	0.082	0.621
0.186	0.007	0.793	0.014
0.178	0.634	0.084	0.104
>GTCTATTCCR	9-GTCTATTCCR	9.852018	-43.389699	0	T:57.0(1.45%),B:252.6(0.33%),P:1e-18	Tpos:101.4,Tstd:52.9,Bpos:103.0,Bstd:62.4,StrandBias:0.0,Multiplicity:1.25
0.025	0.001	0.731	0.243
0.223	0.001	0.034	0.742
0.034	0.590	0.001	0.375
0.001	0.146	0.062	0.791
0.979	0.019	0.001	0.001
0.038	0.035	0.278	0.649
0.001	0.030	0.001	0.968
0.001	0.944	0.003	0.052
0.001	0.661	0.277	0.061
0.437	0.001	0.561	0.001
>CTCGGCGTCT	10-CTCGGCGTCT	7.602815	-40.988703	0	T:93.0(2.37%),B:628.9(0.82%),P:1e-17	Tpos:105.7,Tstd:54.3,Bpos:97.3,Bstd:61.5,StrandBias:0.2,Multiplicity:1.20
0.102	0.754	0.072	0.072
0.080	0.080	0.023	0.817
0.057	0.800	0.069	0.074
0.091	0.090	0.767	0.052
0.069	0.052	0.834	0.045
0.140	0.751	0.070	0.039
0.053	0.063	0.875	0.009
0.024	0.124	0.096	0.756
0.080	0.818	0.053	0.049
0.056	0.068	0.038	0.838
>CACACGTCTA	11-CACACGTCTA	8.066941	-40.512475	0	T:88.0(2.24%),B:578.1(0.76%),P:1e-17	Tpos:95.3,Tstd:50.9,Bpos:98.3,Bstd:56.9,StrandBias:-0.2,Multiplicity:1.29
0.048	0.950	0.001	0.001
0.975	0.001	0.023	0.001
0.017	0.964	0.001	0.018
0.997	0.001	0.001	0.001
0.001	0.997	0.001	0.001
0.001	0.068	0.895	0.036
0.001	0.001	0.001	0.997
0.042	0.956	0.001	0.001
0.001	0.001	0.001	0.997
0.833	0.068	0.053	0.046
>GGGCAACCCC	12-GGGCAACCCC	10.485303	-39.723795	0	T:32.0(0.81%),B:82.7(0.11%),P:1e-17	Tpos:106.2,Tstd:55.0,Bpos:88.4,Bstd:68.9,StrandBias:-0.2,Multiplicity:1.00
0.001	0.001	0.997	0.001
0.161	0.001	0.837	0.001
0.001	0.014	0.984	0.001
0.001	0.997	0.001	0.001
0.486	0.220	0.001	0.293
0.997	0.001	0.001	0.001
0.001	0.997	0.001	0.001
0.001	0.997	0.001	0.001
0.001	0.997	0.001	0.001
0.001	0.997	0.001	0.001
>GGGATGTCCM	13-GGGATGTCCM	9.497263	-38.963879	0	T:65.0(1.65%),B:354.2(0.46%),P:1e-16	Tpos:100.3,Tstd:50.4,Bpos:102.3,Bstd:61.7,StrandBias:-0.1,Multiplicity:1.03
0.080	0.090	0.829	0.001
0.021	0.001	0.977	0.001
0.001	0.001	0.997	0.001
0.535	0.006	0.149	0.310
0.001	0.001	0.003	0.995
0.217	0.250	0.532	0.001
0.223	0.001	0.198	0.578
0.001	0.911	0.087	0.001
0.008	0.865	0.126	0.001
0.548	0.448	0.001	0.003
>CGTGAGGCCA	14-CGTGAGGCCA	7.544204	-36.681525	0	T:28.0(0.71%),B:67.3(0.09%),P:1e-15	Tpos:94.1,Tstd:37.9,Bpos:95.4,Bstd:47.5,StrandBias:-0.5,Multiplicity:1.00
0.001	0.940	0.058	0.001
0.001	0.001	0.997	0.001
0.001	0.001	0.001	0.997
0.001	0.001	0.976	0.022
0.997	0.001	0.001	0.001
0.001	0.001	0.997	0.001
0.001	0.089	0.909	0.001
0.001	0.997	0.001	0.001
0.001	0.997	0.001	0.001
0.997	0.001	0.001	0.001
>TTGCTCACTC	15-TTGCTCACTC	11.876907	-33.907885	0	T:26.0(0.66%),B:63.7(0.08%),P:1e-14	Tpos:105.7,Tstd:53.1,Bpos:116.8,Bstd:59.1,StrandBias:-0.4,Multiplicity:1.00
0.141	0.001	0.001	0.857
0.001	0.001	0.001	0.997
0.001	0.001	0.997	0.001
0.001	0.997	0.001	0.001
0.001	0.001	0.001	0.997
0.001	0.997	0.001	0.001
0.997	0.001	0.001	0.001
0.001	0.997	0.001	0.001
0.001	0.001	0.001	0.997
0.001	0.997	0.001	0.001
>TGAGTACCCC	16-TGAGTACCCC	10.296193	-32.627079	0	T:19.0(0.48%),B:30.6(0.04%),P:1e-14	Tpos:94.8,Tstd:66.6,Bpos:119.2,Bstd:73.4,StrandBias:-0.2,Multiplicity:1.00
0.100	0.100	0.100	0.700
0.100	0.100	0.700	0.100
0.700	0.100	0.100	0.100
0.100	0.100	0.700	0.100
0.100	0.100	0.100	0.700
0.700	0.100	0.100	0.100
0.100	0.700	0.100	0.100
0.100	0.700	0.100	0.100
0.100	0.700	0.100	0.100
0.100	0.700	0.100	0.100
>GTGCCGACAG	17-GTGCCGACAG	11.471903	-31.498134	0	T:24.0(0.61%),B:58.8(0.08%),P:1e-13	Tpos:119.8,Tstd:64.9,Bpos:82.4,Bstd:65.7,StrandBias:-0.5,Multiplicity:1.00
0.306	0.001	0.692	0.001
0.409	0.001	0.001	0.589
0.001	0.001	0.960	0.038
0.001	0.997	0.001	0.001
0.249	0.749	0.001	0.001
0.001	0.001	0.997	0.001
0.717	0.001	0.001	0.281
0.001	0.997	0.001	0.001
0.997	0.001	0.001	0.001
0.001	0.001	0.997	0.001
>TGTTTGGWAC	18-TGTTTGGWAC	10.496423	-31.059241	0	T:49.0(1.25%),B:259.0(0.34%),P:1e-13	Tpos:96.3,Tstd:45.7,Bpos:103.3,Bstd:59.4,StrandBias:0.7,Multiplicity:1.08
0.156	0.021	0.178	0.645
0.069	0.001	0.716	0.214
0.001	0.303	0.001	0.695
0.134	0.001	0.001	0.864
0.079	0.001	0.001	0.919
0.001	0.001	0.997	0.001
0.001	0.017	0.598	0.384
0.377	0.103	0.001	0.519
0.997	0.001	0.001	0.001
0.001	0.941	0.057	0.001
>TAGCGTCAGC	19-TAGCGTCAGC	10.350482	-30.606944	0	T:30.0(0.76%),B:100.7(0.13%),P:1e-13	Tpos:89.5,Tstd:69.4,Bpos:99.6,Bstd:58.6,StrandBias:-0.2,Multiplicity:1.00
0.001	0.001	0.001	0.997
0.997	0.001	0.001	0.001
0.107	0.001	0.891	0.001
0.001	0.997	0.001	0.001
0.001	0.001	0.997	0.001
0.001	0.066	0.001	0.932
0.001	0.997	0.001	0.001
0.500	0.217	0.282	0.001
0.389	0.001	0.609	0.001
0.001	0.997	0.001	0.001
>MGAGGTGACT	20-MGAGGTGACT	10.044914	-29.614284	0	T:63.0(1.60%),B:413.8(0.54%),P:1e-12	Tpos:100.5,Tstd:57.0,Bpos:101.2,Bstd:69.7,StrandBias:-0.1,Multiplicity:1.19
0.499	0.499	0.001	0.001
0.001	0.225	0.773	0.001
0.926	0.072	0.001	0.001
0.001	0.338	0.660	0.001
0.001	0.150	0.836	0.013
0.103	0.001	0.001	0.895
0.001	0.001	0.997	0.001
0.726	0.001	0.272	0.001
0.036	0.962	0.001	0.001
0.001	0.001	0.001	0.997
>GGGTGCTTGG	21-GGGTGCTTGG	10.772823	-28.774462	0	T:28.0(0.71%),B:93.1(0.12%),P:1e-12	Tpos:77.0,Tstd:39.9,Bpos:99.0,Bstd:71.1,StrandBias:-0.1,Multiplicity:1.04
0.001	0.001	0.997	0.001
0.001	0.001	0.997	0.001
0.001	0.001	0.997	0.001
0.001	0.001	0.001	0.997
0.001	0.200	0.798	0.001
0.001	0.997	0.001	0.001
0.001	0.317	0.001	0.681
0.001	0.146	0.001	0.852
0.001	0.001	0.873	0.125
0.200	0.001	0.798	0.001
>CTGATTGGYY	22-CTGATTGGYY	8.750272	-27.786766	0	T:299.0(7.61%),B:3805.7(4.97%),P:1e-12	Tpos:98.2,Tstd:49.0,Bpos:99.8,Bstd:54.8,StrandBias:0.0,Multiplicity:1.41
0.140	0.539	0.117	0.204
0.001	0.001	0.001	0.997
0.001	0.120	0.878	0.001
0.755	0.001	0.243	0.001
0.001	0.201	0.001	0.797
0.001	0.001	0.001	0.997
0.001	0.001	0.997	0.001
0.267	0.001	0.731	0.001
0.100	0.417	0.001	0.482
0.024	0.497	0.072	0.407
>TGTGGTAAAA	23-TGTGGTAAAA	11.795681	-20.893216	0	T:30.0(0.76%),B:150.1(0.20%),P:1e-9	Tpos:97.9,Tstd:51.6,Bpos:101.6,Bstd:62.1,StrandBias:1.0,Multiplicity:1.40
0.130	0.001	0.001	0.868
0.001	0.001	0.997	0.001
0.001	0.001	0.001	0.997
0.001	0.001	0.997	0.001
0.001	0.001	0.997	0.001
0.001	0.001	0.001	0.997
0.997	0.001	0.001	0.001
0.997	0.001	0.001	0.001
0.997	0.001	0.001	0.001
0.997	0.001	0.001	0.001
>TTTTCACATC	24-TTTTCACATC	9.757036	-18.382880	0	T:59.0(1.50%),B:499.9(0.65%),P:1e-7	Tpos:94.6,Tstd:55.1,Bpos:101.1,Bstd:54.5,StrandBias:-0.3,Multiplicity:1.04
0.001	0.398	0.001	0.600
0.001	0.001	0.207	0.791
0.001	0.001	0.001	0.997
0.001	0.032	0.001	0.966
0.286	0.712	0.001	0.001
0.997	0.001	0.001	0.001
0.001	0.995	0.001	0.003
0.935	0.001	0.034	0.030
0.058	0.001	0.013	0.928
0.001	0.941	0.001	0.057
>TRTCGGTCTG	25-TRTCGGTCTG	9.422500	-14.467507	0	T:64.0(1.63%),B:630.6(0.82%),P:1e-6	Tpos:94.2,Tstd:52.2,Bpos:101.5,Bstd:67.5,StrandBias:-0.4,Multiplicity:1.47
0.001	0.026	0.096	0.877
0.432	0.001	0.425	0.142
0.001	0.001	0.179	0.819
0.001	0.763	0.235	0.001
0.001	0.091	0.594	0.314
0.001	0.001	0.997	0.001
0.001	0.383	0.001	0.615
0.001	0.945	0.053	0.001
0.037	0.001	0.001	0.961
0.001	0.165	0.785	0.049
>HWRAGGTGTGAA	1-HWRAGGTGTGAA	7.319721	-534.199978	0	T:1094.0(27.84%),B:7305.4(9.55%),P:1e-231	Tpos:101.5,Tstd:47.8,Bpos:99.2,Bstd:58.2,StrandBias:-0.1,Multiplicity:1.18
0.332	0.227	0.182	0.259
0.295	0.192	0.141	0.371
0.417	0.088	0.269	0.226
0.535	0.032	0.172	0.261
0.180	0.192	0.499	0.129
0.048	0.114	0.735	0.103
0.002	0.012	0.031	0.955
0.002	0.001	0.978	0.019
0.153	0.142	0.001	0.704
0.118	0.180	0.601	0.101
0.958	0.001	0.026	0.015
0.844	0.043	0.079	0.034
>AKGTGTYAATKG	2-AKGTGTYAATKG	7.008289	-242.885991	0	T:1224.0(31.15%),B:12939.5(16.91%),P:1e-105	Tpos:100.5,Tstd:50.7,Bpos:101.4,Bstd:58.2,StrandBias:-0.0,Multiplicity:1.19
0.561	0.098	0.124	0.217
0.195	0.158	0.354	0.293
0.167	0.163	0.557	0.113
0.001	0.001	0.001	0.997
0.001	0.001	0.997	0.001
0.253	0.060	0.001	0.686
0.185	0.269	0.131	0.414
0.739	0.020	0.161	0.080
0.996	0.002	0.001	0.001
0.017	0.277	0.056	0.650
0.204	0.112	0.380	0.305
0.261	0.001	0.511	0.227
>GGKRCGAAGTGG	3-GGKRCGAAGTGG	9.940978	-183.414650	0	T:103.0(2.62%),B:139.8(0.18%),P:1e-79	Tpos:106.6,Tstd:54.2,Bpos:88.7,Bstd:70.3,StrandBias:-0.5,Multiplicity:2.74
0.031	0.001	0.849	0.119
0.059	0.030	0.881	0.030
0.001	0.001	0.424	0.574
0.418	0.059	0.522	0.001
0.030	0.778	0.061	0.131
0.090	0.029	0.880	0.001
0.941	0.029	0.001	0.029
0.584	0.089	0.326	0.001
0.210	0.109	0.482	0.199
0.031	0.059	0.001	0.909
0.089	0.089	0.733	0.089
0.060	0.030	0.821	0.089
>AAAACCACTTCG	4-AAAACCACTTCG	11.830811	-144.590286	0	T:63.0(1.60%),B:50.3(0.07%),P:1e-62	Tpos:110.9,Tstd:66.9,Bpos:119.0,Bstd:69.2,StrandBias:0.1,Multiplicity:1.12
0.897	0.068	0.001	0.034
0.894	0.001	0.071	0.034
0.726	0.035	0.136	0.103
0.964	0.001	0.001	0.034
0.104	0.792	0.001	0.103
0.242	0.689	0.068	0.001
0.792	0.001	0.001	0.206
0.103	0.690	0.172	0.035
0.070	0.313	0.068	0.549
0.067	0.001	0.001	0.931
0.205	0.692	0.034	0.069
0.068	0.172	0.691	0.069
>TGTTTDTMACAC	5-TGTTTDTMACAC	8.658558	-75.063144	0	T:247.0(6.29%),B:2045.0(2.67%),P:1e-32	Tpos:94.4,Tstd:52.4,Bpos:101.5,Bstd:61.9,StrandBias:0.3,Multiplicity:1.12
0.126	0.001	0.131	0.742
0.028	0.001	0.911	0.060
0.070	0.050	0.092	0.788
0.109	0.001	0.316	0.574
0.001	0.001	0.046	0.952
0.296	0.101	0.331	0.271
0.234	0.045	0.003	0.718
0.350	0.424	0.018	0.208
0.959	0.001	0.001	0.039
0.107	0.891	0.001	0.001
0.905	0.062	0.032	0.001
0.079	0.827	0.027	0.067
>TTATCACCTCAT	6-TTATCACCTCAT	9.730899	-68.373963	0	T:86.0(2.19%),B:359.0(0.47%),P:1e-29	Tpos:98.9,Tstd:47.8,Bpos:106.1,Bstd:52.3,StrandBias:-0.2,Multiplicity:1.10
0.127	0.015	0.014	0.844
0.051	0.058	0.047	0.844
0.919	0.022	0.026	0.033
0.035	0.010	0.167	0.788
0.029	0.888	0.044	0.039
0.764	0.082	0.104	0.050
0.072	0.747	0.130	0.051
0.067	0.852	0.043	0.038
0.066	0.058	0.019	0.857
0.055	0.831	0.084	0.030
0.842	0.041	0.069	0.048
0.040	0.067	0.067	0.826
>GCAAATTATGCA	7-GCAAATTATGCA	12.068214	-64.516902	0	T:55.0(1.40%),B:148.2(0.19%),P:1e-28	Tpos:95.1,Tstd:46.5,Bpos:103.1,Bstd:47.5,StrandBias:0.3,Multiplicity:1.02
0.001	0.006	0.914	0.079
0.001	0.766	0.001	0.232
0.772	0.001	0.001	0.226
0.777	0.001	0.221	0.001
0.478	0.001	0.287	0.234
0.151	0.001	0.001	0.847
0.008	0.001	0.363	0.628
0.993	0.001	0.005	0.001
0.001	0.001	0.001	0.997
0.287	0.001	0.711	0.001
0.004	0.843	0.001	0.152
0.997	0.001	0.001	0.001
>AYCAWATRCCTM	8-AYCAWATRCCTM	11.945249	-60.273202	0	T:37.0(0.94%),B:61.3(0.08%),P:1e-26	Tpos:110.8,Tstd:45.6,Bpos:101.1,Bstd:43.2,StrandBias:0.0,Multiplicity:1.08
0.997	0.001	0.001	0.001
0.240	0.330	0.001	0.429
0.001	0.950	0.048	0.001
0.905	0.047	0.047	0.001
0.574	0.001	0.001	0.424
0.857	0.141	0.001	0.001
0.195	0.047	0.047	0.711
0.484	0.002	0.418	0.096
0.037	0.674	0.195	0.094
0.049	0.855	0.094	0.002
0.001	0.047	0.001	0.951
0.528	0.422	0.001	0.049
>GGTTAGACTGTT	9-GGTTAGACTGTT	11.138750	-57.172902	0	T:14.0(0.36%),B:2.7(0.00%),P:1e-24	Tpos:105.3,Tstd:39.7,Bpos:104.6,Bstd:26.6,StrandBias:-1.3,Multiplicity:1.00
0.001	0.001	0.997	0.001
0.001	0.001	0.997	0.001
0.001	0.001	0.001	0.997
0.001	0.001	0.001	0.997
0.997	0.001	0.001	0.001
0.001	0.001	0.997	0.001
0.997	0.001	0.001	0.001
0.001	0.997	0.001	0.001
0.001	0.001	0.001	0.997
0.065	0.001	0.933	0.001
0.001	0.001	0.065	0.933
0.001	0.001	0.001	0.997
>TGGGTGCTTTGC	10-TGGGTGCTTTGC	13.696299	-52.254136	0	T:13.0(0.33%),B:2.9(0.00%),P:1e-22	Tpos:68.2,Tstd:40.4,Bpos:102.3,Bstd:81.5,StrandBias:1.2,Multiplicity:1.00
0.001	0.058	0.001	0.940
0.001	0.001	0.997	0.001
0.001	0.001	0.997	0.001
0.001	0.001	0.997	0.001
0.001	0.001	0.001	0.997
0.001	0.001	0.997	0.001
0.001	0.997	0.001	0.001
0.001	0.001	0.001	0.997
0.001	0.001	0.001	0.997
0.001	0.001	0.001	0.997
0.001	0.001	0.997	0.001
0.058	0.940	0.001	0.001
>ATAGACGCAGAG	11-ATAGACGCAGAG	11.620427	-47.431335	0	T:43.0(1.09%),B:127.2(0.17%),P:1e-20	Tpos:94.8,Tstd:49.4,Bpos:94.9,Bstd:59.4,StrandBias:0.3,Multiplicity:1.40
0.943	0.001	0.020	0.036
0.036	0.020	0.001	0.943
0.997	0.001	0.001	0.001
0.001	0.001	0.997	0.001
0.988	0.001	0.010	0.001
0.001	0.957	0.028	0.014
0.028	0.023	0.948	0.001
0.036	0.943	0.001	0.020
0.727	0.271	0.001	0.001
0.001	0.080	0.896	0.023
0.997	0.001	0.001	0.001
0.036	0.028	0.935	0.001
>TGGAGAACCCTG	12-TGGAGAACCCTG	10.018638	-47.291723	0	T:39.0(0.99%),B:102.8(0.13%),P:1e-20	Tpos:100.5,Tstd:61.4,Bpos:96.5,Bstd:64.2,StrandBias:0.1,Multiplicity:1.08
0.037	0.171	0.211	0.581
0.289	0.016	0.475	0.220
0.045	0.059	0.804	0.092
0.873	0.035	0.038	0.054
0.341	0.048	0.581	0.030
0.626	0.030	0.048	0.296
0.704	0.031	0.233	0.032
0.062	0.581	0.036	0.321
0.335	0.573	0.039	0.053
0.270	0.568	0.020	0.142
0.227	0.015	0.036	0.722
0.240	0.034	0.683	0.043
>TGGTACTGAGTT	13-TGGTACTGAGTT	13.709453	-45.927755	0	T:20.0(0.51%),B:17.4(0.02%),P:1e-19	Tpos:89.3,Tstd:32.5,Bpos:129.2,Bstd:39.2,StrandBias:0.3,Multiplicity:1.00
0.001	0.001	0.001	0.997
0.001	0.001	0.997	0.001
0.001	0.001	0.935	0.063
0.001	0.001	0.001	0.997
0.997	0.001	0.001	0.001
0.001	0.997	0.001	0.001
0.001	0.063	0.001	0.935
0.001	0.001	0.997	0.001
0.935	0.001	0.063	0.001
0.001	0.001	0.997	0.001
0.001	0.001	0.001	0.997
0.001	0.001	0.001	0.997
>TTTGCTCACTCT	14-TTTGCTCACTCT	13.341367	-41.907259	0	T:22.0(0.56%),B:28.5(0.04%),P:1e-18	Tpos:100.0,Tstd:50.6,Bpos:116.4,Bstd:55.3,StrandBias:0.0,Multiplicity:1.00
0.001	0.001	0.065	0.933
0.001	0.001	0.001	0.997
0.001	0.001	0.001	0.997
0.001	0.001	0.933	0.065
0.001	0.997	0.001	0.001
0.065	0.001	0.001	0.933
0.001	0.997	0.001	0.001
0.933	0.065	0.001	0.001
0.001	0.997	0.001	0.001
0.001	0.001	0.001	0.997
0.001	0.997	0.001	0.001
0.050	0.001	0.001	0.948
>GCACTCACTTTG	15-GCACTCACTTTG	13.376941	-41.870116	0	T:24.0(0.61%),B:36.7(0.05%),P:1e-18	Tpos:88.9,Tstd:64.4,Bpos:126.8,Bstd:66.9,StrandBias:0.5,Multiplicity:1.00
0.001	0.001	0.997	0.001
0.001	0.787	0.001	0.211
0.862	0.136	0.001	0.001
0.161	0.837	0.001	0.001
0.001	0.001	0.001	0.997
0.001	0.833	0.165	0.001
0.514	0.162	0.162	0.162
0.001	0.997	0.001	0.001
0.161	0.001	0.001	0.837
0.001	0.001	0.001	0.997
0.001	0.001	0.001	0.997
0.001	0.001	0.997	0.001
>ACCTTTTAATCA	16-ACCTTTTAATCA	13.653226	-40.484815	0	T:13.0(0.33%),B:5.5(0.01%),P:1e-17	Tpos:128.7,Tstd:62.2,Bpos:86.6,Bstd:47.3,StrandBias:2.5,Multiplicity:1.00
0.997	0.001	0.001	0.001
0.001	0.997	0.001	0.001
0.001	0.997	0.001	0.001
0.001	0.001	0.001	0.997
0.064	0.001	0.064	0.871
0.001	0.001	0.001	0.997
0.001	0.001	0.001	0.997
0.997	0.001	0.001	0.001
0.934	0.001	0.064	0.001
0.001	0.001	0.001	0.997
0.064	0.934	0.001	0.001
0.997	0.001	0.001	0.001
>GGCCTCACGTGA	17-GGCCTCACGTGA	13.528035	-40.173477	0	T:20.0(0.51%),B:23.6(0.03%),P:1e-17	Tpos:95.5,Tstd:18.7,Bpos:105.6,Bstd:35.0,StrandBias:0.6,Multiplicity:1.00
0.001	0.001	0.997	0.001
0.001	0.001	0.997	0.001
0.001	0.878	0.053	0.068
0.001	0.931	0.001	0.067
0.001	0.001	0.001	0.997
0.001	0.997	0.001	0.001
0.997	0.001	0.001	0.001
0.001	0.997	0.001	0.001
0.001	0.001	0.931	0.067
0.001	0.001	0.001	0.997
0.001	0.001	0.997	0.001
0.997	0.001	0.001	0.001
>TRTGGTAAAGSA	18-TRTGGTAAAGSA	9.970478	-40.031880	0	T:37.0(0.94%),B:113.0(0.15%),P:1e-17	Tpos:99.4,Tstd:50.5,Bpos:103.5,Bstd:61.8,StrandBias:0.8,Multiplicity:1.32
0.017	0.259	0.183	0.541
0.504	0.108	0.365	0.023
0.191	0.165	0.061	0.583
0.205	0.014	0.763	0.018
0.034	0.038	0.745	0.183
0.029	0.249	0.041	0.681
0.652	0.190	0.155	0.003
0.766	0.025	0.018	0.191
0.584	0.126	0.023	0.267
0.391	0.019	0.570	0.020
0.028	0.479	0.476	0.016
0.769	0.014	0.190	0.027
>CGGTCTATTCCG	19-CGGTCTATTCCG	10.624319	-39.890679	0	T:49.0(1.25%),B:205.0(0.27%),P:1e-17	Tpos:96.3,Tstd:53.3,Bpos:99.6,Bstd:63.1,StrandBias:0.0,Multiplicity:1.38
0.001	0.792	0.002	0.205
0.104	0.001	0.894	0.001
0.198	0.001	0.799	0.002
0.096	0.001	0.193	0.710
0.001	0.997	0.001	0.001
0.001	0.097	0.001	0.901
0.997	0.001	0.001	0.001
0.001	0.001	0.193	0.805
0.001	0.001	0.193	0.805
0.001	0.598	0.196	0.205
0.001	0.705	0.099	0.195
0.005	0.099	0.895	0.001
>TTACTCAATGAC	20-TTACTCAATGAC	13.140286	-37.160744	0	T:20.0(0.51%),B:27.1(0.04%),P:1e-16	Tpos:114.1,Tstd:65.1,Bpos:80.0,Bstd:60.1,StrandBias:-0.3,Multiplicity:1.00
0.001	0.001	0.001	0.997
0.001	0.001	0.001	0.997
0.997	0.001	0.001	0.001
0.001	0.699	0.299	0.001
0.091	0.001	0.001	0.907
0.001	0.997	0.001	0.001
0.997	0.001	0.001	0.001
0.997	0.001	0.001	0.001
0.001	0.299	0.001	0.699
0.001	0.001	0.997	0.001
0.699	0.001	0.001	0.299
0.001	0.997	0.001	0.001
>CCTAACGTCAGC	21-CCTAACGTCAGC	12.355432	-37.020748	0	T:15.0(0.38%),B:11.7(0.02%),P:1e-16	Tpos:90.8,Tstd:76.8,Bpos:132.5,Bstd:86.6,StrandBias:-0.2,Multiplicity:1.00
0.100	0.700	0.100	0.100
0.100	0.700	0.100	0.100
0.100	0.100	0.100	0.700
0.700	0.100	0.100	0.100
0.700	0.100	0.100	0.100
0.100	0.700	0.100	0.100
0.100	0.100	0.700	0.100
0.100	0.100	0.100	0.700
0.100	0.700	0.100	0.100
0.700	0.100	0.100	0.100
0.100	0.100	0.700	0.100
0.100	0.700	0.100	0.100
>AAGCATCGACAT	22-AAGCATCGACAT	12.355432	-33.960121	0	T:10.0(0.25%),B:3.5(0.00%),P:1e-14	Tpos:88.3,Tstd:32.8,Bpos:83.1,Bstd:24.3,StrandBias:1.2,Multiplicity:1.00
0.700	0.100	0.100	0.100
0.700	0.100	0.100	0.100
0.100	0.100	0.700	0.100
0.100	0.700	0.100	0.100
0.700	0.100	0.100	0.100
0.100	0.100	0.100	0.700
0.100	0.700	0.100	0.100
0.100	0.100	0.700	0.100
0.700	0.100	0.100	0.100
0.100	0.700	0.100	0.100
0.700	0.100	0.100	0.100
0.100	0.100	0.100	0.700
>TCTGATTGGCTG	23-TCTGATTGGCTG	9.569690	-32.907226	0	T:215.0(5.47%),B:2372.3(3.10%),P:1e-14	Tpos:98.6,Tstd:46.5,Bpos:99.7,Bstd:55.3,StrandBias:-0.1,Multiplicity:1.36
0.293	0.096	0.145	0.466
0.006	0.525	0.232	0.237
0.001	0.001	0.001	0.997
0.050	0.126	0.823	0.001
0.856	0.001	0.095	0.048
0.001	0.001	0.001	0.997
0.001	0.001	0.001	0.997
0.001	0.001	0.895	0.103
0.138	0.030	0.770	0.062
0.013	0.585	0.001	0.401
0.072	0.206	0.074	0.648
0.127	0.203	0.468	0.202
>GTACACACGTCT	24-GTACACACGTCT	10.457952	-25.673122	0	T:53.0(1.35%),B:343.4(0.45%),P:1e-11	Tpos:92.9,Tstd:47.0,Bpos:102.4,Bstd:54.0,StrandBias:0.2,Multiplicity:2.04
0.001	0.001	0.857	0.141
0.001	0.001	0.001	0.997
0.997	0.001	0.001	0.001
0.001	0.830	0.001	0.168
0.864	0.001	0.134	0.001
0.001	0.621	0.052	0.326
0.997	0.001	0.001	0.001
0.001	0.585	0.001	0.413
0.001	0.001	0.997	0.001
0.001	0.335	0.052	0.612
0.001	0.997	0.001	0.001
0.001	0.116	0.001	0.882
>GTCTGTCTGTCT	25-GTCTGTCTGTCT	16.269850	-16.727992	0	T:22.0(0.56%),B:105.0(0.14%),P:1e-7	Tpos:85.3,Tstd:48.3,Bpos:100.3,Bstd:71.8,StrandBias:-1.0,Multiplicity:1.45
0.001	0.001	0.997	0.001
0.001	0.007	0.013	0.979
0.005	0.932	0.041	0.022
0.006	0.036	0.001	0.957
0.009	0.001	0.989	0.001
0.001	0.007	0.001	0.991
0.019	0.929	0.051	0.001
0.001	0.012	0.001	0.986
0.003	0.001	0.995	0.001
0.017	0.043	0.007	0.933
0.007	0.959	0.033	0.001
0.001	0.001	0.001	0.997
>TTCACACC	1-TTCACACC	6.264911	-456.672471	0	T:1266.0(32.22%),B:10318.9(13.49%),P:1e-198	Tpos:100.9,Tstd:50.3,Bpos:99.6,Bstd:60.2,StrandBias:0.2,Multiplicity:1.30
0.011	0.001	0.001	0.987
0.001	0.001	0.001	0.997
0.040	0.866	0.076	0.018
0.599	0.001	0.361	0.039
0.001	0.997	0.001	0.001
0.989	0.009	0.001	0.001
0.020	0.978	0.001	0.001
0.083	0.797	0.046	0.074
>HTTRACAC	2-HTTRACAC	5.827893	-233.648052	0	T:1815.0(46.19%),B:22885.1(29.91%),P:1e-101	Tpos:100.2,Tstd:52.9,Bpos:101.1,Bstd:61.3,StrandBias:-0.1,Multiplicity:1.28
0.339	0.279	0.183	0.199
0.001	0.022	0.002	0.975
0.042	0.175	0.001	0.782
0.358	0.166	0.379	0.096
0.561	0.080	0.013	0.346
0.001	0.847	0.122	0.030
0.709	0.041	0.249	0.001
0.001	0.744	0.202	0.053
>TGGGACGA	3-TGGGACGA	8.236954	-50.735806	0	T:59.0(1.50%),B:230.8(0.30%),P:1e-22	Tpos:108.9,Tstd:56.5,Bpos:97.8,Bstd:65.4,StrandBias:-0.4,Multiplicity:1.12
0.100	0.100	0.100	0.700
0.100	0.100	0.700	0.100
0.100	0.100	0.700	0.100
0.100	0.100	0.700	0.100
0.700	0.100	0.100	0.100
0.100	0.700	0.100	0.100
0.100	0.100	0.700	0.100
0.700	0.100	0.100	0.100
>TGGGAACC	4-TGGGAACC	8.236954	-46.066484	0	T:61.0(1.55%),B:272.0(0.36%),P:1e-20	Tpos:104.0,Tstd:51.4,Bpos:104.7,Bstd:64.8,StrandBias:-0.4,Multiplicity:1.00
0.100	0.100	0.100	0.700
0.100	0.100	0.700	0.100
0.100	0.100	0.700	0.100
0.100	0.100	0.700	0.100
0.700	0.100	0.100	0.100
0.700	0.100	0.100	0.100
0.100	0.700	0.100	0.100
0.100	0.700	0.100	0.100
>CCSMTAMC	5-CCSMTAMC	5.843412	-40.816899	0	T:855.0(21.76%),B:12560.1(16.42%),P:1e-17	Tpos:98.9,Tstd:56.2,Bpos:100.2,Bstd:63.8,StrandBias:-0.1,Multiplicity:1.20
0.001	0.580	0.385	0.034
0.002	0.578	0.082	0.338
0.179	0.469	0.351	0.001
0.387	0.476	0.136	0.001
0.156	0.087	0.091	0.666
0.996	0.002	0.001	0.001
0.507	0.491	0.001	0.001
0.020	0.978	0.001	0.001
>CATATGCT	6-CATATGCT	8.005418	-30.164465	0	T:191.0(4.86%),B:2088.0(2.73%),P:1e-13	Tpos:94.9,Tstd:50.8,Bpos:100.9,Bstd:61.1,StrandBias:0.2,Multiplicity:1.09
0.001	0.837	0.102	0.060
0.926	0.003	0.070	0.001
0.001	0.001	0.001	0.997
0.910	0.088	0.001	0.001
0.001	0.047	0.001	0.951
0.001	0.102	0.634	0.263
0.327	0.558	0.001	0.114
0.151	0.205	0.178	0.466
>CGCCCCAA	7-CGCCCCAA	8.120468	-26.955292	0	T:105.0(2.67%),B:956.9(1.25%),P:1e-11	Tpos:91.6,Tstd:56.8,Bpos:101.6,Bstd:62.8,StrandBias:0.2,Multiplicity:1.06
0.089	0.909	0.001	0.001
0.001	0.001	0.997	0.001
0.001	0.997	0.001	0.001
0.001	0.782	0.216	0.001
0.001	0.883	0.001	0.115
0.001	0.997	0.001	0.001
0.997	0.001	0.001	0.001
0.845	0.153	0.001	0.001
>CGACTCCC	8-CGACTCCC	5.145001	-26.608669	0	T:544.0(13.85%),B:7909.4(10.34%),P:1e-11	Tpos:99.4,Tstd:55.2,Bpos:100.8,Bstd:63.3,StrandBias:0.1,Multiplicity:1.19
0.062	0.773	0.094	0.071
0.069	0.063	0.808	0.060
0.627	0.151	0.130	0.092
0.049	0.715	0.141	0.095
0.121	0.093	0.060	0.726
0.076	0.775	0.072	0.077
0.034	0.832	0.057	0.077
0.015	0.752	0.128	0.105
>CCAATCAG	9-CCAATCAG	8.257336	-26.405366	0	T:332.0(8.45%),B:4383.9(5.73%),P:1e-11	Tpos:100.8,Tstd:51.2,Bpos:99.9,Bstd:57.3,StrandBias:-0.1,Multiplicity:1.32
0.001	0.997	0.001	0.001
0.001	0.997	0.001	0.001
0.997	0.001	0.001	0.001
0.997	0.001	0.001	0.001
0.001	0.092	0.001	0.906
0.001	0.863	0.135	0.001
0.964	0.001	0.034	0.001
0.001	0.220	0.778	0.001
>GTGGTTTT	10-GTGGTTTT	8.236954	-26.268401	0	T:100.0(2.55%),B:902.6(1.18%),P:1e-11	Tpos:101.1,Tstd:55.9,Bpos:97.5,Bstd:69.3,StrandBias:-0.1,Multiplicity:1.36
0.100	0.100	0.700	0.100
0.100	0.100	0.100	0.700
0.100	0.100	0.700	0.100
0.100	0.100	0.700	0.100
0.100	0.100	0.100	0.700
0.100	0.100	0.100	0.700
0.100	0.100	0.100	0.700
0.100	0.100	0.100	0.700
>TTTGGTAC	11-TTTGGTAC	8.236954	-24.716449	0	T:67.0(1.71%),B:512.1(0.67%),P:1e-10	Tpos:97.7,Tstd:52.1,Bpos:99.7,Bstd:63.7,StrandBias:-0.2,Multiplicity:1.02
0.100	0.100	0.100	0.700
0.100	0.100	0.100	0.700
0.100	0.100	0.100	0.700
0.100	0.100	0.700	0.100
0.100	0.100	0.700	0.100
0.100	0.100	0.100	0.700
0.700	0.100	0.100	0.100
0.100	0.700	0.100	0.100
>GCCTGTTG	12-GCCTGTTG	8.015734	-22.649195	0	T:157.0(4.00%),B:1776.6(2.32%),P:1e-9	Tpos:101.7,Tstd:53.5,Bpos:99.5,Bstd:61.1,StrandBias:0.1,Multiplicity:1.12
0.001	0.001	0.997	0.001
0.001	0.876	0.122	0.001
0.001	0.997	0.001	0.001
0.001	0.110	0.001	0.888
0.001	0.079	0.919	0.001
0.001	0.001	0.001	0.997
0.001	0.237	0.001	0.761
0.001	0.001	0.997	0.001
>TTGGTCAG	13-TTGGTCAG	8.033274	-20.813822	0	T:218.0(5.55%),B:2765.4(3.61%),P:1e-9	Tpos:98.1,Tstd:56.4,Bpos:99.0,Bstd:63.8,StrandBias:0.2,Multiplicity:1.07
0.001	0.001	0.001	0.997
0.001	0.001	0.001	0.997
0.001	0.001	0.997	0.001
0.111	0.001	0.887	0.001
0.001	0.001	0.001	0.997
0.092	0.758	0.001	0.149
0.829	0.099	0.071	0.001
0.001	0.001	0.997	0.001
>CTGGACCC	14-CTGGACCC	10.767523	-20.455002	0	T:40.0(1.02%),B:253.7(0.33%),P:1e-8	Tpos:97.8,Tstd:55.1,Bpos:94.8,Bstd:63.3,StrandBias:0.1,Multiplicity:1.03
0.001	0.997	0.001	0.001
0.001	0.081	0.001	0.917
0.001	0.001	0.997	0.001
0.001	0.001	0.997	0.001
0.997	0.001	0.001	0.001
0.001	0.997	0.001	0.001
0.001	0.997	0.001	0.001
0.194	0.804	0.001	0.001
>GGGCCACC	15-GGGCCACC	8.236954	-18.775559	0	T:36.0(0.92%),B:226.6(0.30%),P:1e-8	Tpos:107.1,Tstd:54.5,Bpos:98.3,Bstd:71.5,StrandBias:-0.2,Multiplicity:1.00
0.100	0.100	0.700	0.100
0.100	0.100	0.700	0.100
0.100	0.100	0.700	0.100
0.100	0.700	0.100	0.100
0.100	0.700	0.100	0.100
0.700	0.100	0.100	0.100
0.100	0.700	0.100	0.100
0.100	0.700	0.100	0.100
>GCGTCTAT	16-GCGTCTAT	10.431681	-18.752461	0	T:50.0(1.27%),B:384.6(0.50%),P:1e-8	Tpos:92.2,Tstd:47.7,Bpos:99.4,Bstd:57.4,StrandBias:-0.5,Multiplicity:1.31
0.336	0.001	0.662	0.001
0.202	0.796	0.001	0.001
0.001	0.001	0.997	0.001
0.001	0.001	0.001	0.997
0.001	0.997	0.001	0.001
0.001	0.001	0.001	0.997
0.997	0.001	0.001	0.001
0.001	0.001	0.001	0.997
>GCTCACTC	17-GCTCACTC	9.954581	-18.395540	0	T:66.0(1.68%),B:588.9(0.77%),P:1e-7	Tpos:103.4,Tstd:55.4,Bpos:101.6,Bstd:62.9,StrandBias:-0.8,Multiplicity:1.03
0.001	0.001	0.997	0.001
0.001	0.997	0.001	0.001
0.001	0.001	0.001	0.997
0.001	0.997	0.001	0.001
0.997	0.001	0.001	0.001
0.001	0.997	0.001	0.001
0.001	0.001	0.001	0.997
0.328	0.670	0.001	0.001
>AAKTTATG	18-AAKTTATG	7.286298	-18.028841	0	T:365.0(9.29%),B:5300.8(6.93%),P:1e-7	Tpos:102.0,Tstd:58.1,Bpos:97.7,Bstd:58.9,StrandBias:0.1,Multiplicity:1.08
0.902	0.096	0.001	0.001
0.888	0.009	0.102	0.001
0.001	0.001	0.483	0.515
0.001	0.064	0.121	0.814
0.166	0.001	0.001	0.832
0.727	0.001	0.056	0.216
0.265	0.002	0.016	0.717
0.153	0.001	0.835	0.011
>GATGGTAT	19-GATGGTAT	8.236954	-16.640529	0	T:56.0(1.43%),B:488.0(0.64%),P:1e-7	Tpos:113.4,Tstd:58.7,Bpos:100.3,Bstd:67.6,StrandBias:-0.4,Multiplicity:1.00
0.100	0.100	0.700	0.100
0.700	0.100	0.100	0.100
0.100	0.100	0.100	0.700
0.100	0.100	0.700	0.100
0.100	0.100	0.700	0.100
0.100	0.100	0.100	0.700
0.700	0.100	0.100	0.100
0.100	0.100	0.100	0.700
>GAGAACCC	20-GAGAACCC	9.904570	-16.083333	0	T:54.0(1.37%),B:470.1(0.61%),P:1e-6	Tpos:98.7,Tstd:51.5,Bpos:94.9,Bstd:67.5,StrandBias:-0.4,Multiplicity:1.08
0.001	0.001	0.997	0.001
0.997	0.001	0.001	0.001
0.001	0.001	0.997	0.001
0.997	0.001	0.001	0.001
0.686	0.001	0.312	0.001
0.001	0.997	0.001	0.001
0.001	0.997	0.001	0.001
0.001	0.997	0.001	0.001
>ATAGACGT	21-ATAGACGT	8.236954	-15.497329	0	T:56.0(1.43%),B:505.0(0.66%),P:1e-6	Tpos:100.7,Tstd:53.0,Bpos:100.2,Bstd:54.7,StrandBias:0.0,Multiplicity:1.37
0.700	0.100	0.100	0.100
0.100	0.100	0.100	0.700
0.700	0.100	0.100	0.100
0.100	0.100	0.700	0.100
0.700	0.100	0.100	0.100
0.100	0.700	0.100	0.100
0.100	0.100	0.700	0.100
0.100	0.100	0.100	0.700
>GTCTATGT	22-GTCTATGT	8.478332	-15.111260	0	T:184.0(4.68%),B:2431.8(3.18%),P:1e-6	Tpos:103.7,Tstd:54.2,Bpos:100.2,Bstd:61.1,StrandBias:0.2,Multiplicity:1.24
0.001	0.001	0.997	0.001
0.001	0.002	0.001	0.996
0.001	0.997	0.001	0.001
0.001	0.001	0.001	0.997
0.997	0.001	0.001	0.001
0.001	0.001	0.001	0.997
0.001	0.001	0.727	0.271
0.001	0.276	0.004	0.719
>TTTACCAC	23-TTTACCAC	9.582102	-10.875263	0	T:105.0(2.67%),B:1330.9(1.74%),P:1e-4	Tpos:104.8,Tstd:51.8,Bpos:100.6,Bstd:63.2,StrandBias:-0.5,Multiplicity:1.15
0.001	0.001	0.001	0.997
0.001	0.001	0.001	0.997
0.001	0.001	0.001	0.997
0.772	0.001	0.226	0.001
0.001	0.997	0.001	0.001
0.001	0.997	0.001	0.001
0.997	0.001	0.001	0.001
0.001	0.997	0.001	0.001
>CTTATACG	24-CTTATACG	7.600166	-7.772216	0	T:125.0(3.18%),B:1780.2(2.33%),P:1e-3	Tpos:107.5,Tstd:58.2,Bpos:98.8,Bstd:60.9,StrandBias:0.4,Multiplicity:1.24
0.001	0.997	0.001	0.001
0.001	0.001	0.017	0.981
0.001	0.136	0.001	0.862
0.882	0.116	0.001	0.001
0.001	0.159	0.076	0.764
0.869	0.129	0.001	0.001
0.001	0.710	0.001	0.288
0.087	0.001	0.911	0.001
>GTCTGTCT	25-GTCTGTCT	8.236954	-5.580159	0	T:70.0(1.78%),B:970.9(1.27%),P:1e-2	Tpos:96.4,Tstd:53.0,Bpos:97.4,Bstd:66.6,StrandBias:-0.6,Multiplicity:2.74
0.100	0.100	0.700	0.100
0.100	0.100	0.100	0.700
0.100	0.700	0.100	0.100
0.100	0.100	0.100	0.700
0.100	0.100	0.700	0.100
0.100	0.100	0.100	0.700
0.100	0.700	0.100	0.100
0.100	0.100	0.100	0.700
