>HWRAGGTGTGAA	1-HWRAGGTGTGAA	7.319721	-534.199978	0	T:1094.0(27.84%),B:7305.4(9.55%),P:1e-231	Tpos:101.5,Tstd:47.8,Bpos:99.2,Bstd:58.2,StrandBias:-0.1,Multiplicity:1.18
0.332	0.227	0.182	0.259
0.295	0.192	0.141	0.371
0.417	0.088	0.269	0.226
0.535	0.032	0.172	0.261
0.180	0.192	0.499	0.129
0.048	0.114	0.735	0.103
0.002	0.012	0.031	0.955
0.002	0.001	0.978	0.019
0.153	0.142	0.001	0.704
0.118	0.180	0.601	0.101
0.958	0.001	0.026	0.015
0.844	0.043	0.079	0.034
>AKGTGTYAATKG	2-AKGTGTYAATKG	7.008289	-242.885991	0	T:1224.0(31.15%),B:12939.5(16.91%),P:1e-105	Tpos:100.5,Tstd:50.7,Bpos:101.4,Bstd:58.2,StrandBias:-0.0,Multiplicity:1.19
0.561	0.098	0.124	0.217
0.195	0.158	0.354	0.293
0.167	0.163	0.557	0.113
0.001	0.001	0.001	0.997
0.001	0.001	0.997	0.001
0.253	0.060	0.001	0.686
0.185	0.269	0.131	0.414
0.739	0.020	0.161	0.080
0.996	0.002	0.001	0.001
0.017	0.277	0.056	0.650
0.204	0.112	0.380	0.305
0.261	0.001	0.511	0.227
>GGKRCGAAGTGG	3-GGKRCGAAGTGG	9.940978	-183.414650	0	T:103.0(2.62%),B:139.8(0.18%),P:1e-79	Tpos:106.6,Tstd:54.2,Bpos:88.7,Bstd:70.3,StrandBias:-0.5,Multiplicity:2.74
0.031	0.001	0.849	0.119
0.059	0.030	0.881	0.030
0.001	0.001	0.424	0.574
0.418	0.059	0.522	0.001
0.030	0.778	0.061	0.131
0.090	0.029	0.880	0.001
0.941	0.029	0.001	0.029
0.584	0.089	0.326	0.001
0.210	0.109	0.482	0.199
0.031	0.059	0.001	0.909
0.089	0.089	0.733	0.089
0.060	0.030	0.821	0.089
>AAAACCACTTCG	4-AAAACCACTTCG	11.830811	-144.590286	0	T:63.0(1.60%),B:50.3(0.07%),P:1e-62	Tpos:110.9,Tstd:66.9,Bpos:119.0,Bstd:69.2,StrandBias:0.1,Multiplicity:1.12
0.897	0.068	0.001	0.034
0.894	0.001	0.071	0.034
0.726	0.035	0.136	0.103
0.964	0.001	0.001	0.034
0.104	0.792	0.001	0.103
0.242	0.689	0.068	0.001
0.792	0.001	0.001	0.206
0.103	0.690	0.172	0.035
0.070	0.313	0.068	0.549
0.067	0.001	0.001	0.931
0.205	0.692	0.034	0.069
0.068	0.172	0.691	0.069
>TGTTTDTMACAC	5-TGTTTDTMACAC	8.658558	-75.063144	0	T:247.0(6.29%),B:2045.0(2.67%),P:1e-32	Tpos:94.4,Tstd:52.4,Bpos:101.5,Bstd:61.9,StrandBias:0.3,Multiplicity:1.12
0.126	0.001	0.131	0.742
0.028	0.001	0.911	0.060
0.070	0.050	0.092	0.788
0.109	0.001	0.316	0.574
0.001	0.001	0.046	0.952
0.296	0.101	0.331	0.271
0.234	0.045	0.003	0.718
0.350	0.424	0.018	0.208
0.959	0.001	0.001	0.039
0.107	0.891	0.001	0.001
0.905	0.062	0.032	0.001
0.079	0.827	0.027	0.067
>TTATCACCTCAT	6-TTATCACCTCAT	9.730899	-68.373963	0	T:86.0(2.19%),B:359.0(0.47%),P:1e-29	Tpos:98.9,Tstd:47.8,Bpos:106.1,Bstd:52.3,StrandBias:-0.2,Multiplicity:1.10
0.127	0.015	0.014	0.844
0.051	0.058	0.047	0.844
0.919	0.022	0.026	0.033
0.035	0.010	0.167	0.788
0.029	0.888	0.044	0.039
0.764	0.082	0.104	0.050
0.072	0.747	0.130	0.051
0.067	0.852	0.043	0.038
0.066	0.058	0.019	0.857
0.055	0.831	0.084	0.030
0.842	0.041	0.069	0.048
0.040	0.067	0.067	0.826
>GCAAATTATGCA	7-GCAAATTATGCA	12.068214	-64.516902	0	T:55.0(1.40%),B:148.2(0.19%),P:1e-28	Tpos:95.1,Tstd:46.5,Bpos:103.1,Bstd:47.5,StrandBias:0.3,Multiplicity:1.02
0.001	0.006	0.914	0.079
0.001	0.766	0.001	0.232
0.772	0.001	0.001	0.226
0.777	0.001	0.221	0.001
0.478	0.001	0.287	0.234
0.151	0.001	0.001	0.847
0.008	0.001	0.363	0.628
0.993	0.001	0.005	0.001
0.001	0.001	0.001	0.997
0.287	0.001	0.711	0.001
0.004	0.843	0.001	0.152
0.997	0.001	0.001	0.001
>AYCAWATRCCTM	8-AYCAWATRCCTM	11.945249	-60.273202	0	T:37.0(0.94%),B:61.3(0.08%),P:1e-26	Tpos:110.8,Tstd:45.6,Bpos:101.1,Bstd:43.2,StrandBias:0.0,Multiplicity:1.08
0.997	0.001	0.001	0.001
0.240	0.330	0.001	0.429
0.001	0.950	0.048	0.001
0.905	0.047	0.047	0.001
0.574	0.001	0.001	0.424
0.857	0.141	0.001	0.001
0.195	0.047	0.047	0.711
0.484	0.002	0.418	0.096
0.037	0.674	0.195	0.094
0.049	0.855	0.094	0.002
0.001	0.047	0.001	0.951
0.528	0.422	0.001	0.049
>GGTTAGACTGTT	9-GGTTAGACTGTT	11.138750	-57.172902	0	T:14.0(0.36%),B:2.7(0.00%),P:1e-24	Tpos:105.3,Tstd:39.7,Bpos:104.6,Bstd:26.6,StrandBias:-1.3,Multiplicity:1.00
0.001	0.001	0.997	0.001
0.001	0.001	0.997	0.001
0.001	0.001	0.001	0.997
0.001	0.001	0.001	0.997
0.997	0.001	0.001	0.001
0.001	0.001	0.997	0.001
0.997	0.001	0.001	0.001
0.001	0.997	0.001	0.001
0.001	0.001	0.001	0.997
0.065	0.001	0.933	0.001
0.001	0.001	0.065	0.933
0.001	0.001	0.001	0.997
>TGGGTGCTTTGC	10-TGGGTGCTTTGC	13.696299	-52.254136	0	T:13.0(0.33%),B:2.9(0.00%),P:1e-22	Tpos:68.2,Tstd:40.4,Bpos:102.3,Bstd:81.5,StrandBias:1.2,Multiplicity:1.00
0.001	0.058	0.001	0.940
0.001	0.001	0.997	0.001
0.001	0.001	0.997	0.001
0.001	0.001	0.997	0.001
0.001	0.001	0.001	0.997
0.001	0.001	0.997	0.001
0.001	0.997	0.001	0.001
0.001	0.001	0.001	0.997
0.001	0.001	0.001	0.997
0.001	0.001	0.001	0.997
0.001	0.001	0.997	0.001
0.058	0.940	0.001	0.001
>ATAGACGCAGAG	11-ATAGACGCAGAG	11.620427	-47.431335	0	T:43.0(1.09%),B:127.2(0.17%),P:1e-20	Tpos:94.8,Tstd:49.4,Bpos:94.9,Bstd:59.4,StrandBias:0.3,Multiplicity:1.40
0.943	0.001	0.020	0.036
0.036	0.020	0.001	0.943
0.997	0.001	0.001	0.001
0.001	0.001	0.997	0.001
0.988	0.001	0.010	0.001
0.001	0.957	0.028	0.014
0.028	0.023	0.948	0.001
0.036	0.943	0.001	0.020
0.727	0.271	0.001	0.001
0.001	0.080	0.896	0.023
0.997	0.001	0.001	0.001
0.036	0.028	0.935	0.001
>TGGAGAACCCTG	12-TGGAGAACCCTG	10.018638	-47.291723	0	T:39.0(0.99%),B:102.8(0.13%),P:1e-20	Tpos:100.5,Tstd:61.4,Bpos:96.5,Bstd:64.2,StrandBias:0.1,Multiplicity:1.08
0.037	0.171	0.211	0.581
0.289	0.016	0.475	0.220
0.045	0.059	0.804	0.092
0.873	0.035	0.038	0.054
0.341	0.048	0.581	0.030
0.626	0.030	0.048	0.296
0.704	0.031	0.233	0.032
0.062	0.581	0.036	0.321
0.335	0.573	0.039	0.053
0.270	0.568	0.020	0.142
0.227	0.015	0.036	0.722
0.240	0.034	0.683	0.043
>TGGTACTGAGTT	13-TGGTACTGAGTT	13.709453	-45.927755	0	T:20.0(0.51%),B:17.4(0.02%),P:1e-19	Tpos:89.3,Tstd:32.5,Bpos:129.2,Bstd:39.2,StrandBias:0.3,Multiplicity:1.00
0.001	0.001	0.001	0.997
0.001	0.001	0.997	0.001
0.001	0.001	0.935	0.063
0.001	0.001	0.001	0.997
0.997	0.001	0.001	0.001
0.001	0.997	0.001	0.001
0.001	0.063	0.001	0.935
0.001	0.001	0.997	0.001
0.935	0.001	0.063	0.001
0.001	0.001	0.997	0.001
0.001	0.001	0.001	0.997
0.001	0.001	0.001	0.997
>TTTGCTCACTCT	14-TTTGCTCACTCT	13.341367	-41.907259	0	T:22.0(0.56%),B:28.5(0.04%),P:1e-18	Tpos:100.0,Tstd:50.6,Bpos:116.4,Bstd:55.3,StrandBias:0.0,Multiplicity:1.00
0.001	0.001	0.065	0.933
0.001	0.001	0.001	0.997
0.001	0.001	0.001	0.997
0.001	0.001	0.933	0.065
0.001	0.997	0.001	0.001
0.065	0.001	0.001	0.933
0.001	0.997	0.001	0.001
0.933	0.065	0.001	0.001
0.001	0.997	0.001	0.001
0.001	0.001	0.001	0.997
0.001	0.997	0.001	0.001
0.050	0.001	0.001	0.948
>GCACTCACTTTG	15-GCACTCACTTTG	13.376941	-41.870116	0	T:24.0(0.61%),B:36.7(0.05%),P:1e-18	Tpos:88.9,Tstd:64.4,Bpos:126.8,Bstd:66.9,StrandBias:0.5,Multiplicity:1.00
0.001	0.001	0.997	0.001
0.001	0.787	0.001	0.211
0.862	0.136	0.001	0.001
0.161	0.837	0.001	0.001
0.001	0.001	0.001	0.997
0.001	0.833	0.165	0.001
0.514	0.162	0.162	0.162
0.001	0.997	0.001	0.001
0.161	0.001	0.001	0.837
0.001	0.001	0.001	0.997
0.001	0.001	0.001	0.997
0.001	0.001	0.997	0.001
>ACCTTTTAATCA	16-ACCTTTTAATCA	13.653226	-40.484815	0	T:13.0(0.33%),B:5.5(0.01%),P:1e-17	Tpos:128.7,Tstd:62.2,Bpos:86.6,Bstd:47.3,StrandBias:2.5,Multiplicity:1.00
0.997	0.001	0.001	0.001
0.001	0.997	0.001	0.001
0.001	0.997	0.001	0.001
0.001	0.001	0.001	0.997
0.064	0.001	0.064	0.871
0.001	0.001	0.001	0.997
0.001	0.001	0.001	0.997
0.997	0.001	0.001	0.001
0.934	0.001	0.064	0.001
0.001	0.001	0.001	0.997
0.064	0.934	0.001	0.001
0.997	0.001	0.001	0.001
>GGCCTCACGTGA	17-GGCCTCACGTGA	13.528035	-40.173477	0	T:20.0(0.51%),B:23.6(0.03%),P:1e-17	Tpos:95.5,Tstd:18.7,Bpos:105.6,Bstd:35.0,StrandBias:0.6,Multiplicity:1.00
0.001	0.001	0.997	0.001
0.001	0.001	0.997	0.001
0.001	0.878	0.053	0.068
0.001	0.931	0.001	0.067
0.001	0.001	0.001	0.997
0.001	0.997	0.001	0.001
0.997	0.001	0.001	0.001
0.001	0.997	0.001	0.001
0.001	0.001	0.931	0.067
0.001	0.001	0.001	0.997
0.001	0.001	0.997	0.001
0.997	0.001	0.001	0.001
>TRTGGTAAAGSA	18-TRTGGTAAAGSA	9.970478	-40.031880	0	T:37.0(0.94%),B:113.0(0.15%),P:1e-17	Tpos:99.4,Tstd:50.5,Bpos:103.5,Bstd:61.8,StrandBias:0.8,Multiplicity:1.32
0.017	0.259	0.183	0.541
0.504	0.108	0.365	0.023
0.191	0.165	0.061	0.583
0.205	0.014	0.763	0.018
0.034	0.038	0.745	0.183
0.029	0.249	0.041	0.681
0.652	0.190	0.155	0.003
0.766	0.025	0.018	0.191
0.584	0.126	0.023	0.267
0.391	0.019	0.570	0.020
0.028	0.479	0.476	0.016
0.769	0.014	0.190	0.027
>CGGTCTATTCCG	19-CGGTCTATTCCG	10.624319	-39.890679	0	T:49.0(1.25%),B:205.0(0.27%),P:1e-17	Tpos:96.3,Tstd:53.3,Bpos:99.6,Bstd:63.1,StrandBias:0.0,Multiplicity:1.38
0.001	0.792	0.002	0.205
0.104	0.001	0.894	0.001
0.198	0.001	0.799	0.002
0.096	0.001	0.193	0.710
0.001	0.997	0.001	0.001
0.001	0.097	0.001	0.901
0.997	0.001	0.001	0.001
0.001	0.001	0.193	0.805
0.001	0.001	0.193	0.805
0.001	0.598	0.196	0.205
0.001	0.705	0.099	0.195
0.005	0.099	0.895	0.001
>TTACTCAATGAC	20-TTACTCAATGAC	13.140286	-37.160744	0	T:20.0(0.51%),B:27.1(0.04%),P:1e-16	Tpos:114.1,Tstd:65.1,Bpos:80.0,Bstd:60.1,StrandBias:-0.3,Multiplicity:1.00
0.001	0.001	0.001	0.997
0.001	0.001	0.001	0.997
0.997	0.001	0.001	0.001
0.001	0.699	0.299	0.001
0.091	0.001	0.001	0.907
0.001	0.997	0.001	0.001
0.997	0.001	0.001	0.001
0.997	0.001	0.001	0.001
0.001	0.299	0.001	0.699
0.001	0.001	0.997	0.001
0.699	0.001	0.001	0.299
0.001	0.997	0.001	0.001
>CCTAACGTCAGC	21-CCTAACGTCAGC	12.355432	-37.020748	0	T:15.0(0.38%),B:11.7(0.02%),P:1e-16	Tpos:90.8,Tstd:76.8,Bpos:132.5,Bstd:86.6,StrandBias:-0.2,Multiplicity:1.00
0.100	0.700	0.100	0.100
0.100	0.700	0.100	0.100
0.100	0.100	0.100	0.700
0.700	0.100	0.100	0.100
0.700	0.100	0.100	0.100
0.100	0.700	0.100	0.100
0.100	0.100	0.700	0.100
0.100	0.100	0.100	0.700
0.100	0.700	0.100	0.100
0.700	0.100	0.100	0.100
0.100	0.100	0.700	0.100
0.100	0.700	0.100	0.100
>AAGCATCGACAT	22-AAGCATCGACAT	12.355432	-33.960121	0	T:10.0(0.25%),B:3.5(0.00%),P:1e-14	Tpos:88.3,Tstd:32.8,Bpos:83.1,Bstd:24.3,StrandBias:1.2,Multiplicity:1.00
0.700	0.100	0.100	0.100
0.700	0.100	0.100	0.100
0.100	0.100	0.700	0.100
0.100	0.700	0.100	0.100
0.700	0.100	0.100	0.100
0.100	0.100	0.100	0.700
0.100	0.700	0.100	0.100
0.100	0.100	0.700	0.100
0.700	0.100	0.100	0.100
0.100	0.700	0.100	0.100
0.700	0.100	0.100	0.100
0.100	0.100	0.100	0.700
>TCTGATTGGCTG	23-TCTGATTGGCTG	9.569690	-32.907226	0	T:215.0(5.47%),B:2372.3(3.10%),P:1e-14	Tpos:98.6,Tstd:46.5,Bpos:99.7,Bstd:55.3,StrandBias:-0.1,Multiplicity:1.36
0.293	0.096	0.145	0.466
0.006	0.525	0.232	0.237
0.001	0.001	0.001	0.997
0.050	0.126	0.823	0.001
0.856	0.001	0.095	0.048
0.001	0.001	0.001	0.997
0.001	0.001	0.001	0.997
0.001	0.001	0.895	0.103
0.138	0.030	0.770	0.062
0.013	0.585	0.001	0.401
0.072	0.206	0.074	0.648
0.127	0.203	0.468	0.202
>GTACACACGTCT	24-GTACACACGTCT	10.457952	-25.673122	0	T:53.0(1.35%),B:343.4(0.45%),P:1e-11	Tpos:92.9,Tstd:47.0,Bpos:102.4,Bstd:54.0,StrandBias:0.2,Multiplicity:2.04
0.001	0.001	0.857	0.141
0.001	0.001	0.001	0.997
0.997	0.001	0.001	0.001
0.001	0.830	0.001	0.168
0.864	0.001	0.134	0.001
0.001	0.621	0.052	0.326
0.997	0.001	0.001	0.001
0.001	0.585	0.001	0.413
0.001	0.001	0.997	0.001
0.001	0.335	0.052	0.612
0.001	0.997	0.001	0.001
0.001	0.116	0.001	0.882
>GTCTGTCTGTCT	25-GTCTGTCTGTCT	16.269850	-16.727992	0	T:22.0(0.56%),B:105.0(0.14%),P:1e-7	Tpos:85.3,Tstd:48.3,Bpos:100.3,Bstd:71.8,StrandBias:-1.0,Multiplicity:1.45
0.001	0.001	0.997	0.001
0.001	0.007	0.013	0.979
0.005	0.932	0.041	0.022
0.006	0.036	0.001	0.957
0.009	0.001	0.989	0.001
0.001	0.007	0.001	0.991
0.019	0.929	0.051	0.001
0.001	0.012	0.001	0.986
0.003	0.001	0.995	0.001
0.017	0.043	0.007	0.933
0.007	0.959	0.033	0.001
0.001	0.001	0.001	0.997
