>AAAAATTT	1-AAAAATTT	5.974584	-96.218765	0	T:875.0(58.33%),B:28756.3(40.82%),P:1e-41	Tpos:99.3,Tstd:56.6,Bpos:99.8,Bstd:129.0,StrandBias:-0.0,Multiplicity:1.62
0.462	0.284	0.001	0.252
0.896	0.102	0.001	0.001
0.997	0.001	0.001	0.001
0.997	0.001	0.001	0.001
0.855	0.080	0.064	0.001
0.180	0.045	0.001	0.774
0.108	0.031	0.074	0.787
0.117	0.001	0.246	0.636
>AATTTCWG	2-AATTTCWG	5.336074	-75.220967	0	T:801.0(53.40%),B:26826.2(38.08%),P:1e-32	Tpos:100.3,Tstd:56.0,Bpos:100.3,Bstd:106.8,StrandBias:-0.0,Multiplicity:1.22
0.743	0.115	0.032	0.110
0.556	0.023	0.189	0.232
0.129	0.093	0.104	0.674
0.131	0.186	0.001	0.682
0.001	0.020	0.058	0.921
0.217	0.400	0.217	0.165
0.332	0.025	0.163	0.480
0.037	0.245	0.684	0.034
>AAAATTYG	3-AAAATTYG	5.606352	-60.195972	0	T:815.0(54.33%),B:28614.9(40.62%),P:1e-26	Tpos:99.4,Tstd:56.8,Bpos:98.8,Bstd:107.9,StrandBias:-0.0,Multiplicity:1.24
0.832	0.001	0.166	0.001
0.997	0.001	0.001	0.001
0.841	0.052	0.033	0.074
0.628	0.045	0.002	0.325
0.002	0.093	0.176	0.729
0.001	0.128	0.094	0.777
0.193	0.303	0.149	0.355
0.098	0.144	0.714	0.044
>TTATTTTT	4-TTATTTTT	6.342520	-52.175236	0	T:659.0(43.93%),B:22320.3(31.69%),P:1e-22	Tpos:102.5,Tstd:56.8,Bpos:101.6,Bstd:121.5,StrandBias:-0.1,Multiplicity:1.36
0.001	0.001	0.032	0.966
0.001	0.017	0.085	0.897
0.862	0.001	0.001	0.136
0.033	0.021	0.029	0.917
0.001	0.001	0.001	0.997
0.169	0.001	0.001	0.829
0.147	0.028	0.065	0.760
0.063	0.030	0.027	0.880
>ACGATTTT	5-ACGATTTT	5.460462	-43.879197	0	T:444.0(29.60%),B:13942.8(19.79%),P:1e-19	Tpos:100.0,Tstd:53.7,Bpos:100.5,Bstd:97.5,StrandBias:-0.1,Multiplicity:1.12
0.540	0.014	0.238	0.208
0.141	0.571	0.160	0.128
0.001	0.013	0.738	0.248
0.660	0.001	0.001	0.338
0.282	0.244	0.001	0.473
0.164	0.053	0.196	0.587
0.148	0.014	0.032	0.806
0.188	0.024	0.172	0.616
>GGGGGGGG	6-GGGGGGGG	8.065935	-41.130265	0	T:61.0(4.07%),B:733.2(1.04%),P:1e-17	Tpos:104.8,Tstd:50.0,Bpos:98.0,Bstd:57.5,StrandBias:-0.1,Multiplicity:1.27
0.108	0.012	0.847	0.033
0.044	0.010	0.945	0.001
0.068	0.001	0.930	0.001
0.080	0.001	0.918	0.001
0.095	0.001	0.903	0.001
0.071	0.001	0.927	0.001
0.019	0.001	0.960	0.020
0.029	0.013	0.841	0.117
>CTCAKTTT	7-CTCAKTTT	5.548392	-36.168361	0	T:444.0(29.60%),B:14559.4(20.67%),P:1e-15	Tpos:98.9,Tstd:56.4,Bpos:100.0,Bstd:99.7,StrandBias:-0.1,Multiplicity:1.08
0.039	0.855	0.105	0.001
0.001	0.001	0.129	0.869
0.001	0.585	0.001	0.413
0.997	0.001	0.001	0.001
0.001	0.001	0.449	0.549
0.089	0.001	0.001	0.909
0.001	0.001	0.001	0.997
0.001	0.001	0.001	0.997
>ATATATAT	8-ATATATAT	8.236954	-35.832510	0	T:54.0(3.60%),B:661.2(0.94%),P:1e-15	Tpos:114.7,Tstd:65.0,Bpos:104.4,Bstd:122.1,StrandBias:0.0,Multiplicity:1.20
0.700	0.100	0.100	0.100
0.100	0.100	0.100	0.700
0.700	0.100	0.100	0.100
0.100	0.100	0.100	0.700
0.700	0.100	0.100	0.100
0.100	0.100	0.100	0.700
0.700	0.100	0.100	0.100
0.100	0.100	0.100	0.700
>CATCGMGC	9-CATCGMGC	6.328060	-25.419479	0	T:165.0(11.00%),B:4466.7(6.34%),P:1e-11	Tpos:98.7,Tstd:53.1,Bpos:99.1,Bstd:75.0,StrandBias:-0.5,Multiplicity:1.06
0.001	0.863	0.135	0.001
0.771	0.001	0.006	0.222
0.103	0.001	0.007	0.889
0.127	0.823	0.049	0.001
0.114	0.238	0.422	0.227
0.296	0.433	0.033	0.238
0.188	0.295	0.516	0.001
0.001	0.950	0.048	0.001
>ATCGTAKA	10-ATCGTAKA	5.810683	-24.729533	0	T:108.0(7.20%),B:2524.4(3.58%),P:1e-10	Tpos:95.2,Tstd:59.5,Bpos:100.3,Bstd:86.3,StrandBias:0.3,Multiplicity:1.02
0.887	0.001	0.001	0.111
0.001	0.001	0.001	0.997
0.001	0.997	0.001	0.001
0.001	0.001	0.997	0.001
0.389	0.001	0.011	0.599
0.997	0.001	0.001	0.001
0.001	0.001	0.468	0.530
0.997	0.001	0.001	0.001
>ACTTTACT	11-ACTTTACT	8.041924	-14.542170	0	T:101.0(6.73%),B:2818.7(4.00%),P:1e-6	Tpos:80.3,Tstd:54.5,Bpos:96.1,Bstd:88.9,StrandBias:0.4,Multiplicity:1.17
0.912	0.086	0.001	0.001
0.001	0.997	0.001	0.001
0.148	0.084	0.001	0.767
0.001	0.105	0.001	0.893
0.001	0.001	0.001	0.997
0.815	0.183	0.001	0.001
0.001	0.997	0.001	0.001
0.001	0.001	0.001	0.997
>ACCCCGCT	12-ACCCCGCT	7.673711	-13.841113	0	T:39.0(2.60%),B:762.6(1.08%),P:1e-6	Tpos:92.4,Tstd:57.8,Bpos:98.7,Bstd:69.8,StrandBias:0.1,Multiplicity:1.00
0.922	0.076	0.001	0.001
0.001	0.897	0.001	0.101
0.001	0.892	0.106	0.001
0.001	0.997	0.001	0.001
0.001	0.997	0.001	0.001
0.001	0.120	0.878	0.001
0.417	0.581	0.001	0.001
0.171	0.001	0.186	0.642
>GTTGCTGT	13-GTTGCTGT	6.905502	-11.768639	0	T:171.0(11.40%),B:5745.8(8.16%),P:1e-5	Tpos:101.1,Tstd:58.8,Bpos:99.6,Bstd:75.6,StrandBias:0.5,Multiplicity:1.10
0.189	0.001	0.809	0.001
0.001	0.161	0.001	0.837
0.120	0.159	0.001	0.720
0.001	0.020	0.978	0.001
0.001	0.920	0.001	0.078
0.182	0.001	0.106	0.711
0.001	0.001	0.997	0.001
0.001	0.049	0.001	0.949
>KAGAKAGA	14-KAGAKAGA	5.551536	-9.688992	0	T:512.0(34.13%),B:20794.6(29.52%),P:1e-4	Tpos:97.1,Tstd:54.8,Bpos:98.9,Bstd:105.7,StrandBias:0.2,Multiplicity:1.47
0.001	0.142	0.473	0.384
0.997	0.001	0.001	0.001
0.001	0.097	0.529	0.373
0.997	0.001	0.001	0.001
0.001	0.142	0.473	0.384
0.997	0.001	0.001	0.001
0.001	0.097	0.529	0.373
0.997	0.001	0.001	0.001
>ATACATAC	15-ATACATAC	8.236954	-5.291759	0	T:37.0(2.47%),B:1095.6(1.56%),P:1e-2	Tpos:117.3,Tstd:53.8,Bpos:97.4,Bstd:130.7,StrandBias:0.9,Multiplicity:9.62
0.700	0.100	0.100	0.100
0.100	0.100	0.100	0.700
0.700	0.100	0.100	0.100
0.100	0.700	0.100	0.100
0.700	0.100	0.100	0.100
0.100	0.100	0.100	0.700
0.700	0.100	0.100	0.100
0.100	0.700	0.100	0.100
>GTGTGTGT	16-GTGTGTGT	8.932252	-4.104722	0	T:45.0(3.00%),B:1504.3(2.14%),P:1e-1	Tpos:89.9,Tstd:61.5,Bpos:99.4,Bstd:62.1,StrandBias:0.6,Multiplicity:1.18
0.001	0.001	0.997	0.001
0.001	0.001	0.001	0.997
0.001	0.001	0.997	0.001
0.001	0.001	0.001	0.997
0.001	0.001	0.997	0.001
0.001	0.001	0.001	0.997
0.001	0.001	0.997	0.001
0.001	0.118	0.001	0.880
>GATGATGA	17-GATGATGA	6.291044	-4.077534	0	T:298.0(19.87%),B:12481.0(17.72%),P:1e-1	Tpos:106.2,Tstd:57.6,Bpos:97.5,Bstd:100.0,StrandBias:-0.5,Multiplicity:1.18
0.100	0.100	0.700	0.100
0.700	0.100	0.100	0.100
0.100	0.100	0.100	0.700
0.100	0.100	0.700	0.100
0.700	0.100	0.100	0.100
0.100	0.100	0.100	0.700
0.100	0.100	0.700	0.100
0.700	0.100	0.100	0.100
>ATCCATCC	18-ATCCATCC	8.236954	-3.153247	0	T:9.0(0.60%),B:214.5(0.30%),P:1e-1	Tpos:112.2,Tstd:50.0,Bpos:99.2,Bstd:72.1,StrandBias:2.6,Multiplicity:4.67
0.700	0.100	0.100	0.100
0.100	0.100	0.100	0.700
0.100	0.700	0.100	0.100
0.100	0.700	0.100	0.100
0.700	0.100	0.100	0.100
0.100	0.100	0.100	0.700
0.100	0.700	0.100	0.100
0.100	0.700	0.100	0.100
