>CTCAAATTTT	1-CTCAAATTTT	4.854715	-82.179002	0	T:822.0(54.80%),B:27282.9(38.73%),P:1e-35	Tpos:101.4,Tstd:56.6,Bpos:100.6,Bstd:105.7,StrandBias:0.0,Multiplicity:1.36
0.120	0.686	0.104	0.090
0.120	0.110	0.107	0.663
0.137	0.653	0.105	0.105
0.733	0.088	0.099	0.080
0.695	0.089	0.107	0.109
0.723	0.078	0.100	0.099
0.118	0.094	0.101	0.687
0.095	0.072	0.073	0.760
0.087	0.112	0.076	0.725
0.097	0.101	0.127	0.675
>TTWWWWWTTT	2-TTWWWWWTTT	5.661109	-81.424544	0	T:680.0(45.33%),B:21115.0(29.98%),P:1e-35	Tpos:101.2,Tstd:56.1,Bpos:99.1,Bstd:138.5,StrandBias:-0.0,Multiplicity:1.48
0.198	0.180	0.060	0.562
0.055	0.312	0.168	0.466
0.309	0.187	0.143	0.360
0.371	0.214	0.142	0.273
0.523	0.035	0.051	0.391
0.419	0.104	0.164	0.313
0.503	0.021	0.040	0.436
0.295	0.041	0.036	0.628
0.054	0.038	0.035	0.873
0.193	0.051	0.177	0.579
>AYGAATTTTG	3-AYGAATTTTG	6.275010	-75.895285	0	T:586.0(39.07%),B:17546.4(24.91%),P:1e-32	Tpos:101.3,Tstd:56.8,Bpos:98.2,Bstd:107.3,StrandBias:0.1,Multiplicity:1.16
0.622	0.245	0.001	0.132
0.205	0.385	0.164	0.246
0.001	0.182	0.556	0.261
0.679	0.136	0.184	0.001
0.791	0.001	0.078	0.130
0.144	0.001	0.135	0.720
0.001	0.176	0.015	0.808
0.001	0.001	0.001	0.997
0.001	0.071	0.035	0.893
0.179	0.151	0.463	0.207
>MVAAAAATAT	4-MVAAAAATAT	6.864797	-73.440389	0	T:539.0(35.93%),B:15793.1(22.42%),P:1e-31	Tpos:91.0,Tstd:55.7,Bpos:101.7,Bstd:116.8,StrandBias:-0.1,Multiplicity:1.16
0.319	0.466	0.009	0.205
0.286	0.317	0.390	0.007
0.508	0.114	0.124	0.254
0.506	0.072	0.208	0.214
0.997	0.001	0.001	0.001
0.630	0.011	0.010	0.349
0.960	0.001	0.015	0.024
0.313	0.022	0.011	0.654
0.527	0.212	0.260	0.001
0.031	0.051	0.006	0.912
>ATATATATAT	5-ATATATATAT	10.296193	-71.988534	0	T:36.0(2.40%),B:97.3(0.14%),P:1e-31	Tpos:116.0,Tstd:64.9,Bpos:100.2,Bstd:142.0,StrandBias:0.0,Multiplicity:1.19
0.700	0.100	0.100	0.100
0.100	0.100	0.100	0.700
0.700	0.100	0.100	0.100
0.100	0.100	0.100	0.700
0.700	0.100	0.100	0.100
0.100	0.100	0.100	0.700
0.700	0.100	0.100	0.100
0.100	0.100	0.100	0.700
0.700	0.100	0.100	0.100
0.100	0.100	0.100	0.700
>KGGGGGGGGR	6-KGGGGGGGGR	6.759894	-46.344864	0	T:61.0(4.07%),B:656.5(0.93%),P:1e-20	Tpos:103.0,Tstd:49.9,Bpos:97.6,Bstd:56.9,StrandBias:-0.1,Multiplicity:1.16
0.158	0.061	0.427	0.353
0.147	0.052	0.573	0.228
0.117	0.072	0.638	0.173
0.225	0.045	0.672	0.058
0.228	0.100	0.597	0.075
0.284	0.043	0.654	0.019
0.209	0.001	0.716	0.074
0.088	0.076	0.753	0.083
0.162	0.092	0.513	0.233
0.230	0.221	0.374	0.175
>CAGTAATTCG	7-CAGTAATTCG	9.243929	-35.706304	0	T:31.0(2.07%),B:214.2(0.30%),P:1e-15	Tpos:106.6,Tstd:63.4,Bpos:100.6,Bstd:69.1,StrandBias:-0.7,Multiplicity:1.00
0.001	0.997	0.001	0.001
0.832	0.166	0.001	0.001
0.017	0.001	0.981	0.001
0.131	0.001	0.001	0.867
0.934	0.001	0.064	0.001
0.635	0.082	0.146	0.137
0.001	0.001	0.097	0.901
0.120	0.001	0.001	0.878
0.001	0.951	0.001	0.047
0.001	0.001	0.997	0.001
>WTCDTCWTCW	8-WTCDTCWTCW	5.788245	-32.386109	0	T:222.0(14.80%),B:6125.7(8.70%),P:1e-14	Tpos:109.1,Tstd:54.6,Bpos:100.4,Bstd:87.1,StrandBias:0.3,Multiplicity:1.11
0.387	0.176	0.043	0.394
0.175	0.234	0.051	0.540
0.035	0.878	0.039	0.048
0.262	0.042	0.284	0.412
0.063	0.050	0.179	0.708
0.055	0.527	0.246	0.172
0.378	0.146	0.173	0.303
0.260	0.197	0.060	0.483
0.127	0.521	0.134	0.218
0.476	0.063	0.060	0.400
>GGCCCATRTA	9-GGCCCATRTA	10.425596	-28.587684	0	T:15.0(1.00%),B:48.8(0.07%),P:1e-12	Tpos:112.4,Tstd:62.2,Bpos:74.9,Bstd:61.6,StrandBias:-0.7,Multiplicity:1.00
0.001	0.001	0.775	0.223
0.001	0.047	0.823	0.129
0.112	0.886	0.001	0.001
0.001	0.943	0.055	0.001
0.001	0.695	0.216	0.088
0.885	0.057	0.001	0.057
0.019	0.001	0.001	0.979
0.547	0.052	0.400	0.001
0.081	0.061	0.076	0.782
0.814	0.111	0.002	0.073
>TTAAGGTAGA	10-TTAAGGTAGA	8.915860	-26.631200	0	T:41.0(2.73%),B:518.6(0.74%),P:1e-11	Tpos:97.4,Tstd:50.3,Bpos:96.4,Bstd:85.8,StrandBias:0.1,Multiplicity:1.03
0.038	0.056	0.001	0.905
0.038	0.028	0.001	0.933
0.747	0.001	0.220	0.032
0.942	0.026	0.001	0.031
0.025	0.049	0.925	0.001
0.001	0.001	0.952	0.046
0.063	0.047	0.001	0.889
0.946	0.001	0.052	0.001
0.018	0.001	0.980	0.001
0.904	0.035	0.001	0.060
>TATTATTTTT	11-TATTATTTTT	9.893415	-20.777481	0	T:54.0(3.60%),B:987.4(1.40%),P:1e-9	Tpos:112.8,Tstd:53.0,Bpos:100.7,Bstd:119.8,StrandBias:1.0,Multiplicity:1.07
0.395	0.001	0.001	0.603
0.997	0.001	0.001	0.001
0.001	0.001	0.001	0.997
0.001	0.250	0.001	0.748
0.997	0.001	0.001	0.001
0.061	0.001	0.001	0.937
0.001	0.001	0.038	0.960
0.062	0.001	0.001	0.936
0.001	0.225	0.001	0.773
0.001	0.001	0.001	0.997
>TTAAAAATGT	12-TTAAAAATGT	9.116604	-19.938323	0	T:72.0(4.80%),B:1558.6(2.21%),P:1e-8	Tpos:83.8,Tstd:56.0,Bpos:96.5,Bstd:107.7,StrandBias:-0.2,Multiplicity:1.00
0.024	0.001	0.054	0.921
0.001	0.001	0.001	0.997
0.709	0.124	0.098	0.069
0.860	0.105	0.034	0.001
0.870	0.022	0.096	0.012
0.922	0.076	0.001	0.001
0.928	0.070	0.001	0.001
0.039	0.024	0.027	0.910
0.001	0.025	0.973	0.001
0.057	0.001	0.039	0.903
>TATCCGATMM	13-TATCCGATMM	9.143323	-18.574952	0	T:16.0(1.07%),B:116.3(0.17%),P:1e-8	Tpos:93.8,Tstd:64.9,Bpos:91.2,Bstd:70.0,StrandBias:0.3,Multiplicity:1.07
0.042	0.070	0.040	0.848
0.896	0.040	0.001	0.063
0.001	0.197	0.106	0.696
0.273	0.725	0.001	0.001
0.025	0.650	0.324	0.001
0.001	0.074	0.924	0.001
0.845	0.085	0.003	0.067
0.103	0.081	0.074	0.742
0.480	0.367	0.106	0.047
0.447	0.444	0.004	0.105
>TGTGTGTGTG	14-TGTGTGTGTG	8.054475	-17.224835	0	T:52.0(3.47%),B:1039.4(1.48%),P:1e-7	Tpos:90.7,Tstd:60.1,Bpos:102.8,Bstd:72.3,StrandBias:0.8,Multiplicity:1.18
0.001	0.001	0.001	0.997
0.039	0.168	0.792	0.001
0.001	0.001	0.001	0.997
0.001	0.001	0.997	0.001
0.001	0.001	0.001	0.997
0.001	0.084	0.866	0.049
0.001	0.001	0.001	0.997
0.001	0.079	0.919	0.001
0.001	0.001	0.001	0.997
0.001	0.001	0.997	0.001
>TCCAATAATC	15-TCCAATAATC	10.893474	-14.872529	0	T:16.0(1.07%),B:153.4(0.22%),P:1e-6	Tpos:116.4,Tstd:48.9,Bpos:105.8,Bstd:73.6,StrandBias:-1.1,Multiplicity:1.07
0.001	0.001	0.001	0.997
0.001	0.997	0.001	0.001
0.001	0.997	0.001	0.001
0.997	0.001	0.001	0.001
0.997	0.001	0.001	0.001
0.001	0.001	0.249	0.749
0.852	0.001	0.001	0.146
0.773	0.001	0.001	0.225
0.001	0.001	0.364	0.634
0.001	0.997	0.001	0.001
>ACATACATAC	16-ACATACATAC	10.260351	-14.478978	0	T:22.0(1.47%),B:288.4(0.41%),P:1e-6	Tpos:117.3,Tstd:52.1,Bpos:94.7,Bstd:137.3,StrandBias:1.0,Multiplicity:1.41
0.997	0.001	0.001	0.001
0.001	0.997	0.001	0.001
0.997	0.001	0.001	0.001
0.001	0.001	0.001	0.997
0.997	0.001	0.001	0.001
0.001	0.997	0.001	0.001
0.997	0.001	0.001	0.001
0.001	0.001	0.028	0.970
0.997	0.001	0.001	0.001
0.001	0.997	0.001	0.001
>CTSTCTRTCT	17-CTSTCTRTCT	9.796083	-13.623415	0	T:34.0(2.27%),B:623.1(0.88%),P:1e-5	Tpos:98.8,Tstd:54.3,Bpos:93.3,Bstd:88.4,StrandBias:-0.5,Multiplicity:1.56
0.070	0.831	0.092	0.007
0.006	0.022	0.024	0.948
0.169	0.355	0.469	0.007
0.020	0.067	0.023	0.890
0.030	0.902	0.067	0.001
0.020	0.038	0.043	0.899
0.417	0.109	0.473	0.001
0.030	0.046	0.038	0.886
0.006	0.969	0.005	0.020
0.016	0.038	0.039	0.907
>TAAGGTAAAG	18-TAAGGTAAAG	11.221592	-12.483037	0	T:13.0(0.87%),B:123.5(0.18%),P:1e-5	Tpos:61.3,Tstd:36.4,Bpos:82.3,Bstd:77.1,StrandBias:-1.4,Multiplicity:2.00
0.001	0.001	0.001	0.997
0.806	0.192	0.001	0.001
0.997	0.001	0.001	0.001
0.188	0.001	0.810	0.001
0.001	0.001	0.997	0.001
0.001	0.001	0.001	0.997
0.692	0.001	0.306	0.001
0.997	0.001	0.001	0.001
0.692	0.306	0.001	0.001
0.001	0.001	0.997	0.001
>GGGTGGGCAT	19-GGGTGGGCAT	8.489341	-12.477140	0	T:8.0(0.53%),B:41.2(0.06%),P:1e-5	Tpos:117.8,Tstd:53.3,Bpos:123.6,Bstd:51.8,StrandBias:1.0,Multiplicity:1.50
0.001	0.001	0.997	0.001
0.001	0.001	0.997	0.001
0.099	0.001	0.899	0.001
0.001	0.001	0.201	0.797
0.001	0.238	0.760	0.001
0.001	0.001	0.997	0.001
0.001	0.001	0.997	0.001
0.001	0.997	0.001	0.001
0.997	0.001	0.001	0.001
0.001	0.001	0.001	0.997
>CAAACCTGAC	20-CAAACCTGAC	10.128681	-12.133395	0	T:8.0(0.53%),B:43.7(0.06%),P:1e-5	Tpos:96.4,Tstd:54.9,Bpos:100.6,Bstd:44.6,StrandBias:1.3,Multiplicity:1.75
0.001	0.997	0.001	0.001
0.732	0.266	0.001	0.001
0.997	0.001	0.001	0.001
0.997	0.001	0.001	0.001
0.001	0.997	0.001	0.001
0.001	0.997	0.001	0.001
0.001	0.001	0.092	0.906
0.001	0.001	0.997	0.001
0.997	0.001	0.001	0.001
0.001	0.997	0.001	0.001
>TTGTAGTTGT	21-TTGTAGTTGT	10.489161	-9.935692	0	T:26.0(1.73%),B:502.2(0.71%),P:1e-4	Tpos:84.2,Tstd:59.7,Bpos:99.5,Bstd:72.8,StrandBias:-0.2,Multiplicity:1.00
0.001	0.001	0.157	0.841
0.001	0.048	0.001	0.950
0.183	0.001	0.815	0.001
0.001	0.116	0.204	0.679
0.801	0.001	0.001	0.197
0.001	0.001	0.997	0.001
0.001	0.001	0.001	0.997
0.199	0.001	0.001	0.799
0.134	0.001	0.864	0.001
0.046	0.044	0.001	0.909
>GATGATGATG	22-GATGATGATG	13.715205	-9.746039	0	T:11.0(0.73%),B:117.9(0.17%),P:1e-4	Tpos:110.2,Tstd:58.9,Bpos:85.1,Bstd:145.0,StrandBias:-1.4,Multiplicity:1.55
0.001	0.001	0.997	0.001
0.997	0.001	0.001	0.001
0.001	0.001	0.001	0.997
0.001	0.001	0.997	0.001
0.954	0.001	0.044	0.001
0.001	0.001	0.001	0.997
0.001	0.001	0.997	0.001
0.968	0.001	0.030	0.001
0.001	0.001	0.001	0.997
0.044	0.001	0.954	0.001
>GGTAGSCAGG	23-GGTAGSCAGG	7.623841	-8.710873	0	T:35.0(2.33%),B:831.3(1.18%),P:1e-3	Tpos:98.8,Tstd:44.9,Bpos:99.5,Bstd:62.1,StrandBias:0.1,Multiplicity:1.17
0.001	0.075	0.923	0.001
0.001	0.280	0.718	0.001
0.211	0.001	0.001	0.787
0.832	0.001	0.054	0.113
0.001	0.111	0.857	0.031
0.001	0.475	0.415	0.109
0.001	0.643	0.001	0.355
0.921	0.001	0.077	0.001
0.092	0.001	0.813	0.094
0.100	0.001	0.864	0.035
>CCATCCATCC	24-CCATCCATCC	10.591708	-6.424720	0	T:4.0(0.27%),B:23.9(0.03%),P:1e-2	Tpos:122.2,Tstd:46.4,Bpos:116.7,Bstd:76.2,StrandBias:3.9,Multiplicity:2.50
0.001	0.997	0.001	0.001
0.001	0.959	0.039	0.001
0.997	0.001	0.001	0.001
0.001	0.001	0.001	0.997
0.001	0.997	0.001	0.001
0.001	0.997	0.001	0.001
0.997	0.001	0.001	0.001
0.001	0.001	0.001	0.997
0.001	0.997	0.001	0.001
0.001	0.997	0.001	0.001
>GCCTTCCAAA	25-GCCTTCCAAA	10.296193	-3.444628	0	T:2.0(0.13%),B:13.4(0.02%),P:1e-1	Tpos:108.7,Tstd:57.4,Bpos:103.5,Bstd:55.9,StrandBias:-2.3,Multiplicity:3.00
0.100	0.100	0.700	0.100
0.100	0.700	0.100	0.100
0.100	0.700	0.100	0.100
0.100	0.100	0.100	0.700
0.100	0.100	0.100	0.700
0.100	0.700	0.100	0.100
0.100	0.700	0.100	0.100
0.700	0.100	0.100	0.100
0.700	0.100	0.100	0.100
0.700	0.100	0.100	0.100
>TATATATATATA	1-TATATATATATA	11.805840	-77.387846	0	T:32.0(2.13%),B:56.3(0.08%),P:1e-33	Tpos:117.4,Tstd:64.7,Bpos:101.2,Bstd:146.3,StrandBias:0.0,Multiplicity:1.12
0.037	0.198	0.182	0.583
0.885	0.032	0.032	0.051
0.041	0.189	0.173	0.597
0.898	0.028	0.024	0.050
0.023	0.188	0.190	0.599
0.913	0.029	0.016	0.042
0.024	0.177	0.177	0.622
0.902	0.026	0.019	0.053
0.019	0.182	0.171	0.628
0.896	0.041	0.023	0.040
0.042	0.187	0.171	0.600
0.879	0.045	0.034	0.042
>WTTTTWWTTTTT	2-WTTTTWWTTTTT	6.072147	-73.073853	0	T:506.0(33.73%),B:14503.6(20.59%),P:1e-31	Tpos:103.4,Tstd:56.6,Bpos:98.0,Bstd:145.8,StrandBias:0.2,Multiplicity:1.33
0.350	0.066	0.142	0.441
0.234	0.093	0.102	0.571
0.234	0.105	0.096	0.565
0.206	0.147	0.121	0.526
0.294	0.112	0.119	0.475
0.335	0.119	0.118	0.428
0.456	0.102	0.095	0.347
0.305	0.110	0.062	0.523
0.271	0.073	0.051	0.605
0.204	0.053	0.029	0.714
0.154	0.099	0.111	0.636
0.241	0.147	0.159	0.454
>TCAAAAATTTTG	3-TCAAAAATTTTG	6.222106	-72.307951	0	T:528.0(35.20%),B:15421.4(21.89%),P:1e-31	Tpos:93.9,Tstd:55.3,Bpos:100.7,Bstd:120.6,StrandBias:-0.1,Multiplicity:1.21
0.141	0.119	0.125	0.615
0.156	0.536	0.191	0.117
0.594	0.116	0.129	0.161
0.611	0.127	0.112	0.150
0.784	0.095	0.109	0.012
0.721	0.117	0.077	0.085
0.748	0.028	0.035	0.189
0.155	0.121	0.103	0.621
0.119	0.080	0.079	0.722
0.086	0.007	0.101	0.806
0.072	0.099	0.107	0.722
0.154	0.171	0.521	0.154
>TTTCCTGAAATT	4-TTTCCTGAAATT	7.717804	-65.728980	0	T:262.0(17.47%),B:5920.1(8.40%),P:1e-28	Tpos:106.8,Tstd:54.6,Bpos:99.0,Bstd:110.4,StrandBias:0.2,Multiplicity:1.07
0.036	0.001	0.068	0.895
0.079	0.059	0.034	0.828
0.001	0.001	0.033	0.965
0.085	0.566	0.212	0.137
0.266	0.444	0.138	0.152
0.171	0.001	0.121	0.707
0.183	0.231	0.585	0.001
0.903	0.095	0.001	0.001
0.823	0.034	0.109	0.034
0.867	0.001	0.001	0.131
0.129	0.035	0.001	0.835
0.171	0.001	0.034	0.794
>GTCCGAATATCT	5-GTCCGAATATCT	12.253432	-41.524301	0	T:14.0(0.93%),B:15.1(0.02%),P:1e-18	Tpos:94.7,Tstd:56.5,Bpos:129.0,Bstd:51.5,StrandBias:0.4,Multiplicity:1.00
0.001	0.001	0.997	0.001
0.001	0.001	0.001	0.997
0.001	0.813	0.093	0.093
0.204	0.608	0.094	0.094
0.001	0.093	0.905	0.001
0.997	0.001	0.001	0.001
0.905	0.001	0.001	0.093
0.001	0.001	0.001	0.997
0.997	0.001	0.001	0.001
0.093	0.001	0.001	0.905
0.001	0.905	0.001	0.093
0.001	0.001	0.001	0.997
>GGGGGGGGGGGG	6-GGGGGGGGGGGG	7.193782	-31.625889	0	T:49.0(3.27%),B:617.1(0.88%),P:1e-13	Tpos:97.8,Tstd:47.7,Bpos:97.3,Bstd:55.0,StrandBias:0.2,Multiplicity:1.06
0.112	0.089	0.637	0.162
0.101	0.070	0.686	0.143
0.120	0.092	0.656	0.132
0.134	0.111	0.637	0.118
0.144	0.109	0.664	0.083
0.137	0.076	0.720	0.067
0.144	0.069	0.697	0.090
0.132	0.058	0.701	0.109
0.124	0.057	0.705	0.114
0.123	0.091	0.684	0.102
0.164	0.097	0.618	0.121
0.123	0.147	0.596	0.134
>GTGACCCCCCCC	7-GTGACCCCCCCC	11.199365	-31.433688	0	T:18.0(1.20%),B:67.2(0.10%),P:1e-13	Tpos:98.2,Tstd:46.8,Bpos:96.9,Bstd:56.9,StrandBias:0.2,Multiplicity:1.50
0.149	0.178	0.672	0.001
0.001	0.001	0.001	0.997
0.163	0.001	0.835	0.001
0.835	0.001	0.001	0.163
0.001	0.997	0.001	0.001
0.001	0.997	0.001	0.001
0.001	0.824	0.001	0.174
0.001	0.697	0.001	0.301
0.001	0.997	0.001	0.001
0.001	0.835	0.001	0.163
0.001	0.670	0.001	0.328
0.001	0.656	0.164	0.179
>RAAYTAATTTTG	8-RAAYTAATTTTG	10.722731	-31.141790	0	T:34.0(2.27%),B:309.3(0.44%),P:1e-13	Tpos:108.0,Tstd:49.9,Bpos:98.9,Bstd:125.3,StrandBias:-0.1,Multiplicity:1.09
0.489	0.046	0.464	0.001
0.834	0.001	0.164	0.001
0.761	0.237	0.001	0.001
0.001	0.526	0.001	0.472
0.001	0.001	0.001	0.997
0.997	0.001	0.001	0.001
0.752	0.001	0.246	0.001
0.001	0.001	0.001	0.997
0.001	0.001	0.001	0.997
0.061	0.049	0.137	0.753
0.092	0.001	0.278	0.629
0.124	0.001	0.617	0.258
>ACAAGATATGGG	9-ACAAGATATGGG	13.237994	-28.906605	0	T:9.0(0.60%),B:8.1(0.01%),P:1e-12	Tpos:84.3,Tstd:53.5,Bpos:52.4,Bstd:23.5,StrandBias:-1.0,Multiplicity:1.00
0.997	0.001	0.001	0.001
0.001	0.997	0.001	0.001
0.829	0.169	0.001	0.001
0.997	0.001	0.001	0.001
0.001	0.001	0.794	0.204
0.997	0.001	0.001	0.001
0.001	0.001	0.001	0.997
0.997	0.001	0.001	0.001
0.001	0.001	0.001	0.997
0.001	0.001	0.997	0.001
0.001	0.001	0.997	0.001
0.001	0.001	0.997	0.001
>ATTCTACCTTAA	10-ATTCTACCTTAA	12.879813	-27.064962	0	T:16.0(1.07%),B:64.1(0.09%),P:1e-11	Tpos:108.8,Tstd:52.2,Bpos:100.1,Bstd:105.4,StrandBias:0.0,Multiplicity:1.00
0.934	0.001	0.064	0.001
0.001	0.001	0.001	0.997
0.233	0.001	0.104	0.662
0.001	0.997	0.001	0.001
0.001	0.125	0.001	0.873
0.924	0.001	0.001	0.074
0.001	0.997	0.001	0.001
0.001	0.997	0.001	0.001
0.001	0.001	0.001	0.997
0.125	0.001	0.001	0.873
0.997	0.001	0.001	0.001
0.798	0.001	0.126	0.075
>GAAGTGGCAGGT	11-GAAGTGGCAGGT	13.727994	-24.932401	0	T:8.0(0.53%),B:8.9(0.01%),P:1e-10	Tpos:112.7,Tstd:49.6,Bpos:74.3,Bstd:34.0,StrandBias:1.2,Multiplicity:1.25
0.001	0.001	0.997	0.001
0.868	0.001	0.001	0.130
0.997	0.001	0.001	0.001
0.001	0.130	0.868	0.001
0.001	0.001	0.001	0.997
0.001	0.212	0.656	0.131
0.001	0.001	0.997	0.001
0.001	0.997	0.001	0.001
0.997	0.001	0.001	0.001
0.130	0.001	0.868	0.001
0.130	0.001	0.868	0.001
0.001	0.001	0.001	0.997
>GTCAAACCTGAC	12-GTCAAACCTGAC	10.393298	-23.658433	0	T:21.0(1.40%),B:154.4(0.22%),P:1e-10	Tpos:85.2,Tstd:53.8,Bpos:96.3,Bstd:62.2,StrandBias:0.8,Multiplicity:1.29
0.001	0.001	0.895	0.103
0.001	0.001	0.051	0.947
0.104	0.636	0.208	0.052
0.791	0.104	0.104	0.001
0.947	0.051	0.001	0.001
0.895	0.103	0.001	0.001
0.104	0.688	0.001	0.207
0.001	0.947	0.001	0.051
0.207	0.001	0.001	0.791
0.052	0.001	0.843	0.104
0.843	0.104	0.001	0.052
0.155	0.792	0.052	0.001
>TVTSTVTSTCTS	13-TVTSTVTSTCTS	9.413734	-23.588695	0	T:63.0(4.20%),B:1163.3(1.65%),P:1e-10	Tpos:101.6,Tstd:54.0,Bpos:94.6,Bstd:96.6,StrandBias:-0.5,Multiplicity:1.69
0.001	0.025	0.001	0.973
0.341	0.316	0.303	0.039
0.072	0.042	0.034	0.852
0.143	0.350	0.379	0.128
0.038	0.046	0.134	0.782
0.380	0.293	0.264	0.064
0.001	0.001	0.001	0.997
0.091	0.450	0.403	0.057
0.128	0.001	0.065	0.806
0.192	0.487	0.283	0.038
0.001	0.046	0.001	0.952
0.172	0.401	0.426	0.001
>GACTTTGGACGG	14-GACTTTGGACGG	11.827191	-23.184833	0	T:8.0(0.53%),B:10.6(0.01%),P:1e-10	Tpos:114.1,Tstd:54.1,Bpos:89.7,Bstd:39.8,StrandBias:0.0,Multiplicity:1.50
0.137	0.001	0.861	0.001
0.997	0.001	0.001	0.001
0.001	0.586	0.001	0.412
0.001	0.137	0.001	0.861
0.137	0.001	0.001	0.861
0.001	0.001	0.001	0.997
0.001	0.001	0.997	0.001
0.005	0.001	0.993	0.001
0.997	0.001	0.001	0.001
0.030	0.694	0.138	0.138
0.001	0.001	0.861	0.137
0.001	0.001	0.861	0.137
>ACTTTACTTCAC	15-ACTTTACTTCAC	9.383810	-23.139096	0	T:10.0(0.67%),B:22.2(0.03%),P:1e-10	Tpos:69.8,Tstd:48.5,Bpos:74.4,Bstd:65.4,StrandBias:2.2,Multiplicity:1.00
0.997	0.001	0.001	0.001
0.001	0.997	0.001	0.001
0.209	0.001	0.001	0.789
0.001	0.001	0.001	0.997
0.001	0.001	0.001	0.997
0.991	0.001	0.004	0.004
0.001	0.997	0.001	0.001
0.001	0.001	0.001	0.997
0.001	0.001	0.001	0.997
0.001	0.735	0.001	0.263
0.997	0.001	0.001	0.001
0.001	0.997	0.001	0.001
>CATCATCATCAT	16-CATCATCATCAT	13.463226	-22.734320	0	T:12.0(0.80%),B:40.2(0.06%),P:1e-9	Tpos:115.0,Tstd:59.1,Bpos:118.0,Bstd:92.6,StrandBias:1.4,Multiplicity:1.92
0.001	0.997	0.001	0.001
0.997	0.001	0.001	0.001
0.001	0.007	0.001	0.991
0.001	0.991	0.001	0.007
0.997	0.001	0.001	0.001
0.011	0.053	0.001	0.935
0.001	0.997	0.001	0.001
0.997	0.001	0.001	0.001
0.001	0.048	0.001	0.950
0.001	0.997	0.001	0.001
0.997	0.001	0.001	0.001
0.001	0.027	0.001	0.971
>ACACTTGTTTTT	17-ACACTTGTTTTT	12.355432	-18.600464	0	T:5.0(0.33%),B:3.3(0.00%),P:1e-8	Tpos:125.0,Tstd:33.8,Bpos:113.0,Bstd:42.1,StrandBias:0.6,Multiplicity:1.00
0.700	0.100	0.100	0.100
0.100	0.700	0.100	0.100
0.700	0.100	0.100	0.100
0.100	0.700	0.100	0.100
0.100	0.100	0.100	0.700
0.100	0.100	0.100	0.700
0.100	0.100	0.700	0.100
0.100	0.100	0.100	0.700
0.100	0.100	0.100	0.700
0.100	0.100	0.100	0.700
0.100	0.100	0.100	0.700
0.100	0.100	0.100	0.700
>TGTTGTTGTTGT	18-TGTTGTTGTTGT	12.914549	-13.281066	0	T:14.0(0.93%),B:133.9(0.19%),P:1e-5	Tpos:88.7,Tstd:62.9,Bpos:101.6,Bstd:58.9,StrandBias:0.1,Multiplicity:1.07
0.001	0.001	0.001	0.997
0.078	0.001	0.920	0.001
0.001	0.034	0.001	0.964
0.001	0.001	0.001	0.997
0.001	0.001	0.997	0.001
0.001	0.001	0.001	0.997
0.036	0.001	0.001	0.962
0.051	0.001	0.947	0.001
0.036	0.001	0.001	0.962
0.001	0.034	0.001	0.964
0.048	0.001	0.950	0.001
0.022	0.001	0.001	0.976
>ATCCATCCATCC	19-ATCCATCCATCC	12.614779	-12.226182	0	T:4.0(0.27%),B:5.5(0.01%),P:1e-5	Tpos:124.7,Tstd:48.3,Bpos:127.4,Bstd:28.6,StrandBias:3.7,Multiplicity:2.00
0.976	0.022	0.001	0.001
0.001	0.001	0.022	0.976
0.022	0.976	0.001	0.001
0.023	0.931	0.023	0.023
0.976	0.001	0.001	0.022
0.001	0.001	0.022	0.976
0.001	0.997	0.001	0.001
0.022	0.976	0.001	0.001
0.953	0.023	0.001	0.023
0.001	0.001	0.022	0.976
0.001	0.997	0.001	0.001
0.022	0.976	0.001	0.001
>TGCCTGTGTACA	20-TGCCTGTGTACA	12.355432	-10.093470	0	T:3.0(0.20%),B:3.7(0.01%),P:1e-4	Tpos:108.6,Tstd:53.4,Bpos:106.3,Bstd:29.7,StrandBias:-1.3,Multiplicity:2.33
0.100	0.100	0.100	0.700
0.100	0.100	0.700	0.100
0.100	0.700	0.100	0.100
0.100	0.700	0.100	0.100
0.100	0.100	0.100	0.700
0.100	0.100	0.700	0.100
0.100	0.100	0.100	0.700
0.100	0.100	0.700	0.100
0.100	0.100	0.100	0.700
0.700	0.100	0.100	0.100
0.100	0.700	0.100	0.100
0.700	0.100	0.100	0.100
>CTACCTACCTAC	21-CTACCTACCTAC	14.614707	-7.034361	0	T:2.0(0.13%),B:2.0(0.00%),P:1e-3	Tpos:72.1,Tstd:17.2,Bpos:93.5,Bstd:35.8,StrandBias:2.6,Multiplicity:1.50
0.001	0.997	0.001	0.001
0.001	0.001	0.001	0.997
0.997	0.001	0.001	0.001
0.001	0.997	0.001	0.001
0.001	0.997	0.001	0.001
0.001	0.001	0.001	0.997
0.997	0.001	0.001	0.001
0.001	0.861	0.001	0.137
0.001	0.997	0.001	0.001
0.001	0.001	0.001	0.997
0.997	0.001	0.001	0.001
0.001	0.997	0.001	0.001
>GGTCTCTGTTCA	22-GGTCTCTGTTCA	14.411648	-6.237546	0	T:2.0(0.13%),B:3.5(0.00%),P:1e-2	Tpos:98.5,Tstd:45.6,Bpos:105.5,Bstd:60.9,StrandBias:2.8,Multiplicity:4.00
0.001	0.001	0.997	0.001
0.001	0.001	0.997	0.001
0.001	0.001	0.001	0.997
0.001	0.871	0.001	0.127
0.001	0.001	0.001	0.997
0.128	0.743	0.001	0.128
0.001	0.001	0.001	0.997
0.001	0.001	0.997	0.001
0.001	0.001	0.001	0.997
0.001	0.001	0.001	0.997
0.001	0.997	0.001	0.001
0.997	0.001	0.001	0.001
>TGTGACAAGGTA	23-TGTGACAAGGTA	14.836390	-5.676272	0	T:2.0(0.13%),B:4.2(0.01%),P:1e-2	Tpos:119.7,Tstd:43.2,Bpos:100.9,Bstd:34.4,StrandBias:2.3,Multiplicity:3.00
0.001	0.001	0.001	0.997
0.001	0.001	0.997	0.001
0.001	0.001	0.001	0.997
0.001	0.001	0.827	0.171
0.997	0.001	0.001	0.001
0.001	0.997	0.001	0.001
0.997	0.001	0.001	0.001
0.997	0.001	0.001	0.001
0.001	0.001	0.997	0.001
0.001	0.001	0.997	0.001
0.001	0.001	0.001	0.997
0.997	0.001	0.001	0.001
>GTGTGGAGGGGC	24-GTGTGGAGGGGC	12.355432	-3.859890	0	T:1.0(0.07%),B:0.6(0.00%),P:1e-1	Tpos:93.0,Tstd:53.7,Bpos:84.2,Bstd:33.3,StrandBias:10.0,Multiplicity:5.00
0.100	0.100	0.700	0.100
0.100	0.100	0.100	0.700
0.100	0.100	0.700	0.100
0.100	0.100	0.100	0.700
0.100	0.100	0.700	0.100
0.100	0.100	0.700	0.100
0.700	0.100	0.100	0.100
0.100	0.100	0.700	0.100
0.100	0.100	0.700	0.100
0.100	0.100	0.700	0.100
0.100	0.100	0.700	0.100
0.100	0.700	0.100	0.100
>ACTCCAGGCACC	25-ACTCCAGGCACC	12.355432	-3.177326	0	T:1.0(0.07%),B:2.5(0.00%),P:1e-1	Tpos:118.0,Tstd:53.7,Bpos:123.2,Bstd:20.6,StrandBias:10.0,Multiplicity:5.00
0.700	0.100	0.100	0.100
0.100	0.700	0.100	0.100
0.100	0.100	0.100	0.700
0.100	0.700	0.100	0.100
0.100	0.700	0.100	0.100
0.700	0.100	0.100	0.100
0.100	0.100	0.700	0.100
0.100	0.100	0.700	0.100
0.100	0.700	0.100	0.100
0.700	0.100	0.100	0.100
0.100	0.700	0.100	0.100
0.100	0.700	0.100	0.100
>AAAAATTT	1-AAAAATTT	5.974584	-96.218765	0	T:875.0(58.33%),B:28756.3(40.82%),P:1e-41	Tpos:99.3,Tstd:56.6,Bpos:99.8,Bstd:129.0,StrandBias:-0.0,Multiplicity:1.62
0.462	0.284	0.001	0.252
0.896	0.102	0.001	0.001
0.997	0.001	0.001	0.001
0.997	0.001	0.001	0.001
0.855	0.080	0.064	0.001
0.180	0.045	0.001	0.774
0.108	0.031	0.074	0.787
0.117	0.001	0.246	0.636
>AATTTCWG	2-AATTTCWG	5.336074	-75.220967	0	T:801.0(53.40%),B:26826.2(38.08%),P:1e-32	Tpos:100.3,Tstd:56.0,Bpos:100.3,Bstd:106.8,StrandBias:-0.0,Multiplicity:1.22
0.743	0.115	0.032	0.110
0.556	0.023	0.189	0.232
0.129	0.093	0.104	0.674
0.131	0.186	0.001	0.682
0.001	0.020	0.058	0.921
0.217	0.400	0.217	0.165
0.332	0.025	0.163	0.480
0.037	0.245	0.684	0.034
>AAAATTYG	3-AAAATTYG	5.606352	-60.195972	0	T:815.0(54.33%),B:28614.9(40.62%),P:1e-26	Tpos:99.4,Tstd:56.8,Bpos:98.8,Bstd:107.9,StrandBias:-0.0,Multiplicity:1.24
0.832	0.001	0.166	0.001
0.997	0.001	0.001	0.001
0.841	0.052	0.033	0.074
0.628	0.045	0.002	0.325
0.002	0.093	0.176	0.729
0.001	0.128	0.094	0.777
0.193	0.303	0.149	0.355
0.098	0.144	0.714	0.044
>TTATTTTT	4-TTATTTTT	6.342520	-52.175236	0	T:659.0(43.93%),B:22320.3(31.69%),P:1e-22	Tpos:102.5,Tstd:56.8,Bpos:101.6,Bstd:121.5,StrandBias:-0.1,Multiplicity:1.36
0.001	0.001	0.032	0.966
0.001	0.017	0.085	0.897
0.862	0.001	0.001	0.136
0.033	0.021	0.029	0.917
0.001	0.001	0.001	0.997
0.169	0.001	0.001	0.829
0.147	0.028	0.065	0.760
0.063	0.030	0.027	0.880
>ACGATTTT	5-ACGATTTT	5.460462	-43.879197	0	T:444.0(29.60%),B:13942.8(19.79%),P:1e-19	Tpos:100.0,Tstd:53.7,Bpos:100.5,Bstd:97.5,StrandBias:-0.1,Multiplicity:1.12
0.540	0.014	0.238	0.208
0.141	0.571	0.160	0.128
0.001	0.013	0.738	0.248
0.660	0.001	0.001	0.338
0.282	0.244	0.001	0.473
0.164	0.053	0.196	0.587
0.148	0.014	0.032	0.806
0.188	0.024	0.172	0.616
>GGGGGGGG	6-GGGGGGGG	8.065935	-41.130265	0	T:61.0(4.07%),B:733.2(1.04%),P:1e-17	Tpos:104.8,Tstd:50.0,Bpos:98.0,Bstd:57.5,StrandBias:-0.1,Multiplicity:1.27
0.108	0.012	0.847	0.033
0.044	0.010	0.945	0.001
0.068	0.001	0.930	0.001
0.080	0.001	0.918	0.001
0.095	0.001	0.903	0.001
0.071	0.001	0.927	0.001
0.019	0.001	0.960	0.020
0.029	0.013	0.841	0.117
>CTCAKTTT	7-CTCAKTTT	5.548392	-36.168361	0	T:444.0(29.60%),B:14559.4(20.67%),P:1e-15	Tpos:98.9,Tstd:56.4,Bpos:100.0,Bstd:99.7,StrandBias:-0.1,Multiplicity:1.08
0.039	0.855	0.105	0.001
0.001	0.001	0.129	0.869
0.001	0.585	0.001	0.413
0.997	0.001	0.001	0.001
0.001	0.001	0.449	0.549
0.089	0.001	0.001	0.909
0.001	0.001	0.001	0.997
0.001	0.001	0.001	0.997
>ATATATAT	8-ATATATAT	8.236954	-35.832510	0	T:54.0(3.60%),B:661.2(0.94%),P:1e-15	Tpos:114.7,Tstd:65.0,Bpos:104.4,Bstd:122.1,StrandBias:0.0,Multiplicity:1.20
0.700	0.100	0.100	0.100
0.100	0.100	0.100	0.700
0.700	0.100	0.100	0.100
0.100	0.100	0.100	0.700
0.700	0.100	0.100	0.100
0.100	0.100	0.100	0.700
0.700	0.100	0.100	0.100
0.100	0.100	0.100	0.700
>CATCGMGC	9-CATCGMGC	6.328060	-25.419479	0	T:165.0(11.00%),B:4466.7(6.34%),P:1e-11	Tpos:98.7,Tstd:53.1,Bpos:99.1,Bstd:75.0,StrandBias:-0.5,Multiplicity:1.06
0.001	0.863	0.135	0.001
0.771	0.001	0.006	0.222
0.103	0.001	0.007	0.889
0.127	0.823	0.049	0.001
0.114	0.238	0.422	0.227
0.296	0.433	0.033	0.238
0.188	0.295	0.516	0.001
0.001	0.950	0.048	0.001
>ATCGTAKA	10-ATCGTAKA	5.810683	-24.729533	0	T:108.0(7.20%),B:2524.4(3.58%),P:1e-10	Tpos:95.2,Tstd:59.5,Bpos:100.3,Bstd:86.3,StrandBias:0.3,Multiplicity:1.02
0.887	0.001	0.001	0.111
0.001	0.001	0.001	0.997
0.001	0.997	0.001	0.001
0.001	0.001	0.997	0.001
0.389	0.001	0.011	0.599
0.997	0.001	0.001	0.001
0.001	0.001	0.468	0.530
0.997	0.001	0.001	0.001
>ACTTTACT	11-ACTTTACT	8.041924	-14.542170	0	T:101.0(6.73%),B:2818.7(4.00%),P:1e-6	Tpos:80.3,Tstd:54.5,Bpos:96.1,Bstd:88.9,StrandBias:0.4,Multiplicity:1.17
0.912	0.086	0.001	0.001
0.001	0.997	0.001	0.001
0.148	0.084	0.001	0.767
0.001	0.105	0.001	0.893
0.001	0.001	0.001	0.997
0.815	0.183	0.001	0.001
0.001	0.997	0.001	0.001
0.001	0.001	0.001	0.997
>ACCCCGCT	12-ACCCCGCT	7.673711	-13.841113	0	T:39.0(2.60%),B:762.6(1.08%),P:1e-6	Tpos:92.4,Tstd:57.8,Bpos:98.7,Bstd:69.8,StrandBias:0.1,Multiplicity:1.00
0.922	0.076	0.001	0.001
0.001	0.897	0.001	0.101
0.001	0.892	0.106	0.001
0.001	0.997	0.001	0.001
0.001	0.997	0.001	0.001
0.001	0.120	0.878	0.001
0.417	0.581	0.001	0.001
0.171	0.001	0.186	0.642
>GTTGCTGT	13-GTTGCTGT	6.905502	-11.768639	0	T:171.0(11.40%),B:5745.8(8.16%),P:1e-5	Tpos:101.1,Tstd:58.8,Bpos:99.6,Bstd:75.6,StrandBias:0.5,Multiplicity:1.10
0.189	0.001	0.809	0.001
0.001	0.161	0.001	0.837
0.120	0.159	0.001	0.720
0.001	0.020	0.978	0.001
0.001	0.920	0.001	0.078
0.182	0.001	0.106	0.711
0.001	0.001	0.997	0.001
0.001	0.049	0.001	0.949
>KAGAKAGA	14-KAGAKAGA	5.551536	-9.688992	0	T:512.0(34.13%),B:20794.6(29.52%),P:1e-4	Tpos:97.1,Tstd:54.8,Bpos:98.9,Bstd:105.7,StrandBias:0.2,Multiplicity:1.47
0.001	0.142	0.473	0.384
0.997	0.001	0.001	0.001
0.001	0.097	0.529	0.373
0.997	0.001	0.001	0.001
0.001	0.142	0.473	0.384
0.997	0.001	0.001	0.001
0.001	0.097	0.529	0.373
0.997	0.001	0.001	0.001
>ATACATAC	15-ATACATAC	8.236954	-5.291759	0	T:37.0(2.47%),B:1095.6(1.56%),P:1e-2	Tpos:117.3,Tstd:53.8,Bpos:97.4,Bstd:130.7,StrandBias:0.9,Multiplicity:9.62
0.700	0.100	0.100	0.100
0.100	0.100	0.100	0.700
0.700	0.100	0.100	0.100
0.100	0.700	0.100	0.100
0.700	0.100	0.100	0.100
0.100	0.100	0.100	0.700
0.700	0.100	0.100	0.100
0.100	0.700	0.100	0.100
>GTGTGTGT	16-GTGTGTGT	8.932252	-4.104722	0	T:45.0(3.00%),B:1504.3(2.14%),P:1e-1	Tpos:89.9,Tstd:61.5,Bpos:99.4,Bstd:62.1,StrandBias:0.6,Multiplicity:1.18
0.001	0.001	0.997	0.001
0.001	0.001	0.001	0.997
0.001	0.001	0.997	0.001
0.001	0.001	0.001	0.997
0.001	0.001	0.997	0.001
0.001	0.001	0.001	0.997
0.001	0.001	0.997	0.001
0.001	0.118	0.001	0.880
>GATGATGA	17-GATGATGA	6.291044	-4.077534	0	T:298.0(19.87%),B:12481.0(17.72%),P:1e-1	Tpos:106.2,Tstd:57.6,Bpos:97.5,Bstd:100.0,StrandBias:-0.5,Multiplicity:1.18
0.100	0.100	0.700	0.100
0.700	0.100	0.100	0.100
0.100	0.100	0.100	0.700
0.100	0.100	0.700	0.100
0.700	0.100	0.100	0.100
0.100	0.100	0.100	0.700
0.100	0.100	0.700	0.100
0.700	0.100	0.100	0.100
>ATCCATCC	18-ATCCATCC	8.236954	-3.153247	0	T:9.0(0.60%),B:214.5(0.30%),P:1e-1	Tpos:112.2,Tstd:50.0,Bpos:99.2,Bstd:72.1,StrandBias:2.6,Multiplicity:4.67
0.700	0.100	0.100	0.100
0.100	0.100	0.100	0.700
0.100	0.700	0.100	0.100
0.100	0.700	0.100	0.100
0.700	0.100	0.100	0.100
0.100	0.100	0.100	0.700
0.100	0.700	0.100	0.100
0.100	0.700	0.100	0.100
