>TATATATATATA	1-TATATATATATA	11.805840	-77.387846	0	T:32.0(2.13%),B:56.3(0.08%),P:1e-33	Tpos:117.4,Tstd:64.7,Bpos:101.2,Bstd:146.3,StrandBias:0.0,Multiplicity:1.12
0.037	0.198	0.182	0.583
0.885	0.032	0.032	0.051
0.041	0.189	0.173	0.597
0.898	0.028	0.024	0.050
0.023	0.188	0.190	0.599
0.913	0.029	0.016	0.042
0.024	0.177	0.177	0.622
0.902	0.026	0.019	0.053
0.019	0.182	0.171	0.628
0.896	0.041	0.023	0.040
0.042	0.187	0.171	0.600
0.879	0.045	0.034	0.042
>WTTTTWWTTTTT	2-WTTTTWWTTTTT	6.072147	-73.073853	0	T:506.0(33.73%),B:14503.6(20.59%),P:1e-31	Tpos:103.4,Tstd:56.6,Bpos:98.0,Bstd:145.8,StrandBias:0.2,Multiplicity:1.33
0.350	0.066	0.142	0.441
0.234	0.093	0.102	0.571
0.234	0.105	0.096	0.565
0.206	0.147	0.121	0.526
0.294	0.112	0.119	0.475
0.335	0.119	0.118	0.428
0.456	0.102	0.095	0.347
0.305	0.110	0.062	0.523
0.271	0.073	0.051	0.605
0.204	0.053	0.029	0.714
0.154	0.099	0.111	0.636
0.241	0.147	0.159	0.454
>TCAAAAATTTTG	3-TCAAAAATTTTG	6.222106	-72.307951	0	T:528.0(35.20%),B:15421.4(21.89%),P:1e-31	Tpos:93.9,Tstd:55.3,Bpos:100.7,Bstd:120.6,StrandBias:-0.1,Multiplicity:1.21
0.141	0.119	0.125	0.615
0.156	0.536	0.191	0.117
0.594	0.116	0.129	0.161
0.611	0.127	0.112	0.150
0.784	0.095	0.109	0.012
0.721	0.117	0.077	0.085
0.748	0.028	0.035	0.189
0.155	0.121	0.103	0.621
0.119	0.080	0.079	0.722
0.086	0.007	0.101	0.806
0.072	0.099	0.107	0.722
0.154	0.171	0.521	0.154
>TTTCCTGAAATT	4-TTTCCTGAAATT	7.717804	-65.728980	0	T:262.0(17.47%),B:5920.1(8.40%),P:1e-28	Tpos:106.8,Tstd:54.6,Bpos:99.0,Bstd:110.4,StrandBias:0.2,Multiplicity:1.07
0.036	0.001	0.068	0.895
0.079	0.059	0.034	0.828
0.001	0.001	0.033	0.965
0.085	0.566	0.212	0.137
0.266	0.444	0.138	0.152
0.171	0.001	0.121	0.707
0.183	0.231	0.585	0.001
0.903	0.095	0.001	0.001
0.823	0.034	0.109	0.034
0.867	0.001	0.001	0.131
0.129	0.035	0.001	0.835
0.171	0.001	0.034	0.794
>GTCCGAATATCT	5-GTCCGAATATCT	12.253432	-41.524301	0	T:14.0(0.93%),B:15.1(0.02%),P:1e-18	Tpos:94.7,Tstd:56.5,Bpos:129.0,Bstd:51.5,StrandBias:0.4,Multiplicity:1.00
0.001	0.001	0.997	0.001
0.001	0.001	0.001	0.997
0.001	0.813	0.093	0.093
0.204	0.608	0.094	0.094
0.001	0.093	0.905	0.001
0.997	0.001	0.001	0.001
0.905	0.001	0.001	0.093
0.001	0.001	0.001	0.997
0.997	0.001	0.001	0.001
0.093	0.001	0.001	0.905
0.001	0.905	0.001	0.093
0.001	0.001	0.001	0.997
>GGGGGGGGGGGG	6-GGGGGGGGGGGG	7.193782	-31.625889	0	T:49.0(3.27%),B:617.1(0.88%),P:1e-13	Tpos:97.8,Tstd:47.7,Bpos:97.3,Bstd:55.0,StrandBias:0.2,Multiplicity:1.06
0.112	0.089	0.637	0.162
0.101	0.070	0.686	0.143
0.120	0.092	0.656	0.132
0.134	0.111	0.637	0.118
0.144	0.109	0.664	0.083
0.137	0.076	0.720	0.067
0.144	0.069	0.697	0.090
0.132	0.058	0.701	0.109
0.124	0.057	0.705	0.114
0.123	0.091	0.684	0.102
0.164	0.097	0.618	0.121
0.123	0.147	0.596	0.134
>GTGACCCCCCCC	7-GTGACCCCCCCC	11.199365	-31.433688	0	T:18.0(1.20%),B:67.2(0.10%),P:1e-13	Tpos:98.2,Tstd:46.8,Bpos:96.9,Bstd:56.9,StrandBias:0.2,Multiplicity:1.50
0.149	0.178	0.672	0.001
0.001	0.001	0.001	0.997
0.163	0.001	0.835	0.001
0.835	0.001	0.001	0.163
0.001	0.997	0.001	0.001
0.001	0.997	0.001	0.001
0.001	0.824	0.001	0.174
0.001	0.697	0.001	0.301
0.001	0.997	0.001	0.001
0.001	0.835	0.001	0.163
0.001	0.670	0.001	0.328
0.001	0.656	0.164	0.179
>RAAYTAATTTTG	8-RAAYTAATTTTG	10.722731	-31.141790	0	T:34.0(2.27%),B:309.3(0.44%),P:1e-13	Tpos:108.0,Tstd:49.9,Bpos:98.9,Bstd:125.3,StrandBias:-0.1,Multiplicity:1.09
0.489	0.046	0.464	0.001
0.834	0.001	0.164	0.001
0.761	0.237	0.001	0.001
0.001	0.526	0.001	0.472
0.001	0.001	0.001	0.997
0.997	0.001	0.001	0.001
0.752	0.001	0.246	0.001
0.001	0.001	0.001	0.997
0.001	0.001	0.001	0.997
0.061	0.049	0.137	0.753
0.092	0.001	0.278	0.629
0.124	0.001	0.617	0.258
>ACAAGATATGGG	9-ACAAGATATGGG	13.237994	-28.906605	0	T:9.0(0.60%),B:8.1(0.01%),P:1e-12	Tpos:84.3,Tstd:53.5,Bpos:52.4,Bstd:23.5,StrandBias:-1.0,Multiplicity:1.00
0.997	0.001	0.001	0.001
0.001	0.997	0.001	0.001
0.829	0.169	0.001	0.001
0.997	0.001	0.001	0.001
0.001	0.001	0.794	0.204
0.997	0.001	0.001	0.001
0.001	0.001	0.001	0.997
0.997	0.001	0.001	0.001
0.001	0.001	0.001	0.997
0.001	0.001	0.997	0.001
0.001	0.001	0.997	0.001
0.001	0.001	0.997	0.001
>ATTCTACCTTAA	10-ATTCTACCTTAA	12.879813	-27.064962	0	T:16.0(1.07%),B:64.1(0.09%),P:1e-11	Tpos:108.8,Tstd:52.2,Bpos:100.1,Bstd:105.4,StrandBias:0.0,Multiplicity:1.00
0.934	0.001	0.064	0.001
0.001	0.001	0.001	0.997
0.233	0.001	0.104	0.662
0.001	0.997	0.001	0.001
0.001	0.125	0.001	0.873
0.924	0.001	0.001	0.074
0.001	0.997	0.001	0.001
0.001	0.997	0.001	0.001
0.001	0.001	0.001	0.997
0.125	0.001	0.001	0.873
0.997	0.001	0.001	0.001
0.798	0.001	0.126	0.075
>GAAGTGGCAGGT	11-GAAGTGGCAGGT	13.727994	-24.932401	0	T:8.0(0.53%),B:8.9(0.01%),P:1e-10	Tpos:112.7,Tstd:49.6,Bpos:74.3,Bstd:34.0,StrandBias:1.2,Multiplicity:1.25
0.001	0.001	0.997	0.001
0.868	0.001	0.001	0.130
0.997	0.001	0.001	0.001
0.001	0.130	0.868	0.001
0.001	0.001	0.001	0.997
0.001	0.212	0.656	0.131
0.001	0.001	0.997	0.001
0.001	0.997	0.001	0.001
0.997	0.001	0.001	0.001
0.130	0.001	0.868	0.001
0.130	0.001	0.868	0.001
0.001	0.001	0.001	0.997
>GTCAAACCTGAC	12-GTCAAACCTGAC	10.393298	-23.658433	0	T:21.0(1.40%),B:154.4(0.22%),P:1e-10	Tpos:85.2,Tstd:53.8,Bpos:96.3,Bstd:62.2,StrandBias:0.8,Multiplicity:1.29
0.001	0.001	0.895	0.103
0.001	0.001	0.051	0.947
0.104	0.636	0.208	0.052
0.791	0.104	0.104	0.001
0.947	0.051	0.001	0.001
0.895	0.103	0.001	0.001
0.104	0.688	0.001	0.207
0.001	0.947	0.001	0.051
0.207	0.001	0.001	0.791
0.052	0.001	0.843	0.104
0.843	0.104	0.001	0.052
0.155	0.792	0.052	0.001
>TVTSTVTSTCTS	13-TVTSTVTSTCTS	9.413734	-23.588695	0	T:63.0(4.20%),B:1163.3(1.65%),P:1e-10	Tpos:101.6,Tstd:54.0,Bpos:94.6,Bstd:96.6,StrandBias:-0.5,Multiplicity:1.69
0.001	0.025	0.001	0.973
0.341	0.316	0.303	0.039
0.072	0.042	0.034	0.852
0.143	0.350	0.379	0.128
0.038	0.046	0.134	0.782
0.380	0.293	0.264	0.064
0.001	0.001	0.001	0.997
0.091	0.450	0.403	0.057
0.128	0.001	0.065	0.806
0.192	0.487	0.283	0.038
0.001	0.046	0.001	0.952
0.172	0.401	0.426	0.001
>GACTTTGGACGG	14-GACTTTGGACGG	11.827191	-23.184833	0	T:8.0(0.53%),B:10.6(0.01%),P:1e-10	Tpos:114.1,Tstd:54.1,Bpos:89.7,Bstd:39.8,StrandBias:0.0,Multiplicity:1.50
0.137	0.001	0.861	0.001
0.997	0.001	0.001	0.001
0.001	0.586	0.001	0.412
0.001	0.137	0.001	0.861
0.137	0.001	0.001	0.861
0.001	0.001	0.001	0.997
0.001	0.001	0.997	0.001
0.005	0.001	0.993	0.001
0.997	0.001	0.001	0.001
0.030	0.694	0.138	0.138
0.001	0.001	0.861	0.137
0.001	0.001	0.861	0.137
>ACTTTACTTCAC	15-ACTTTACTTCAC	9.383810	-23.139096	0	T:10.0(0.67%),B:22.2(0.03%),P:1e-10	Tpos:69.8,Tstd:48.5,Bpos:74.4,Bstd:65.4,StrandBias:2.2,Multiplicity:1.00
0.997	0.001	0.001	0.001
0.001	0.997	0.001	0.001
0.209	0.001	0.001	0.789
0.001	0.001	0.001	0.997
0.001	0.001	0.001	0.997
0.991	0.001	0.004	0.004
0.001	0.997	0.001	0.001
0.001	0.001	0.001	0.997
0.001	0.001	0.001	0.997
0.001	0.735	0.001	0.263
0.997	0.001	0.001	0.001
0.001	0.997	0.001	0.001
>CATCATCATCAT	16-CATCATCATCAT	13.463226	-22.734320	0	T:12.0(0.80%),B:40.2(0.06%),P:1e-9	Tpos:115.0,Tstd:59.1,Bpos:118.0,Bstd:92.6,StrandBias:1.4,Multiplicity:1.92
0.001	0.997	0.001	0.001
0.997	0.001	0.001	0.001
0.001	0.007	0.001	0.991
0.001	0.991	0.001	0.007
0.997	0.001	0.001	0.001
0.011	0.053	0.001	0.935
0.001	0.997	0.001	0.001
0.997	0.001	0.001	0.001
0.001	0.048	0.001	0.950
0.001	0.997	0.001	0.001
0.997	0.001	0.001	0.001
0.001	0.027	0.001	0.971
>ACACTTGTTTTT	17-ACACTTGTTTTT	12.355432	-18.600464	0	T:5.0(0.33%),B:3.3(0.00%),P:1e-8	Tpos:125.0,Tstd:33.8,Bpos:113.0,Bstd:42.1,StrandBias:0.6,Multiplicity:1.00
0.700	0.100	0.100	0.100
0.100	0.700	0.100	0.100
0.700	0.100	0.100	0.100
0.100	0.700	0.100	0.100
0.100	0.100	0.100	0.700
0.100	0.100	0.100	0.700
0.100	0.100	0.700	0.100
0.100	0.100	0.100	0.700
0.100	0.100	0.100	0.700
0.100	0.100	0.100	0.700
0.100	0.100	0.100	0.700
0.100	0.100	0.100	0.700
>TGTTGTTGTTGT	18-TGTTGTTGTTGT	12.914549	-13.281066	0	T:14.0(0.93%),B:133.9(0.19%),P:1e-5	Tpos:88.7,Tstd:62.9,Bpos:101.6,Bstd:58.9,StrandBias:0.1,Multiplicity:1.07
0.001	0.001	0.001	0.997
0.078	0.001	0.920	0.001
0.001	0.034	0.001	0.964
0.001	0.001	0.001	0.997
0.001	0.001	0.997	0.001
0.001	0.001	0.001	0.997
0.036	0.001	0.001	0.962
0.051	0.001	0.947	0.001
0.036	0.001	0.001	0.962
0.001	0.034	0.001	0.964
0.048	0.001	0.950	0.001
0.022	0.001	0.001	0.976
>ATCCATCCATCC	19-ATCCATCCATCC	12.614779	-12.226182	0	T:4.0(0.27%),B:5.5(0.01%),P:1e-5	Tpos:124.7,Tstd:48.3,Bpos:127.4,Bstd:28.6,StrandBias:3.7,Multiplicity:2.00
0.976	0.022	0.001	0.001
0.001	0.001	0.022	0.976
0.022	0.976	0.001	0.001
0.023	0.931	0.023	0.023
0.976	0.001	0.001	0.022
0.001	0.001	0.022	0.976
0.001	0.997	0.001	0.001
0.022	0.976	0.001	0.001
0.953	0.023	0.001	0.023
0.001	0.001	0.022	0.976
0.001	0.997	0.001	0.001
0.022	0.976	0.001	0.001
>TGCCTGTGTACA	20-TGCCTGTGTACA	12.355432	-10.093470	0	T:3.0(0.20%),B:3.7(0.01%),P:1e-4	Tpos:108.6,Tstd:53.4,Bpos:106.3,Bstd:29.7,StrandBias:-1.3,Multiplicity:2.33
0.100	0.100	0.100	0.700
0.100	0.100	0.700	0.100
0.100	0.700	0.100	0.100
0.100	0.700	0.100	0.100
0.100	0.100	0.100	0.700
0.100	0.100	0.700	0.100
0.100	0.100	0.100	0.700
0.100	0.100	0.700	0.100
0.100	0.100	0.100	0.700
0.700	0.100	0.100	0.100
0.100	0.700	0.100	0.100
0.700	0.100	0.100	0.100
>CTACCTACCTAC	21-CTACCTACCTAC	14.614707	-7.034361	0	T:2.0(0.13%),B:2.0(0.00%),P:1e-3	Tpos:72.1,Tstd:17.2,Bpos:93.5,Bstd:35.8,StrandBias:2.6,Multiplicity:1.50
0.001	0.997	0.001	0.001
0.001	0.001	0.001	0.997
0.997	0.001	0.001	0.001
0.001	0.997	0.001	0.001
0.001	0.997	0.001	0.001
0.001	0.001	0.001	0.997
0.997	0.001	0.001	0.001
0.001	0.861	0.001	0.137
0.001	0.997	0.001	0.001
0.001	0.001	0.001	0.997
0.997	0.001	0.001	0.001
0.001	0.997	0.001	0.001
>GGTCTCTGTTCA	22-GGTCTCTGTTCA	14.411648	-6.237546	0	T:2.0(0.13%),B:3.5(0.00%),P:1e-2	Tpos:98.5,Tstd:45.6,Bpos:105.5,Bstd:60.9,StrandBias:2.8,Multiplicity:4.00
0.001	0.001	0.997	0.001
0.001	0.001	0.997	0.001
0.001	0.001	0.001	0.997
0.001	0.871	0.001	0.127
0.001	0.001	0.001	0.997
0.128	0.743	0.001	0.128
0.001	0.001	0.001	0.997
0.001	0.001	0.997	0.001
0.001	0.001	0.001	0.997
0.001	0.001	0.001	0.997
0.001	0.997	0.001	0.001
0.997	0.001	0.001	0.001
>TGTGACAAGGTA	23-TGTGACAAGGTA	14.836390	-5.676272	0	T:2.0(0.13%),B:4.2(0.01%),P:1e-2	Tpos:119.7,Tstd:43.2,Bpos:100.9,Bstd:34.4,StrandBias:2.3,Multiplicity:3.00
0.001	0.001	0.001	0.997
0.001	0.001	0.997	0.001
0.001	0.001	0.001	0.997
0.001	0.001	0.827	0.171
0.997	0.001	0.001	0.001
0.001	0.997	0.001	0.001
0.997	0.001	0.001	0.001
0.997	0.001	0.001	0.001
0.001	0.001	0.997	0.001
0.001	0.001	0.997	0.001
0.001	0.001	0.001	0.997
0.997	0.001	0.001	0.001
>GTGTGGAGGGGC	24-GTGTGGAGGGGC	12.355432	-3.859890	0	T:1.0(0.07%),B:0.6(0.00%),P:1e-1	Tpos:93.0,Tstd:53.7,Bpos:84.2,Bstd:33.3,StrandBias:10.0,Multiplicity:5.00
0.100	0.100	0.700	0.100
0.100	0.100	0.100	0.700
0.100	0.100	0.700	0.100
0.100	0.100	0.100	0.700
0.100	0.100	0.700	0.100
0.100	0.100	0.700	0.100
0.700	0.100	0.100	0.100
0.100	0.100	0.700	0.100
0.100	0.100	0.700	0.100
0.100	0.100	0.700	0.100
0.100	0.100	0.700	0.100
0.100	0.700	0.100	0.100
>ACTCCAGGCACC	25-ACTCCAGGCACC	12.355432	-3.177326	0	T:1.0(0.07%),B:2.5(0.00%),P:1e-1	Tpos:118.0,Tstd:53.7,Bpos:123.2,Bstd:20.6,StrandBias:10.0,Multiplicity:5.00
0.700	0.100	0.100	0.100
0.100	0.700	0.100	0.100
0.100	0.100	0.100	0.700
0.100	0.700	0.100	0.100
0.100	0.700	0.100	0.100
0.700	0.100	0.100	0.100
0.100	0.100	0.700	0.100
0.100	0.100	0.700	0.100
0.100	0.700	0.100	0.100
0.700	0.100	0.100	0.100
0.100	0.700	0.100	0.100
0.100	0.700	0.100	0.100
