>CTCAAATTTT	1-CTCAAATTTT	4.854715	-82.179002	0	T:822.0(54.80%),B:27282.9(38.73%),P:1e-35	Tpos:101.4,Tstd:56.6,Bpos:100.6,Bstd:105.7,StrandBias:0.0,Multiplicity:1.36
0.120	0.686	0.104	0.090
0.120	0.110	0.107	0.663
0.137	0.653	0.105	0.105
0.733	0.088	0.099	0.080
0.695	0.089	0.107	0.109
0.723	0.078	0.100	0.099
0.118	0.094	0.101	0.687
0.095	0.072	0.073	0.760
0.087	0.112	0.076	0.725
0.097	0.101	0.127	0.675
>TTWWWWWTTT	2-TTWWWWWTTT	5.661109	-81.424544	0	T:680.0(45.33%),B:21115.0(29.98%),P:1e-35	Tpos:101.2,Tstd:56.1,Bpos:99.1,Bstd:138.5,StrandBias:-0.0,Multiplicity:1.48
0.198	0.180	0.060	0.562
0.055	0.312	0.168	0.466
0.309	0.187	0.143	0.360
0.371	0.214	0.142	0.273
0.523	0.035	0.051	0.391
0.419	0.104	0.164	0.313
0.503	0.021	0.040	0.436
0.295	0.041	0.036	0.628
0.054	0.038	0.035	0.873
0.193	0.051	0.177	0.579
>AYGAATTTTG	3-AYGAATTTTG	6.275010	-75.895285	0	T:586.0(39.07%),B:17546.4(24.91%),P:1e-32	Tpos:101.3,Tstd:56.8,Bpos:98.2,Bstd:107.3,StrandBias:0.1,Multiplicity:1.16
0.622	0.245	0.001	0.132
0.205	0.385	0.164	0.246
0.001	0.182	0.556	0.261
0.679	0.136	0.184	0.001
0.791	0.001	0.078	0.130
0.144	0.001	0.135	0.720
0.001	0.176	0.015	0.808
0.001	0.001	0.001	0.997
0.001	0.071	0.035	0.893
0.179	0.151	0.463	0.207
>MVAAAAATAT	4-MVAAAAATAT	6.864797	-73.440389	0	T:539.0(35.93%),B:15793.1(22.42%),P:1e-31	Tpos:91.0,Tstd:55.7,Bpos:101.7,Bstd:116.8,StrandBias:-0.1,Multiplicity:1.16
0.319	0.466	0.009	0.205
0.286	0.317	0.390	0.007
0.508	0.114	0.124	0.254
0.506	0.072	0.208	0.214
0.997	0.001	0.001	0.001
0.630	0.011	0.010	0.349
0.960	0.001	0.015	0.024
0.313	0.022	0.011	0.654
0.527	0.212	0.260	0.001
0.031	0.051	0.006	0.912
>ATATATATAT	5-ATATATATAT	10.296193	-71.988534	0	T:36.0(2.40%),B:97.3(0.14%),P:1e-31	Tpos:116.0,Tstd:64.9,Bpos:100.2,Bstd:142.0,StrandBias:0.0,Multiplicity:1.19
0.700	0.100	0.100	0.100
0.100	0.100	0.100	0.700
0.700	0.100	0.100	0.100
0.100	0.100	0.100	0.700
0.700	0.100	0.100	0.100
0.100	0.100	0.100	0.700
0.700	0.100	0.100	0.100
0.100	0.100	0.100	0.700
0.700	0.100	0.100	0.100
0.100	0.100	0.100	0.700
>KGGGGGGGGR	6-KGGGGGGGGR	6.759894	-46.344864	0	T:61.0(4.07%),B:656.5(0.93%),P:1e-20	Tpos:103.0,Tstd:49.9,Bpos:97.6,Bstd:56.9,StrandBias:-0.1,Multiplicity:1.16
0.158	0.061	0.427	0.353
0.147	0.052	0.573	0.228
0.117	0.072	0.638	0.173
0.225	0.045	0.672	0.058
0.228	0.100	0.597	0.075
0.284	0.043	0.654	0.019
0.209	0.001	0.716	0.074
0.088	0.076	0.753	0.083
0.162	0.092	0.513	0.233
0.230	0.221	0.374	0.175
>CAGTAATTCG	7-CAGTAATTCG	9.243929	-35.706304	0	T:31.0(2.07%),B:214.2(0.30%),P:1e-15	Tpos:106.6,Tstd:63.4,Bpos:100.6,Bstd:69.1,StrandBias:-0.7,Multiplicity:1.00
0.001	0.997	0.001	0.001
0.832	0.166	0.001	0.001
0.017	0.001	0.981	0.001
0.131	0.001	0.001	0.867
0.934	0.001	0.064	0.001
0.635	0.082	0.146	0.137
0.001	0.001	0.097	0.901
0.120	0.001	0.001	0.878
0.001	0.951	0.001	0.047
0.001	0.001	0.997	0.001
>WTCDTCWTCW	8-WTCDTCWTCW	5.788245	-32.386109	0	T:222.0(14.80%),B:6125.7(8.70%),P:1e-14	Tpos:109.1,Tstd:54.6,Bpos:100.4,Bstd:87.1,StrandBias:0.3,Multiplicity:1.11
0.387	0.176	0.043	0.394
0.175	0.234	0.051	0.540
0.035	0.878	0.039	0.048
0.262	0.042	0.284	0.412
0.063	0.050	0.179	0.708
0.055	0.527	0.246	0.172
0.378	0.146	0.173	0.303
0.260	0.197	0.060	0.483
0.127	0.521	0.134	0.218
0.476	0.063	0.060	0.400
>GGCCCATRTA	9-GGCCCATRTA	10.425596	-28.587684	0	T:15.0(1.00%),B:48.8(0.07%),P:1e-12	Tpos:112.4,Tstd:62.2,Bpos:74.9,Bstd:61.6,StrandBias:-0.7,Multiplicity:1.00
0.001	0.001	0.775	0.223
0.001	0.047	0.823	0.129
0.112	0.886	0.001	0.001
0.001	0.943	0.055	0.001
0.001	0.695	0.216	0.088
0.885	0.057	0.001	0.057
0.019	0.001	0.001	0.979
0.547	0.052	0.400	0.001
0.081	0.061	0.076	0.782
0.814	0.111	0.002	0.073
>TTAAGGTAGA	10-TTAAGGTAGA	8.915860	-26.631200	0	T:41.0(2.73%),B:518.6(0.74%),P:1e-11	Tpos:97.4,Tstd:50.3,Bpos:96.4,Bstd:85.8,StrandBias:0.1,Multiplicity:1.03
0.038	0.056	0.001	0.905
0.038	0.028	0.001	0.933
0.747	0.001	0.220	0.032
0.942	0.026	0.001	0.031
0.025	0.049	0.925	0.001
0.001	0.001	0.952	0.046
0.063	0.047	0.001	0.889
0.946	0.001	0.052	0.001
0.018	0.001	0.980	0.001
0.904	0.035	0.001	0.060
>TATTATTTTT	11-TATTATTTTT	9.893415	-20.777481	0	T:54.0(3.60%),B:987.4(1.40%),P:1e-9	Tpos:112.8,Tstd:53.0,Bpos:100.7,Bstd:119.8,StrandBias:1.0,Multiplicity:1.07
0.395	0.001	0.001	0.603
0.997	0.001	0.001	0.001
0.001	0.001	0.001	0.997
0.001	0.250	0.001	0.748
0.997	0.001	0.001	0.001
0.061	0.001	0.001	0.937
0.001	0.001	0.038	0.960
0.062	0.001	0.001	0.936
0.001	0.225	0.001	0.773
0.001	0.001	0.001	0.997
>TTAAAAATGT	12-TTAAAAATGT	9.116604	-19.938323	0	T:72.0(4.80%),B:1558.6(2.21%),P:1e-8	Tpos:83.8,Tstd:56.0,Bpos:96.5,Bstd:107.7,StrandBias:-0.2,Multiplicity:1.00
0.024	0.001	0.054	0.921
0.001	0.001	0.001	0.997
0.709	0.124	0.098	0.069
0.860	0.105	0.034	0.001
0.870	0.022	0.096	0.012
0.922	0.076	0.001	0.001
0.928	0.070	0.001	0.001
0.039	0.024	0.027	0.910
0.001	0.025	0.973	0.001
0.057	0.001	0.039	0.903
>TATCCGATMM	13-TATCCGATMM	9.143323	-18.574952	0	T:16.0(1.07%),B:116.3(0.17%),P:1e-8	Tpos:93.8,Tstd:64.9,Bpos:91.2,Bstd:70.0,StrandBias:0.3,Multiplicity:1.07
0.042	0.070	0.040	0.848
0.896	0.040	0.001	0.063
0.001	0.197	0.106	0.696
0.273	0.725	0.001	0.001
0.025	0.650	0.324	0.001
0.001	0.074	0.924	0.001
0.845	0.085	0.003	0.067
0.103	0.081	0.074	0.742
0.480	0.367	0.106	0.047
0.447	0.444	0.004	0.105
>TGTGTGTGTG	14-TGTGTGTGTG	8.054475	-17.224835	0	T:52.0(3.47%),B:1039.4(1.48%),P:1e-7	Tpos:90.7,Tstd:60.1,Bpos:102.8,Bstd:72.3,StrandBias:0.8,Multiplicity:1.18
0.001	0.001	0.001	0.997
0.039	0.168	0.792	0.001
0.001	0.001	0.001	0.997
0.001	0.001	0.997	0.001
0.001	0.001	0.001	0.997
0.001	0.084	0.866	0.049
0.001	0.001	0.001	0.997
0.001	0.079	0.919	0.001
0.001	0.001	0.001	0.997
0.001	0.001	0.997	0.001
>TCCAATAATC	15-TCCAATAATC	10.893474	-14.872529	0	T:16.0(1.07%),B:153.4(0.22%),P:1e-6	Tpos:116.4,Tstd:48.9,Bpos:105.8,Bstd:73.6,StrandBias:-1.1,Multiplicity:1.07
0.001	0.001	0.001	0.997
0.001	0.997	0.001	0.001
0.001	0.997	0.001	0.001
0.997	0.001	0.001	0.001
0.997	0.001	0.001	0.001
0.001	0.001	0.249	0.749
0.852	0.001	0.001	0.146
0.773	0.001	0.001	0.225
0.001	0.001	0.364	0.634
0.001	0.997	0.001	0.001
>ACATACATAC	16-ACATACATAC	10.260351	-14.478978	0	T:22.0(1.47%),B:288.4(0.41%),P:1e-6	Tpos:117.3,Tstd:52.1,Bpos:94.7,Bstd:137.3,StrandBias:1.0,Multiplicity:1.41
0.997	0.001	0.001	0.001
0.001	0.997	0.001	0.001
0.997	0.001	0.001	0.001
0.001	0.001	0.001	0.997
0.997	0.001	0.001	0.001
0.001	0.997	0.001	0.001
0.997	0.001	0.001	0.001
0.001	0.001	0.028	0.970
0.997	0.001	0.001	0.001
0.001	0.997	0.001	0.001
>CTSTCTRTCT	17-CTSTCTRTCT	9.796083	-13.623415	0	T:34.0(2.27%),B:623.1(0.88%),P:1e-5	Tpos:98.8,Tstd:54.3,Bpos:93.3,Bstd:88.4,StrandBias:-0.5,Multiplicity:1.56
0.070	0.831	0.092	0.007
0.006	0.022	0.024	0.948
0.169	0.355	0.469	0.007
0.020	0.067	0.023	0.890
0.030	0.902	0.067	0.001
0.020	0.038	0.043	0.899
0.417	0.109	0.473	0.001
0.030	0.046	0.038	0.886
0.006	0.969	0.005	0.020
0.016	0.038	0.039	0.907
>TAAGGTAAAG	18-TAAGGTAAAG	11.221592	-12.483037	0	T:13.0(0.87%),B:123.5(0.18%),P:1e-5	Tpos:61.3,Tstd:36.4,Bpos:82.3,Bstd:77.1,StrandBias:-1.4,Multiplicity:2.00
0.001	0.001	0.001	0.997
0.806	0.192	0.001	0.001
0.997	0.001	0.001	0.001
0.188	0.001	0.810	0.001
0.001	0.001	0.997	0.001
0.001	0.001	0.001	0.997
0.692	0.001	0.306	0.001
0.997	0.001	0.001	0.001
0.692	0.306	0.001	0.001
0.001	0.001	0.997	0.001
>GGGTGGGCAT	19-GGGTGGGCAT	8.489341	-12.477140	0	T:8.0(0.53%),B:41.2(0.06%),P:1e-5	Tpos:117.8,Tstd:53.3,Bpos:123.6,Bstd:51.8,StrandBias:1.0,Multiplicity:1.50
0.001	0.001	0.997	0.001
0.001	0.001	0.997	0.001
0.099	0.001	0.899	0.001
0.001	0.001	0.201	0.797
0.001	0.238	0.760	0.001
0.001	0.001	0.997	0.001
0.001	0.001	0.997	0.001
0.001	0.997	0.001	0.001
0.997	0.001	0.001	0.001
0.001	0.001	0.001	0.997
>CAAACCTGAC	20-CAAACCTGAC	10.128681	-12.133395	0	T:8.0(0.53%),B:43.7(0.06%),P:1e-5	Tpos:96.4,Tstd:54.9,Bpos:100.6,Bstd:44.6,StrandBias:1.3,Multiplicity:1.75
0.001	0.997	0.001	0.001
0.732	0.266	0.001	0.001
0.997	0.001	0.001	0.001
0.997	0.001	0.001	0.001
0.001	0.997	0.001	0.001
0.001	0.997	0.001	0.001
0.001	0.001	0.092	0.906
0.001	0.001	0.997	0.001
0.997	0.001	0.001	0.001
0.001	0.997	0.001	0.001
>TTGTAGTTGT	21-TTGTAGTTGT	10.489161	-9.935692	0	T:26.0(1.73%),B:502.2(0.71%),P:1e-4	Tpos:84.2,Tstd:59.7,Bpos:99.5,Bstd:72.8,StrandBias:-0.2,Multiplicity:1.00
0.001	0.001	0.157	0.841
0.001	0.048	0.001	0.950
0.183	0.001	0.815	0.001
0.001	0.116	0.204	0.679
0.801	0.001	0.001	0.197
0.001	0.001	0.997	0.001
0.001	0.001	0.001	0.997
0.199	0.001	0.001	0.799
0.134	0.001	0.864	0.001
0.046	0.044	0.001	0.909
>GATGATGATG	22-GATGATGATG	13.715205	-9.746039	0	T:11.0(0.73%),B:117.9(0.17%),P:1e-4	Tpos:110.2,Tstd:58.9,Bpos:85.1,Bstd:145.0,StrandBias:-1.4,Multiplicity:1.55
0.001	0.001	0.997	0.001
0.997	0.001	0.001	0.001
0.001	0.001	0.001	0.997
0.001	0.001	0.997	0.001
0.954	0.001	0.044	0.001
0.001	0.001	0.001	0.997
0.001	0.001	0.997	0.001
0.968	0.001	0.030	0.001
0.001	0.001	0.001	0.997
0.044	0.001	0.954	0.001
>GGTAGSCAGG	23-GGTAGSCAGG	7.623841	-8.710873	0	T:35.0(2.33%),B:831.3(1.18%),P:1e-3	Tpos:98.8,Tstd:44.9,Bpos:99.5,Bstd:62.1,StrandBias:0.1,Multiplicity:1.17
0.001	0.075	0.923	0.001
0.001	0.280	0.718	0.001
0.211	0.001	0.001	0.787
0.832	0.001	0.054	0.113
0.001	0.111	0.857	0.031
0.001	0.475	0.415	0.109
0.001	0.643	0.001	0.355
0.921	0.001	0.077	0.001
0.092	0.001	0.813	0.094
0.100	0.001	0.864	0.035
>CCATCCATCC	24-CCATCCATCC	10.591708	-6.424720	0	T:4.0(0.27%),B:23.9(0.03%),P:1e-2	Tpos:122.2,Tstd:46.4,Bpos:116.7,Bstd:76.2,StrandBias:3.9,Multiplicity:2.50
0.001	0.997	0.001	0.001
0.001	0.959	0.039	0.001
0.997	0.001	0.001	0.001
0.001	0.001	0.001	0.997
0.001	0.997	0.001	0.001
0.001	0.997	0.001	0.001
0.997	0.001	0.001	0.001
0.001	0.001	0.001	0.997
0.001	0.997	0.001	0.001
0.001	0.997	0.001	0.001
>GCCTTCCAAA	25-GCCTTCCAAA	10.296193	-3.444628	0	T:2.0(0.13%),B:13.4(0.02%),P:1e-1	Tpos:108.7,Tstd:57.4,Bpos:103.5,Bstd:55.9,StrandBias:-2.3,Multiplicity:3.00
0.100	0.100	0.700	0.100
0.100	0.700	0.100	0.100
0.100	0.700	0.100	0.100
0.100	0.100	0.100	0.700
0.100	0.100	0.100	0.700
0.100	0.700	0.100	0.100
0.100	0.700	0.100	0.100
0.700	0.100	0.100	0.100
0.700	0.100	0.100	0.100
0.700	0.100	0.100	0.100
