>NNNDATCGATAN	1-NNNDATCGATAN	6.574318	-443.361245	0	T:883.0(20.25%),B:5055.5(6.61%),P:1e-192	Tpos:101.8,Tstd:50.0,Bpos:100.5,Bstd:65.6,StrandBias:0.0,Multiplicity:1.24
0.286	0.194	0.258	0.261
0.278	0.246	0.223	0.254
0.288	0.246	0.225	0.241
0.345	0.116	0.288	0.251
0.834	0.040	0.074	0.052
0.044	0.048	0.039	0.869
0.039	0.894	0.034	0.033
0.202	0.056	0.685	0.057
0.861	0.036	0.049	0.054
0.046	0.071	0.061	0.822
0.403	0.247	0.113	0.237
0.273	0.223	0.237	0.267
>RMATTCCADDMH	2-RMATTCCADDMH	3.445378	-177.929562	0	T:1051.0(24.10%),B:10364.4(13.55%),P:1e-77	Tpos:101.5,Tstd:54.2,Bpos:98.8,Bstd:67.4,StrandBias:0.0,Multiplicity:1.18
0.498	0.001	0.500	0.001
0.488	0.510	0.001	0.001
0.997	0.001	0.001	0.001
0.001	0.001	0.001	0.997
0.173	0.001	0.242	0.584
0.001	0.997	0.001	0.001
0.001	0.997	0.001	0.001
0.589	0.001	0.001	0.409
0.246	0.111	0.330	0.313
0.313	0.153	0.295	0.239
0.357	0.422	0.221	0.001
0.423	0.278	0.001	0.298
>NTTAYRTAAYNN	3-NTTAYRTAAYNN	7.710501	-116.607536	0	T:908.0(20.82%),B:9678.8(12.66%),P:1e-50	Tpos:102.7,Tstd:49.1,Bpos:100.7,Bstd:70.1,StrandBias:-0.0,Multiplicity:1.10
0.287	0.274	0.275	0.164
0.212	0.001	0.001	0.786
0.050	0.002	0.298	0.650
0.684	0.001	0.295	0.020
0.043	0.388	0.157	0.412
0.430	0.007	0.562	0.001
0.001	0.004	0.005	0.990
0.624	0.363	0.009	0.004
0.997	0.001	0.001	0.001
0.001	0.473	0.202	0.324
0.312	0.205	0.252	0.230
0.193	0.213	0.290	0.303
>GGCGATCAATAM	4-GGCGATCAATAM	8.748293	-80.457258	0	T:214.0(4.91%),B:1417.8(1.85%),P:1e-34	Tpos:107.2,Tstd:53.0,Bpos:97.3,Bstd:64.3,StrandBias:0.2,Multiplicity:1.02
0.166	0.116	0.591	0.127
0.139	0.010	0.644	0.207
0.001	0.579	0.146	0.274
0.170	0.324	0.505	0.001
0.713	0.001	0.001	0.285
0.281	0.010	0.001	0.708
0.001	0.909	0.089	0.001
0.997	0.001	0.001	0.001
0.912	0.067	0.001	0.020
0.058	0.001	0.001	0.940
0.686	0.001	0.187	0.126
0.290	0.436	0.180	0.094
>GCCCCGGGCTAT	5-GCCCCGGGCTAT	9.073103	-55.125562	0	T:50.0(1.15%),B:132.3(0.17%),P:1e-23	Tpos:108.9,Tstd:54.0,Bpos:106.1,Bstd:50.9,StrandBias:-0.6,Multiplicity:1.02
0.041	0.081	0.857	0.021
0.041	0.877	0.041	0.041
0.061	0.837	0.041	0.061
0.142	0.634	0.101	0.123
0.061	0.817	0.061	0.061
0.101	0.020	0.736	0.143
0.020	0.041	0.919	0.020
0.001	0.040	0.919	0.040
0.101	0.817	0.081	0.001
0.042	0.041	0.020	0.897
0.857	0.001	0.122	0.020
0.101	0.020	0.041	0.838
>TTGCCCCGGGGC	6-TTGCCCCGGGGC	8.979076	-54.081515	0	T:64.0(1.47%),B:228.5(0.30%),P:1e-23	Tpos:88.7,Tstd:52.3,Bpos:94.7,Bstd:52.7,StrandBias:0.5,Multiplicity:1.00
0.122	0.146	0.097	0.635
0.024	0.001	0.218	0.757
0.001	0.169	0.829	0.001
0.049	0.805	0.073	0.073
0.024	0.903	0.024	0.049
0.049	0.637	0.024	0.290
0.001	0.587	0.145	0.267
0.219	0.098	0.538	0.145
0.147	0.001	0.707	0.145
0.001	0.001	0.997	0.001
0.001	0.001	0.974	0.024
0.073	0.730	0.148	0.049
>TGCCGGGGAACT	7-TGCCGGGGAACT	13.447650	-41.502156	0	T:11.0(0.25%),B:2.1(0.00%),P:1e-18	Tpos:106.5,Tstd:44.8,Bpos:137.9,Bstd:24.9,StrandBias:0.3,Multiplicity:1.00
0.001	0.001	0.099	0.899
0.099	0.001	0.899	0.001
0.001	0.899	0.099	0.001
0.001	0.997	0.001	0.001
0.100	0.001	0.799	0.100
0.001	0.001	0.997	0.001
0.001	0.001	0.899	0.099
0.099	0.001	0.899	0.001
0.899	0.099	0.001	0.001
0.899	0.099	0.001	0.001
0.001	0.997	0.001	0.001
0.001	0.001	0.001	0.997
>CATTCTTTAAAT	8-CATTCTTTAAAT	9.656237	-37.946432	0	T:43.0(0.99%),B:149.2(0.20%),P:1e-16	Tpos:105.5,Tstd:48.8,Bpos:101.4,Bstd:72.9,StrandBias:0.0,Multiplicity:1.05
0.078	0.758	0.073	0.091
0.698	0.045	0.050	0.207
0.056	0.202	0.070	0.672
0.023	0.055	0.173	0.749
0.220	0.675	0.055	0.050
0.067	0.020	0.026	0.887
0.015	0.151	0.070	0.764
0.200	0.169	0.149	0.482
0.692	0.201	0.057	0.050
0.494	0.175	0.138	0.193
0.742	0.080	0.081	0.097
0.208	0.164	0.160	0.468
>GCTGACGTCAAA	9-GCTGACGTCAAA	7.903409	-36.873262	0	T:251.0(5.76%),B:2521.9(3.30%),P:1e-16	Tpos:99.1,Tstd:53.0,Bpos:99.1,Bstd:62.8,StrandBias:0.4,Multiplicity:1.03
0.127	0.060	0.690	0.123
0.116	0.668	0.110	0.106
0.078	0.034	0.028	0.860
0.083	0.091	0.732	0.094
0.752	0.094	0.004	0.150
0.157	0.635	0.100	0.108
0.122	0.001	0.685	0.192
0.063	0.004	0.059	0.874
0.015	0.789	0.099	0.097
0.861	0.011	0.070	0.058
0.758	0.123	0.037	0.082
0.697	0.125	0.084	0.094
>AATATCGTTGGA	10-AATATCGTTGGA	13.228194	-33.105703	0	T:15.0(0.34%),B:13.0(0.02%),P:1e-14	Tpos:108.8,Tstd:54.8,Bpos:89.7,Bstd:69.4,StrandBias:0.6,Multiplicity:1.00
0.997	0.001	0.001	0.001
0.914	0.001	0.001	0.084
0.001	0.001	0.001	0.997
0.914	0.001	0.001	0.084
0.001	0.001	0.001	0.997
0.001	0.914	0.001	0.084
0.001	0.001	0.914	0.084
0.001	0.085	0.085	0.829
0.001	0.001	0.001	0.997
0.085	0.085	0.745	0.085
0.085	0.001	0.849	0.065
0.997	0.001	0.001	0.001
>TGGCAAATATTT	11-TGGCAAATATTT	8.569994	-32.965006	0	T:250.0(5.73%),B:2599.3(3.40%),P:1e-14	Tpos:101.8,Tstd:57.3,Bpos:98.3,Bstd:78.5,StrandBias:-0.0,Multiplicity:1.06
0.066	0.039	0.033	0.862
0.059	0.061	0.761	0.119
0.079	0.076	0.779	0.066
0.046	0.849	0.039	0.066
0.872	0.056	0.034	0.038
0.858	0.056	0.055	0.031
0.856	0.023	0.053	0.068
0.032	0.057	0.047	0.864
0.811	0.067	0.074	0.048
0.037	0.041	0.060	0.862
0.036	0.061	0.082	0.821
0.072	0.059	0.059	0.810
>CGGGGTTTGTCA	12-CGGGGTTTGTCA	12.284690	-30.101774	0	T:10.0(0.23%),B:4.1(0.01%),P:1e-13	Tpos:98.1,Tstd:58.7,Bpos:136.1,Bstd:28.3,StrandBias:-0.6,Multiplicity:1.00
0.001	0.841	0.157	0.001
0.001	0.157	0.841	0.001
0.001	0.001	0.961	0.037
0.001	0.001	0.997	0.001
0.001	0.001	0.841	0.157
0.001	0.001	0.001	0.997
0.001	0.001	0.157	0.841
0.001	0.001	0.001	0.997
0.001	0.157	0.841	0.001
0.001	0.001	0.001	0.997
0.001	0.841	0.157	0.001
0.997	0.001	0.001	0.001
>TATTGTATTCCA	13-TATTGTATTCCA	12.915279	-29.810246	0	T:21.0(0.48%),B:41.4(0.05%),P:1e-12	Tpos:94.1,Tstd:51.5,Bpos:107.9,Bstd:55.8,StrandBias:1.3,Multiplicity:1.00
0.001	0.017	0.001	0.981
0.709	0.289	0.001	0.001
0.001	0.001	0.001	0.997
0.001	0.001	0.001	0.997
0.001	0.001	0.997	0.001
0.001	0.289	0.001	0.709
0.923	0.001	0.075	0.001
0.160	0.160	0.011	0.669
0.001	0.001	0.001	0.997
0.001	0.997	0.001	0.001
0.001	0.997	0.001	0.001
0.997	0.001	0.001	0.001
>GCCTAACTCYAC	14-GCCTAACTCYAC	11.592135	-29.674712	0	T:19.0(0.44%),B:32.3(0.04%),P:1e-12	Tpos:99.7,Tstd:54.3,Bpos:111.4,Bstd:53.7,StrandBias:0.2,Multiplicity:1.65
0.173	0.081	0.745	0.001
0.001	0.997	0.001	0.001
0.001	0.997	0.001	0.001
0.162	0.001	0.011	0.826
0.837	0.001	0.081	0.081
0.918	0.001	0.001	0.080
0.001	0.829	0.001	0.169
0.001	0.178	0.001	0.820
0.165	0.672	0.001	0.162
0.081	0.415	0.001	0.503
0.668	0.081	0.081	0.170
0.001	0.997	0.001	0.001
>GTGGCCATTGTT	15-GTGGCCATTGTT	8.892300	-27.503592	0	T:213.0(4.88%),B:2233.2(2.92%),P:1e-11	Tpos:104.6,Tstd:51.4,Bpos:98.7,Bstd:63.2,StrandBias:0.2,Multiplicity:1.00
0.092	0.079	0.755	0.074
0.044	0.039	0.025	0.892
0.083	0.072	0.778	0.067
0.094	0.033	0.807	0.066
0.047	0.833	0.060	0.060
0.056	0.850	0.025	0.069
0.878	0.052	0.037	0.033
0.069	0.049	0.061	0.821
0.030	0.020	0.024	0.926
0.080	0.055	0.823	0.042
0.060	0.058	0.046	0.836
0.071	0.062	0.065	0.802
>GAKCAKTAAATA	16-GAKCAKTAAATA	13.387524	-26.317034	0	T:9.0(0.21%),B:4.1(0.01%),P:1e-11	Tpos:101.2,Tstd:57.6,Bpos:117.1,Bstd:63.9,StrandBias:-0.3,Multiplicity:1.00
0.001	0.001	0.997	0.001
0.876	0.122	0.001	0.001
0.001	0.001	0.426	0.572
0.001	0.997	0.001	0.001
0.997	0.001	0.001	0.001
0.001	0.001	0.572	0.426
0.001	0.001	0.001	0.997
0.997	0.001	0.001	0.001
0.997	0.001	0.001	0.001
0.997	0.001	0.001	0.001
0.001	0.001	0.001	0.997
0.997	0.001	0.001	0.001
>GCTTTGTGGATG	17-GCTTTGTGGATG	12.600960	-25.184135	0	T:12.0(0.28%),B:12.9(0.02%),P:1e-10	Tpos:109.5,Tstd:49.7,Bpos:80.2,Bstd:39.9,StrandBias:0.0,Multiplicity:1.00
0.187	0.187	0.625	0.001
0.001	0.997	0.001	0.001
0.054	0.011	0.187	0.748
0.001	0.001	0.001	0.997
0.186	0.001	0.001	0.812
0.001	0.001	0.997	0.001
0.001	0.001	0.001	0.997
0.001	0.186	0.812	0.001
0.001	0.001	0.997	0.001
0.997	0.001	0.001	0.001
0.001	0.001	0.001	0.997
0.001	0.186	0.812	0.001
>ACACACAGGTAA	18-ACACACAGGTAA	14.245857	-24.359837	0	T:9.0(0.21%),B:5.5(0.01%),P:1e-10	Tpos:89.3,Tstd:65.8,Bpos:135.7,Bstd:31.5,StrandBias:1.0,Multiplicity:1.00
0.875	0.001	0.001	0.123
0.001	0.997	0.001	0.001
0.997	0.001	0.001	0.001
0.001	0.997	0.001	0.001
0.997	0.001	0.001	0.001
0.001	0.875	0.001	0.123
0.997	0.001	0.001	0.001
0.001	0.001	0.997	0.001
0.001	0.001	0.997	0.001
0.001	0.123	0.001	0.875
0.997	0.001	0.001	0.001
0.997	0.001	0.001	0.001
>TGGAAGCTTGCC	19-TGGAAGCTTGCC	10.884882	-21.657551	0	T:17.0(0.39%),B:40.9(0.05%),P:1e-9	Tpos:106.8,Tstd:50.8,Bpos:92.9,Bstd:59.8,StrandBias:1.3,Multiplicity:1.06
0.001	0.001	0.001	0.997
0.001	0.001	0.997	0.001
0.001	0.001	0.919	0.079
0.948	0.050	0.001	0.001
0.919	0.001	0.079	0.001
0.034	0.001	0.885	0.080
0.051	0.807	0.080	0.062
0.080	0.080	0.001	0.839
0.001	0.079	0.001	0.919
0.079	0.001	0.919	0.001
0.079	0.919	0.001	0.001
0.001	0.997	0.001	0.001
>TGTCCTCCCGGC	20-TGTCCTCCCGGC	14.113601	-19.158856	0	T:5.0(0.11%),B:1.1(0.00%),P:1e-8	Tpos:97.9,Tstd:51.2,Bpos:169.0,Bstd:0.0,StrandBias:-0.3,Multiplicity:1.80
0.001	0.001	0.001	0.997
0.001	0.001	0.997	0.001
0.001	0.103	0.001	0.895
0.001	0.997	0.001	0.001
0.001	0.997	0.001	0.001
0.001	0.103	0.001	0.895
0.001	0.997	0.001	0.001
0.001	0.997	0.001	0.001
0.001	0.895	0.001	0.103
0.001	0.001	0.997	0.001
0.001	0.001	0.997	0.001
0.001	0.997	0.001	0.001
>ATTATGTGAACA	21-ATTATGTGAACA	12.355432	-15.740487	0	T:5.0(0.11%),B:2.8(0.00%),P:1e-6	Tpos:90.8,Tstd:46.3,Bpos:142.0,Bstd:39.7,StrandBias:0.6,Multiplicity:1.00
0.700	0.100	0.100	0.100
0.100	0.100	0.100	0.700
0.100	0.100	0.100	0.700
0.700	0.100	0.100	0.100
0.100	0.100	0.100	0.700
0.100	0.100	0.700	0.100
0.100	0.100	0.100	0.700
0.100	0.100	0.700	0.100
0.700	0.100	0.100	0.100
0.700	0.100	0.100	0.100
0.100	0.700	0.100	0.100
0.700	0.100	0.100	0.100
>ATATAAAAAAAA	22-ATATAAAAAAAA	14.554554	-15.645729	0	T:6.0(0.14%),B:4.5(0.01%),P:1e-6	Tpos:96.3,Tstd:57.1,Bpos:93.9,Bstd:35.6,StrandBias:10.0,Multiplicity:1.00
0.997	0.001	0.001	0.001
0.001	0.001	0.001	0.997
0.997	0.001	0.001	0.001
0.001	0.001	0.001	0.997
0.997	0.001	0.001	0.001
0.997	0.001	0.001	0.001
0.997	0.001	0.001	0.001
0.997	0.001	0.001	0.001
0.887	0.001	0.001	0.111
0.997	0.001	0.001	0.001
0.997	0.001	0.001	0.001
0.853	0.145	0.001	0.001
>CATGCCTCATGC	23-CATGCCTCATGC	14.592073	-14.682274	0	T:4.0(0.09%),B:0.8(0.00%),P:1e-6	Tpos:63.8,Tstd:36.2,Bpos:168.9,Bstd:3.3,StrandBias:0.0,Multiplicity:1.00
0.001	0.700	0.298	0.001
0.997	0.001	0.001	0.001
0.001	0.001	0.001	0.997
0.001	0.001	0.700	0.298
0.001	0.997	0.001	0.001
0.001	0.700	0.298	0.001
0.001	0.001	0.001	0.997
0.001	0.909	0.089	0.001
0.997	0.001	0.001	0.001
0.001	0.001	0.001	0.997
0.001	0.001	0.997	0.001
0.001	0.997	0.001	0.001
>ATTGATTTCTTG	24-ATTGATTTCTTG	14.486222	-12.340533	0	T:7.0(0.16%),B:11.7(0.02%),P:1e-5	Tpos:73.7,Tstd:35.7,Bpos:58.9,Bstd:66.9,StrandBias:-0.4,Multiplicity:1.00
0.997	0.001	0.001	0.001
0.001	0.001	0.001	0.997
0.001	0.001	0.001	0.997
0.001	0.001	0.858	0.140
0.997	0.001	0.001	0.001
0.001	0.001	0.001	0.997
0.001	0.001	0.001	0.997
0.001	0.001	0.001	0.997
0.001	0.997	0.001	0.001
0.001	0.001	0.140	0.858
0.001	0.001	0.001	0.997
0.001	0.001	0.997	0.001
>TACGTTGCAAAA	25-TACGTTGCAAAA	13.642343	-11.780797	0	T:7.0(0.16%),B:12.8(0.02%),P:1e-5	Tpos:87.7,Tstd:54.1,Bpos:101.9,Bstd:53.2,StrandBias:0.5,Multiplicity:1.71
0.001	0.001	0.001	0.997
0.752	0.001	0.246	0.001
0.001	0.997	0.001	0.001
0.001	0.177	0.821	0.001
0.001	0.001	0.001	0.997
0.001	0.001	0.001	0.997
0.001	0.001	0.997	0.001
0.001	0.997	0.001	0.001
0.997	0.001	0.001	0.001
0.997	0.001	0.001	0.001
0.997	0.001	0.001	0.001
0.743	0.001	0.001	0.255
