>NHDATCGATH	1-NHDATCGATH	7.164201	-467.369041	0	T:794.0(18.21%),B:4011.7(5.25%),P:1e-202	Tpos:102.3,Tstd:49.9,Bpos:100.4,Bstd:64.6,StrandBias:-0.0,Multiplicity:1.22
0.283	0.257	0.246	0.214
0.310	0.254	0.144	0.292
0.376	0.096	0.294	0.234
0.882	0.021	0.081	0.016
0.042	0.024	0.027	0.907
0.026	0.912	0.036	0.026
0.245	0.025	0.701	0.029
0.920	0.021	0.023	0.036
0.042	0.041	0.008	0.909
0.352	0.270	0.106	0.273
>NVRCATTCCT	2-NVRCATTCCT	7.382678	-217.255921	0	T:818.0(18.76%),B:6672.3(8.72%),P:1e-94	Tpos:101.1,Tstd:54.2,Bpos:98.0,Bstd:72.4,StrandBias:0.1,Multiplicity:1.10
0.236	0.205	0.253	0.306
0.232	0.251	0.344	0.173
0.515	0.001	0.483	0.001
0.277	0.608	0.114	0.001
0.997	0.001	0.001	0.001
0.001	0.001	0.001	0.997
0.093	0.001	0.187	0.719
0.001	0.997	0.001	0.001
0.010	0.715	0.001	0.274
0.398	0.001	0.050	0.551
>NNTTACGTAA	3-NNTTACGTAA	6.564672	-124.784721	0	T:1265.0(29.01%),B:14685.2(19.20%),P:1e-54	Tpos:101.2,Tstd:51.0,Bpos:100.3,Bstd:69.5,StrandBias:-0.0,Multiplicity:1.17
0.228	0.221	0.269	0.282
0.249	0.253	0.243	0.255
0.176	0.021	0.029	0.774
0.014	0.002	0.230	0.754
0.788	0.016	0.195	0.001
0.047	0.654	0.073	0.226
0.274	0.095	0.623	0.008
0.001	0.171	0.013	0.815
0.664	0.274	0.001	0.061
0.928	0.001	0.019	0.052
>SCGATCAATA	4-SCGATCAATA	7.681168	-110.307430	0	T:212.0(4.86%),B:1133.0(1.48%),P:1e-47	Tpos:102.3,Tstd:52.3,Bpos:100.1,Bstd:66.0,StrandBias:0.2,Multiplicity:1.01
0.177	0.277	0.406	0.140
0.111	0.483	0.258	0.149
0.163	0.086	0.713	0.038
0.641	0.113	0.129	0.117
0.117	0.045	0.065	0.773
0.021	0.878	0.039	0.062
0.669	0.127	0.113	0.091
0.807	0.100	0.030	0.063
0.070	0.020	0.053	0.857
0.567	0.125	0.229	0.079
>WGCCCCGRGG	5-WGCCCCGRGG	5.611424	-73.979253	0	T:320.0(7.34%),B:2709.4(3.54%),P:1e-32	Tpos:96.0,Tstd:52.0,Bpos:98.7,Bstd:56.0,StrandBias:-0.1,Multiplicity:1.05
0.379	0.128	0.077	0.416
0.194	0.178	0.551	0.077
0.062	0.691	0.187	0.060
0.066	0.793	0.069	0.072
0.102	0.518	0.075	0.305
0.131	0.462	0.246	0.161
0.260	0.251	0.420	0.069
0.386	0.088	0.465	0.062
0.065	0.061	0.823	0.051
0.067	0.289	0.567	0.077
>MTCAATGAAA	6-MTCAATGAAA	5.614885	-55.876277	0	T:1289.0(29.56%),B:17457.8(22.83%),P:1e-24	Tpos:97.6,Tstd:55.1,Bpos:99.9,Bstd:70.3,StrandBias:0.0,Multiplicity:1.16
0.384	0.457	0.020	0.139
0.037	0.047	0.180	0.736
0.050	0.627	0.100	0.223
0.584	0.043	0.228	0.145
0.803	0.123	0.050	0.024
0.283	0.144	0.090	0.483
0.135	0.113	0.566	0.186
0.496	0.263	0.148	0.093
0.560	0.269	0.099	0.072
0.509	0.302	0.142	0.047
>TCAATAAASC	7-TCAATAAASC	7.402391	-52.914280	0	T:311.0(7.13%),B:2968.6(3.88%),P:1e-22	Tpos:100.5,Tstd:52.1,Bpos:102.4,Bstd:65.3,StrandBias:-0.1,Multiplicity:1.04
0.180	0.200	0.097	0.523
0.001	0.965	0.010	0.024
0.594	0.001	0.280	0.125
0.730	0.177	0.092	0.001
0.142	0.177	0.001	0.680
0.722	0.001	0.276	0.001
0.811	0.143	0.045	0.001
0.486	0.335	0.001	0.178
0.025	0.537	0.411	0.027
0.134	0.524	0.341	0.001
>ATRCCTSGCA	8-ATRCCTSGCA	7.397067	-46.527017	0	T:250.0(5.73%),B:2310.1(3.02%),P:1e-20	Tpos:100.0,Tstd:56.7,Bpos:101.4,Bstd:69.3,StrandBias:0.3,Multiplicity:1.03
0.928	0.001	0.001	0.070
0.142	0.001	0.023	0.834
0.446	0.001	0.298	0.255
0.001	0.997	0.001	0.001
0.001	0.547	0.349	0.103
0.147	0.207	0.164	0.482
0.001	0.334	0.473	0.192
0.001	0.166	0.671	0.162
0.046	0.621	0.001	0.332
0.803	0.001	0.153	0.043
>GGGGGATTAR	9-GGGGGATTAR	7.343218	-45.170976	0	T:259.0(5.94%),B:2451.6(3.21%),P:1e-19	Tpos:107.0,Tstd:54.3,Bpos:100.5,Bstd:67.1,StrandBias:0.1,Multiplicity:1.07
0.184	0.001	0.814	0.001
0.185	0.001	0.627	0.187
0.200	0.001	0.692	0.107
0.187	0.001	0.811	0.001
0.001	0.190	0.799	0.010
0.903	0.001	0.071	0.025
0.101	0.001	0.001	0.897
0.013	0.001	0.169	0.817
0.817	0.001	0.001	0.181
0.465	0.145	0.324	0.066
>GGTCGATATT	10-GGTCGATATT	9.554591	-42.643325	0	T:72.0(1.65%),B:355.6(0.46%),P:1e-18	Tpos:109.0,Tstd:55.6,Bpos:98.7,Bstd:65.6,StrandBias:0.0,Multiplicity:1.01
0.042	0.040	0.877	0.041
0.001	0.015	0.950	0.034
0.015	0.012	0.001	0.972
0.001	0.997	0.001	0.001
0.082	0.001	0.916	0.001
0.891	0.072	0.036	0.001
0.001	0.001	0.027	0.971
0.933	0.020	0.001	0.046
0.052	0.026	0.039	0.883
0.001	0.058	0.023	0.918
>TTGGCAAACA	11-TTGGCAAACA	7.110461	-42.313661	0	T:747.0(17.13%),B:9542.9(12.48%),P:1e-18	Tpos:98.9,Tstd:56.2,Bpos:99.7,Bstd:70.5,StrandBias:-0.1,Multiplicity:1.10
0.275	0.036	0.035	0.654
0.136	0.125	0.186	0.553
0.145	0.004	0.581	0.270
0.184	0.138	0.516	0.162
0.011	0.956	0.024	0.009
0.916	0.033	0.027	0.024
0.697	0.139	0.028	0.136
0.827	0.029	0.071	0.073
0.019	0.652	0.110	0.219
0.783	0.049	0.156	0.012
>NTCWGGCVTG	12-NTCWGGCVTG	5.687928	-33.927002	0	T:361.0(8.28%),B:4116.6(5.38%),P:1e-14	Tpos:101.7,Tstd:55.9,Bpos:99.8,Bstd:60.7,StrandBias:0.1,Multiplicity:1.07
0.209	0.352	0.204	0.236
0.065	0.104	0.128	0.703
0.138	0.476	0.272	0.114
0.352	0.073	0.105	0.470
0.050	0.086	0.657	0.207
0.177	0.110	0.521	0.192
0.072	0.496	0.087	0.345
0.362	0.320	0.245	0.073
0.036	0.086	0.092	0.786
0.217	0.067	0.447	0.269
>AAATATTTBA	13-AAATATTTBA	8.483766	-33.741578	0	T:220.0(5.04%),B:2181.8(2.85%),P:1e-14	Tpos:104.6,Tstd:54.2,Bpos:99.1,Bstd:82.3,StrandBias:0.1,Multiplicity:1.07
0.893	0.087	0.019	0.001
0.879	0.009	0.090	0.022
0.806	0.023	0.137	0.034
0.070	0.010	0.013	0.907
0.784	0.057	0.055	0.104
0.072	0.083	0.020	0.825
0.001	0.012	0.050	0.937
0.034	0.117	0.011	0.838
0.009	0.281	0.387	0.324
0.477	0.185	0.236	0.102
>TCTCCCAGCC	14-TCTCCCAGCC	7.658234	-31.273694	0	T:47.0(1.08%),B:214.1(0.28%),P:1e-13	Tpos:97.6,Tstd:60.0,Bpos:101.0,Bstd:54.7,StrandBias:-0.1,Multiplicity:1.00
0.179	0.232	0.026	0.563
0.150	0.504	0.127	0.219
0.339	0.044	0.068	0.549
0.001	0.686	0.256	0.057
0.130	0.724	0.044	0.102
0.024	0.559	0.389	0.028
0.559	0.006	0.339	0.096
0.027	0.265	0.687	0.021
0.033	0.593	0.162	0.212
0.025	0.764	0.186	0.025
>TTTCCAACGG	15-TTTCCAACGG	6.739071	-29.809260	0	T:359.0(8.23%),B:4218.6(5.52%),P:1e-12	Tpos:103.7,Tstd:54.9,Bpos:98.8,Bstd:64.6,StrandBias:-0.2,Multiplicity:1.04
0.038	0.076	0.064	0.822
0.074	0.074	0.113	0.739
0.047	0.112	0.041	0.800
0.062	0.800	0.069	0.069
0.073	0.861	0.028	0.038
0.774	0.080	0.075	0.071
0.776	0.038	0.059	0.127
0.114	0.802	0.052	0.032
0.064	0.082	0.780	0.074
0.046	0.076	0.853	0.025
>ACACCGCGGT	16-ACACCGCGGT	6.601111	-29.705246	0	T:284.0(6.51%),B:3153.0(4.12%),P:1e-12	Tpos:94.6,Tstd:57.2,Bpos:99.7,Bstd:58.6,StrandBias:0.1,Multiplicity:1.03
0.785	0.001	0.154	0.060
0.129	0.709	0.024	0.138
0.812	0.001	0.079	0.108
0.063	0.793	0.135	0.009
0.197	0.605	0.074	0.124
0.059	0.002	0.921	0.018
0.001	0.833	0.097	0.069
0.146	0.001	0.851	0.002
0.006	0.106	0.787	0.101
0.048	0.043	0.001	0.908
>ACAATGGCCA	17-ACAATGGCCA	7.291247	-25.932335	0	T:408.0(9.36%),B:5078.2(6.64%),P:1e-11	Tpos:98.1,Tstd:53.9,Bpos:100.3,Bstd:63.7,StrandBias:-0.2,Multiplicity:1.04
0.830	0.054	0.045	0.071
0.075	0.730	0.086	0.109
0.874	0.061	0.041	0.024
0.804	0.089	0.046	0.061
0.084	0.053	0.037	0.826
0.067	0.082	0.792	0.059
0.053	0.096	0.810	0.041
0.128	0.743	0.091	0.038
0.044	0.773	0.086	0.097
0.824	0.053	0.067	0.056
>CCCTGAATAC	18-CCCTGAATAC	8.081770	-25.594259	0	T:77.0(1.77%),B:559.1(0.73%),P:1e-11	Tpos:94.8,Tstd:53.0,Bpos:98.9,Bstd:61.0,StrandBias:-0.3,Multiplicity:1.01
0.108	0.694	0.018	0.180
0.154	0.676	0.044	0.126
0.005	0.798	0.006	0.191
0.119	0.025	0.028	0.828
0.015	0.175	0.651	0.159
0.749	0.132	0.046	0.073
0.552	0.087	0.207	0.154
0.162	0.119	0.015	0.704
0.581	0.032	0.200	0.187
0.220	0.749	0.020	0.011
>CCGGASTTMT	19-CCGGASTTMT	11.121232	-23.438879	0	T:12.0(0.28%),B:14.6(0.02%),P:1e-10	Tpos:118.7,Tstd:53.7,Bpos:103.7,Bstd:52.3,StrandBias:0.6,Multiplicity:1.00
0.001	0.997	0.001	0.001
0.001	0.997	0.001	0.001
0.001	0.001	0.997	0.001
0.001	0.001	0.997	0.001
0.780	0.218	0.001	0.001
0.001	0.511	0.487	0.001
0.293	0.001	0.001	0.705
0.001	0.001	0.001	0.997
0.562	0.436	0.001	0.001
0.001	0.001	0.001	0.997
>GTTCCCTATA	20-GTTCCCTATA	9.506091	-18.229182	0	T:36.0(0.83%),B:208.7(0.27%),P:1e-7	Tpos:88.5,Tstd:49.6,Bpos:100.3,Bstd:56.7,StrandBias:0.3,Multiplicity:1.03
0.001	0.001	0.948	0.050
0.001	0.101	0.145	0.753
0.001	0.011	0.001	0.987
0.091	0.844	0.001	0.064
0.001	0.643	0.355	0.001
0.083	0.915	0.001	0.001
0.001	0.001	0.001	0.997
0.848	0.150	0.001	0.001
0.001	0.011	0.001	0.987
0.585	0.413	0.001	0.001
>TGMGCCGTAA	21-TGMGCCGTAA	6.986407	-17.794937	0	T:33.0(0.76%),B:183.5(0.24%),P:1e-7	Tpos:80.5,Tstd:50.1,Bpos:96.0,Bstd:63.0,StrandBias:0.5,Multiplicity:1.03
0.219	0.202	0.045	0.534
0.001	0.045	0.642	0.312
0.443	0.315	0.160	0.081
0.001	0.001	0.743	0.255
0.028	0.740	0.031	0.201
0.218	0.414	0.179	0.189
0.096	0.070	0.598	0.236
0.229	0.001	0.289	0.481
0.507	0.277	0.001	0.215
0.499	0.081	0.253	0.167
>AGCATTCCGA	22-AGCATTCCGA	10.296193	-15.645729	0	T:6.0(0.14%),B:4.7(0.01%),P:1e-6	Tpos:125.0,Tstd:48.0,Bpos:91.6,Bstd:53.5,StrandBias:1.0,Multiplicity:1.00
0.700	0.100	0.100	0.100
0.100	0.100	0.700	0.100
0.100	0.700	0.100	0.100
0.700	0.100	0.100	0.100
0.100	0.100	0.100	0.700
0.100	0.100	0.100	0.700
0.100	0.700	0.100	0.100
0.100	0.700	0.100	0.100
0.100	0.100	0.700	0.100
0.700	0.100	0.100	0.100
>GTATAGTTAG	23-GTATAGTTAG	10.261636	-11.528565	0	T:17.0(0.39%),B:83.5(0.11%),P:1e-5	Tpos:92.5,Tstd:56.4,Bpos:97.2,Bstd:54.4,StrandBias:0.2,Multiplicity:1.88
0.001	0.001	0.997	0.001
0.001	0.001	0.001	0.997
0.593	0.001	0.405	0.001
0.001	0.001	0.275	0.723
0.997	0.001	0.001	0.001
0.001	0.001	0.997	0.001
0.001	0.001	0.001	0.997
0.001	0.001	0.001	0.997
0.933	0.065	0.001	0.001
0.001	0.001	0.997	0.001
>GGACTAGGGA	24-GGACTAGGGA	12.648459	-11.300742	0	T:5.0(0.11%),B:5.6(0.01%),P:1e-4	Tpos:101.1,Tstd:57.1,Bpos:112.9,Bstd:47.5,StrandBias:-1.6,Multiplicity:1.60
0.001	0.001	0.997	0.001
0.001	0.001	0.997	0.001
0.693	0.305	0.001	0.001
0.001	0.997	0.001	0.001
0.001	0.001	0.001	0.997
0.997	0.001	0.001	0.001
0.001	0.001	0.997	0.001
0.001	0.001	0.997	0.001
0.001	0.001	0.997	0.001
0.997	0.001	0.001	0.001
>TCCTCCCGGC	25-TCCTCCCGGC	13.724970	-10.428107	0	T:3.0(0.07%),B:1.6(0.00%),P:1e-4	Tpos:77.2,Tstd:47.1,Bpos:128.4,Bstd:42.2,StrandBias:-1.0,Multiplicity:2.00
0.001	0.001	0.001	0.997
0.001	0.997	0.001	0.001
0.001	0.997	0.001	0.001
0.001	0.001	0.001	0.997
0.001	0.997	0.001	0.001
0.001	0.997	0.001	0.001
0.001	0.895	0.001	0.103
0.001	0.001	0.997	0.001
0.001	0.001	0.997	0.001
0.001	0.997	0.001	0.001
>NNNDATCGATAN	1-NNNDATCGATAN	6.574318	-443.361245	0	T:883.0(20.25%),B:5055.5(6.61%),P:1e-192	Tpos:101.8,Tstd:50.0,Bpos:100.5,Bstd:65.6,StrandBias:0.0,Multiplicity:1.24
0.286	0.194	0.258	0.261
0.278	0.246	0.223	0.254
0.288	0.246	0.225	0.241
0.345	0.116	0.288	0.251
0.834	0.040	0.074	0.052
0.044	0.048	0.039	0.869
0.039	0.894	0.034	0.033
0.202	0.056	0.685	0.057
0.861	0.036	0.049	0.054
0.046	0.071	0.061	0.822
0.403	0.247	0.113	0.237
0.273	0.223	0.237	0.267
>RMATTCCADDMH	2-RMATTCCADDMH	3.445378	-177.929562	0	T:1051.0(24.10%),B:10364.4(13.55%),P:1e-77	Tpos:101.5,Tstd:54.2,Bpos:98.8,Bstd:67.4,StrandBias:0.0,Multiplicity:1.18
0.498	0.001	0.500	0.001
0.488	0.510	0.001	0.001
0.997	0.001	0.001	0.001
0.001	0.001	0.001	0.997
0.173	0.001	0.242	0.584
0.001	0.997	0.001	0.001
0.001	0.997	0.001	0.001
0.589	0.001	0.001	0.409
0.246	0.111	0.330	0.313
0.313	0.153	0.295	0.239
0.357	0.422	0.221	0.001
0.423	0.278	0.001	0.298
>NTTAYRTAAYNN	3-NTTAYRTAAYNN	7.710501	-116.607536	0	T:908.0(20.82%),B:9678.8(12.66%),P:1e-50	Tpos:102.7,Tstd:49.1,Bpos:100.7,Bstd:70.1,StrandBias:-0.0,Multiplicity:1.10
0.287	0.274	0.275	0.164
0.212	0.001	0.001	0.786
0.050	0.002	0.298	0.650
0.684	0.001	0.295	0.020
0.043	0.388	0.157	0.412
0.430	0.007	0.562	0.001
0.001	0.004	0.005	0.990
0.624	0.363	0.009	0.004
0.997	0.001	0.001	0.001
0.001	0.473	0.202	0.324
0.312	0.205	0.252	0.230
0.193	0.213	0.290	0.303
>GGCGATCAATAM	4-GGCGATCAATAM	8.748293	-80.457258	0	T:214.0(4.91%),B:1417.8(1.85%),P:1e-34	Tpos:107.2,Tstd:53.0,Bpos:97.3,Bstd:64.3,StrandBias:0.2,Multiplicity:1.02
0.166	0.116	0.591	0.127
0.139	0.010	0.644	0.207
0.001	0.579	0.146	0.274
0.170	0.324	0.505	0.001
0.713	0.001	0.001	0.285
0.281	0.010	0.001	0.708
0.001	0.909	0.089	0.001
0.997	0.001	0.001	0.001
0.912	0.067	0.001	0.020
0.058	0.001	0.001	0.940
0.686	0.001	0.187	0.126
0.290	0.436	0.180	0.094
>GCCCCGGGCTAT	5-GCCCCGGGCTAT	9.073103	-55.125562	0	T:50.0(1.15%),B:132.3(0.17%),P:1e-23	Tpos:108.9,Tstd:54.0,Bpos:106.1,Bstd:50.9,StrandBias:-0.6,Multiplicity:1.02
0.041	0.081	0.857	0.021
0.041	0.877	0.041	0.041
0.061	0.837	0.041	0.061
0.142	0.634	0.101	0.123
0.061	0.817	0.061	0.061
0.101	0.020	0.736	0.143
0.020	0.041	0.919	0.020
0.001	0.040	0.919	0.040
0.101	0.817	0.081	0.001
0.042	0.041	0.020	0.897
0.857	0.001	0.122	0.020
0.101	0.020	0.041	0.838
>TTGCCCCGGGGC	6-TTGCCCCGGGGC	8.979076	-54.081515	0	T:64.0(1.47%),B:228.5(0.30%),P:1e-23	Tpos:88.7,Tstd:52.3,Bpos:94.7,Bstd:52.7,StrandBias:0.5,Multiplicity:1.00
0.122	0.146	0.097	0.635
0.024	0.001	0.218	0.757
0.001	0.169	0.829	0.001
0.049	0.805	0.073	0.073
0.024	0.903	0.024	0.049
0.049	0.637	0.024	0.290
0.001	0.587	0.145	0.267
0.219	0.098	0.538	0.145
0.147	0.001	0.707	0.145
0.001	0.001	0.997	0.001
0.001	0.001	0.974	0.024
0.073	0.730	0.148	0.049
>TGCCGGGGAACT	7-TGCCGGGGAACT	13.447650	-41.502156	0	T:11.0(0.25%),B:2.1(0.00%),P:1e-18	Tpos:106.5,Tstd:44.8,Bpos:137.9,Bstd:24.9,StrandBias:0.3,Multiplicity:1.00
0.001	0.001	0.099	0.899
0.099	0.001	0.899	0.001
0.001	0.899	0.099	0.001
0.001	0.997	0.001	0.001
0.100	0.001	0.799	0.100
0.001	0.001	0.997	0.001
0.001	0.001	0.899	0.099
0.099	0.001	0.899	0.001
0.899	0.099	0.001	0.001
0.899	0.099	0.001	0.001
0.001	0.997	0.001	0.001
0.001	0.001	0.001	0.997
>CATTCTTTAAAT	8-CATTCTTTAAAT	9.656237	-37.946432	0	T:43.0(0.99%),B:149.2(0.20%),P:1e-16	Tpos:105.5,Tstd:48.8,Bpos:101.4,Bstd:72.9,StrandBias:0.0,Multiplicity:1.05
0.078	0.758	0.073	0.091
0.698	0.045	0.050	0.207
0.056	0.202	0.070	0.672
0.023	0.055	0.173	0.749
0.220	0.675	0.055	0.050
0.067	0.020	0.026	0.887
0.015	0.151	0.070	0.764
0.200	0.169	0.149	0.482
0.692	0.201	0.057	0.050
0.494	0.175	0.138	0.193
0.742	0.080	0.081	0.097
0.208	0.164	0.160	0.468
>GCTGACGTCAAA	9-GCTGACGTCAAA	7.903409	-36.873262	0	T:251.0(5.76%),B:2521.9(3.30%),P:1e-16	Tpos:99.1,Tstd:53.0,Bpos:99.1,Bstd:62.8,StrandBias:0.4,Multiplicity:1.03
0.127	0.060	0.690	0.123
0.116	0.668	0.110	0.106
0.078	0.034	0.028	0.860
0.083	0.091	0.732	0.094
0.752	0.094	0.004	0.150
0.157	0.635	0.100	0.108
0.122	0.001	0.685	0.192
0.063	0.004	0.059	0.874
0.015	0.789	0.099	0.097
0.861	0.011	0.070	0.058
0.758	0.123	0.037	0.082
0.697	0.125	0.084	0.094
>AATATCGTTGGA	10-AATATCGTTGGA	13.228194	-33.105703	0	T:15.0(0.34%),B:13.0(0.02%),P:1e-14	Tpos:108.8,Tstd:54.8,Bpos:89.7,Bstd:69.4,StrandBias:0.6,Multiplicity:1.00
0.997	0.001	0.001	0.001
0.914	0.001	0.001	0.084
0.001	0.001	0.001	0.997
0.914	0.001	0.001	0.084
0.001	0.001	0.001	0.997
0.001	0.914	0.001	0.084
0.001	0.001	0.914	0.084
0.001	0.085	0.085	0.829
0.001	0.001	0.001	0.997
0.085	0.085	0.745	0.085
0.085	0.001	0.849	0.065
0.997	0.001	0.001	0.001
>TGGCAAATATTT	11-TGGCAAATATTT	8.569994	-32.965006	0	T:250.0(5.73%),B:2599.3(3.40%),P:1e-14	Tpos:101.8,Tstd:57.3,Bpos:98.3,Bstd:78.5,StrandBias:-0.0,Multiplicity:1.06
0.066	0.039	0.033	0.862
0.059	0.061	0.761	0.119
0.079	0.076	0.779	0.066
0.046	0.849	0.039	0.066
0.872	0.056	0.034	0.038
0.858	0.056	0.055	0.031
0.856	0.023	0.053	0.068
0.032	0.057	0.047	0.864
0.811	0.067	0.074	0.048
0.037	0.041	0.060	0.862
0.036	0.061	0.082	0.821
0.072	0.059	0.059	0.810
>CGGGGTTTGTCA	12-CGGGGTTTGTCA	12.284690	-30.101774	0	T:10.0(0.23%),B:4.1(0.01%),P:1e-13	Tpos:98.1,Tstd:58.7,Bpos:136.1,Bstd:28.3,StrandBias:-0.6,Multiplicity:1.00
0.001	0.841	0.157	0.001
0.001	0.157	0.841	0.001
0.001	0.001	0.961	0.037
0.001	0.001	0.997	0.001
0.001	0.001	0.841	0.157
0.001	0.001	0.001	0.997
0.001	0.001	0.157	0.841
0.001	0.001	0.001	0.997
0.001	0.157	0.841	0.001
0.001	0.001	0.001	0.997
0.001	0.841	0.157	0.001
0.997	0.001	0.001	0.001
>TATTGTATTCCA	13-TATTGTATTCCA	12.915279	-29.810246	0	T:21.0(0.48%),B:41.4(0.05%),P:1e-12	Tpos:94.1,Tstd:51.5,Bpos:107.9,Bstd:55.8,StrandBias:1.3,Multiplicity:1.00
0.001	0.017	0.001	0.981
0.709	0.289	0.001	0.001
0.001	0.001	0.001	0.997
0.001	0.001	0.001	0.997
0.001	0.001	0.997	0.001
0.001	0.289	0.001	0.709
0.923	0.001	0.075	0.001
0.160	0.160	0.011	0.669
0.001	0.001	0.001	0.997
0.001	0.997	0.001	0.001
0.001	0.997	0.001	0.001
0.997	0.001	0.001	0.001
>GCCTAACTCYAC	14-GCCTAACTCYAC	11.592135	-29.674712	0	T:19.0(0.44%),B:32.3(0.04%),P:1e-12	Tpos:99.7,Tstd:54.3,Bpos:111.4,Bstd:53.7,StrandBias:0.2,Multiplicity:1.65
0.173	0.081	0.745	0.001
0.001	0.997	0.001	0.001
0.001	0.997	0.001	0.001
0.162	0.001	0.011	0.826
0.837	0.001	0.081	0.081
0.918	0.001	0.001	0.080
0.001	0.829	0.001	0.169
0.001	0.178	0.001	0.820
0.165	0.672	0.001	0.162
0.081	0.415	0.001	0.503
0.668	0.081	0.081	0.170
0.001	0.997	0.001	0.001
>GTGGCCATTGTT	15-GTGGCCATTGTT	8.892300	-27.503592	0	T:213.0(4.88%),B:2233.2(2.92%),P:1e-11	Tpos:104.6,Tstd:51.4,Bpos:98.7,Bstd:63.2,StrandBias:0.2,Multiplicity:1.00
0.092	0.079	0.755	0.074
0.044	0.039	0.025	0.892
0.083	0.072	0.778	0.067
0.094	0.033	0.807	0.066
0.047	0.833	0.060	0.060
0.056	0.850	0.025	0.069
0.878	0.052	0.037	0.033
0.069	0.049	0.061	0.821
0.030	0.020	0.024	0.926
0.080	0.055	0.823	0.042
0.060	0.058	0.046	0.836
0.071	0.062	0.065	0.802
>GAKCAKTAAATA	16-GAKCAKTAAATA	13.387524	-26.317034	0	T:9.0(0.21%),B:4.1(0.01%),P:1e-11	Tpos:101.2,Tstd:57.6,Bpos:117.1,Bstd:63.9,StrandBias:-0.3,Multiplicity:1.00
0.001	0.001	0.997	0.001
0.876	0.122	0.001	0.001
0.001	0.001	0.426	0.572
0.001	0.997	0.001	0.001
0.997	0.001	0.001	0.001
0.001	0.001	0.572	0.426
0.001	0.001	0.001	0.997
0.997	0.001	0.001	0.001
0.997	0.001	0.001	0.001
0.997	0.001	0.001	0.001
0.001	0.001	0.001	0.997
0.997	0.001	0.001	0.001
>GCTTTGTGGATG	17-GCTTTGTGGATG	12.600960	-25.184135	0	T:12.0(0.28%),B:12.9(0.02%),P:1e-10	Tpos:109.5,Tstd:49.7,Bpos:80.2,Bstd:39.9,StrandBias:0.0,Multiplicity:1.00
0.187	0.187	0.625	0.001
0.001	0.997	0.001	0.001
0.054	0.011	0.187	0.748
0.001	0.001	0.001	0.997
0.186	0.001	0.001	0.812
0.001	0.001	0.997	0.001
0.001	0.001	0.001	0.997
0.001	0.186	0.812	0.001
0.001	0.001	0.997	0.001
0.997	0.001	0.001	0.001
0.001	0.001	0.001	0.997
0.001	0.186	0.812	0.001
>ACACACAGGTAA	18-ACACACAGGTAA	14.245857	-24.359837	0	T:9.0(0.21%),B:5.5(0.01%),P:1e-10	Tpos:89.3,Tstd:65.8,Bpos:135.7,Bstd:31.5,StrandBias:1.0,Multiplicity:1.00
0.875	0.001	0.001	0.123
0.001	0.997	0.001	0.001
0.997	0.001	0.001	0.001
0.001	0.997	0.001	0.001
0.997	0.001	0.001	0.001
0.001	0.875	0.001	0.123
0.997	0.001	0.001	0.001
0.001	0.001	0.997	0.001
0.001	0.001	0.997	0.001
0.001	0.123	0.001	0.875
0.997	0.001	0.001	0.001
0.997	0.001	0.001	0.001
>TGGAAGCTTGCC	19-TGGAAGCTTGCC	10.884882	-21.657551	0	T:17.0(0.39%),B:40.9(0.05%),P:1e-9	Tpos:106.8,Tstd:50.8,Bpos:92.9,Bstd:59.8,StrandBias:1.3,Multiplicity:1.06
0.001	0.001	0.001	0.997
0.001	0.001	0.997	0.001
0.001	0.001	0.919	0.079
0.948	0.050	0.001	0.001
0.919	0.001	0.079	0.001
0.034	0.001	0.885	0.080
0.051	0.807	0.080	0.062
0.080	0.080	0.001	0.839
0.001	0.079	0.001	0.919
0.079	0.001	0.919	0.001
0.079	0.919	0.001	0.001
0.001	0.997	0.001	0.001
>TGTCCTCCCGGC	20-TGTCCTCCCGGC	14.113601	-19.158856	0	T:5.0(0.11%),B:1.1(0.00%),P:1e-8	Tpos:97.9,Tstd:51.2,Bpos:169.0,Bstd:0.0,StrandBias:-0.3,Multiplicity:1.80
0.001	0.001	0.001	0.997
0.001	0.001	0.997	0.001
0.001	0.103	0.001	0.895
0.001	0.997	0.001	0.001
0.001	0.997	0.001	0.001
0.001	0.103	0.001	0.895
0.001	0.997	0.001	0.001
0.001	0.997	0.001	0.001
0.001	0.895	0.001	0.103
0.001	0.001	0.997	0.001
0.001	0.001	0.997	0.001
0.001	0.997	0.001	0.001
>ATTATGTGAACA	21-ATTATGTGAACA	12.355432	-15.740487	0	T:5.0(0.11%),B:2.8(0.00%),P:1e-6	Tpos:90.8,Tstd:46.3,Bpos:142.0,Bstd:39.7,StrandBias:0.6,Multiplicity:1.00
0.700	0.100	0.100	0.100
0.100	0.100	0.100	0.700
0.100	0.100	0.100	0.700
0.700	0.100	0.100	0.100
0.100	0.100	0.100	0.700
0.100	0.100	0.700	0.100
0.100	0.100	0.100	0.700
0.100	0.100	0.700	0.100
0.700	0.100	0.100	0.100
0.700	0.100	0.100	0.100
0.100	0.700	0.100	0.100
0.700	0.100	0.100	0.100
>ATATAAAAAAAA	22-ATATAAAAAAAA	14.554554	-15.645729	0	T:6.0(0.14%),B:4.5(0.01%),P:1e-6	Tpos:96.3,Tstd:57.1,Bpos:93.9,Bstd:35.6,StrandBias:10.0,Multiplicity:1.00
0.997	0.001	0.001	0.001
0.001	0.001	0.001	0.997
0.997	0.001	0.001	0.001
0.001	0.001	0.001	0.997
0.997	0.001	0.001	0.001
0.997	0.001	0.001	0.001
0.997	0.001	0.001	0.001
0.997	0.001	0.001	0.001
0.887	0.001	0.001	0.111
0.997	0.001	0.001	0.001
0.997	0.001	0.001	0.001
0.853	0.145	0.001	0.001
>CATGCCTCATGC	23-CATGCCTCATGC	14.592073	-14.682274	0	T:4.0(0.09%),B:0.8(0.00%),P:1e-6	Tpos:63.8,Tstd:36.2,Bpos:168.9,Bstd:3.3,StrandBias:0.0,Multiplicity:1.00
0.001	0.700	0.298	0.001
0.997	0.001	0.001	0.001
0.001	0.001	0.001	0.997
0.001	0.001	0.700	0.298
0.001	0.997	0.001	0.001
0.001	0.700	0.298	0.001
0.001	0.001	0.001	0.997
0.001	0.909	0.089	0.001
0.997	0.001	0.001	0.001
0.001	0.001	0.001	0.997
0.001	0.001	0.997	0.001
0.001	0.997	0.001	0.001
>ATTGATTTCTTG	24-ATTGATTTCTTG	14.486222	-12.340533	0	T:7.0(0.16%),B:11.7(0.02%),P:1e-5	Tpos:73.7,Tstd:35.7,Bpos:58.9,Bstd:66.9,StrandBias:-0.4,Multiplicity:1.00
0.997	0.001	0.001	0.001
0.001	0.001	0.001	0.997
0.001	0.001	0.001	0.997
0.001	0.001	0.858	0.140
0.997	0.001	0.001	0.001
0.001	0.001	0.001	0.997
0.001	0.001	0.001	0.997
0.001	0.001	0.001	0.997
0.001	0.997	0.001	0.001
0.001	0.001	0.140	0.858
0.001	0.001	0.001	0.997
0.001	0.001	0.997	0.001
>TACGTTGCAAAA	25-TACGTTGCAAAA	13.642343	-11.780797	0	T:7.0(0.16%),B:12.8(0.02%),P:1e-5	Tpos:87.7,Tstd:54.1,Bpos:101.9,Bstd:53.2,StrandBias:0.5,Multiplicity:1.71
0.001	0.001	0.001	0.997
0.752	0.001	0.246	0.001
0.001	0.997	0.001	0.001
0.001	0.177	0.821	0.001
0.001	0.001	0.001	0.997
0.001	0.001	0.001	0.997
0.001	0.001	0.997	0.001
0.001	0.997	0.001	0.001
0.997	0.001	0.001	0.001
0.997	0.001	0.001	0.001
0.997	0.001	0.001	0.001
0.743	0.001	0.001	0.255
>GATCGATA	1-GATCGATA	7.980111	-430.482794	0	T:695.0(15.94%),B:3342.9(4.37%),P:1e-186	Tpos:99.3,Tstd:51.0,Bpos:97.8,Bstd:72.4,StrandBias:-0.0,Multiplicity:1.08
0.183	0.001	0.815	0.001
0.997	0.001	0.001	0.001
0.001	0.001	0.001	0.997
0.001	0.997	0.001	0.001
0.255	0.001	0.743	0.001
0.997	0.001	0.001	0.001
0.001	0.001	0.001	0.997
0.970	0.001	0.028	0.001
>ATCGATCT	2-ATCGATCT	6.049000	-387.093890	0	T:907.0(20.80%),B:5789.1(7.57%),P:1e-168	Tpos:101.9,Tstd:50.9,Bpos:100.2,Bstd:66.2,StrandBias:-0.1,Multiplicity:1.28
0.997	0.001	0.001	0.001
0.001	0.001	0.001	0.997
0.001	0.959	0.001	0.039
0.001	0.001	0.997	0.001
0.997	0.001	0.001	0.001
0.001	0.011	0.001	0.987
0.119	0.561	0.001	0.319
0.079	0.028	0.303	0.590
>RCATTCCW	3-RCATTCCW	6.450897	-213.692534	0	T:1090.0(24.99%),B:10236.5(13.38%),P:1e-92	Tpos:102.4,Tstd:54.9,Bpos:98.1,Bstd:72.2,StrandBias:0.0,Multiplicity:1.17
0.411	0.048	0.502	0.039
0.247	0.701	0.038	0.014
0.940	0.018	0.028	0.014
0.010	0.009	0.013	0.968
0.217	0.023	0.053	0.707
0.038	0.911	0.027	0.024
0.019	0.866	0.001	0.114
0.355	0.039	0.104	0.502
>TKACGTAA	4-TKACGTAA	6.189037	-97.351563	0	T:1303.0(29.88%),B:16090.2(21.04%),P:1e-42	Tpos:101.1,Tstd:51.4,Bpos:100.3,Bstd:68.6,StrandBias:0.0,Multiplicity:1.19
0.026	0.040	0.024	0.910
0.043	0.058	0.404	0.494
0.833	0.058	0.108	0.001
0.001	0.690	0.050	0.259
0.329	0.049	0.566	0.056
0.001	0.108	0.031	0.860
0.817	0.124	0.029	0.030
0.836	0.068	0.070	0.026
>TCAATAGW	5-TCAATAGW	7.432636	-61.564252	0	T:700.0(16.05%),B:8159.1(10.67%),P:1e-26	Tpos:102.5,Tstd:55.4,Bpos:99.5,Bstd:73.1,StrandBias:0.2,Multiplicity:1.07
0.001	0.001	0.078	0.920
0.001	0.745	0.140	0.114
0.674	0.066	0.001	0.259
0.997	0.001	0.001	0.001
0.001	0.077	0.001	0.921
0.905	0.001	0.093	0.001
0.295	0.210	0.494	0.001
0.469	0.030	0.136	0.364
>GCCCCGGG	6-GCCCCGGG	5.475134	-41.441908	0	T:314.0(7.20%),B:3259.8(4.26%),P:1e-17	Tpos:94.9,Tstd:53.1,Bpos:99.9,Bstd:56.7,StrandBias:-0.0,Multiplicity:1.08
0.001	0.083	0.915	0.001
0.001	0.997	0.001	0.001
0.001	0.973	0.001	0.025
0.055	0.767	0.013	0.165
0.001	0.763	0.199	0.037
0.137	0.065	0.718	0.080
0.030	0.001	0.968	0.001
0.001	0.031	0.967	0.001
>AATCAATG	7-AATCAATG	9.130321	-39.063303	0	T:286.0(6.56%),B:2938.7(3.84%),P:1e-16	Tpos:98.4,Tstd:51.9,Bpos:98.3,Bstd:69.3,StrandBias:0.0,Multiplicity:1.04
0.997	0.001	0.001	0.001
0.728	0.270	0.001	0.001
0.001	0.001	0.001	0.997
0.001	0.997	0.001	0.001
0.997	0.001	0.001	0.001
0.997	0.001	0.001	0.001
0.001	0.001	0.001	0.997
0.001	0.197	0.801	0.001
>AGTATTTG	8-AGTATTTG	7.581092	-38.178610	0	T:745.0(17.08%),B:9685.1(12.66%),P:1e-16	Tpos:101.1,Tstd:55.6,Bpos:98.8,Bstd:77.6,StrandBias:-0.2,Multiplicity:1.11
0.794	0.001	0.204	0.001
0.402	0.015	0.569	0.014
0.001	0.139	0.028	0.832
0.994	0.001	0.004	0.001
0.193	0.001	0.001	0.805
0.001	0.001	0.001	0.997
0.001	0.001	0.001	0.997
0.001	0.001	0.599	0.399
>CTVAKCCY	9-CTVAKCCY	6.218726	-36.977803	0	T:427.0(9.79%),B:4967.7(6.50%),P:1e-16	Tpos:101.1,Tstd:56.5,Bpos:100.6,Bstd:62.9,StrandBias:0.1,Multiplicity:1.05
0.001	0.844	0.154	0.001
0.235	0.168	0.001	0.596
0.418	0.299	0.282	0.001
0.997	0.001	0.001	0.001
0.001	0.134	0.482	0.383
0.001	0.649	0.161	0.189
0.001	0.859	0.139	0.001
0.001	0.442	0.090	0.467
>GTAATCCC	10-GTAATCCC	6.829534	-32.260467	0	T:438.0(10.04%),B:5286.7(6.91%),P:1e-14	Tpos:105.8,Tstd:55.3,Bpos:101.7,Bstd:64.4,StrandBias:-0.0,Multiplicity:1.08
0.074	0.061	0.782	0.083
0.001	0.001	0.046	0.952
0.903	0.001	0.001	0.095
0.997	0.001	0.001	0.001
0.001	0.001	0.043	0.955
0.129	0.817	0.034	0.020
0.052	0.868	0.040	0.040
0.059	0.747	0.100	0.094
>AGTGCTTT	11-AGTGCTTT	5.173877	-31.505976	0	T:1887.0(43.27%),B:28808.6(37.67%),P:1e-13	Tpos:100.1,Tstd:55.8,Bpos:100.5,Bstd:68.6,StrandBias:-0.0,Multiplicity:1.29
0.659	0.130	0.085	0.126
0.141	0.052	0.767	0.040
0.100	0.114	0.106	0.680
0.046	0.130	0.674	0.150
0.065	0.808	0.072	0.055
0.062	0.147	0.119	0.672
0.038	0.048	0.026	0.888
0.064	0.029	0.049	0.858
>TATCGACC	12-TATCGACC	8.880066	-30.983720	0	T:66.0(1.51%),B:389.1(0.51%),P:1e-13	Tpos:97.5,Tstd:50.0,Bpos:99.3,Bstd:54.9,StrandBias:0.3,Multiplicity:1.05
0.001	0.001	0.001	0.997
0.997	0.001	0.001	0.001
0.001	0.001	0.112	0.886
0.001	0.997	0.001	0.001
0.001	0.001	0.997	0.001
0.997	0.001	0.001	0.001
0.001	0.997	0.001	0.001
0.001	0.997	0.001	0.001
>ATTGTTCC	13-ATTGTTCC	8.327242	-23.842014	0	T:223.0(5.11%),B:2468.7(3.23%),P:1e-10	Tpos:108.8,Tstd:54.4,Bpos:100.1,Bstd:64.3,StrandBias:0.4,Multiplicity:1.03
0.912	0.086	0.001	0.001
0.001	0.135	0.001	0.863
0.001	0.001	0.001	0.997
0.001	0.001	0.997	0.001
0.001	0.001	0.001	0.997
0.001	0.001	0.001	0.997
0.001	0.997	0.001	0.001
0.001	0.863	0.135	0.001
>GTGTTTGC	14-GTGTTTGC	7.088839	-20.711555	0	T:740.0(16.97%),B:10507.2(13.74%),P:1e-8	Tpos:99.3,Tstd:56.0,Bpos:99.5,Bstd:65.4,StrandBias:0.1,Multiplicity:1.14
0.062	0.100	0.767	0.071
0.001	0.047	0.001	0.951
0.001	0.042	0.911	0.046
0.001	0.022	0.064	0.913
0.001	0.019	0.001	0.979
0.001	0.001	0.034	0.964
0.092	0.001	0.871	0.036
0.068	0.742	0.094	0.096
>GCHTAAGT	15-GCHTAAGT	8.178849	-19.610164	0	T:134.0(3.07%),B:1363.4(1.78%),P:1e-8	Tpos:97.5,Tstd:52.7,Bpos:100.4,Bstd:61.5,StrandBias:0.0,Multiplicity:1.17
0.001	0.270	0.728	0.001
0.001	0.997	0.001	0.001
0.271	0.365	0.001	0.363
0.001	0.001	0.001	0.997
0.997	0.001	0.001	0.001
0.997	0.001	0.001	0.001
0.001	0.326	0.672	0.001
0.001	0.007	0.310	0.682
>TTACGKAT	16-TTACGKAT	8.204191	-19.271298	0	T:97.0(2.22%),B:891.3(1.17%),P:1e-8	Tpos:97.0,Tstd:54.8,Bpos:101.6,Bstd:69.9,StrandBias:0.1,Multiplicity:1.03
0.001	0.223	0.001	0.775
0.001	0.167	0.266	0.566
0.883	0.001	0.115	0.001
0.001	0.982	0.016	0.001
0.147	0.001	0.851	0.001
0.001	0.088	0.509	0.402
0.573	0.352	0.074	0.001
0.001	0.034	0.003	0.962
>CCCACCTA	17-CCCACCTA	9.933008	-17.482009	0	T:42.0(0.96%),B:275.3(0.36%),P:1e-7	Tpos:114.5,Tstd:57.8,Bpos:99.9,Bstd:53.3,StrandBias:0.0,Multiplicity:1.00
0.001	0.997	0.001	0.001
0.001	0.997	0.001	0.001
0.001	0.997	0.001	0.001
0.997	0.001	0.001	0.001
0.001	0.997	0.001	0.001
0.001	0.677	0.321	0.001
0.001	0.001	0.001	0.997
0.997	0.001	0.001	0.001
>RGTGACCC	18-RGTGACCC	8.041039	-13.914529	0	T:131.0(3.00%),B:1471.8(1.92%),P:1e-6	Tpos:103.5,Tstd:57.9,Bpos:98.5,Bstd:55.2,StrandBias:0.2,Multiplicity:1.05
0.466	0.001	0.532	0.001
0.001	0.001	0.997	0.001
0.013	0.001	0.001	0.985
0.171	0.161	0.667	0.001
0.876	0.001	0.001	0.122
0.001	0.997	0.001	0.001
0.011	0.826	0.162	0.001
0.210	0.781	0.001	0.008
>CGTTTACG	19-CGTTTACG	9.923618	-13.508662	0	T:48.0(1.10%),B:390.2(0.51%),P:1e-5	Tpos:89.2,Tstd:49.7,Bpos:94.7,Bstd:59.5,StrandBias:-0.4,Multiplicity:1.00
0.001	0.997	0.001	0.001
0.001	0.001	0.997	0.001
0.001	0.001	0.001	0.997
0.001	0.001	0.001	0.997
0.001	0.001	0.001	0.997
0.997	0.001	0.001	0.001
0.318	0.680	0.001	0.001
0.001	0.001	0.997	0.001
