>GATCGATA	1-GATCGATA	7.980111	-430.482794	0	T:695.0(15.94%),B:3342.9(4.37%),P:1e-186	Tpos:99.3,Tstd:51.0,Bpos:97.8,Bstd:72.4,StrandBias:-0.0,Multiplicity:1.08
0.183	0.001	0.815	0.001
0.997	0.001	0.001	0.001
0.001	0.001	0.001	0.997
0.001	0.997	0.001	0.001
0.255	0.001	0.743	0.001
0.997	0.001	0.001	0.001
0.001	0.001	0.001	0.997
0.970	0.001	0.028	0.001
>ATCGATCT	2-ATCGATCT	6.049000	-387.093890	0	T:907.0(20.80%),B:5789.1(7.57%),P:1e-168	Tpos:101.9,Tstd:50.9,Bpos:100.2,Bstd:66.2,StrandBias:-0.1,Multiplicity:1.28
0.997	0.001	0.001	0.001
0.001	0.001	0.001	0.997
0.001	0.959	0.001	0.039
0.001	0.001	0.997	0.001
0.997	0.001	0.001	0.001
0.001	0.011	0.001	0.987
0.119	0.561	0.001	0.319
0.079	0.028	0.303	0.590
>RCATTCCW	3-RCATTCCW	6.450897	-213.692534	0	T:1090.0(24.99%),B:10236.5(13.38%),P:1e-92	Tpos:102.4,Tstd:54.9,Bpos:98.1,Bstd:72.2,StrandBias:0.0,Multiplicity:1.17
0.411	0.048	0.502	0.039
0.247	0.701	0.038	0.014
0.940	0.018	0.028	0.014
0.010	0.009	0.013	0.968
0.217	0.023	0.053	0.707
0.038	0.911	0.027	0.024
0.019	0.866	0.001	0.114
0.355	0.039	0.104	0.502
>TKACGTAA	4-TKACGTAA	6.189037	-97.351563	0	T:1303.0(29.88%),B:16090.2(21.04%),P:1e-42	Tpos:101.1,Tstd:51.4,Bpos:100.3,Bstd:68.6,StrandBias:0.0,Multiplicity:1.19
0.026	0.040	0.024	0.910
0.043	0.058	0.404	0.494
0.833	0.058	0.108	0.001
0.001	0.690	0.050	0.259
0.329	0.049	0.566	0.056
0.001	0.108	0.031	0.860
0.817	0.124	0.029	0.030
0.836	0.068	0.070	0.026
>TCAATAGW	5-TCAATAGW	7.432636	-61.564252	0	T:700.0(16.05%),B:8159.1(10.67%),P:1e-26	Tpos:102.5,Tstd:55.4,Bpos:99.5,Bstd:73.1,StrandBias:0.2,Multiplicity:1.07
0.001	0.001	0.078	0.920
0.001	0.745	0.140	0.114
0.674	0.066	0.001	0.259
0.997	0.001	0.001	0.001
0.001	0.077	0.001	0.921
0.905	0.001	0.093	0.001
0.295	0.210	0.494	0.001
0.469	0.030	0.136	0.364
>GCCCCGGG	6-GCCCCGGG	5.475134	-41.441908	0	T:314.0(7.20%),B:3259.8(4.26%),P:1e-17	Tpos:94.9,Tstd:53.1,Bpos:99.9,Bstd:56.7,StrandBias:-0.0,Multiplicity:1.08
0.001	0.083	0.915	0.001
0.001	0.997	0.001	0.001
0.001	0.973	0.001	0.025
0.055	0.767	0.013	0.165
0.001	0.763	0.199	0.037
0.137	0.065	0.718	0.080
0.030	0.001	0.968	0.001
0.001	0.031	0.967	0.001
>AATCAATG	7-AATCAATG	9.130321	-39.063303	0	T:286.0(6.56%),B:2938.7(3.84%),P:1e-16	Tpos:98.4,Tstd:51.9,Bpos:98.3,Bstd:69.3,StrandBias:0.0,Multiplicity:1.04
0.997	0.001	0.001	0.001
0.728	0.270	0.001	0.001
0.001	0.001	0.001	0.997
0.001	0.997	0.001	0.001
0.997	0.001	0.001	0.001
0.997	0.001	0.001	0.001
0.001	0.001	0.001	0.997
0.001	0.197	0.801	0.001
>AGTATTTG	8-AGTATTTG	7.581092	-38.178610	0	T:745.0(17.08%),B:9685.1(12.66%),P:1e-16	Tpos:101.1,Tstd:55.6,Bpos:98.8,Bstd:77.6,StrandBias:-0.2,Multiplicity:1.11
0.794	0.001	0.204	0.001
0.402	0.015	0.569	0.014
0.001	0.139	0.028	0.832
0.994	0.001	0.004	0.001
0.193	0.001	0.001	0.805
0.001	0.001	0.001	0.997
0.001	0.001	0.001	0.997
0.001	0.001	0.599	0.399
>CTVAKCCY	9-CTVAKCCY	6.218726	-36.977803	0	T:427.0(9.79%),B:4967.7(6.50%),P:1e-16	Tpos:101.1,Tstd:56.5,Bpos:100.6,Bstd:62.9,StrandBias:0.1,Multiplicity:1.05
0.001	0.844	0.154	0.001
0.235	0.168	0.001	0.596
0.418	0.299	0.282	0.001
0.997	0.001	0.001	0.001
0.001	0.134	0.482	0.383
0.001	0.649	0.161	0.189
0.001	0.859	0.139	0.001
0.001	0.442	0.090	0.467
>GTAATCCC	10-GTAATCCC	6.829534	-32.260467	0	T:438.0(10.04%),B:5286.7(6.91%),P:1e-14	Tpos:105.8,Tstd:55.3,Bpos:101.7,Bstd:64.4,StrandBias:-0.0,Multiplicity:1.08
0.074	0.061	0.782	0.083
0.001	0.001	0.046	0.952
0.903	0.001	0.001	0.095
0.997	0.001	0.001	0.001
0.001	0.001	0.043	0.955
0.129	0.817	0.034	0.020
0.052	0.868	0.040	0.040
0.059	0.747	0.100	0.094
>AGTGCTTT	11-AGTGCTTT	5.173877	-31.505976	0	T:1887.0(43.27%),B:28808.6(37.67%),P:1e-13	Tpos:100.1,Tstd:55.8,Bpos:100.5,Bstd:68.6,StrandBias:-0.0,Multiplicity:1.29
0.659	0.130	0.085	0.126
0.141	0.052	0.767	0.040
0.100	0.114	0.106	0.680
0.046	0.130	0.674	0.150
0.065	0.808	0.072	0.055
0.062	0.147	0.119	0.672
0.038	0.048	0.026	0.888
0.064	0.029	0.049	0.858
>TATCGACC	12-TATCGACC	8.880066	-30.983720	0	T:66.0(1.51%),B:389.1(0.51%),P:1e-13	Tpos:97.5,Tstd:50.0,Bpos:99.3,Bstd:54.9,StrandBias:0.3,Multiplicity:1.05
0.001	0.001	0.001	0.997
0.997	0.001	0.001	0.001
0.001	0.001	0.112	0.886
0.001	0.997	0.001	0.001
0.001	0.001	0.997	0.001
0.997	0.001	0.001	0.001
0.001	0.997	0.001	0.001
0.001	0.997	0.001	0.001
>ATTGTTCC	13-ATTGTTCC	8.327242	-23.842014	0	T:223.0(5.11%),B:2468.7(3.23%),P:1e-10	Tpos:108.8,Tstd:54.4,Bpos:100.1,Bstd:64.3,StrandBias:0.4,Multiplicity:1.03
0.912	0.086	0.001	0.001
0.001	0.135	0.001	0.863
0.001	0.001	0.001	0.997
0.001	0.001	0.997	0.001
0.001	0.001	0.001	0.997
0.001	0.001	0.001	0.997
0.001	0.997	0.001	0.001
0.001	0.863	0.135	0.001
>GTGTTTGC	14-GTGTTTGC	7.088839	-20.711555	0	T:740.0(16.97%),B:10507.2(13.74%),P:1e-8	Tpos:99.3,Tstd:56.0,Bpos:99.5,Bstd:65.4,StrandBias:0.1,Multiplicity:1.14
0.062	0.100	0.767	0.071
0.001	0.047	0.001	0.951
0.001	0.042	0.911	0.046
0.001	0.022	0.064	0.913
0.001	0.019	0.001	0.979
0.001	0.001	0.034	0.964
0.092	0.001	0.871	0.036
0.068	0.742	0.094	0.096
>GCHTAAGT	15-GCHTAAGT	8.178849	-19.610164	0	T:134.0(3.07%),B:1363.4(1.78%),P:1e-8	Tpos:97.5,Tstd:52.7,Bpos:100.4,Bstd:61.5,StrandBias:0.0,Multiplicity:1.17
0.001	0.270	0.728	0.001
0.001	0.997	0.001	0.001
0.271	0.365	0.001	0.363
0.001	0.001	0.001	0.997
0.997	0.001	0.001	0.001
0.997	0.001	0.001	0.001
0.001	0.326	0.672	0.001
0.001	0.007	0.310	0.682
>TTACGKAT	16-TTACGKAT	8.204191	-19.271298	0	T:97.0(2.22%),B:891.3(1.17%),P:1e-8	Tpos:97.0,Tstd:54.8,Bpos:101.6,Bstd:69.9,StrandBias:0.1,Multiplicity:1.03
0.001	0.223	0.001	0.775
0.001	0.167	0.266	0.566
0.883	0.001	0.115	0.001
0.001	0.982	0.016	0.001
0.147	0.001	0.851	0.001
0.001	0.088	0.509	0.402
0.573	0.352	0.074	0.001
0.001	0.034	0.003	0.962
>CCCACCTA	17-CCCACCTA	9.933008	-17.482009	0	T:42.0(0.96%),B:275.3(0.36%),P:1e-7	Tpos:114.5,Tstd:57.8,Bpos:99.9,Bstd:53.3,StrandBias:0.0,Multiplicity:1.00
0.001	0.997	0.001	0.001
0.001	0.997	0.001	0.001
0.001	0.997	0.001	0.001
0.997	0.001	0.001	0.001
0.001	0.997	0.001	0.001
0.001	0.677	0.321	0.001
0.001	0.001	0.001	0.997
0.997	0.001	0.001	0.001
>RGTGACCC	18-RGTGACCC	8.041039	-13.914529	0	T:131.0(3.00%),B:1471.8(1.92%),P:1e-6	Tpos:103.5,Tstd:57.9,Bpos:98.5,Bstd:55.2,StrandBias:0.2,Multiplicity:1.05
0.466	0.001	0.532	0.001
0.001	0.001	0.997	0.001
0.013	0.001	0.001	0.985
0.171	0.161	0.667	0.001
0.876	0.001	0.001	0.122
0.001	0.997	0.001	0.001
0.011	0.826	0.162	0.001
0.210	0.781	0.001	0.008
>CGTTTACG	19-CGTTTACG	9.923618	-13.508662	0	T:48.0(1.10%),B:390.2(0.51%),P:1e-5	Tpos:89.2,Tstd:49.7,Bpos:94.7,Bstd:59.5,StrandBias:-0.4,Multiplicity:1.00
0.001	0.997	0.001	0.001
0.001	0.001	0.997	0.001
0.001	0.001	0.001	0.997
0.001	0.001	0.001	0.997
0.001	0.001	0.001	0.997
0.997	0.001	0.001	0.001
0.318	0.680	0.001	0.001
0.001	0.001	0.997	0.001
