>NHDATCGATH	1-NHDATCGATH	7.164201	-467.369041	0	T:794.0(18.21%),B:4011.7(5.25%),P:1e-202	Tpos:102.3,Tstd:49.9,Bpos:100.4,Bstd:64.6,StrandBias:-0.0,Multiplicity:1.22
0.283	0.257	0.246	0.214
0.310	0.254	0.144	0.292
0.376	0.096	0.294	0.234
0.882	0.021	0.081	0.016
0.042	0.024	0.027	0.907
0.026	0.912	0.036	0.026
0.245	0.025	0.701	0.029
0.920	0.021	0.023	0.036
0.042	0.041	0.008	0.909
0.352	0.270	0.106	0.273
>NVRCATTCCT	2-NVRCATTCCT	7.382678	-217.255921	0	T:818.0(18.76%),B:6672.3(8.72%),P:1e-94	Tpos:101.1,Tstd:54.2,Bpos:98.0,Bstd:72.4,StrandBias:0.1,Multiplicity:1.10
0.236	0.205	0.253	0.306
0.232	0.251	0.344	0.173
0.515	0.001	0.483	0.001
0.277	0.608	0.114	0.001
0.997	0.001	0.001	0.001
0.001	0.001	0.001	0.997
0.093	0.001	0.187	0.719
0.001	0.997	0.001	0.001
0.010	0.715	0.001	0.274
0.398	0.001	0.050	0.551
>NNTTACGTAA	3-NNTTACGTAA	6.564672	-124.784721	0	T:1265.0(29.01%),B:14685.2(19.20%),P:1e-54	Tpos:101.2,Tstd:51.0,Bpos:100.3,Bstd:69.5,StrandBias:-0.0,Multiplicity:1.17
0.228	0.221	0.269	0.282
0.249	0.253	0.243	0.255
0.176	0.021	0.029	0.774
0.014	0.002	0.230	0.754
0.788	0.016	0.195	0.001
0.047	0.654	0.073	0.226
0.274	0.095	0.623	0.008
0.001	0.171	0.013	0.815
0.664	0.274	0.001	0.061
0.928	0.001	0.019	0.052
>SCGATCAATA	4-SCGATCAATA	7.681168	-110.307430	0	T:212.0(4.86%),B:1133.0(1.48%),P:1e-47	Tpos:102.3,Tstd:52.3,Bpos:100.1,Bstd:66.0,StrandBias:0.2,Multiplicity:1.01
0.177	0.277	0.406	0.140
0.111	0.483	0.258	0.149
0.163	0.086	0.713	0.038
0.641	0.113	0.129	0.117
0.117	0.045	0.065	0.773
0.021	0.878	0.039	0.062
0.669	0.127	0.113	0.091
0.807	0.100	0.030	0.063
0.070	0.020	0.053	0.857
0.567	0.125	0.229	0.079
>WGCCCCGRGG	5-WGCCCCGRGG	5.611424	-73.979253	0	T:320.0(7.34%),B:2709.4(3.54%),P:1e-32	Tpos:96.0,Tstd:52.0,Bpos:98.7,Bstd:56.0,StrandBias:-0.1,Multiplicity:1.05
0.379	0.128	0.077	0.416
0.194	0.178	0.551	0.077
0.062	0.691	0.187	0.060
0.066	0.793	0.069	0.072
0.102	0.518	0.075	0.305
0.131	0.462	0.246	0.161
0.260	0.251	0.420	0.069
0.386	0.088	0.465	0.062
0.065	0.061	0.823	0.051
0.067	0.289	0.567	0.077
>MTCAATGAAA	6-MTCAATGAAA	5.614885	-55.876277	0	T:1289.0(29.56%),B:17457.8(22.83%),P:1e-24	Tpos:97.6,Tstd:55.1,Bpos:99.9,Bstd:70.3,StrandBias:0.0,Multiplicity:1.16
0.384	0.457	0.020	0.139
0.037	0.047	0.180	0.736
0.050	0.627	0.100	0.223
0.584	0.043	0.228	0.145
0.803	0.123	0.050	0.024
0.283	0.144	0.090	0.483
0.135	0.113	0.566	0.186
0.496	0.263	0.148	0.093
0.560	0.269	0.099	0.072
0.509	0.302	0.142	0.047
>TCAATAAASC	7-TCAATAAASC	7.402391	-52.914280	0	T:311.0(7.13%),B:2968.6(3.88%),P:1e-22	Tpos:100.5,Tstd:52.1,Bpos:102.4,Bstd:65.3,StrandBias:-0.1,Multiplicity:1.04
0.180	0.200	0.097	0.523
0.001	0.965	0.010	0.024
0.594	0.001	0.280	0.125
0.730	0.177	0.092	0.001
0.142	0.177	0.001	0.680
0.722	0.001	0.276	0.001
0.811	0.143	0.045	0.001
0.486	0.335	0.001	0.178
0.025	0.537	0.411	0.027
0.134	0.524	0.341	0.001
>ATRCCTSGCA	8-ATRCCTSGCA	7.397067	-46.527017	0	T:250.0(5.73%),B:2310.1(3.02%),P:1e-20	Tpos:100.0,Tstd:56.7,Bpos:101.4,Bstd:69.3,StrandBias:0.3,Multiplicity:1.03
0.928	0.001	0.001	0.070
0.142	0.001	0.023	0.834
0.446	0.001	0.298	0.255
0.001	0.997	0.001	0.001
0.001	0.547	0.349	0.103
0.147	0.207	0.164	0.482
0.001	0.334	0.473	0.192
0.001	0.166	0.671	0.162
0.046	0.621	0.001	0.332
0.803	0.001	0.153	0.043
>GGGGGATTAR	9-GGGGGATTAR	7.343218	-45.170976	0	T:259.0(5.94%),B:2451.6(3.21%),P:1e-19	Tpos:107.0,Tstd:54.3,Bpos:100.5,Bstd:67.1,StrandBias:0.1,Multiplicity:1.07
0.184	0.001	0.814	0.001
0.185	0.001	0.627	0.187
0.200	0.001	0.692	0.107
0.187	0.001	0.811	0.001
0.001	0.190	0.799	0.010
0.903	0.001	0.071	0.025
0.101	0.001	0.001	0.897
0.013	0.001	0.169	0.817
0.817	0.001	0.001	0.181
0.465	0.145	0.324	0.066
>GGTCGATATT	10-GGTCGATATT	9.554591	-42.643325	0	T:72.0(1.65%),B:355.6(0.46%),P:1e-18	Tpos:109.0,Tstd:55.6,Bpos:98.7,Bstd:65.6,StrandBias:0.0,Multiplicity:1.01
0.042	0.040	0.877	0.041
0.001	0.015	0.950	0.034
0.015	0.012	0.001	0.972
0.001	0.997	0.001	0.001
0.082	0.001	0.916	0.001
0.891	0.072	0.036	0.001
0.001	0.001	0.027	0.971
0.933	0.020	0.001	0.046
0.052	0.026	0.039	0.883
0.001	0.058	0.023	0.918
>TTGGCAAACA	11-TTGGCAAACA	7.110461	-42.313661	0	T:747.0(17.13%),B:9542.9(12.48%),P:1e-18	Tpos:98.9,Tstd:56.2,Bpos:99.7,Bstd:70.5,StrandBias:-0.1,Multiplicity:1.10
0.275	0.036	0.035	0.654
0.136	0.125	0.186	0.553
0.145	0.004	0.581	0.270
0.184	0.138	0.516	0.162
0.011	0.956	0.024	0.009
0.916	0.033	0.027	0.024
0.697	0.139	0.028	0.136
0.827	0.029	0.071	0.073
0.019	0.652	0.110	0.219
0.783	0.049	0.156	0.012
>NTCWGGCVTG	12-NTCWGGCVTG	5.687928	-33.927002	0	T:361.0(8.28%),B:4116.6(5.38%),P:1e-14	Tpos:101.7,Tstd:55.9,Bpos:99.8,Bstd:60.7,StrandBias:0.1,Multiplicity:1.07
0.209	0.352	0.204	0.236
0.065	0.104	0.128	0.703
0.138	0.476	0.272	0.114
0.352	0.073	0.105	0.470
0.050	0.086	0.657	0.207
0.177	0.110	0.521	0.192
0.072	0.496	0.087	0.345
0.362	0.320	0.245	0.073
0.036	0.086	0.092	0.786
0.217	0.067	0.447	0.269
>AAATATTTBA	13-AAATATTTBA	8.483766	-33.741578	0	T:220.0(5.04%),B:2181.8(2.85%),P:1e-14	Tpos:104.6,Tstd:54.2,Bpos:99.1,Bstd:82.3,StrandBias:0.1,Multiplicity:1.07
0.893	0.087	0.019	0.001
0.879	0.009	0.090	0.022
0.806	0.023	0.137	0.034
0.070	0.010	0.013	0.907
0.784	0.057	0.055	0.104
0.072	0.083	0.020	0.825
0.001	0.012	0.050	0.937
0.034	0.117	0.011	0.838
0.009	0.281	0.387	0.324
0.477	0.185	0.236	0.102
>TCTCCCAGCC	14-TCTCCCAGCC	7.658234	-31.273694	0	T:47.0(1.08%),B:214.1(0.28%),P:1e-13	Tpos:97.6,Tstd:60.0,Bpos:101.0,Bstd:54.7,StrandBias:-0.1,Multiplicity:1.00
0.179	0.232	0.026	0.563
0.150	0.504	0.127	0.219
0.339	0.044	0.068	0.549
0.001	0.686	0.256	0.057
0.130	0.724	0.044	0.102
0.024	0.559	0.389	0.028
0.559	0.006	0.339	0.096
0.027	0.265	0.687	0.021
0.033	0.593	0.162	0.212
0.025	0.764	0.186	0.025
>TTTCCAACGG	15-TTTCCAACGG	6.739071	-29.809260	0	T:359.0(8.23%),B:4218.6(5.52%),P:1e-12	Tpos:103.7,Tstd:54.9,Bpos:98.8,Bstd:64.6,StrandBias:-0.2,Multiplicity:1.04
0.038	0.076	0.064	0.822
0.074	0.074	0.113	0.739
0.047	0.112	0.041	0.800
0.062	0.800	0.069	0.069
0.073	0.861	0.028	0.038
0.774	0.080	0.075	0.071
0.776	0.038	0.059	0.127
0.114	0.802	0.052	0.032
0.064	0.082	0.780	0.074
0.046	0.076	0.853	0.025
>ACACCGCGGT	16-ACACCGCGGT	6.601111	-29.705246	0	T:284.0(6.51%),B:3153.0(4.12%),P:1e-12	Tpos:94.6,Tstd:57.2,Bpos:99.7,Bstd:58.6,StrandBias:0.1,Multiplicity:1.03
0.785	0.001	0.154	0.060
0.129	0.709	0.024	0.138
0.812	0.001	0.079	0.108
0.063	0.793	0.135	0.009
0.197	0.605	0.074	0.124
0.059	0.002	0.921	0.018
0.001	0.833	0.097	0.069
0.146	0.001	0.851	0.002
0.006	0.106	0.787	0.101
0.048	0.043	0.001	0.908
>ACAATGGCCA	17-ACAATGGCCA	7.291247	-25.932335	0	T:408.0(9.36%),B:5078.2(6.64%),P:1e-11	Tpos:98.1,Tstd:53.9,Bpos:100.3,Bstd:63.7,StrandBias:-0.2,Multiplicity:1.04
0.830	0.054	0.045	0.071
0.075	0.730	0.086	0.109
0.874	0.061	0.041	0.024
0.804	0.089	0.046	0.061
0.084	0.053	0.037	0.826
0.067	0.082	0.792	0.059
0.053	0.096	0.810	0.041
0.128	0.743	0.091	0.038
0.044	0.773	0.086	0.097
0.824	0.053	0.067	0.056
>CCCTGAATAC	18-CCCTGAATAC	8.081770	-25.594259	0	T:77.0(1.77%),B:559.1(0.73%),P:1e-11	Tpos:94.8,Tstd:53.0,Bpos:98.9,Bstd:61.0,StrandBias:-0.3,Multiplicity:1.01
0.108	0.694	0.018	0.180
0.154	0.676	0.044	0.126
0.005	0.798	0.006	0.191
0.119	0.025	0.028	0.828
0.015	0.175	0.651	0.159
0.749	0.132	0.046	0.073
0.552	0.087	0.207	0.154
0.162	0.119	0.015	0.704
0.581	0.032	0.200	0.187
0.220	0.749	0.020	0.011
>CCGGASTTMT	19-CCGGASTTMT	11.121232	-23.438879	0	T:12.0(0.28%),B:14.6(0.02%),P:1e-10	Tpos:118.7,Tstd:53.7,Bpos:103.7,Bstd:52.3,StrandBias:0.6,Multiplicity:1.00
0.001	0.997	0.001	0.001
0.001	0.997	0.001	0.001
0.001	0.001	0.997	0.001
0.001	0.001	0.997	0.001
0.780	0.218	0.001	0.001
0.001	0.511	0.487	0.001
0.293	0.001	0.001	0.705
0.001	0.001	0.001	0.997
0.562	0.436	0.001	0.001
0.001	0.001	0.001	0.997
>GTTCCCTATA	20-GTTCCCTATA	9.506091	-18.229182	0	T:36.0(0.83%),B:208.7(0.27%),P:1e-7	Tpos:88.5,Tstd:49.6,Bpos:100.3,Bstd:56.7,StrandBias:0.3,Multiplicity:1.03
0.001	0.001	0.948	0.050
0.001	0.101	0.145	0.753
0.001	0.011	0.001	0.987
0.091	0.844	0.001	0.064
0.001	0.643	0.355	0.001
0.083	0.915	0.001	0.001
0.001	0.001	0.001	0.997
0.848	0.150	0.001	0.001
0.001	0.011	0.001	0.987
0.585	0.413	0.001	0.001
>TGMGCCGTAA	21-TGMGCCGTAA	6.986407	-17.794937	0	T:33.0(0.76%),B:183.5(0.24%),P:1e-7	Tpos:80.5,Tstd:50.1,Bpos:96.0,Bstd:63.0,StrandBias:0.5,Multiplicity:1.03
0.219	0.202	0.045	0.534
0.001	0.045	0.642	0.312
0.443	0.315	0.160	0.081
0.001	0.001	0.743	0.255
0.028	0.740	0.031	0.201
0.218	0.414	0.179	0.189
0.096	0.070	0.598	0.236
0.229	0.001	0.289	0.481
0.507	0.277	0.001	0.215
0.499	0.081	0.253	0.167
>AGCATTCCGA	22-AGCATTCCGA	10.296193	-15.645729	0	T:6.0(0.14%),B:4.7(0.01%),P:1e-6	Tpos:125.0,Tstd:48.0,Bpos:91.6,Bstd:53.5,StrandBias:1.0,Multiplicity:1.00
0.700	0.100	0.100	0.100
0.100	0.100	0.700	0.100
0.100	0.700	0.100	0.100
0.700	0.100	0.100	0.100
0.100	0.100	0.100	0.700
0.100	0.100	0.100	0.700
0.100	0.700	0.100	0.100
0.100	0.700	0.100	0.100
0.100	0.100	0.700	0.100
0.700	0.100	0.100	0.100
>GTATAGTTAG	23-GTATAGTTAG	10.261636	-11.528565	0	T:17.0(0.39%),B:83.5(0.11%),P:1e-5	Tpos:92.5,Tstd:56.4,Bpos:97.2,Bstd:54.4,StrandBias:0.2,Multiplicity:1.88
0.001	0.001	0.997	0.001
0.001	0.001	0.001	0.997
0.593	0.001	0.405	0.001
0.001	0.001	0.275	0.723
0.997	0.001	0.001	0.001
0.001	0.001	0.997	0.001
0.001	0.001	0.001	0.997
0.001	0.001	0.001	0.997
0.933	0.065	0.001	0.001
0.001	0.001	0.997	0.001
>GGACTAGGGA	24-GGACTAGGGA	12.648459	-11.300742	0	T:5.0(0.11%),B:5.6(0.01%),P:1e-4	Tpos:101.1,Tstd:57.1,Bpos:112.9,Bstd:47.5,StrandBias:-1.6,Multiplicity:1.60
0.001	0.001	0.997	0.001
0.001	0.001	0.997	0.001
0.693	0.305	0.001	0.001
0.001	0.997	0.001	0.001
0.001	0.001	0.001	0.997
0.997	0.001	0.001	0.001
0.001	0.001	0.997	0.001
0.001	0.001	0.997	0.001
0.001	0.001	0.997	0.001
0.997	0.001	0.001	0.001
>TCCTCCCGGC	25-TCCTCCCGGC	13.724970	-10.428107	0	T:3.0(0.07%),B:1.6(0.00%),P:1e-4	Tpos:77.2,Tstd:47.1,Bpos:128.4,Bstd:42.2,StrandBias:-1.0,Multiplicity:2.00
0.001	0.001	0.001	0.997
0.001	0.997	0.001	0.001
0.001	0.997	0.001	0.001
0.001	0.001	0.001	0.997
0.001	0.997	0.001	0.001
0.001	0.997	0.001	0.001
0.001	0.895	0.001	0.103
0.001	0.001	0.997	0.001
0.001	0.001	0.997	0.001
0.001	0.997	0.001	0.001
