>AGATGGCGGCTC	21-AGATGGCGGCTC	13.158230	-12.878547	0	T:4.0(0.26%),B:2.7(0.01%),P:1e-5
0.713	0.050	0.101	0.136
0.091	0.122	0.692	0.095
0.784	0.072	0.079	0.065
0.079	0.079	0.050	0.792
0.093	0.051	0.813	0.043
0.086	0.036	0.835	0.043
0.050	0.814	0.050	0.086
0.137	0.055	0.686	0.122
0.115	0.058	0.739	0.088
0.102	0.783	0.065	0.050
0.129	0.108	0.086	0.677
0.079	0.679	0.091	0.151
