>TGATAAATTATG	10-TGATAAATTATG,BestGuess:POU4F3/MA0791.1/Jaspar(0.730)	9.105912	-24.065746	0	T:68.0(4.42%),B:611.5(1.79%),P:1e-10
0.035	0.060	0.026	0.879
0.042	0.103	0.743	0.112
0.826	0.016	0.082	0.076
0.064	0.065	0.079	0.792
0.908	0.001	0.074	0.017
0.924	0.016	0.027	0.033
0.826	0.033	0.070	0.071
0.120	0.028	0.029	0.823
0.069	0.013	0.117	0.801
0.854	0.044	0.029	0.073
0.056	0.049	0.066	0.829
0.089	0.058	0.801	0.052
