>ATTCATTCATTC	18-GAATGAATGAAT	10.043192	-17.722673	0	T:30.0(1.95%),B:198.5(0.58%),P:1e-7
0.900	0.001	0.038	0.061
0.001	0.073	0.001	0.925
0.170	0.001	0.001	0.828
0.068	0.895	0.001	0.036
0.762	0.001	0.001	0.236
0.001	0.146	0.001	0.852
0.001	0.001	0.036	0.962
0.113	0.885	0.001	0.001
0.742	0.110	0.147	0.001
0.163	0.183	0.001	0.653
0.001	0.066	0.073	0.860
0.110	0.741	0.039	0.110
