>GAATGAATGAAT	18-GAATGAATGAAT,BestGuess:ZNF24/MA1124.1/Jaspar(0.954)	10.043192	-17.722673	0	T:30.0(1.95%),B:198.5(0.58%),P:1e-7
0.110	0.039	0.741	0.110
0.860	0.073	0.066	0.001
0.653	0.001	0.183	0.163
0.001	0.147	0.110	0.742
0.001	0.001	0.885	0.113
0.962	0.036	0.001	0.001
0.852	0.001	0.146	0.001
0.236	0.001	0.001	0.762
0.036	0.001	0.895	0.068
0.828	0.001	0.001	0.170
0.925	0.001	0.073	0.001
0.061	0.038	0.001	0.900
