>ACGGTTCAAGGA	4-ACGGTTCAAGGA,BestGuess:ZBTB6/MA1581.1/Jaspar(0.683)	10.103400	-30.812154	0	T:17.0(1.10%),B:28.9(0.08%),P:1e-13
0.817	0.135	0.047	0.001
0.126	0.784	0.045	0.045
0.001	0.047	0.781	0.171
0.090	0.181	0.681	0.048
0.045	0.135	0.001	0.819
0.048	0.045	0.045	0.862
0.045	0.909	0.045	0.001
0.954	0.044	0.001	0.001
0.909	0.045	0.045	0.001
0.045	0.090	0.729	0.136
0.045	0.093	0.817	0.045
0.954	0.044	0.001	0.001
