>TTTTATATTTAA	21-TTTTATATTTAA	9.582227	-18.694246	0	T:42.0(4.05%),B:506.9(1.46%),P:1e-8
0.172	0.067	0.063	0.698
0.170	0.001	0.001	0.828
0.033	0.111	0.140	0.716
0.099	0.001	0.001	0.899
0.768	0.001	0.230	0.001
0.182	0.001	0.041	0.776
0.876	0.001	0.100	0.023
0.077	0.041	0.001	0.881
0.196	0.001	0.096	0.707
0.252	0.001	0.001	0.746
0.943	0.001	0.055	0.001
0.899	0.001	0.099	0.001
