>GCACCTTCTCAA	16-TTGAGAAGGTGC	9.871591	-22.837838	0	T:21.0(2.02%),B:115.3(0.33%),P:1e-9
0.087	0.088	0.738	0.087
0.173	0.653	0.087	0.087
0.956	0.001	0.042	0.001
0.122	0.789	0.087	0.002
0.001	0.956	0.001	0.042
0.087	0.043	0.043	0.827
0.043	0.043	0.001	0.913
0.165	0.661	0.001	0.173
0.043	0.001	0.043	0.913
0.001	0.866	0.088	0.045
0.824	0.045	0.001	0.130
0.912	0.001	0.086	0.001
