>CAAATAAACAAA	19-TTTGTTTATTTG	10.962437	-21.037605	0	T:9.0(0.87%),B:14.8(0.04%),P:1e-9
0.053	0.536	0.164	0.247
0.856	0.050	0.062	0.032
0.792	0.041	0.123	0.044
0.665	0.035	0.259	0.041
0.044	0.048	0.066	0.842
0.407	0.119	0.226	0.248
0.457	0.294	0.009	0.240
0.927	0.027	0.009	0.037
0.108	0.803	0.060	0.029
0.749	0.027	0.041	0.183
0.426	0.225	0.201	0.148
0.724	0.217	0.007	0.052
