>CYGATATCTNGC	9-CYGATATCTNGC,BestGuess:PB0126.1_Gata5_2/Jaspar(0.806)	9.174153	-24.775220	0	T:15.0(1.45%),B:45.3(0.13%),P:1e-10
0.239	0.464	0.016	0.281
0.039	0.437	0.176	0.347
0.093	0.024	0.831	0.052
0.878	0.054	0.031	0.037
0.234	0.122	0.159	0.485
0.488	0.031	0.156	0.324
0.041	0.043	0.030	0.886
0.071	0.796	0.047	0.086
0.186	0.055	0.038	0.721
0.177	0.306	0.320	0.197
0.029	0.030	0.625	0.316
0.231	0.505	0.037	0.227
