>TTTGTTTATTTG	19-TTTGTTTATTTG,BestGuess:MF0005.1_Forkhead_class/Jaspar(0.772)	10.962437	-21.037605	0	T:9.0(0.87%),B:14.8(0.04%),P:1e-9
0.052	0.007	0.217	0.724
0.148	0.201	0.225	0.426
0.183	0.041	0.027	0.749
0.029	0.060	0.803	0.108
0.037	0.009	0.027	0.927
0.240	0.009	0.294	0.457
0.248	0.226	0.119	0.407
0.842	0.066	0.048	0.044
0.041	0.259	0.035	0.665
0.044	0.123	0.041	0.792
0.032	0.062	0.050	0.856
0.247	0.164	0.536	0.053
