>GAAGCTCGTCTA	1-GAAGCTCGTCTA	9.457614	-43.358411	0	T:10.0(0.96%),B:2.3(0.01%),P:1e-18	Tpos:120.6,Tstd:56.2,Bpos:164.4,Bstd:34.0,StrandBias:-0.6,Multiplicity:1.00
0.001	0.001	0.997	0.001
0.778	0.001	0.220	0.001
0.961	0.037	0.001	0.001
0.001	0.001	0.997	0.001
0.001	0.997	0.001	0.001
0.001	0.001	0.001	0.997
0.001	0.997	0.001	0.001
0.001	0.001	0.997	0.001
0.001	0.001	0.001	0.997
0.001	0.997	0.001	0.001
0.182	0.001	0.001	0.816
0.997	0.001	0.001	0.001
>AAAGCTTGATTC	2-AAAGCTTGATTC	13.650288	-32.479999	0	T:10.0(0.96%),B:6.2(0.02%),P:1e-14	Tpos:107.3,Tstd:49.6,Bpos:68.5,Bstd:41.6,StrandBias:0.0,Multiplicity:1.00
0.872	0.126	0.001	0.001
0.997	0.001	0.001	0.001
0.721	0.001	0.001	0.277
0.001	0.001	0.997	0.001
0.126	0.747	0.126	0.001
0.001	0.001	0.001	0.997
0.001	0.001	0.126	0.872
0.001	0.001	0.997	0.001
0.997	0.001	0.001	0.001
0.001	0.001	0.001	0.997
0.001	0.001	0.001	0.997
0.001	0.872	0.001	0.126
>CCACGTGGGAGT	3-CCACGTGGGAGT	11.939776	-32.046013	0	T:9.0(0.87%),B:4.0(0.01%),P:1e-13	Tpos:128.1,Tstd:52.3,Bpos:110.2,Bstd:58.8,StrandBias:3.0,Multiplicity:1.00
0.001	0.765	0.233	0.001
0.001	0.997	0.001	0.001
0.765	0.001	0.001	0.233
0.275	0.723	0.001	0.001
0.001	0.001	0.997	0.001
0.001	0.001	0.001	0.997
0.001	0.001	0.765	0.233
0.001	0.233	0.765	0.001
0.001	0.233	0.533	0.233
0.987	0.011	0.001	0.001
0.001	0.001	0.997	0.001
0.001	0.233	0.001	0.765
>TCGCTTTTGACT	4-TCGCTTTTGACT	14.042917	-29.992391	0	T:8.0(0.77%),B:3.9(0.01%),P:1e-13	Tpos:83.4,Tstd:44.1,Bpos:110.5,Bstd:66.4,StrandBias:-0.7,Multiplicity:1.00
0.001	0.001	0.001	0.997
0.001	0.997	0.001	0.001
0.001	0.001	0.832	0.166
0.001	0.997	0.001	0.001
0.001	0.001	0.166	0.832
0.001	0.001	0.001	0.997
0.001	0.001	0.001	0.997
0.001	0.001	0.001	0.997
0.001	0.001	0.997	0.001
0.997	0.001	0.001	0.001
0.166	0.667	0.166	0.001
0.166	0.001	0.001	0.832
>TCATGAAAGAGA	5-TCATGAAAGAGA	12.355432	-27.672088	0	T:6.0(0.58%),B:0.0(0.00%),P:1e-12	Tpos:117.3,Tstd:48.6,Bpos:0.0,Bstd:0.0,StrandBias:10.0,Multiplicity:1.00
0.100	0.100	0.100	0.700
0.100	0.700	0.100	0.100
0.700	0.100	0.100	0.100
0.100	0.100	0.100	0.700
0.100	0.100	0.700	0.100
0.700	0.100	0.100	0.100
0.700	0.100	0.100	0.100
0.700	0.100	0.100	0.100
0.100	0.100	0.700	0.100
0.700	0.100	0.100	0.100
0.100	0.100	0.700	0.100
0.700	0.100	0.100	0.100
>AGGCTAGAGGAC	6-AGGCTAGAGGAC	14.323862	-27.672088	0	T:6.0(0.58%),B:2.0(0.01%),P:1e-12	Tpos:123.5,Tstd:43.8,Bpos:158.8,Bstd:4.0,StrandBias:2.3,Multiplicity:1.00
0.997	0.001	0.001	0.001
0.001	0.001	0.997	0.001
0.199	0.001	0.799	0.001
0.199	0.799	0.001	0.001
0.001	0.001	0.001	0.997
0.997	0.001	0.001	0.001
0.001	0.199	0.799	0.001
0.997	0.001	0.001	0.001
0.001	0.001	0.997	0.001
0.001	0.001	0.997	0.001
0.997	0.001	0.001	0.001
0.001	0.799	0.001	0.199
>AATCGTCAACCA	7-AATCGTCAACCA	14.042917	-27.089479	0	T:9.0(0.87%),B:7.5(0.02%),P:1e-11	Tpos:80.6,Tstd:48.2,Bpos:118.3,Bstd:55.8,StrandBias:1.0,Multiplicity:1.00
0.667	0.166	0.166	0.001
0.997	0.001	0.001	0.001
0.001	0.001	0.001	0.997
0.001	0.832	0.001	0.166
0.001	0.001	0.997	0.001
0.001	0.001	0.001	0.997
0.001	0.997	0.001	0.001
0.997	0.001	0.001	0.001
0.997	0.001	0.001	0.001
0.001	0.832	0.166	0.001
0.001	0.997	0.001	0.001
0.832	0.001	0.001	0.166
>GTTAGCAACCTG	8-GTTAGCAACCTG	10.091092	-25.868837	0	T:17.0(1.64%),B:58.2(0.17%),P:1e-11	Tpos:119.5,Tstd:49.9,Bpos:95.8,Bstd:53.9,StrandBias:0.2,Multiplicity:1.00
0.001	0.086	0.870	0.043
0.001	0.043	0.043	0.913
0.043	0.130	0.173	0.654
0.792	0.043	0.078	0.087
0.165	0.134	0.654	0.047
0.001	0.997	0.001	0.001
0.913	0.043	0.001	0.043
0.956	0.001	0.042	0.001
0.087	0.740	0.043	0.130
0.173	0.697	0.043	0.087
0.043	0.043	0.001	0.913
0.043	0.043	0.913	0.001
>CYGATATCTNGC	9-CYGATATCTNGC	9.174153	-24.775220	0	T:15.0(1.45%),B:45.3(0.13%),P:1e-10	Tpos:83.7,Tstd:46.1,Bpos:99.5,Bstd:53.1,StrandBias:0.4,Multiplicity:1.07
0.239	0.464	0.016	0.281
0.039	0.437	0.176	0.347
0.093	0.024	0.831	0.052
0.878	0.054	0.031	0.037
0.234	0.122	0.159	0.485
0.488	0.031	0.156	0.324
0.041	0.043	0.030	0.886
0.071	0.796	0.047	0.086
0.186	0.055	0.038	0.721
0.177	0.306	0.320	0.197
0.029	0.030	0.625	0.316
0.231	0.505	0.037	0.227
>GTGTCCTAGAGC	10-GTGTCCTAGAGC	10.973583	-24.278530	0	T:11.0(1.06%),B:19.6(0.06%),P:1e-10	Tpos:98.5,Tstd:56.7,Bpos:117.3,Bstd:51.1,StrandBias:0.8,Multiplicity:1.00
0.001	0.001	0.997	0.001
0.001	0.096	0.001	0.902
0.001	0.001	0.997	0.001
0.005	0.097	0.001	0.897
0.200	0.702	0.097	0.001
0.096	0.902	0.001	0.001
0.097	0.001	0.097	0.805
0.697	0.001	0.102	0.200
0.001	0.001	0.804	0.194
0.708	0.001	0.097	0.194
0.097	0.001	0.805	0.097
0.001	0.804	0.001	0.194
>ATTGGGTTGCCG	11-ATTGGGTTGCCG	10.856810	-24.064184	0	T:13.0(1.25%),B:32.8(0.09%),P:1e-10	Tpos:116.0,Tstd:48.2,Bpos:86.0,Bstd:55.2,StrandBias:-0.7,Multiplicity:1.00
0.902	0.001	0.001	0.096
0.103	0.001	0.097	0.799
0.001	0.001	0.001	0.997
0.001	0.097	0.805	0.097
0.195	0.006	0.507	0.292
0.097	0.006	0.896	0.001
0.001	0.001	0.096	0.902
0.001	0.194	0.194	0.611
0.001	0.001	0.997	0.001
0.001	0.997	0.001	0.001
0.097	0.898	0.001	0.004
0.194	0.097	0.708	0.001
>AAAACAATAACT	12-AAAACAATAACT	14.694112	-23.507018	0	T:7.0(0.67%),B:4.3(0.01%),P:1e-10	Tpos:98.3,Tstd:50.1,Bpos:114.5,Bstd:60.7,StrandBias:2.6,Multiplicity:1.00
0.997	0.001	0.001	0.001
0.997	0.001	0.001	0.001
0.997	0.001	0.001	0.001
0.997	0.001	0.001	0.001
0.001	0.997	0.001	0.001
0.817	0.001	0.181	0.001
0.997	0.001	0.001	0.001
0.001	0.001	0.001	0.997
0.997	0.001	0.001	0.001
0.817	0.181	0.001	0.001
0.001	0.997	0.001	0.001
0.001	0.001	0.001	0.997
>GAAACTCCCTMG	13-GAAACTCCCTMG	13.232356	-23.507018	0	T:7.0(0.67%),B:4.8(0.01%),P:1e-10	Tpos:59.6,Tstd:29.9,Bpos:107.2,Bstd:36.9,StrandBias:10.0,Multiplicity:1.00
0.001	0.001	0.997	0.001
0.997	0.001	0.001	0.001
0.997	0.001	0.001	0.001
0.997	0.001	0.001	0.001
0.001	0.765	0.001	0.233
0.233	0.001	0.001	0.765
0.001	0.997	0.001	0.001
0.001	0.997	0.001	0.001
0.001	0.765	0.001	0.233
0.233	0.001	0.285	0.481
0.467	0.518	0.014	0.001
0.001	0.001	0.997	0.001
>KGTWAKTWTGTA	14-KGTWAKTWTGTA	12.114892	-23.319452	0	T:8.0(0.77%),B:7.7(0.02%),P:1e-10	Tpos:84.8,Tstd:66.3,Bpos:79.4,Bstd:62.1,StrandBias:0.7,Multiplicity:1.00
0.060	0.062	0.412	0.465
0.060	0.001	0.902	0.037
0.061	0.001	0.001	0.937
0.448	0.002	0.002	0.548
0.715	0.060	0.084	0.141
0.001	0.001	0.447	0.551
0.001	0.122	0.060	0.817
0.444	0.060	0.123	0.374
0.062	0.060	0.001	0.877
0.001	0.001	0.577	0.421
0.001	0.001	0.059	0.939
0.997	0.001	0.001	0.001
>GCTAATACTGAA	15-GCTAATACTGAA	13.874196	-23.319452	0	T:8.0(0.77%),B:7.7(0.02%),P:1e-10	Tpos:87.6,Tstd:40.6,Bpos:80.6,Bstd:54.4,StrandBias:-0.7,Multiplicity:1.00
0.001	0.001	0.997	0.001
0.171	0.827	0.001	0.001
0.138	0.001	0.001	0.860
0.827	0.171	0.001	0.001
0.997	0.001	0.001	0.001
0.171	0.001	0.001	0.827
0.997	0.001	0.001	0.001
0.001	0.997	0.001	0.001
0.001	0.001	0.001	0.997
0.001	0.001	0.997	0.001
0.827	0.171	0.001	0.001
0.997	0.001	0.001	0.001
>TTGAGAAGGTGC	16-TTGAGAAGGTGC	9.871591	-22.837838	0	T:21.0(2.02%),B:115.3(0.33%),P:1e-9	Tpos:82.9,Tstd:54.0,Bpos:104.9,Bstd:56.6,StrandBias:0.1,Multiplicity:1.00
0.001	0.086	0.001	0.912
0.130	0.001	0.045	0.824
0.045	0.088	0.866	0.001
0.913	0.043	0.001	0.043
0.173	0.001	0.661	0.165
0.913	0.001	0.043	0.043
0.827	0.043	0.043	0.087
0.042	0.001	0.956	0.001
0.002	0.087	0.789	0.122
0.001	0.042	0.001	0.956
0.087	0.087	0.653	0.173
0.087	0.738	0.088	0.087
>AWAACTACCCTG	17-AWAACTACCCTG	10.973704	-22.747049	0	T:11.0(1.06%),B:22.9(0.07%),P:1e-9	Tpos:101.4,Tstd:57.2,Bpos:122.1,Bstd:55.1,StrandBias:-0.2,Multiplicity:1.18
0.997	0.001	0.001	0.001
0.486	0.123	0.001	0.389
0.721	0.001	0.142	0.136
0.653	0.223	0.001	0.123
0.132	0.866	0.001	0.001
0.006	0.127	0.003	0.864
0.875	0.123	0.001	0.001
0.126	0.747	0.001	0.126
0.275	0.723	0.001	0.001
0.003	0.526	0.124	0.347
0.018	0.247	0.001	0.734
0.001	0.377	0.619	0.003
>ACATTACATTAC	18-ACATTACATTAC	13.153385	-22.361207	0	T:10.0(0.96%),B:17.7(0.05%),P:1e-9	Tpos:70.7,Tstd:47.3,Bpos:72.2,Bstd:52.5,StrandBias:-1.0,Multiplicity:1.20
0.835	0.082	0.082	0.001
0.001	0.917	0.081	0.001
0.738	0.082	0.179	0.001
0.001	0.056	0.001	0.942
0.001	0.081	0.001	0.917
0.997	0.001	0.001	0.001
0.001	0.997	0.001	0.001
0.917	0.001	0.081	0.001
0.001	0.001	0.001	0.997
0.081	0.001	0.001	0.917
0.933	0.001	0.065	0.001
0.081	0.917	0.001	0.001
>TTTGTTTATTTG	19-TTTGTTTATTTG	10.962437	-21.037605	0	T:9.0(0.87%),B:14.8(0.04%),P:1e-9	Tpos:83.9,Tstd:46.4,Bpos:78.7,Bstd:49.4,StrandBias:1.8,Multiplicity:1.00
0.052	0.007	0.217	0.724
0.148	0.201	0.225	0.426
0.183	0.041	0.027	0.749
0.029	0.060	0.803	0.108
0.037	0.009	0.027	0.927
0.240	0.009	0.294	0.457
0.248	0.226	0.119	0.407
0.842	0.066	0.048	0.044
0.041	0.259	0.035	0.665
0.044	0.123	0.041	0.792
0.032	0.062	0.050	0.856
0.247	0.164	0.536	0.053
>TGTCTGCGTCGC	20-TGTCTGCGTCGC	13.977527	-20.720689	0	T:7.0(0.67%),B:6.3(0.02%),P:1e-8	Tpos:66.7,Tstd:45.1,Bpos:104.8,Bstd:69.0,StrandBias:-1.0,Multiplicity:1.29
0.206	0.001	0.001	0.792
0.001	0.001	0.997	0.001
0.001	0.001	0.001	0.997
0.001	0.840	0.158	0.001
0.001	0.001	0.001	0.997
0.001	0.001	0.997	0.001
0.001	0.840	0.001	0.158
0.158	0.158	0.683	0.001
0.001	0.001	0.001	0.997
0.001	0.997	0.001	0.001
0.001	0.001	0.997	0.001
0.001	0.997	0.001	0.001
>TTTTATATTTAA	21-TTTTATATTTAA	9.582227	-18.694246	0	T:42.0(4.05%),B:506.9(1.46%),P:1e-8	Tpos:86.5,Tstd:52.8,Bpos:80.0,Bstd:57.3,StrandBias:0.4,Multiplicity:1.02
0.172	0.067	0.063	0.698
0.170	0.001	0.001	0.828
0.033	0.111	0.140	0.716
0.099	0.001	0.001	0.899
0.768	0.001	0.230	0.001
0.182	0.001	0.041	0.776
0.876	0.001	0.100	0.023
0.077	0.041	0.001	0.881
0.196	0.001	0.096	0.707
0.252	0.001	0.001	0.746
0.943	0.001	0.055	0.001
0.899	0.001	0.099	0.001
>TTCGCTGACTAA	22-TTCGCTGACTAA	14.083041	-16.922521	0	T:5.0(0.48%),B:3.1(0.01%),P:1e-7	Tpos:98.4,Tstd:46.3,Bpos:108.6,Bstd:62.8,StrandBias:2.6,Multiplicity:1.40
0.001	0.001	0.001	0.997
0.001	0.001	0.166	0.832
0.001	0.997	0.001	0.001
0.166	0.001	0.832	0.001
0.001	0.997	0.001	0.001
0.001	0.001	0.001	0.997
0.001	0.001	0.997	0.001
0.997	0.001	0.001	0.001
0.166	0.832	0.001	0.001
0.001	0.166	0.001	0.832
0.997	0.001	0.001	0.001
0.832	0.001	0.001	0.166
>TGATACGTTATG	23-TGATACGTTATG	13.387610	-6.365171	0	T:2.0(0.19%),B:2.7(0.01%),P:1e-2	Tpos:24.3,Tstd:18.3,Bpos:136.3,Bstd:31.3,StrandBias:-2.6,Multiplicity:1.50
0.001	0.001	0.001	0.997
0.001	0.001	0.997	0.001
0.997	0.001	0.001	0.001
0.001	0.001	0.001	0.997
0.997	0.001	0.001	0.001
0.001	0.816	0.001	0.182
0.001	0.001	0.997	0.001
0.220	0.001	0.001	0.778
0.001	0.001	0.001	0.997
0.997	0.001	0.001	0.001
0.001	0.001	0.001	0.997
0.001	0.001	0.997	0.001
>ATAGATAGATAG	24-ATAGATAGATAG	13.808658	-6.288294	0	T:4.0(0.39%),B:17.8(0.05%),P:1e-2	Tpos:103.8,Tstd:36.2,Bpos:48.0,Bstd:55.1,StrandBias:-0.5,Multiplicity:1.75
0.960	0.001	0.038	0.001
0.001	0.031	0.038	0.930
0.997	0.001	0.001	0.001
0.001	0.001	0.997	0.001
0.997	0.001	0.001	0.001
0.001	0.084	0.001	0.914
0.960	0.001	0.001	0.038
0.001	0.001	0.997	0.001
0.997	0.001	0.001	0.001
0.001	0.038	0.001	0.960
0.923	0.038	0.038	0.001
0.001	0.031	0.942	0.026
>TGGGACGAAGTG	25-TGGGACGAAGTG	13.921043	-6.260766	0	T:3.0(0.29%),B:8.3(0.02%),P:1e-2	Tpos:116.4,Tstd:50.8,Bpos:107.5,Bstd:48.8,StrandBias:10.0,Multiplicity:3.67
0.001	0.001	0.001	0.997
0.136	0.001	0.862	0.001
0.001	0.001	0.997	0.001
0.001	0.001	0.997	0.001
0.834	0.001	0.164	0.001
0.001	0.997	0.001	0.001
0.001	0.001	0.997	0.001
0.997	0.001	0.001	0.001
0.600	0.001	0.398	0.001
0.001	0.001	0.997	0.001
0.001	0.001	0.001	0.997
0.001	0.001	0.997	0.001
