>RGGAGCTC	1-RGGAGCTC	6.234574	-17.156018	0	T:129.0(12.43%),B:2633.6(7.59%),P:1e-7	Tpos:97.8,Tstd:53.7,Bpos:100.8,Bstd:57.8,StrandBias:0.4,Multiplicity:1.07
0.462	0.042	0.495	0.001
0.197	0.213	0.546	0.044
0.006	0.008	0.985	0.001
0.653	0.206	0.140	0.001
0.259	0.002	0.738	0.001
0.001	0.913	0.079	0.007
0.001	0.063	0.001	0.935
0.001	0.880	0.001	0.118
>AGTAAGCG	2-AGTAAGCG	7.322913	-17.091434	0	T:76.0(7.32%),B:1293.7(3.73%),P:1e-7	Tpos:104.0,Tstd:59.1,Bpos:98.8,Bstd:58.1,StrandBias:0.1,Multiplicity:1.08
0.539	0.016	0.060	0.385
0.338	0.001	0.654	0.007
0.001	0.001	0.001	0.997
0.686	0.312	0.001	0.001
0.896	0.001	0.102	0.001
0.082	0.145	0.772	0.001
0.001	0.997	0.001	0.001
0.139	0.001	0.802	0.058
>BACCCCAN	3-BACCCCAN	5.012126	-13.977434	0	T:48.0(4.62%),B:737.7(2.13%),P:1e-6	Tpos:82.0,Tstd:54.3,Bpos:96.9,Bstd:57.4,StrandBias:0.1,Multiplicity:1.06
0.171	0.325	0.223	0.281
0.558	0.144	0.155	0.143
0.096	0.641	0.140	0.123
0.109	0.638	0.121	0.132
0.141	0.564	0.114	0.181
0.158	0.566	0.147	0.129
0.489	0.189	0.180	0.142
0.229	0.289	0.218	0.264
>CAGACCTT	4-CAGACCTT	10.702077	-11.121466	0	T:17.0(1.64%),B:165.0(0.48%),P:1e-4	Tpos:109.1,Tstd:53.2,Bpos:104.3,Bstd:52.5,StrandBias:-0.5,Multiplicity:1.00
0.001	0.898	0.001	0.100
0.997	0.001	0.001	0.001
0.001	0.001	0.997	0.001
0.997	0.001	0.001	0.001
0.001	0.997	0.001	0.001
0.001	0.769	0.001	0.229
0.001	0.001	0.001	0.997
0.001	0.001	0.001	0.997
>TCTATCTA	5-TCTATCTA	8.236954	-2.190923	0	T:8.0(0.77%),B:160.7(0.46%),P:1e0	Tpos:97.6,Tstd:41.4,Bpos:81.2,Bstd:65.1,StrandBias:0.4,Multiplicity:5.25
0.100	0.100	0.100	0.700
0.100	0.700	0.100	0.100
0.100	0.100	0.100	0.700
0.700	0.100	0.100	0.100
0.100	0.100	0.100	0.700
0.100	0.700	0.100	0.100
0.100	0.100	0.100	0.700
0.700	0.100	0.100	0.100
