>CGTCGATTAT	1-CGTCGATTAT	10.056546	-30.116409	0	T:24.0(2.31%),B:108.0(0.31%),P:1e-13	Tpos:110.3,Tstd:32.6,Bpos:103.4,Bstd:56.5,StrandBias:0.4,Multiplicity:1.00
0.080	0.810	0.109	0.001
0.097	0.001	0.793	0.109
0.056	0.001	0.064	0.879
0.001	0.776	0.001	0.222
0.205	0.001	0.785	0.009
0.925	0.001	0.001	0.073
0.363	0.028	0.001	0.608
0.001	0.001	0.001	0.997
0.921	0.077	0.001	0.001
0.068	0.001	0.001	0.930
>CKGGCGCAGA	2-CKGGCGCAGA	8.852428	-26.675302	0	T:28.0(2.70%),B:176.3(0.51%),P:1e-11	Tpos:108.7,Tstd:62.4,Bpos:97.8,Bstd:56.8,StrandBias:-0.2,Multiplicity:1.00
0.001	0.779	0.219	0.001
0.001	0.062	0.481	0.456
0.001	0.407	0.591	0.001
0.167	0.001	0.831	0.001
0.001	0.997	0.001	0.001
0.001	0.001	0.841	0.157
0.176	0.521	0.063	0.240
0.910	0.001	0.001	0.088
0.001	0.001	0.997	0.001
0.756	0.242	0.001	0.001
>TGAATCGCAT	3-TGAATCGCAT	9.866433	-26.563680	0	T:24.0(2.31%),B:127.5(0.37%),P:1e-11	Tpos:78.8,Tstd:59.4,Bpos:101.7,Bstd:55.2,StrandBias:0.6,Multiplicity:1.00
0.001	0.001	0.001	0.997
0.001	0.001	0.997	0.001
0.997	0.001	0.001	0.001
0.997	0.001	0.001	0.001
0.044	0.001	0.067	0.888
0.044	0.824	0.001	0.131
0.047	0.042	0.864	0.047
0.001	0.849	0.116	0.034
0.689	0.106	0.067	0.138
0.001	0.001	0.056	0.942
>GAAGCTCGTC	4-GAAGCTCGTC	9.519049	-25.605141	0	T:20.0(1.93%),B:88.2(0.25%),P:1e-11	Tpos:108.0,Tstd:57.6,Bpos:108.8,Bstd:57.0,StrandBias:-0.6,Multiplicity:1.00
0.035	0.001	0.907	0.057
0.626	0.047	0.252	0.075
0.843	0.092	0.064	0.001
0.001	0.001	0.997	0.001
0.001	0.971	0.027	0.001
0.038	0.001	0.092	0.869
0.001	0.930	0.029	0.040
0.001	0.001	0.964	0.034
0.063	0.001	0.001	0.935
0.001	0.997	0.001	0.001
>GATTCGGAAT	5-GATTCGGAAT	9.789279	-25.471886	0	T:24.0(2.31%),B:134.8(0.39%),P:1e-11	Tpos:118.2,Tstd:59.9,Bpos:92.2,Bstd:53.6,StrandBias:0.4,Multiplicity:1.00
0.001	0.046	0.807	0.146
0.949	0.001	0.049	0.001
0.001	0.001	0.001	0.997
0.001	0.001	0.064	0.934
0.001	0.997	0.001	0.001
0.052	0.111	0.741	0.096
0.001	0.149	0.810	0.040
0.886	0.001	0.059	0.054
0.914	0.084	0.001	0.001
0.001	0.001	0.001	0.997
>TDAAAGCATG	6-TDAAAGCATG	8.061731	-25.275492	0	T:32.0(3.08%),B:244.2(0.70%),P:1e-10	Tpos:111.7,Tstd:54.4,Bpos:97.5,Bstd:52.6,StrandBias:0.2,Multiplicity:1.06
0.116	0.022	0.049	0.813
0.294	0.026	0.317	0.363
0.861	0.047	0.072	0.020
0.659	0.241	0.053	0.047
0.504	0.187	0.030	0.279
0.038	0.260	0.687	0.015
0.195	0.539	0.204	0.062
0.644	0.038	0.236	0.082
0.073	0.287	0.045	0.595
0.168	0.026	0.698	0.108
>CGGGGATGAC	7-CGGGGATGAC	9.585321	-23.015044	0	T:22.0(2.12%),B:126.3(0.36%),P:1e-9	Tpos:107.4,Tstd:61.6,Bpos:104.1,Bstd:53.8,StrandBias:0.3,Multiplicity:1.00
0.042	0.956	0.001	0.001
0.032	0.001	0.898	0.069
0.036	0.053	0.910	0.001
0.038	0.032	0.929	0.001
0.001	0.052	0.946	0.001
0.844	0.112	0.001	0.043
0.052	0.001	0.001	0.946
0.001	0.001	0.941	0.057
0.886	0.001	0.112	0.001
0.078	0.852	0.001	0.069
>GCACTCCYAM	8-GCACTCCYAM	10.722832	-22.940596	0	T:10.0(0.96%),B:17.0(0.05%),P:1e-9	Tpos:119.8,Tstd:53.0,Bpos:102.0,Bstd:62.7,StrandBias:-1.2,Multiplicity:1.00
0.001	0.001	0.997	0.001
0.001	0.997	0.001	0.001
0.623	0.314	0.001	0.062
0.001	0.739	0.259	0.001
0.001	0.001	0.001	0.997
0.001	0.905	0.093	0.001
0.166	0.832	0.001	0.001
0.001	0.424	0.001	0.574
0.997	0.001	0.001	0.001
0.442	0.298	0.259	0.001
>TGCCCTGAGG	9-TGCCCTGAGG	10.822421	-21.302649	0	T:10.0(0.96%),B:19.7(0.06%),P:1e-9	Tpos:116.5,Tstd:58.4,Bpos:113.2,Bstd:41.5,StrandBias:-1.4,Multiplicity:1.10
0.001	0.001	0.001	0.997
0.001	0.001	0.997	0.001
0.001	0.765	0.233	0.001
0.001	0.997	0.001	0.001
0.001	0.997	0.001	0.001
0.001	0.001	0.001	0.997
0.001	0.001	0.997	0.001
0.997	0.001	0.001	0.001
0.147	0.001	0.851	0.001
0.075	0.001	0.923	0.001
>AYCGGAGCTH	10-AYCGGAGCTH	10.491027	-20.256449	0	T:11.0(1.06%),B:28.6(0.08%),P:1e-8	Tpos:88.5,Tstd:59.4,Bpos:108.8,Bstd:59.3,StrandBias:-0.3,Multiplicity:1.00
0.997	0.001	0.001	0.001
0.001	0.434	0.001	0.564
0.001	0.997	0.001	0.001
0.001	0.001	0.766	0.232
0.001	0.001	0.870	0.128
0.997	0.001	0.001	0.001
0.001	0.001	0.997	0.001
0.001	0.997	0.001	0.001
0.001	0.001	0.001	0.997
0.307	0.298	0.001	0.394
>AAATTTTCCC	11-AAATTTTCCC	7.265008	-19.992563	0	T:85.0(8.19%),B:1414.3(4.08%),P:1e-8	Tpos:101.7,Tstd:57.1,Bpos:97.8,Bstd:58.9,StrandBias:-0.1,Multiplicity:1.02
0.806	0.086	0.076	0.032
0.841	0.005	0.088	0.066
0.794	0.108	0.045	0.053
0.059	0.060	0.082	0.799
0.092	0.055	0.058	0.795
0.101	0.061	0.120	0.718
0.055	0.092	0.077	0.776
0.085	0.787	0.057	0.071
0.063	0.843	0.052	0.042
0.033	0.850	0.091	0.026
>TASACTAAGT	12-TASACTAAGT	10.447902	-19.895978	0	T:18.0(1.73%),B:98.9(0.29%),P:1e-8	Tpos:97.8,Tstd:52.6,Bpos:90.3,Bstd:60.1,StrandBias:1.1,Multiplicity:1.06
0.001	0.001	0.001	0.997
0.966	0.001	0.001	0.032
0.001	0.324	0.445	0.230
0.726	0.001	0.001	0.272
0.001	0.997	0.001	0.001
0.001	0.001	0.001	0.997
0.997	0.001	0.001	0.001
0.647	0.001	0.001	0.351
0.001	0.178	0.497	0.324
0.014	0.001	0.001	0.984
>GCCAGTAACA	13-GCCAGTAACA	9.231190	-19.535309	0	T:29.0(2.79%),B:259.0(0.75%),P:1e-8	Tpos:105.7,Tstd:54.2,Bpos:104.1,Bstd:53.9,StrandBias:0.1,Multiplicity:1.04
0.025	0.001	0.925	0.049
0.027	0.878	0.059	0.036
0.043	0.840	0.001	0.116
0.778	0.100	0.067	0.055
0.049	0.049	0.901	0.001
0.001	0.001	0.082	0.916
0.955	0.043	0.001	0.001
0.940	0.058	0.001	0.001
0.001	0.997	0.001	0.001
0.919	0.001	0.001	0.079
>AATGAACAAA	14-AATGAACAAA	10.742005	-18.765217	0	T:23.0(2.22%),B:174.9(0.50%),P:1e-8	Tpos:91.7,Tstd:55.2,Bpos:92.5,Bstd:58.2,StrandBias:-0.9,Multiplicity:1.00
0.997	0.001	0.001	0.001
0.825	0.001	0.001	0.173
0.001	0.001	0.141	0.857
0.001	0.001	0.997	0.001
0.575	0.001	0.001	0.423
0.964	0.001	0.001	0.034
0.001	0.997	0.001	0.001
0.843	0.001	0.001	0.155
0.897	0.001	0.001	0.101
0.913	0.001	0.085	0.001
>ACCAACATGT	15-ACCAACATGT	6.877533	-18.038077	0	T:111.0(10.69%),B:2125.6(6.13%),P:1e-7	Tpos:99.2,Tstd:56.7,Bpos:102.8,Bstd:54.2,StrandBias:0.2,Multiplicity:1.07
0.804	0.069	0.072	0.055
0.080	0.767	0.082	0.071
0.046	0.819	0.080	0.055
0.815	0.061	0.055	0.069
0.771	0.072	0.074	0.083
0.045	0.825	0.055	0.075
0.771	0.099	0.090	0.040
0.044	0.084	0.063	0.809
0.046	0.092	0.800	0.062
0.058	0.056	0.062	0.824
>TGTTACGTAA	16-TGTTACGTAA	7.477256	-17.816509	0	T:109.0(10.50%),B:2083.8(6.01%),P:1e-7	Tpos:82.5,Tstd:47.4,Bpos:87.5,Bstd:55.5,StrandBias:0.3,Multiplicity:1.16
0.001	0.385	0.001	0.613
0.271	0.038	0.580	0.111
0.073	0.001	0.001	0.925
0.236	0.168	0.204	0.391
0.853	0.074	0.044	0.029
0.001	0.810	0.056	0.133
0.193	0.001	0.805	0.001
0.065	0.001	0.001	0.933
0.697	0.056	0.114	0.133
0.997	0.001	0.001	0.001
>TTTGTATTTA	17-TTTGTATTTA	9.930109	-17.515090	0	T:39.0(3.76%),B:469.6(1.35%),P:1e-7	Tpos:93.1,Tstd:61.3,Bpos:87.7,Bstd:61.4,StrandBias:0.6,Multiplicity:1.03
0.066	0.001	0.001	0.932
0.001	0.001	0.100	0.898
0.001	0.001	0.001	0.997
0.215	0.001	0.783	0.001
0.001	0.100	0.001	0.898
0.914	0.001	0.036	0.049
0.100	0.001	0.001	0.898
0.164	0.001	0.001	0.834
0.001	0.001	0.001	0.997
0.906	0.092	0.001	0.001
>GCAGGCGCGG	18-GCAGGCGCGG	10.296193	-17.242922	0	T:4.0(0.39%),B:1.3(0.00%),P:1e-7	Tpos:58.2,Tstd:46.8,Bpos:11.0,Bstd:0.0,StrandBias:1.6,Multiplicity:1.00
0.100	0.100	0.700	0.100
0.100	0.700	0.100	0.100
0.700	0.100	0.100	0.100
0.100	0.100	0.700	0.100
0.100	0.100	0.700	0.100
0.100	0.700	0.100	0.100
0.100	0.100	0.700	0.100
0.100	0.700	0.100	0.100
0.100	0.100	0.700	0.100
0.100	0.100	0.700	0.100
>KGGCACAACG	19-KGGCACAACG	10.725753	-16.808893	0	T:9.0(0.87%),B:23.9(0.07%),P:1e-7	Tpos:155.7,Tstd:23.0,Bpos:97.8,Bstd:49.3,StrandBias:-3.0,Multiplicity:1.00
0.001	0.001	0.451	0.547
0.389	0.001	0.609	0.001
0.001	0.001	0.997	0.001
0.001	0.894	0.001	0.104
0.997	0.001	0.001	0.001
0.001	0.845	0.153	0.001
0.997	0.001	0.001	0.001
0.997	0.001	0.001	0.001
0.001	0.997	0.001	0.001
0.001	0.031	0.967	0.001
>TCTTTCATGA	20-TCTTTCATGA	10.296193	-14.603222	0	T:9.0(0.87%),B:31.0(0.09%),P:1e-6	Tpos:93.8,Tstd:49.2,Bpos:98.4,Bstd:56.8,StrandBias:-2.8,Multiplicity:1.00
0.100	0.100	0.100	0.700
0.100	0.700	0.100	0.100
0.100	0.100	0.100	0.700
0.100	0.100	0.100	0.700
0.100	0.100	0.100	0.700
0.100	0.700	0.100	0.100
0.700	0.100	0.100	0.100
0.100	0.100	0.100	0.700
0.100	0.100	0.700	0.100
0.700	0.100	0.100	0.100
>TTTTTTAAAA	21-TTTTTTAAAA	9.731178	-13.891312	0	T:42.0(4.05%),B:608.0(1.75%),P:1e-6	Tpos:84.6,Tstd:64.5,Bpos:86.3,Bstd:57.1,StrandBias:-0.2,Multiplicity:1.02
0.129	0.071	0.001	0.799
0.024	0.049	0.150	0.777
0.001	0.001	0.001	0.997
0.001	0.025	0.013	0.961
0.011	0.001	0.001	0.987
0.103	0.001	0.001	0.895
0.702	0.033	0.093	0.172
0.989	0.001	0.001	0.009
0.997	0.001	0.001	0.001
0.939	0.001	0.038	0.022
>AGCTCGCATG	22-AGCTCGCATG	8.341899	-13.873552	0	T:14.0(1.35%),B:90.9(0.26%),P:1e-6	Tpos:89.8,Tstd:54.6,Bpos:97.9,Bstd:55.1,StrandBias:1.7,Multiplicity:1.00
0.944	0.019	0.001	0.036
0.159	0.188	0.575	0.078
0.017	0.745	0.038	0.200
0.146	0.233	0.089	0.532
0.064	0.838	0.054	0.044
0.023	0.017	0.833	0.127
0.172	0.795	0.014	0.019
0.641	0.001	0.240	0.118
0.051	0.259	0.034	0.656
0.066	0.215	0.537	0.182
>TCCTACGGTG	23-TCCTACGGTG	10.055249	-13.521092	0	T:12.0(1.16%),B:67.7(0.20%),P:1e-5	Tpos:98.6,Tstd:48.5,Bpos:95.5,Bstd:52.6,StrandBias:-1.6,Multiplicity:1.00
0.001	0.020	0.001	0.978
0.001	0.997	0.001	0.001
0.262	0.664	0.073	0.001
0.001	0.023	0.001	0.975
0.997	0.001	0.001	0.001
0.182	0.694	0.001	0.123
0.001	0.211	0.642	0.146
0.001	0.001	0.997	0.001
0.001	0.001	0.018	0.980
0.001	0.261	0.737	0.001
>TCGTCCCAAA	24-TCGTCCCAAA	10.259872	-12.899404	0	T:14.0(1.35%),B:98.2(0.28%),P:1e-5	Tpos:97.8,Tstd:53.2,Bpos:95.8,Bstd:49.1,StrandBias:-2.7,Multiplicity:1.64
0.001	0.001	0.001	0.997
0.001	0.997	0.001	0.001
0.039	0.001	0.712	0.248
0.001	0.100	0.001	0.898
0.092	0.906	0.001	0.001
0.001	0.997	0.001	0.001
0.001	0.997	0.001	0.001
0.997	0.001	0.001	0.001
0.947	0.001	0.001	0.051
0.936	0.001	0.062	0.001
>CTATCTATCT	25-CTATCTATCT	-6.366375	-6.216463	0	T:495.0(47.69%),B:14982.0(43.20%),P:1e-2	Tpos:85.6,Tstd:56.2,Bpos:90.5,Bstd:61.8,StrandBias:0.1,Multiplicity:1.32
0.001	0.997	0.001	0.001
0.001	0.001	0.001	0.997
0.997	0.001	0.001	0.001
0.001	0.001	0.001	0.997
0.001	0.997	0.001	0.001
0.001	0.001	0.001	0.997
0.935	0.001	0.063	0.001
0.001	0.001	0.001	0.997
0.020	0.978	0.001	0.001
0.001	0.027	0.001	0.971
