>ATCATATSATAT	21-ATATSATATGAT	6.888928	-14.738528	0	T:184.0(12.89%),B:6257.0(8.92%),P:1e-6
0.831	0.001	0.081	0.087
0.115	0.030	0.172	0.683
0.057	0.542	0.372	0.029
0.883	0.087	0.001	0.029
0.087	0.030	0.057	0.826
0.809	0.115	0.024	0.052
0.172	0.086	0.052	0.690
0.086	0.455	0.458	0.001
0.740	0.058	0.058	0.144
0.086	0.029	0.058	0.827
0.941	0.001	0.057	0.001
0.001	0.001	0.057	0.941
