>ATATSATATGAT	21-ATATSATATGAT,BestGuess:PB0105.1_Arid3a_2/Jaspar(0.646)	6.888928	-14.738528	0	T:184.0(12.89%),B:6257.0(8.92%),P:1e-6
0.941	0.057	0.001	0.001
0.001	0.057	0.001	0.941
0.827	0.058	0.029	0.086
0.144	0.058	0.058	0.740
0.001	0.458	0.455	0.086
0.690	0.052	0.086	0.172
0.052	0.024	0.115	0.809
0.826	0.057	0.030	0.087
0.029	0.001	0.087	0.883
0.029	0.372	0.542	0.057
0.683	0.172	0.030	0.115
0.087	0.081	0.001	0.831
