>TTTTAAAATTTT	1-TTTTAAAATTTT	6.841457	-92.755679	0	T:534.0(37.42%),B:15288.7(21.80%),P:1e-40
0.117	0.083	0.059	0.741
0.084	0.108	0.053	0.755
0.097	0.101	0.071	0.731
0.101	0.102	0.092	0.705
0.702	0.099	0.092	0.107
0.734	0.076	0.075	0.115
0.748	0.074	0.090	0.088
0.767	0.092	0.049	0.092
0.108	0.070	0.051	0.771
0.100	0.060	0.045	0.795
0.089	0.056	0.059	0.796
0.087	0.084	0.074	0.755
