>TAGTGTAGTGTA	20-TACACTACACTA	10.508382	-16.979338	0	T:19.0(1.33%),B:195.2(0.28%),P:1e-7
0.120	0.032	0.039	0.809
0.902	0.001	0.001	0.096
0.001	0.078	0.815	0.106
0.038	0.001	0.032	0.929
0.092	0.188	0.621	0.099
0.039	0.020	0.001	0.940
0.878	0.039	0.039	0.044
0.078	0.071	0.771	0.080
0.038	0.001	0.038	0.923
0.085	0.188	0.567	0.160
0.039	0.001	0.025	0.935
0.920	0.040	0.039	0.001
