>TTTTTCAAAAAT	3-TTTTTCAAAAAT,BestGuess:PB0148.1_Mtf1_2/Jaspar(0.673)	9.335443	-75.847803	0	T:127.0(8.90%),B:1756.1(2.50%),P:1e-32
0.064	0.061	0.045	0.830
0.065	0.029	0.021	0.885
0.011	0.076	0.028	0.885
0.079	0.091	0.069	0.761
0.059	0.023	0.038	0.880
0.085	0.778	0.089	0.048
0.795	0.070	0.065	0.070
0.826	0.050	0.043	0.081
0.867	0.063	0.015	0.055
0.834	0.078	0.031	0.057
0.853	0.039	0.051	0.057
0.031	0.090	0.069	0.810
