>NAAAATTTTDNN	2-NAAAATTTTDNN	5.458018	-83.900993	0	T:776.0(54.38%),B:26486.9(37.77%),P:1e-36
0.318	0.219	0.185	0.278
0.767	0.118	0.027	0.088
0.756	0.064	0.068	0.112
0.863	0.018	0.046	0.073
0.607	0.039	0.021	0.333
0.164	0.001	0.032	0.803
0.010	0.059	0.003	0.928
0.057	0.076	0.052	0.815
0.259	0.024	0.149	0.568
0.239	0.166	0.354	0.242
0.213	0.246	0.291	0.250
0.230	0.244	0.251	0.275
