>AGATATTT	1-AGATATTT	4.992225	-41.742736	0	T:407.0(70.05%),B:36010.8(52.04%),P:1e-18	Tpos:103.5,Tstd:58.5,Bpos:99.2,Bstd:109.3,StrandBias:-0.1,Multiplicity:1.56
0.742	0.074	0.049	0.135
0.015	0.131	0.722	0.132
0.859	0.037	0.017	0.087
0.141	0.051	0.069	0.739
0.662	0.079	0.101	0.158
0.036	0.058	0.155	0.751
0.181	0.013	0.057	0.749
0.076	0.049	0.093	0.782
>AAAAATTT	2-AAAAATTT	6.846773	-37.901776	0	T:246.0(42.34%),B:18164.3(26.25%),P:1e-16	Tpos:96.7,Tstd:54.4,Bpos:99.5,Bstd:116.9,StrandBias:-0.0,Multiplicity:1.58
0.588	0.139	0.180	0.093
0.935	0.063	0.001	0.001
0.997	0.001	0.001	0.001
0.997	0.001	0.001	0.001
0.997	0.001	0.001	0.001
0.316	0.089	0.001	0.594
0.236	0.109	0.047	0.608
0.298	0.001	0.087	0.614
>CTCGAAGT	3-CTCGAAGT	5.017631	-36.754678	0	T:217.0(37.35%),B:15368.0(22.21%),P:1e-15	Tpos:103.8,Tstd:59.2,Bpos:99.6,Bstd:86.5,StrandBias:0.1,Multiplicity:1.18
0.152	0.704	0.047	0.097
0.058	0.057	0.075	0.810
0.114	0.730	0.037	0.119
0.113	0.075	0.689	0.123
0.820	0.015	0.072	0.093
0.697	0.063	0.122	0.118
0.091	0.125	0.705	0.079
0.042	0.033	0.070	0.855
>TTTCCCGA	4-TTTCCCGA	5.547677	-35.973192	0	T:192.0(33.05%),B:13010.0(18.80%),P:1e-15	Tpos:107.3,Tstd:56.6,Bpos:98.1,Bstd:86.1,StrandBias:0.1,Multiplicity:1.14
0.021	0.064	0.067	0.848
0.040	0.085	0.054	0.821
0.023	0.068	0.033	0.876
0.076	0.623	0.116	0.185
0.054	0.664	0.181	0.101
0.145	0.612	0.107	0.136
0.074	0.101	0.794	0.031
0.772	0.058	0.076	0.094
>TACTAGAG	5-TACTAGAG	7.682985	-17.679276	0	T:30.0(5.16%),B:1077.8(1.56%),P:1e-7	Tpos:96.9,Tstd:57.7,Bpos:96.5,Bstd:80.3,StrandBias:0.0,Multiplicity:1.03
0.153	0.001	0.001	0.845
0.997	0.001	0.001	0.001
0.001	0.948	0.050	0.001
0.054	0.238	0.001	0.707
0.704	0.068	0.162	0.066
0.001	0.001	0.997	0.001
0.868	0.084	0.001	0.047
0.001	0.001	0.997	0.001
>GGGGGGGG	6-GGGGGGGG	10.680825	-13.219353	0	T:14.0(2.41%),B:341.4(0.49%),P:1e-5	Tpos:114.4,Tstd:58.0,Bpos:101.1,Bstd:64.4,StrandBias:-0.0,Multiplicity:1.29
0.073	0.006	0.855	0.066
0.001	0.001	0.997	0.001
0.048	0.001	0.950	0.001
0.001	0.001	0.997	0.001
0.001	0.001	0.997	0.001
0.001	0.001	0.986	0.012
0.001	0.001	0.975	0.023
0.023	0.025	0.858	0.094
>TGAGTAAG	7-TGAGTAAG	8.335498	-8.823944	0	T:23.0(3.96%),B:1145.8(1.66%),P:1e-3	Tpos:78.1,Tstd:44.3,Bpos:97.6,Bstd:75.7,StrandBias:-1.4,Multiplicity:1.45
0.001	0.001	0.001	0.997
0.307	0.001	0.691	0.001
0.997	0.001	0.001	0.001
0.001	0.001	0.997	0.001
0.001	0.214	0.001	0.784
0.997	0.001	0.001	0.001
0.983	0.015	0.001	0.001
0.001	0.001	0.997	0.001
>TATATATA	8-TATATATA	10.652407	-3.598314	0	T:9.0(1.55%),B:500.7(0.72%),P:1e-1	Tpos:93.9,Tstd:56.6,Bpos:101.2,Bstd:111.6,StrandBias:0.0,Multiplicity:1.44
0.001	0.103	0.001	0.895
0.903	0.001	0.001	0.095
0.001	0.001	0.001	0.997
0.997	0.001	0.001	0.001
0.001	0.103	0.001	0.895
0.903	0.001	0.001	0.095
0.001	0.001	0.001	0.997
0.997	0.001	0.001	0.001
>GYGTGTGT	9-GYGTGTGT	7.912473	-1.896813	0	T:25.0(4.30%),B:2376.5(3.43%),P:1e0	Tpos:123.4,Tstd:58.1,Bpos:100.6,Bstd:60.8,StrandBias:1.6,Multiplicity:1.12
0.001	0.001	0.997	0.001
0.001	0.568	0.001	0.430
0.001	0.001	0.997	0.001
0.001	0.022	0.245	0.732
0.001	0.001	0.997	0.001
0.001	0.001	0.001	0.997
0.001	0.001	0.997	0.001
0.001	0.001	0.304	0.694
>ATACATAC	10-ATACATAC	8.236954	-0.221402	0	T:6.0(1.03%),B:941.3(1.36%),P:1e0	Tpos:99.9,Tstd:50.9,Bpos:100.5,Bstd:101.7,StrandBias:0.1,Multiplicity:15.00
0.700	0.100	0.100	0.100
0.100	0.100	0.100	0.700
0.700	0.100	0.100	0.100
0.100	0.700	0.100	0.100
0.700	0.100	0.100	0.100
0.100	0.100	0.100	0.700
0.700	0.100	0.100	0.100
0.100	0.700	0.100	0.100
