>TTTCGCAAAA	1-TTTCGCAAAA	6.661074	-42.589403	0	T:161.0(27.71%),B:9400.1(13.58%),P:1e-18	Tpos:100.0,Tstd:57.7,Bpos:100.5,Bstd:97.2,StrandBias:-0.4,Multiplicity:1.18
0.092	0.026	0.062	0.820
0.070	0.072	0.061	0.797
0.038	0.042	0.113	0.807
0.114	0.759	0.065	0.062
0.051	0.074	0.743	0.132
0.111	0.718	0.087	0.084
0.848	0.082	0.022	0.048
0.906	0.035	0.012	0.047
0.845	0.048	0.039	0.068
0.760	0.042	0.109	0.089
>CGAAAATTTT	2-CGAAAATTTT	7.715616	-39.487468	0	T:58.0(9.98%),B:1797.3(2.60%),P:1e-17	Tpos:83.6,Tstd:51.6,Bpos:97.0,Bstd:104.0,StrandBias:0.3,Multiplicity:1.16
0.069	0.774	0.074	0.083
0.067	0.110	0.672	0.151
0.840	0.068	0.059	0.033
0.789	0.091	0.055	0.065
0.801	0.073	0.052	0.074
0.841	0.044	0.036	0.079
0.064	0.060	0.041	0.835
0.072	0.066	0.063	0.799
0.062	0.038	0.039	0.861
0.040	0.084	0.084	0.792
>AAAAAAAAAA	3-AAAAAAAAAA	8.413623	-33.456543	0	T:123.0(21.17%),B:6995.3(10.11%),P:1e-14	Tpos:105.9,Tstd:54.1,Bpos:98.3,Bstd:123.3,StrandBias:-0.1,Multiplicity:1.25
0.827	0.001	0.171	0.001
0.817	0.001	0.001	0.181
0.776	0.001	0.172	0.051
0.841	0.001	0.001	0.157
0.684	0.001	0.001	0.314
0.681	0.001	0.001	0.317
0.767	0.001	0.001	0.231
0.783	0.001	0.001	0.215
0.783	0.001	0.001	0.215
0.784	0.001	0.001	0.214
>TTTTRAAATT	4-TTTTRAAATT	7.125704	-32.908949	0	T:181.0(31.15%),B:12341.3(17.83%),P:1e-14	Tpos:98.2,Tstd:53.9,Bpos:100.8,Bstd:111.7,StrandBias:0.1,Multiplicity:1.13
0.107	0.039	0.001	0.853
0.001	0.001	0.001	0.997
0.001	0.137	0.074	0.788
0.197	0.001	0.120	0.682
0.464	0.088	0.410	0.038
0.751	0.140	0.029	0.080
0.598	0.262	0.139	0.001
0.807	0.086	0.006	0.101
0.026	0.017	0.135	0.822
0.167	0.001	0.088	0.744
>AAATATATGT	5-AAATATATGT	7.263934	-32.177289	0	T:131.0(22.55%),B:7816.5(11.30%),P:1e-13	Tpos:99.5,Tstd:53.4,Bpos:101.0,Bstd:119.4,StrandBias:-0.6,Multiplicity:1.11
0.958	0.024	0.001	0.017
0.857	0.001	0.141	0.001
0.761	0.053	0.104	0.082
0.230	0.023	0.001	0.746
0.886	0.001	0.063	0.050
0.216	0.001	0.070	0.713
0.837	0.079	0.063	0.021
0.117	0.026	0.145	0.712
0.070	0.001	0.831	0.098
0.142	0.041	0.001	0.816
>ATTAAAAATG	6-ATTAAAAATG	7.537405	-31.959960	0	T:127.0(21.86%),B:7489.4(10.82%),P:1e-13	Tpos:105.2,Tstd:61.2,Bpos:100.3,Bstd:103.3,StrandBias:-0.2,Multiplicity:1.14
0.752	0.120	0.087	0.041
0.083	0.160	0.124	0.633
0.156	0.105	0.130	0.609
0.758	0.001	0.138	0.103
0.852	0.016	0.031	0.101
0.879	0.001	0.119	0.001
0.861	0.011	0.042	0.086
0.800	0.003	0.121	0.076
0.001	0.001	0.001	0.997
0.032	0.033	0.861	0.074
>AAGATGTTTT	7-AAGATGTTTT	7.206453	-27.036598	0	T:81.0(13.94%),B:4125.1(5.96%),P:1e-11	Tpos:100.1,Tstd:60.5,Bpos:100.0,Bstd:101.1,StrandBias:-0.5,Multiplicity:1.06
0.865	0.052	0.031	0.052
0.760	0.095	0.086	0.059
0.046	0.030	0.853	0.071
0.790	0.075	0.068	0.067
0.107	0.081	0.022	0.790
0.031	0.059	0.831	0.079
0.049	0.068	0.071	0.812
0.080	0.057	0.032	0.831
0.050	0.165	0.062	0.723
0.109	0.086	0.052	0.753
>CACCGCCCAG	8-CACCGCCCAG	10.296193	-21.800895	0	T:5.0(0.86%),B:4.7(0.01%),P:1e-9	Tpos:103.2,Tstd:49.0,Bpos:89.1,Bstd:57.5,StrandBias:10.0,Multiplicity:1.00
0.100	0.700	0.100	0.100
0.700	0.100	0.100	0.100
0.100	0.700	0.100	0.100
0.100	0.700	0.100	0.100
0.100	0.100	0.700	0.100
0.100	0.700	0.100	0.100
0.100	0.700	0.100	0.100
0.100	0.700	0.100	0.100
0.700	0.100	0.100	0.100
0.100	0.100	0.700	0.100
>ATTCGCGTTA	9-ATTCGCGTTA	12.159255	-21.540675	0	T:6.0(1.03%),B:10.8(0.02%),P:1e-9	Tpos:169.8,Tstd:19.8,Bpos:63.0,Bstd:35.0,StrandBias:2.3,Multiplicity:1.00
0.997	0.001	0.001	0.001
0.001	0.001	0.001	0.997
0.001	0.001	0.001	0.997
0.001	0.997	0.001	0.001
0.001	0.001	0.997	0.001
0.001	0.997	0.001	0.001
0.001	0.001	0.997	0.001
0.001	0.001	0.001	0.997
0.001	0.001	0.001	0.997
0.811	0.001	0.001	0.187
>GACCGVCTCA	10-GACCGVCTCA	9.205153	-20.143932	0	T:15.0(2.58%),B:227.9(0.33%),P:1e-8	Tpos:73.1,Tstd:57.2,Bpos:98.1,Bstd:66.1,StrandBias:-1.0,Multiplicity:1.00
0.001	0.001	0.646	0.352
0.730	0.001	0.001	0.268
0.001	0.877	0.001	0.121
0.001	0.997	0.001	0.001
0.001	0.163	0.835	0.001
0.380	0.267	0.352	0.001
0.001	0.885	0.113	0.001
0.119	0.001	0.001	0.879
0.001	0.997	0.001	0.001
0.879	0.001	0.001	0.119
>CTTCTGTCCC	11-CTTCTGTCCC	10.093602	-19.870736	0	T:14.0(2.41%),B:197.0(0.28%),P:1e-8	Tpos:106.4,Tstd:47.5,Bpos:98.4,Bstd:71.4,StrandBias:-0.4,Multiplicity:1.00
0.075	0.880	0.001	0.044
0.001	0.001	0.001	0.997
0.001	0.001	0.001	0.997
0.001	0.888	0.077	0.034
0.085	0.001	0.001	0.913
0.001	0.080	0.864	0.055
0.001	0.001	0.001	0.997
0.078	0.770	0.094	0.058
0.001	0.901	0.097	0.001
0.077	0.855	0.001	0.067
>GCCAAAAATT	12-GCCAAAAATT	7.771605	-19.524475	0	T:69.0(11.88%),B:3830.1(5.53%),P:1e-8	Tpos:92.6,Tstd:55.2,Bpos:100.4,Bstd:100.8,StrandBias:0.4,Multiplicity:1.08
0.133	0.033	0.815	0.019
0.083	0.604	0.165	0.148
0.088	0.747	0.164	0.001
0.728	0.065	0.206	0.001
0.959	0.001	0.039	0.001
0.805	0.165	0.001	0.029
0.848	0.034	0.001	0.117
0.810	0.039	0.001	0.150
0.111	0.001	0.002	0.886
0.183	0.058	0.105	0.654
>AGTTATCGAG	13-AGTTATCGAG	9.359750	-18.491171	0	T:16.0(2.75%),B:299.0(0.43%),P:1e-8	Tpos:88.7,Tstd:46.0,Bpos:94.9,Bstd:68.7,StrandBias:1.0,Multiplicity:1.12
0.531	0.001	0.262	0.206
0.001	0.078	0.909	0.012
0.001	0.133	0.001	0.865
0.001	0.306	0.153	0.540
0.706	0.001	0.001	0.292
0.001	0.001	0.001	0.997
0.001	0.920	0.078	0.001
0.001	0.001	0.617	0.381
0.789	0.001	0.001	0.209
0.001	0.001	0.971	0.027
>TCCAATTCTC	14-TCCAATTCTC	10.296193	-18.070824	0	T:6.0(1.03%),B:18.0(0.03%),P:1e-7	Tpos:88.8,Tstd:28.6,Bpos:84.8,Bstd:58.8,StrandBias:2.3,Multiplicity:1.00
0.100	0.100	0.100	0.700
0.100	0.700	0.100	0.100
0.100	0.700	0.100	0.100
0.700	0.100	0.100	0.100
0.700	0.100	0.100	0.100
0.100	0.100	0.100	0.700
0.100	0.100	0.100	0.700
0.100	0.700	0.100	0.100
0.100	0.100	0.100	0.700
0.100	0.700	0.100	0.100
>CGTCCAACCC	15-CGTCCAACCC	10.147161	-17.811560	0	T:9.0(1.55%),B:73.9(0.11%),P:1e-7	Tpos:84.8,Tstd:58.5,Bpos:100.9,Bstd:71.7,StrandBias:-0.5,Multiplicity:1.33
0.184	0.737	0.078	0.001
0.001	0.001	0.997	0.001
0.001	0.001	0.001	0.997
0.001	0.997	0.001	0.001
0.001	0.997	0.001	0.001
0.932	0.001	0.066	0.001
0.622	0.103	0.155	0.120
0.001	0.997	0.001	0.001
0.001	0.819	0.088	0.092
0.001	0.997	0.001	0.001
>GGGGGGGGGG	16-GGGGGGGGGG	7.427544	-17.749700	0	T:28.0(4.82%),B:950.2(1.37%),P:1e-7	Tpos:108.3,Tstd:56.4,Bpos:101.2,Bstd:63.6,StrandBias:-0.1,Multiplicity:1.18
0.057	0.039	0.786	0.118
0.073	0.054	0.749	0.124
0.108	0.069	0.769	0.054
0.165	0.015	0.795	0.025
0.032	0.017	0.864	0.087
0.047	0.001	0.915	0.037
0.078	0.052	0.839	0.031
0.113	0.044	0.802	0.041
0.061	0.058	0.775	0.106
0.076	0.112	0.715	0.097
>AAACGGGAGT	17-AAACGGGAGT	10.296193	-14.571318	0	T:4.0(0.69%),B:7.6(0.01%),P:1e-6	Tpos:75.8,Tstd:53.9,Bpos:82.5,Bstd:50.7,StrandBias:1.6,Multiplicity:1.00
0.700	0.100	0.100	0.100
0.700	0.100	0.100	0.100
0.700	0.100	0.100	0.100
0.100	0.700	0.100	0.100
0.100	0.100	0.700	0.100
0.100	0.100	0.700	0.100
0.100	0.100	0.700	0.100
0.700	0.100	0.100	0.100
0.100	0.100	0.700	0.100
0.100	0.100	0.100	0.700
>GMCCACRAGA	18-GMCCACRAGA	8.575426	-13.356913	0	T:13.0(2.24%),B:289.5(0.42%),P:1e-5	Tpos:95.9,Tstd:55.8,Bpos:100.1,Bstd:62.9,StrandBias:0.8,Multiplicity:2.31
0.042	0.037	0.791	0.130
0.389	0.421	0.109	0.081
0.046	0.602	0.112	0.240
0.032	0.824	0.103	0.041
0.833	0.001	0.116	0.050
0.080	0.851	0.001	0.068
0.391	0.046	0.527	0.036
0.928	0.001	0.043	0.028
0.037	0.001	0.961	0.001
0.962	0.001	0.001	0.036
>CTAGTCCCTC	19-CTAGTCCCTC	10.296193	-10.260399	0	T:2.0(0.34%),B:1.7(0.00%),P:1e-4	Tpos:123.7,Tstd:49.6,Bpos:81.6,Bstd:13.1,StrandBias:1.0,Multiplicity:1.50
0.100	0.700	0.100	0.100
0.100	0.100	0.100	0.700
0.700	0.100	0.100	0.100
0.100	0.100	0.700	0.100
0.100	0.100	0.100	0.700
0.100	0.700	0.100	0.100
0.100	0.700	0.100	0.100
0.100	0.700	0.100	0.100
0.100	0.100	0.100	0.700
0.100	0.700	0.100	0.100
>GTCTGTGTGT	20-GTCTGTGTGT	9.458919	-8.045214	0	T:21.0(3.61%),B:1056.4(1.53%),P:1e-3	Tpos:124.3,Tstd:59.1,Bpos:99.2,Bstd:62.9,StrandBias:2.0,Multiplicity:1.25
0.060	0.001	0.901	0.038
0.067	0.082	0.001	0.850
0.001	0.560	0.395	0.044
0.001	0.186	0.001	0.812
0.127	0.001	0.871	0.001
0.001	0.001	0.001	0.997
0.063	0.046	0.890	0.001
0.001	0.058	0.091	0.850
0.064	0.001	0.934	0.001
0.063	0.095	0.001	0.841
>TACCCATGTA	21-TACCCATGTA	12.126644	-7.548671	0	T:4.0(0.69%),B:43.3(0.06%),P:1e-3	Tpos:86.2,Tstd:58.8,Bpos:104.7,Bstd:68.3,StrandBias:1.0,Multiplicity:1.50
0.001	0.001	0.001	0.997
0.997	0.001	0.001	0.001
0.001	0.997	0.001	0.001
0.001	0.997	0.001	0.001
0.001	0.997	0.001	0.001
0.817	0.001	0.001	0.181
0.001	0.001	0.001	0.997
0.001	0.001	0.997	0.001
0.001	0.001	0.001	0.997
0.997	0.001	0.001	0.001
>AYATATATAC	22-AYATATATAC	8.087261	-6.271512	0	T:46.0(7.92%),B:3479.9(5.03%),P:1e-2	Tpos:95.8,Tstd:53.6,Bpos:101.5,Bstd:104.1,StrandBias:-0.1,Multiplicity:1.15
0.811	0.008	0.001	0.180
0.001	0.421	0.062	0.516
0.863	0.067	0.062	0.008
0.001	0.126	0.001	0.872
0.991	0.007	0.001	0.001
0.001	0.413	0.001	0.585
0.918	0.080	0.001	0.001
0.001	0.001	0.001	0.997
0.810	0.132	0.057	0.001
0.263	0.550	0.001	0.186
>TAGATAGATA	23-TAGATAGATA	11.284856	-4.554342	0	T:3.0(0.52%),B:53.4(0.08%),P:1e-1	Tpos:67.3,Tstd:72.6,Bpos:121.9,Bstd:100.2,StrandBias:-1.0,Multiplicity:1.00
0.001	0.001	0.001	0.997
0.997	0.001	0.001	0.001
0.001	0.001	0.997	0.001
0.997	0.001	0.001	0.001
0.001	0.078	0.001	0.920
0.997	0.001	0.001	0.001
0.001	0.001	0.997	0.001
0.997	0.001	0.001	0.001
0.001	0.001	0.001	0.997
0.997	0.001	0.001	0.001
>GCCCAGCACA	24-GCCCAGCACA	10.296193	-2.269017	0	T:1.0(0.17%),B:13.2(0.02%),P:1e0	Tpos:109.9,Tstd:46.6,Bpos:98.7,Bstd:73.0,StrandBias:-10.0,Multiplicity:7.00
0.100	0.100	0.700	0.100
0.100	0.700	0.100	0.100
0.100	0.700	0.100	0.100
0.100	0.700	0.100	0.100
0.700	0.100	0.100	0.100
0.100	0.100	0.700	0.100
0.100	0.700	0.100	0.100
0.700	0.100	0.100	0.100
0.100	0.700	0.100	0.100
0.700	0.100	0.100	0.100
>ACTYACTYAC	25-ACTYACTYAC	7.546337	-1.914115	0	T:1.0(0.17%),B:19.3(0.03%),P:1e0	Tpos:75.5,Tstd:26.9,Bpos:102.3,Bstd:32.6,StrandBias:10.0,Multiplicity:3.00
0.610	0.073	0.312	0.005
0.173	0.702	0.071	0.054
0.089	0.115	0.293	0.503
0.171	0.311	0.065	0.453
0.516	0.182	0.177	0.125
0.132	0.568	0.207	0.093
0.146	0.001	0.341	0.512
0.002	0.366	0.124	0.508
0.459	0.151	0.247	0.142
0.057	0.529	0.122	0.292
>GAAAATTTTGGG	1-GAAAATTTTGGG	8.769835	-49.750487	0	T:56.0(9.64%),B:1336.5(1.93%),P:1e-21	Tpos:85.4,Tstd:47.9,Bpos:97.1,Bstd:111.7,StrandBias:-0.4,Multiplicity:1.20
0.141	0.092	0.557	0.210
0.535	0.092	0.291	0.082
0.847	0.104	0.041	0.008
0.899	0.001	0.035	0.065
0.818	0.001	0.001	0.180
0.001	0.020	0.114	0.865
0.010	0.041	0.060	0.889
0.040	0.040	0.068	0.852
0.001	0.020	0.074	0.905
0.282	0.167	0.550	0.001
0.271	0.024	0.644	0.061
0.319	0.062	0.523	0.096
>AAGTTGGARAAA	2-AAGTTGGARAAA	10.699777	-48.360835	0	T:26.0(4.48%),B:213.2(0.31%),P:1e-21	Tpos:107.9,Tstd:50.1,Bpos:103.3,Bstd:91.2,StrandBias:-0.2,Multiplicity:1.00
0.997	0.001	0.001	0.001
0.683	0.001	0.315	0.001
0.058	0.001	0.722	0.219
0.081	0.001	0.001	0.917
0.001	0.004	0.001	0.994
0.001	0.001	0.929	0.069
0.001	0.001	0.917	0.081
0.549	0.217	0.082	0.152
0.533	0.001	0.465	0.001
0.837	0.081	0.001	0.081
0.997	0.001	0.001	0.001
0.524	0.154	0.001	0.321
>AAAAAAAAAAAW	3-AAAAAAAAAAAW	8.467046	-36.481957	0	T:100.0(17.21%),B:4861.5(7.03%),P:1e-15	Tpos:107.4,Tstd:54.6,Bpos:96.8,Bstd:153.9,StrandBias:-0.1,Multiplicity:1.19
0.509	0.001	0.186	0.304
0.709	0.001	0.005	0.285
0.671	0.006	0.033	0.290
0.782	0.001	0.025	0.192
0.735	0.001	0.001	0.263
0.685	0.028	0.015	0.272
0.668	0.049	0.002	0.281
0.673	0.011	0.010	0.306
0.689	0.025	0.030	0.256
0.596	0.020	0.007	0.377
0.609	0.026	0.006	0.359
0.488	0.040	0.010	0.463
>GGACRGATATCT	4-GGACRGATATCT	10.955561	-35.967793	0	T:13.0(2.24%),B:44.0(0.06%),P:1e-15	Tpos:77.1,Tstd:40.3,Bpos:100.9,Bstd:64.1,StrandBias:1.2,Multiplicity:1.00
0.138	0.154	0.707	0.001
0.001	0.138	0.860	0.001
0.997	0.001	0.001	0.001
0.138	0.860	0.001	0.001
0.426	0.001	0.418	0.155
0.138	0.001	0.860	0.001
0.997	0.001	0.001	0.001
0.001	0.001	0.001	0.997
0.723	0.138	0.138	0.001
0.001	0.001	0.001	0.997
0.278	0.711	0.001	0.010
0.001	0.138	0.001	0.860
>TAGAKTTAACAC	5-TAGAKTTAACAC	13.600896	-35.234989	0	T:9.0(1.55%),B:10.5(0.02%),P:1e-15	Tpos:152.3,Tstd:38.4,Bpos:94.2,Bstd:58.0,StrandBias:0.3,Multiplicity:1.00
0.001	0.001	0.001	0.997
0.997	0.001	0.001	0.001
0.081	0.001	0.917	0.001
0.997	0.001	0.001	0.001
0.001	0.001	0.562	0.436
0.001	0.001	0.001	0.997
0.001	0.001	0.001	0.997
0.997	0.001	0.001	0.001
0.997	0.001	0.001	0.001
0.001	0.869	0.001	0.129
0.997	0.001	0.001	0.001
0.001	0.741	0.129	0.129
>ATACTTGCTTAG	6-ATACTTGCTTAG	13.915825	-31.140369	0	T:6.0(1.03%),B:2.8(0.00%),P:1e-13	Tpos:89.3,Tstd:55.9,Bpos:50.7,Bstd:25.7,StrandBias:0.0,Multiplicity:1.00
0.997	0.001	0.001	0.001
0.145	0.001	0.001	0.853
0.853	0.001	0.001	0.145
0.001	0.997	0.001	0.001
0.001	0.001	0.001	0.997
0.001	0.001	0.001	0.997
0.001	0.124	0.874	0.001
0.145	0.853	0.001	0.001
0.001	0.001	0.001	0.997
0.001	0.001	0.145	0.853
0.853	0.001	0.001	0.145
0.001	0.001	0.997	0.001
>GTAGAGAGTTTA	7-GTAGAGAGTTTA	14.323862	-31.140369	0	T:6.0(1.03%),B:2.6(0.00%),P:1e-13	Tpos:122.0,Tstd:46.2,Bpos:79.0,Bstd:54.5,StrandBias:2.3,Multiplicity:1.00
0.001	0.001	0.997	0.001
0.001	0.001	0.001	0.997
0.997	0.001	0.001	0.001
0.001	0.001	0.997	0.001
0.997	0.001	0.001	0.001
0.001	0.001	0.799	0.199
0.997	0.001	0.001	0.001
0.001	0.001	0.799	0.199
0.001	0.199	0.001	0.799
0.001	0.001	0.001	0.997
0.001	0.199	0.001	0.799
0.997	0.001	0.001	0.001
>ATGCAAYATATT	8-ATGCAAYATATT	11.965487	-28.405793	0	T:12.0(2.07%),B:62.1(0.09%),P:1e-12	Tpos:105.3,Tstd:55.2,Bpos:111.2,Bstd:91.4,StrandBias:0.3,Multiplicity:1.00
0.997	0.001	0.001	0.001
0.001	0.001	0.001	0.997
0.001	0.270	0.728	0.001
0.001	0.997	0.001	0.001
0.773	0.001	0.001	0.225
0.997	0.001	0.001	0.001
0.001	0.449	0.001	0.549
0.997	0.001	0.001	0.001
0.001	0.001	0.001	0.997
0.773	0.225	0.001	0.001
0.001	0.062	0.001	0.936
0.001	0.210	0.001	0.788
>ACCCAAGATTTA	9-ACCCAAGATTTA	13.830542	-27.883348	0	T:8.0(1.38%),B:14.4(0.02%),P:1e-12	Tpos:115.0,Tstd:38.5,Bpos:130.3,Bstd:52.0,StrandBias:1.6,Multiplicity:1.00
0.997	0.001	0.001	0.001
0.001	0.997	0.001	0.001
0.112	0.710	0.001	0.177
0.001	0.821	0.001	0.177
0.997	0.001	0.001	0.001
0.997	0.001	0.001	0.001
0.001	0.001	0.997	0.001
0.997	0.001	0.001	0.001
0.001	0.001	0.001	0.997
0.001	0.001	0.001	0.997
0.001	0.001	0.177	0.821
0.821	0.177	0.001	0.001
>CAACTTTTCTAA	10-CAACTTTTCTAA	13.567858	-27.835420	0	T:9.0(1.55%),B:23.3(0.03%),P:1e-12	Tpos:91.2,Tstd:58.0,Bpos:72.4,Bstd:97.2,StrandBias:-0.3,Multiplicity:1.00
0.001	0.835	0.001	0.163
0.997	0.001	0.001	0.001
0.997	0.001	0.001	0.001
0.001	0.997	0.001	0.001
0.001	0.001	0.001	0.997
0.001	0.001	0.001	0.997
0.001	0.116	0.001	0.882
0.001	0.163	0.163	0.673
0.001	0.835	0.001	0.163
0.125	0.001	0.001	0.873
0.997	0.001	0.001	0.001
0.997	0.001	0.001	0.001
>TATCATTTTYAR	11-TATCATTTTYAR	9.759554	-25.536558	0	T:36.0(6.20%),B:1089.2(1.57%),P:1e-11	Tpos:110.8,Tstd:56.0,Bpos:98.5,Bstd:97.6,StrandBias:-0.6,Multiplicity:1.03
0.001	0.087	0.285	0.627
0.454	0.286	0.259	0.001
0.001	0.001	0.001	0.997
0.104	0.513	0.278	0.105
0.665	0.001	0.001	0.333
0.238	0.001	0.001	0.760
0.001	0.001	0.001	0.997
0.001	0.001	0.001	0.997
0.001	0.158	0.223	0.618
0.189	0.471	0.001	0.340
0.959	0.001	0.039	0.001
0.450	0.126	0.424	0.001
>CAATAAAGTACA	12-CAATAAAGTACA	12.355432	-23.232373	0	T:5.0(0.86%),B:3.5(0.01%),P:1e-10	Tpos:114.0,Tstd:52.0,Bpos:117.4,Bstd:39.2,StrandBias:2.0,Multiplicity:1.00
0.100	0.700	0.100	0.100
0.700	0.100	0.100	0.100
0.700	0.100	0.100	0.100
0.100	0.100	0.100	0.700
0.700	0.100	0.100	0.100
0.700	0.100	0.100	0.100
0.700	0.100	0.100	0.100
0.100	0.100	0.700	0.100
0.100	0.100	0.100	0.700
0.700	0.100	0.100	0.100
0.100	0.700	0.100	0.100
0.700	0.100	0.100	0.100
>CWTGACTTTAAA	13-CWTGACTTTAAA	9.781193	-22.474584	0	T:26.0(4.48%),B:659.0(0.95%),P:1e-9	Tpos:104.1,Tstd:61.1,Bpos:103.0,Bstd:90.2,StrandBias:0.4,Multiplicity:1.19
0.001	0.548	0.073	0.378
0.522	0.001	0.059	0.418
0.001	0.001	0.056	0.942
0.181	0.001	0.771	0.047
0.756	0.001	0.112	0.131
0.110	0.655	0.001	0.234
0.138	0.096	0.001	0.765
0.001	0.001	0.001	0.997
0.167	0.018	0.080	0.735
0.571	0.082	0.169	0.178
0.739	0.174	0.001	0.086
0.721	0.001	0.001	0.277
>CATTGATTCGCG	14-CATTGATTCGCG	12.355432	-22.314977	0	T:4.0(0.69%),B:0.4(0.00%),P:1e-9	Tpos:174.5,Tstd:15.6,Bpos:155.0,Bstd:0.0,StrandBias:10.0,Multiplicity:1.00
0.100	0.700	0.100	0.100
0.700	0.100	0.100	0.100
0.100	0.100	0.100	0.700
0.100	0.100	0.100	0.700
0.100	0.100	0.700	0.100
0.700	0.100	0.100	0.100
0.100	0.100	0.100	0.700
0.100	0.100	0.100	0.700
0.100	0.700	0.100	0.100
0.100	0.100	0.700	0.100
0.100	0.700	0.100	0.100
0.100	0.100	0.700	0.100
>CAAAATTACAGA	15-CAAAATTACAGA	9.977727	-22.124600	0	T:27.0(4.65%),B:721.4(1.04%),P:1e-9	Tpos:87.6,Tstd:56.3,Bpos:107.1,Bstd:96.1,StrandBias:-1.3,Multiplicity:1.08
0.077	0.781	0.068	0.074
0.905	0.001	0.033	0.061
0.876	0.025	0.001	0.098
0.933	0.013	0.001	0.053
0.881	0.040	0.056	0.023
0.042	0.001	0.028	0.929
0.028	0.043	0.044	0.885
0.800	0.085	0.082	0.033
0.116	0.796	0.087	0.001
0.896	0.037	0.001	0.066
0.137	0.106	0.623	0.134
0.706	0.204	0.023	0.067
>TTTGAATTTCAA	16-TTTGAATTTCAA	13.377479	-20.071143	0	T:11.0(1.89%),B:102.1(0.15%),P:1e-8	Tpos:87.4,Tstd:48.0,Bpos:114.6,Bstd:121.1,StrandBias:0.7,Multiplicity:1.00
0.001	0.001	0.011	0.987
0.001	0.001	0.001	0.997
0.367	0.001	0.001	0.631
0.001	0.001	0.997	0.001
0.997	0.001	0.001	0.001
0.991	0.001	0.007	0.001
0.414	0.001	0.001	0.584
0.001	0.001	0.001	0.997
0.001	0.001	0.001	0.997
0.001	0.997	0.001	0.001
0.607	0.001	0.001	0.391
0.819	0.179	0.001	0.001
>TAAGTAAGTAAG	17-TAAGTAAGTAAG	12.979208	-19.023604	0	T:5.0(0.86%),B:7.4(0.01%),P:1e-8	Tpos:96.1,Tstd:28.3,Bpos:105.8,Bstd:22.7,StrandBias:0.4,Multiplicity:1.40
0.055	0.111	0.001	0.833
0.792	0.001	0.152	0.055
0.943	0.055	0.001	0.001
0.244	0.001	0.754	0.001
0.291	0.055	0.001	0.653
0.740	0.111	0.148	0.001
0.889	0.055	0.001	0.055
0.402	0.001	0.596	0.001
0.001	0.055	0.001	0.943
0.832	0.001	0.166	0.001
0.943	0.055	0.001	0.001
0.001	0.031	0.967	0.001
>TTGTGCTGGGCA	18-TTGTGCTGGGCA	11.558683	-18.362874	0	T:5.0(0.86%),B:8.8(0.01%),P:1e-7	Tpos:111.9,Tstd:52.8,Bpos:97.4,Bstd:33.1,StrandBias:10.0,Multiplicity:2.20
0.001	0.001	0.001	0.997
0.001	0.001	0.095	0.903
0.001	0.001	0.997	0.001
0.001	0.001	0.001	0.997
0.001	0.001	0.997	0.001
0.001	0.806	0.192	0.001
0.001	0.001	0.001	0.997
0.001	0.001	0.806	0.192
0.192	0.001	0.806	0.001
0.001	0.001	0.997	0.001
0.001	0.997	0.001	0.001
0.997	0.001	0.001	0.001
>TTACATTTTTTG	19-TTACATTTTTTG	12.355432	-16.143123	0	T:3.0(0.52%),B:1.9(0.00%),P:1e-7	Tpos:115.2,Tstd:71.7,Bpos:149.7,Bstd:21.5,StrandBias:10.0,Multiplicity:1.33
0.100	0.100	0.100	0.700
0.100	0.100	0.100	0.700
0.700	0.100	0.100	0.100
0.100	0.700	0.100	0.100
0.700	0.100	0.100	0.100
0.100	0.100	0.100	0.700
0.100	0.100	0.100	0.700
0.100	0.100	0.100	0.700
0.100	0.100	0.100	0.700
0.100	0.100	0.100	0.700
0.100	0.100	0.100	0.700
0.100	0.100	0.700	0.100
>GGGGGGGGGGCC	20-GGGGGGGGGGCC	10.288435	-14.062429	0	T:8.0(1.38%),B:84.3(0.12%),P:1e-6	Tpos:127.0,Tstd:50.7,Bpos:95.3,Bstd:59.2,StrandBias:-1.4,Multiplicity:1.12
0.129	0.123	0.685	0.063
0.129	0.102	0.717	0.052
0.173	0.054	0.704	0.069
0.131	0.054	0.751	0.064
0.134	0.064	0.727	0.075
0.118	0.011	0.753	0.118
0.141	0.032	0.655	0.172
0.152	0.070	0.628	0.150
0.086	0.150	0.710	0.054
0.182	0.172	0.581	0.065
0.163	0.548	0.134	0.155
0.216	0.542	0.156	0.086
>CCTYCCTTCCTC	21-CCTYCCTTCCTC	11.175233	-13.171060	0	T:7.0(1.20%),B:66.2(0.10%),P:1e-5	Tpos:71.4,Tstd:58.1,Bpos:83.0,Bstd:57.6,StrandBias:1.9,Multiplicity:1.00
0.001	0.599	0.001	0.399
0.136	0.862	0.001	0.001
0.001	0.001	0.001	0.997
0.115	0.358	0.115	0.412
0.001	0.884	0.114	0.001
0.001	0.997	0.001	0.001
0.114	0.001	0.001	0.884
0.054	0.243	0.001	0.702
0.022	0.748	0.115	0.115
0.001	0.997	0.001	0.001
0.229	0.001	0.001	0.769
0.001	0.769	0.229	0.001
>AGATAGATAGAT	22-AGATAGATAGAT	12.355432	-6.140442	0	T:2.0(0.34%),B:8.8(0.01%),P:1e-2	Tpos:68.1,Tstd:75.7,Bpos:139.7,Bstd:97.1,StrandBias:-1.4,Multiplicity:1.00
0.700	0.100	0.100	0.100
0.100	0.100	0.700	0.100
0.700	0.100	0.100	0.100
0.100	0.100	0.100	0.700
0.700	0.100	0.100	0.100
0.100	0.100	0.700	0.100
0.700	0.100	0.100	0.100
0.100	0.100	0.100	0.700
0.700	0.100	0.100	0.100
0.100	0.100	0.700	0.100
0.700	0.100	0.100	0.100
0.100	0.100	0.100	0.700
>GTGCGCACRAGA	23-GTGCGCACRAGA	15.619843	-4.784164	0	T:1.0(0.17%),B:1.5(0.00%),P:1e-2	Tpos:140.6,Tstd:48.0,Bpos:140.4,Bstd:21.7,StrandBias:2.0,Multiplicity:4.00
0.001	0.001	0.997	0.001
0.001	0.001	0.001	0.997
0.001	0.001	0.997	0.001
0.114	0.884	0.001	0.001
0.001	0.001	0.884	0.114
0.001	0.997	0.001	0.001
0.997	0.001	0.001	0.001
0.001	0.997	0.001	0.001
0.537	0.001	0.461	0.001
0.997	0.001	0.001	0.001
0.114	0.001	0.884	0.001
0.997	0.001	0.001	0.001
>CTTGTGATCACA	24-CTTGTGATCACA	12.355432	-4.784164	0	T:1.0(0.17%),B:1.5(0.00%),P:1e-2	Tpos:126.5,Tstd:34.3,Bpos:77.9,Bstd:36.3,StrandBias:0.0,Multiplicity:3.00
0.100	0.700	0.100	0.100
0.100	0.100	0.100	0.700
0.100	0.100	0.100	0.700
0.100	0.100	0.700	0.100
0.100	0.100	0.100	0.700
0.100	0.100	0.700	0.100
0.700	0.100	0.100	0.100
0.100	0.100	0.100	0.700
0.100	0.700	0.100	0.100
0.700	0.100	0.100	0.100
0.100	0.700	0.100	0.100
0.700	0.100	0.100	0.100
>AYACAYAYAYAY	25-AYACAYAYAYAY	9.251317	-4.299746	0	T:20.0(3.44%),B:1371.8(1.98%),P:1e-1	Tpos:104.3,Tstd:52.2,Bpos:103.8,Bstd:140.7,StrandBias:-0.3,Multiplicity:1.15
0.864	0.044	0.001	0.091
0.021	0.504	0.043	0.432
0.913	0.043	0.034	0.010
0.022	0.552	0.064	0.362
0.921	0.024	0.034	0.021
0.028	0.425	0.043	0.504
0.911	0.069	0.019	0.001
0.040	0.400	0.034	0.526
0.923	0.017	0.022	0.038
0.041	0.484	0.046	0.430
0.912	0.017	0.070	0.001
0.041	0.434	0.064	0.461
>AGATATTT	1-AGATATTT	4.992225	-41.742736	0	T:407.0(70.05%),B:36010.8(52.04%),P:1e-18	Tpos:103.5,Tstd:58.5,Bpos:99.2,Bstd:109.3,StrandBias:-0.1,Multiplicity:1.56
0.742	0.074	0.049	0.135
0.015	0.131	0.722	0.132
0.859	0.037	0.017	0.087
0.141	0.051	0.069	0.739
0.662	0.079	0.101	0.158
0.036	0.058	0.155	0.751
0.181	0.013	0.057	0.749
0.076	0.049	0.093	0.782
>AAAAATTT	2-AAAAATTT	6.846773	-37.901776	0	T:246.0(42.34%),B:18164.3(26.25%),P:1e-16	Tpos:96.7,Tstd:54.4,Bpos:99.5,Bstd:116.9,StrandBias:-0.0,Multiplicity:1.58
0.588	0.139	0.180	0.093
0.935	0.063	0.001	0.001
0.997	0.001	0.001	0.001
0.997	0.001	0.001	0.001
0.997	0.001	0.001	0.001
0.316	0.089	0.001	0.594
0.236	0.109	0.047	0.608
0.298	0.001	0.087	0.614
>CTCGAAGT	3-CTCGAAGT	5.017631	-36.754678	0	T:217.0(37.35%),B:15368.0(22.21%),P:1e-15	Tpos:103.8,Tstd:59.2,Bpos:99.6,Bstd:86.5,StrandBias:0.1,Multiplicity:1.18
0.152	0.704	0.047	0.097
0.058	0.057	0.075	0.810
0.114	0.730	0.037	0.119
0.113	0.075	0.689	0.123
0.820	0.015	0.072	0.093
0.697	0.063	0.122	0.118
0.091	0.125	0.705	0.079
0.042	0.033	0.070	0.855
>TTTCCCGA	4-TTTCCCGA	5.547677	-35.973192	0	T:192.0(33.05%),B:13010.0(18.80%),P:1e-15	Tpos:107.3,Tstd:56.6,Bpos:98.1,Bstd:86.1,StrandBias:0.1,Multiplicity:1.14
0.021	0.064	0.067	0.848
0.040	0.085	0.054	0.821
0.023	0.068	0.033	0.876
0.076	0.623	0.116	0.185
0.054	0.664	0.181	0.101
0.145	0.612	0.107	0.136
0.074	0.101	0.794	0.031
0.772	0.058	0.076	0.094
>TACTAGAG	5-TACTAGAG	7.682985	-17.679276	0	T:30.0(5.16%),B:1077.8(1.56%),P:1e-7	Tpos:96.9,Tstd:57.7,Bpos:96.5,Bstd:80.3,StrandBias:0.0,Multiplicity:1.03
0.153	0.001	0.001	0.845
0.997	0.001	0.001	0.001
0.001	0.948	0.050	0.001
0.054	0.238	0.001	0.707
0.704	0.068	0.162	0.066
0.001	0.001	0.997	0.001
0.868	0.084	0.001	0.047
0.001	0.001	0.997	0.001
>GGGGGGGG	6-GGGGGGGG	10.680825	-13.219353	0	T:14.0(2.41%),B:341.4(0.49%),P:1e-5	Tpos:114.4,Tstd:58.0,Bpos:101.1,Bstd:64.4,StrandBias:-0.0,Multiplicity:1.29
0.073	0.006	0.855	0.066
0.001	0.001	0.997	0.001
0.048	0.001	0.950	0.001
0.001	0.001	0.997	0.001
0.001	0.001	0.997	0.001
0.001	0.001	0.986	0.012
0.001	0.001	0.975	0.023
0.023	0.025	0.858	0.094
>TGAGTAAG	7-TGAGTAAG	8.335498	-8.823944	0	T:23.0(3.96%),B:1145.8(1.66%),P:1e-3	Tpos:78.1,Tstd:44.3,Bpos:97.6,Bstd:75.7,StrandBias:-1.4,Multiplicity:1.45
0.001	0.001	0.001	0.997
0.307	0.001	0.691	0.001
0.997	0.001	0.001	0.001
0.001	0.001	0.997	0.001
0.001	0.214	0.001	0.784
0.997	0.001	0.001	0.001
0.983	0.015	0.001	0.001
0.001	0.001	0.997	0.001
>TATATATA	8-TATATATA	10.652407	-3.598314	0	T:9.0(1.55%),B:500.7(0.72%),P:1e-1	Tpos:93.9,Tstd:56.6,Bpos:101.2,Bstd:111.6,StrandBias:0.0,Multiplicity:1.44
0.001	0.103	0.001	0.895
0.903	0.001	0.001	0.095
0.001	0.001	0.001	0.997
0.997	0.001	0.001	0.001
0.001	0.103	0.001	0.895
0.903	0.001	0.001	0.095
0.001	0.001	0.001	0.997
0.997	0.001	0.001	0.001
>GYGTGTGT	9-GYGTGTGT	7.912473	-1.896813	0	T:25.0(4.30%),B:2376.5(3.43%),P:1e0	Tpos:123.4,Tstd:58.1,Bpos:100.6,Bstd:60.8,StrandBias:1.6,Multiplicity:1.12
0.001	0.001	0.997	0.001
0.001	0.568	0.001	0.430
0.001	0.001	0.997	0.001
0.001	0.022	0.245	0.732
0.001	0.001	0.997	0.001
0.001	0.001	0.001	0.997
0.001	0.001	0.997	0.001
0.001	0.001	0.304	0.694
>ATACATAC	10-ATACATAC	8.236954	-0.221402	0	T:6.0(1.03%),B:941.3(1.36%),P:1e0	Tpos:99.9,Tstd:50.9,Bpos:100.5,Bstd:101.7,StrandBias:0.1,Multiplicity:15.00
0.700	0.100	0.100	0.100
0.100	0.100	0.100	0.700
0.700	0.100	0.100	0.100
0.100	0.700	0.100	0.100
0.700	0.100	0.100	0.100
0.100	0.100	0.100	0.700
0.700	0.100	0.100	0.100
0.100	0.700	0.100	0.100
