>GAAAATTTTGGG	1-GAAAATTTTGGG	8.769835	-49.750487	0	T:56.0(9.64%),B:1336.5(1.93%),P:1e-21	Tpos:85.4,Tstd:47.9,Bpos:97.1,Bstd:111.7,StrandBias:-0.4,Multiplicity:1.20
0.141	0.092	0.557	0.210
0.535	0.092	0.291	0.082
0.847	0.104	0.041	0.008
0.899	0.001	0.035	0.065
0.818	0.001	0.001	0.180
0.001	0.020	0.114	0.865
0.010	0.041	0.060	0.889
0.040	0.040	0.068	0.852
0.001	0.020	0.074	0.905
0.282	0.167	0.550	0.001
0.271	0.024	0.644	0.061
0.319	0.062	0.523	0.096
>AAGTTGGARAAA	2-AAGTTGGARAAA	10.699777	-48.360835	0	T:26.0(4.48%),B:213.2(0.31%),P:1e-21	Tpos:107.9,Tstd:50.1,Bpos:103.3,Bstd:91.2,StrandBias:-0.2,Multiplicity:1.00
0.997	0.001	0.001	0.001
0.683	0.001	0.315	0.001
0.058	0.001	0.722	0.219
0.081	0.001	0.001	0.917
0.001	0.004	0.001	0.994
0.001	0.001	0.929	0.069
0.001	0.001	0.917	0.081
0.549	0.217	0.082	0.152
0.533	0.001	0.465	0.001
0.837	0.081	0.001	0.081
0.997	0.001	0.001	0.001
0.524	0.154	0.001	0.321
>AAAAAAAAAAAW	3-AAAAAAAAAAAW	8.467046	-36.481957	0	T:100.0(17.21%),B:4861.5(7.03%),P:1e-15	Tpos:107.4,Tstd:54.6,Bpos:96.8,Bstd:153.9,StrandBias:-0.1,Multiplicity:1.19
0.509	0.001	0.186	0.304
0.709	0.001	0.005	0.285
0.671	0.006	0.033	0.290
0.782	0.001	0.025	0.192
0.735	0.001	0.001	0.263
0.685	0.028	0.015	0.272
0.668	0.049	0.002	0.281
0.673	0.011	0.010	0.306
0.689	0.025	0.030	0.256
0.596	0.020	0.007	0.377
0.609	0.026	0.006	0.359
0.488	0.040	0.010	0.463
>GGACRGATATCT	4-GGACRGATATCT	10.955561	-35.967793	0	T:13.0(2.24%),B:44.0(0.06%),P:1e-15	Tpos:77.1,Tstd:40.3,Bpos:100.9,Bstd:64.1,StrandBias:1.2,Multiplicity:1.00
0.138	0.154	0.707	0.001
0.001	0.138	0.860	0.001
0.997	0.001	0.001	0.001
0.138	0.860	0.001	0.001
0.426	0.001	0.418	0.155
0.138	0.001	0.860	0.001
0.997	0.001	0.001	0.001
0.001	0.001	0.001	0.997
0.723	0.138	0.138	0.001
0.001	0.001	0.001	0.997
0.278	0.711	0.001	0.010
0.001	0.138	0.001	0.860
>TAGAKTTAACAC	5-TAGAKTTAACAC	13.600896	-35.234989	0	T:9.0(1.55%),B:10.5(0.02%),P:1e-15	Tpos:152.3,Tstd:38.4,Bpos:94.2,Bstd:58.0,StrandBias:0.3,Multiplicity:1.00
0.001	0.001	0.001	0.997
0.997	0.001	0.001	0.001
0.081	0.001	0.917	0.001
0.997	0.001	0.001	0.001
0.001	0.001	0.562	0.436
0.001	0.001	0.001	0.997
0.001	0.001	0.001	0.997
0.997	0.001	0.001	0.001
0.997	0.001	0.001	0.001
0.001	0.869	0.001	0.129
0.997	0.001	0.001	0.001
0.001	0.741	0.129	0.129
>ATACTTGCTTAG	6-ATACTTGCTTAG	13.915825	-31.140369	0	T:6.0(1.03%),B:2.8(0.00%),P:1e-13	Tpos:89.3,Tstd:55.9,Bpos:50.7,Bstd:25.7,StrandBias:0.0,Multiplicity:1.00
0.997	0.001	0.001	0.001
0.145	0.001	0.001	0.853
0.853	0.001	0.001	0.145
0.001	0.997	0.001	0.001
0.001	0.001	0.001	0.997
0.001	0.001	0.001	0.997
0.001	0.124	0.874	0.001
0.145	0.853	0.001	0.001
0.001	0.001	0.001	0.997
0.001	0.001	0.145	0.853
0.853	0.001	0.001	0.145
0.001	0.001	0.997	0.001
>GTAGAGAGTTTA	7-GTAGAGAGTTTA	14.323862	-31.140369	0	T:6.0(1.03%),B:2.6(0.00%),P:1e-13	Tpos:122.0,Tstd:46.2,Bpos:79.0,Bstd:54.5,StrandBias:2.3,Multiplicity:1.00
0.001	0.001	0.997	0.001
0.001	0.001	0.001	0.997
0.997	0.001	0.001	0.001
0.001	0.001	0.997	0.001
0.997	0.001	0.001	0.001
0.001	0.001	0.799	0.199
0.997	0.001	0.001	0.001
0.001	0.001	0.799	0.199
0.001	0.199	0.001	0.799
0.001	0.001	0.001	0.997
0.001	0.199	0.001	0.799
0.997	0.001	0.001	0.001
>ATGCAAYATATT	8-ATGCAAYATATT	11.965487	-28.405793	0	T:12.0(2.07%),B:62.1(0.09%),P:1e-12	Tpos:105.3,Tstd:55.2,Bpos:111.2,Bstd:91.4,StrandBias:0.3,Multiplicity:1.00
0.997	0.001	0.001	0.001
0.001	0.001	0.001	0.997
0.001	0.270	0.728	0.001
0.001	0.997	0.001	0.001
0.773	0.001	0.001	0.225
0.997	0.001	0.001	0.001
0.001	0.449	0.001	0.549
0.997	0.001	0.001	0.001
0.001	0.001	0.001	0.997
0.773	0.225	0.001	0.001
0.001	0.062	0.001	0.936
0.001	0.210	0.001	0.788
>ACCCAAGATTTA	9-ACCCAAGATTTA	13.830542	-27.883348	0	T:8.0(1.38%),B:14.4(0.02%),P:1e-12	Tpos:115.0,Tstd:38.5,Bpos:130.3,Bstd:52.0,StrandBias:1.6,Multiplicity:1.00
0.997	0.001	0.001	0.001
0.001	0.997	0.001	0.001
0.112	0.710	0.001	0.177
0.001	0.821	0.001	0.177
0.997	0.001	0.001	0.001
0.997	0.001	0.001	0.001
0.001	0.001	0.997	0.001
0.997	0.001	0.001	0.001
0.001	0.001	0.001	0.997
0.001	0.001	0.001	0.997
0.001	0.001	0.177	0.821
0.821	0.177	0.001	0.001
>CAACTTTTCTAA	10-CAACTTTTCTAA	13.567858	-27.835420	0	T:9.0(1.55%),B:23.3(0.03%),P:1e-12	Tpos:91.2,Tstd:58.0,Bpos:72.4,Bstd:97.2,StrandBias:-0.3,Multiplicity:1.00
0.001	0.835	0.001	0.163
0.997	0.001	0.001	0.001
0.997	0.001	0.001	0.001
0.001	0.997	0.001	0.001
0.001	0.001	0.001	0.997
0.001	0.001	0.001	0.997
0.001	0.116	0.001	0.882
0.001	0.163	0.163	0.673
0.001	0.835	0.001	0.163
0.125	0.001	0.001	0.873
0.997	0.001	0.001	0.001
0.997	0.001	0.001	0.001
>TATCATTTTYAR	11-TATCATTTTYAR	9.759554	-25.536558	0	T:36.0(6.20%),B:1089.2(1.57%),P:1e-11	Tpos:110.8,Tstd:56.0,Bpos:98.5,Bstd:97.6,StrandBias:-0.6,Multiplicity:1.03
0.001	0.087	0.285	0.627
0.454	0.286	0.259	0.001
0.001	0.001	0.001	0.997
0.104	0.513	0.278	0.105
0.665	0.001	0.001	0.333
0.238	0.001	0.001	0.760
0.001	0.001	0.001	0.997
0.001	0.001	0.001	0.997
0.001	0.158	0.223	0.618
0.189	0.471	0.001	0.340
0.959	0.001	0.039	0.001
0.450	0.126	0.424	0.001
>CAATAAAGTACA	12-CAATAAAGTACA	12.355432	-23.232373	0	T:5.0(0.86%),B:3.5(0.01%),P:1e-10	Tpos:114.0,Tstd:52.0,Bpos:117.4,Bstd:39.2,StrandBias:2.0,Multiplicity:1.00
0.100	0.700	0.100	0.100
0.700	0.100	0.100	0.100
0.700	0.100	0.100	0.100
0.100	0.100	0.100	0.700
0.700	0.100	0.100	0.100
0.700	0.100	0.100	0.100
0.700	0.100	0.100	0.100
0.100	0.100	0.700	0.100
0.100	0.100	0.100	0.700
0.700	0.100	0.100	0.100
0.100	0.700	0.100	0.100
0.700	0.100	0.100	0.100
>CWTGACTTTAAA	13-CWTGACTTTAAA	9.781193	-22.474584	0	T:26.0(4.48%),B:659.0(0.95%),P:1e-9	Tpos:104.1,Tstd:61.1,Bpos:103.0,Bstd:90.2,StrandBias:0.4,Multiplicity:1.19
0.001	0.548	0.073	0.378
0.522	0.001	0.059	0.418
0.001	0.001	0.056	0.942
0.181	0.001	0.771	0.047
0.756	0.001	0.112	0.131
0.110	0.655	0.001	0.234
0.138	0.096	0.001	0.765
0.001	0.001	0.001	0.997
0.167	0.018	0.080	0.735
0.571	0.082	0.169	0.178
0.739	0.174	0.001	0.086
0.721	0.001	0.001	0.277
>CATTGATTCGCG	14-CATTGATTCGCG	12.355432	-22.314977	0	T:4.0(0.69%),B:0.4(0.00%),P:1e-9	Tpos:174.5,Tstd:15.6,Bpos:155.0,Bstd:0.0,StrandBias:10.0,Multiplicity:1.00
0.100	0.700	0.100	0.100
0.700	0.100	0.100	0.100
0.100	0.100	0.100	0.700
0.100	0.100	0.100	0.700
0.100	0.100	0.700	0.100
0.700	0.100	0.100	0.100
0.100	0.100	0.100	0.700
0.100	0.100	0.100	0.700
0.100	0.700	0.100	0.100
0.100	0.100	0.700	0.100
0.100	0.700	0.100	0.100
0.100	0.100	0.700	0.100
>CAAAATTACAGA	15-CAAAATTACAGA	9.977727	-22.124600	0	T:27.0(4.65%),B:721.4(1.04%),P:1e-9	Tpos:87.6,Tstd:56.3,Bpos:107.1,Bstd:96.1,StrandBias:-1.3,Multiplicity:1.08
0.077	0.781	0.068	0.074
0.905	0.001	0.033	0.061
0.876	0.025	0.001	0.098
0.933	0.013	0.001	0.053
0.881	0.040	0.056	0.023
0.042	0.001	0.028	0.929
0.028	0.043	0.044	0.885
0.800	0.085	0.082	0.033
0.116	0.796	0.087	0.001
0.896	0.037	0.001	0.066
0.137	0.106	0.623	0.134
0.706	0.204	0.023	0.067
>TTTGAATTTCAA	16-TTTGAATTTCAA	13.377479	-20.071143	0	T:11.0(1.89%),B:102.1(0.15%),P:1e-8	Tpos:87.4,Tstd:48.0,Bpos:114.6,Bstd:121.1,StrandBias:0.7,Multiplicity:1.00
0.001	0.001	0.011	0.987
0.001	0.001	0.001	0.997
0.367	0.001	0.001	0.631
0.001	0.001	0.997	0.001
0.997	0.001	0.001	0.001
0.991	0.001	0.007	0.001
0.414	0.001	0.001	0.584
0.001	0.001	0.001	0.997
0.001	0.001	0.001	0.997
0.001	0.997	0.001	0.001
0.607	0.001	0.001	0.391
0.819	0.179	0.001	0.001
>TAAGTAAGTAAG	17-TAAGTAAGTAAG	12.979208	-19.023604	0	T:5.0(0.86%),B:7.4(0.01%),P:1e-8	Tpos:96.1,Tstd:28.3,Bpos:105.8,Bstd:22.7,StrandBias:0.4,Multiplicity:1.40
0.055	0.111	0.001	0.833
0.792	0.001	0.152	0.055
0.943	0.055	0.001	0.001
0.244	0.001	0.754	0.001
0.291	0.055	0.001	0.653
0.740	0.111	0.148	0.001
0.889	0.055	0.001	0.055
0.402	0.001	0.596	0.001
0.001	0.055	0.001	0.943
0.832	0.001	0.166	0.001
0.943	0.055	0.001	0.001
0.001	0.031	0.967	0.001
>TTGTGCTGGGCA	18-TTGTGCTGGGCA	11.558683	-18.362874	0	T:5.0(0.86%),B:8.8(0.01%),P:1e-7	Tpos:111.9,Tstd:52.8,Bpos:97.4,Bstd:33.1,StrandBias:10.0,Multiplicity:2.20
0.001	0.001	0.001	0.997
0.001	0.001	0.095	0.903
0.001	0.001	0.997	0.001
0.001	0.001	0.001	0.997
0.001	0.001	0.997	0.001
0.001	0.806	0.192	0.001
0.001	0.001	0.001	0.997
0.001	0.001	0.806	0.192
0.192	0.001	0.806	0.001
0.001	0.001	0.997	0.001
0.001	0.997	0.001	0.001
0.997	0.001	0.001	0.001
>TTACATTTTTTG	19-TTACATTTTTTG	12.355432	-16.143123	0	T:3.0(0.52%),B:1.9(0.00%),P:1e-7	Tpos:115.2,Tstd:71.7,Bpos:149.7,Bstd:21.5,StrandBias:10.0,Multiplicity:1.33
0.100	0.100	0.100	0.700
0.100	0.100	0.100	0.700
0.700	0.100	0.100	0.100
0.100	0.700	0.100	0.100
0.700	0.100	0.100	0.100
0.100	0.100	0.100	0.700
0.100	0.100	0.100	0.700
0.100	0.100	0.100	0.700
0.100	0.100	0.100	0.700
0.100	0.100	0.100	0.700
0.100	0.100	0.100	0.700
0.100	0.100	0.700	0.100
>GGGGGGGGGGCC	20-GGGGGGGGGGCC	10.288435	-14.062429	0	T:8.0(1.38%),B:84.3(0.12%),P:1e-6	Tpos:127.0,Tstd:50.7,Bpos:95.3,Bstd:59.2,StrandBias:-1.4,Multiplicity:1.12
0.129	0.123	0.685	0.063
0.129	0.102	0.717	0.052
0.173	0.054	0.704	0.069
0.131	0.054	0.751	0.064
0.134	0.064	0.727	0.075
0.118	0.011	0.753	0.118
0.141	0.032	0.655	0.172
0.152	0.070	0.628	0.150
0.086	0.150	0.710	0.054
0.182	0.172	0.581	0.065
0.163	0.548	0.134	0.155
0.216	0.542	0.156	0.086
>CCTYCCTTCCTC	21-CCTYCCTTCCTC	11.175233	-13.171060	0	T:7.0(1.20%),B:66.2(0.10%),P:1e-5	Tpos:71.4,Tstd:58.1,Bpos:83.0,Bstd:57.6,StrandBias:1.9,Multiplicity:1.00
0.001	0.599	0.001	0.399
0.136	0.862	0.001	0.001
0.001	0.001	0.001	0.997
0.115	0.358	0.115	0.412
0.001	0.884	0.114	0.001
0.001	0.997	0.001	0.001
0.114	0.001	0.001	0.884
0.054	0.243	0.001	0.702
0.022	0.748	0.115	0.115
0.001	0.997	0.001	0.001
0.229	0.001	0.001	0.769
0.001	0.769	0.229	0.001
>AGATAGATAGAT	22-AGATAGATAGAT	12.355432	-6.140442	0	T:2.0(0.34%),B:8.8(0.01%),P:1e-2	Tpos:68.1,Tstd:75.7,Bpos:139.7,Bstd:97.1,StrandBias:-1.4,Multiplicity:1.00
0.700	0.100	0.100	0.100
0.100	0.100	0.700	0.100
0.700	0.100	0.100	0.100
0.100	0.100	0.100	0.700
0.700	0.100	0.100	0.100
0.100	0.100	0.700	0.100
0.700	0.100	0.100	0.100
0.100	0.100	0.100	0.700
0.700	0.100	0.100	0.100
0.100	0.100	0.700	0.100
0.700	0.100	0.100	0.100
0.100	0.100	0.100	0.700
>GTGCGCACRAGA	23-GTGCGCACRAGA	15.619843	-4.784164	0	T:1.0(0.17%),B:1.5(0.00%),P:1e-2	Tpos:140.6,Tstd:48.0,Bpos:140.4,Bstd:21.7,StrandBias:2.0,Multiplicity:4.00
0.001	0.001	0.997	0.001
0.001	0.001	0.001	0.997
0.001	0.001	0.997	0.001
0.114	0.884	0.001	0.001
0.001	0.001	0.884	0.114
0.001	0.997	0.001	0.001
0.997	0.001	0.001	0.001
0.001	0.997	0.001	0.001
0.537	0.001	0.461	0.001
0.997	0.001	0.001	0.001
0.114	0.001	0.884	0.001
0.997	0.001	0.001	0.001
>CTTGTGATCACA	24-CTTGTGATCACA	12.355432	-4.784164	0	T:1.0(0.17%),B:1.5(0.00%),P:1e-2	Tpos:126.5,Tstd:34.3,Bpos:77.9,Bstd:36.3,StrandBias:0.0,Multiplicity:3.00
0.100	0.700	0.100	0.100
0.100	0.100	0.100	0.700
0.100	0.100	0.100	0.700
0.100	0.100	0.700	0.100
0.100	0.100	0.100	0.700
0.100	0.100	0.700	0.100
0.700	0.100	0.100	0.100
0.100	0.100	0.100	0.700
0.100	0.700	0.100	0.100
0.700	0.100	0.100	0.100
0.100	0.700	0.100	0.100
0.700	0.100	0.100	0.100
>AYACAYAYAYAY	25-AYACAYAYAYAY	9.251317	-4.299746	0	T:20.0(3.44%),B:1371.8(1.98%),P:1e-1	Tpos:104.3,Tstd:52.2,Bpos:103.8,Bstd:140.7,StrandBias:-0.3,Multiplicity:1.15
0.864	0.044	0.001	0.091
0.021	0.504	0.043	0.432
0.913	0.043	0.034	0.010
0.022	0.552	0.064	0.362
0.921	0.024	0.034	0.021
0.028	0.425	0.043	0.504
0.911	0.069	0.019	0.001
0.040	0.400	0.034	0.526
0.923	0.017	0.022	0.038
0.041	0.484	0.046	0.430
0.912	0.017	0.070	0.001
0.041	0.434	0.064	0.461
