>TTTCGCAAAA	1-TTTCGCAAAA	6.661074	-42.589403	0	T:161.0(27.71%),B:9400.1(13.58%),P:1e-18	Tpos:100.0,Tstd:57.7,Bpos:100.5,Bstd:97.2,StrandBias:-0.4,Multiplicity:1.18
0.092	0.026	0.062	0.820
0.070	0.072	0.061	0.797
0.038	0.042	0.113	0.807
0.114	0.759	0.065	0.062
0.051	0.074	0.743	0.132
0.111	0.718	0.087	0.084
0.848	0.082	0.022	0.048
0.906	0.035	0.012	0.047
0.845	0.048	0.039	0.068
0.760	0.042	0.109	0.089
>CGAAAATTTT	2-CGAAAATTTT	7.715616	-39.487468	0	T:58.0(9.98%),B:1797.3(2.60%),P:1e-17	Tpos:83.6,Tstd:51.6,Bpos:97.0,Bstd:104.0,StrandBias:0.3,Multiplicity:1.16
0.069	0.774	0.074	0.083
0.067	0.110	0.672	0.151
0.840	0.068	0.059	0.033
0.789	0.091	0.055	0.065
0.801	0.073	0.052	0.074
0.841	0.044	0.036	0.079
0.064	0.060	0.041	0.835
0.072	0.066	0.063	0.799
0.062	0.038	0.039	0.861
0.040	0.084	0.084	0.792
>AAAAAAAAAA	3-AAAAAAAAAA	8.413623	-33.456543	0	T:123.0(21.17%),B:6995.3(10.11%),P:1e-14	Tpos:105.9,Tstd:54.1,Bpos:98.3,Bstd:123.3,StrandBias:-0.1,Multiplicity:1.25
0.827	0.001	0.171	0.001
0.817	0.001	0.001	0.181
0.776	0.001	0.172	0.051
0.841	0.001	0.001	0.157
0.684	0.001	0.001	0.314
0.681	0.001	0.001	0.317
0.767	0.001	0.001	0.231
0.783	0.001	0.001	0.215
0.783	0.001	0.001	0.215
0.784	0.001	0.001	0.214
>TTTTRAAATT	4-TTTTRAAATT	7.125704	-32.908949	0	T:181.0(31.15%),B:12341.3(17.83%),P:1e-14	Tpos:98.2,Tstd:53.9,Bpos:100.8,Bstd:111.7,StrandBias:0.1,Multiplicity:1.13
0.107	0.039	0.001	0.853
0.001	0.001	0.001	0.997
0.001	0.137	0.074	0.788
0.197	0.001	0.120	0.682
0.464	0.088	0.410	0.038
0.751	0.140	0.029	0.080
0.598	0.262	0.139	0.001
0.807	0.086	0.006	0.101
0.026	0.017	0.135	0.822
0.167	0.001	0.088	0.744
>AAATATATGT	5-AAATATATGT	7.263934	-32.177289	0	T:131.0(22.55%),B:7816.5(11.30%),P:1e-13	Tpos:99.5,Tstd:53.4,Bpos:101.0,Bstd:119.4,StrandBias:-0.6,Multiplicity:1.11
0.958	0.024	0.001	0.017
0.857	0.001	0.141	0.001
0.761	0.053	0.104	0.082
0.230	0.023	0.001	0.746
0.886	0.001	0.063	0.050
0.216	0.001	0.070	0.713
0.837	0.079	0.063	0.021
0.117	0.026	0.145	0.712
0.070	0.001	0.831	0.098
0.142	0.041	0.001	0.816
>ATTAAAAATG	6-ATTAAAAATG	7.537405	-31.959960	0	T:127.0(21.86%),B:7489.4(10.82%),P:1e-13	Tpos:105.2,Tstd:61.2,Bpos:100.3,Bstd:103.3,StrandBias:-0.2,Multiplicity:1.14
0.752	0.120	0.087	0.041
0.083	0.160	0.124	0.633
0.156	0.105	0.130	0.609
0.758	0.001	0.138	0.103
0.852	0.016	0.031	0.101
0.879	0.001	0.119	0.001
0.861	0.011	0.042	0.086
0.800	0.003	0.121	0.076
0.001	0.001	0.001	0.997
0.032	0.033	0.861	0.074
>AAGATGTTTT	7-AAGATGTTTT	7.206453	-27.036598	0	T:81.0(13.94%),B:4125.1(5.96%),P:1e-11	Tpos:100.1,Tstd:60.5,Bpos:100.0,Bstd:101.1,StrandBias:-0.5,Multiplicity:1.06
0.865	0.052	0.031	0.052
0.760	0.095	0.086	0.059
0.046	0.030	0.853	0.071
0.790	0.075	0.068	0.067
0.107	0.081	0.022	0.790
0.031	0.059	0.831	0.079
0.049	0.068	0.071	0.812
0.080	0.057	0.032	0.831
0.050	0.165	0.062	0.723
0.109	0.086	0.052	0.753
>CACCGCCCAG	8-CACCGCCCAG	10.296193	-21.800895	0	T:5.0(0.86%),B:4.7(0.01%),P:1e-9	Tpos:103.2,Tstd:49.0,Bpos:89.1,Bstd:57.5,StrandBias:10.0,Multiplicity:1.00
0.100	0.700	0.100	0.100
0.700	0.100	0.100	0.100
0.100	0.700	0.100	0.100
0.100	0.700	0.100	0.100
0.100	0.100	0.700	0.100
0.100	0.700	0.100	0.100
0.100	0.700	0.100	0.100
0.100	0.700	0.100	0.100
0.700	0.100	0.100	0.100
0.100	0.100	0.700	0.100
>ATTCGCGTTA	9-ATTCGCGTTA	12.159255	-21.540675	0	T:6.0(1.03%),B:10.8(0.02%),P:1e-9	Tpos:169.8,Tstd:19.8,Bpos:63.0,Bstd:35.0,StrandBias:2.3,Multiplicity:1.00
0.997	0.001	0.001	0.001
0.001	0.001	0.001	0.997
0.001	0.001	0.001	0.997
0.001	0.997	0.001	0.001
0.001	0.001	0.997	0.001
0.001	0.997	0.001	0.001
0.001	0.001	0.997	0.001
0.001	0.001	0.001	0.997
0.001	0.001	0.001	0.997
0.811	0.001	0.001	0.187
>GACCGVCTCA	10-GACCGVCTCA	9.205153	-20.143932	0	T:15.0(2.58%),B:227.9(0.33%),P:1e-8	Tpos:73.1,Tstd:57.2,Bpos:98.1,Bstd:66.1,StrandBias:-1.0,Multiplicity:1.00
0.001	0.001	0.646	0.352
0.730	0.001	0.001	0.268
0.001	0.877	0.001	0.121
0.001	0.997	0.001	0.001
0.001	0.163	0.835	0.001
0.380	0.267	0.352	0.001
0.001	0.885	0.113	0.001
0.119	0.001	0.001	0.879
0.001	0.997	0.001	0.001
0.879	0.001	0.001	0.119
>CTTCTGTCCC	11-CTTCTGTCCC	10.093602	-19.870736	0	T:14.0(2.41%),B:197.0(0.28%),P:1e-8	Tpos:106.4,Tstd:47.5,Bpos:98.4,Bstd:71.4,StrandBias:-0.4,Multiplicity:1.00
0.075	0.880	0.001	0.044
0.001	0.001	0.001	0.997
0.001	0.001	0.001	0.997
0.001	0.888	0.077	0.034
0.085	0.001	0.001	0.913
0.001	0.080	0.864	0.055
0.001	0.001	0.001	0.997
0.078	0.770	0.094	0.058
0.001	0.901	0.097	0.001
0.077	0.855	0.001	0.067
>GCCAAAAATT	12-GCCAAAAATT	7.771605	-19.524475	0	T:69.0(11.88%),B:3830.1(5.53%),P:1e-8	Tpos:92.6,Tstd:55.2,Bpos:100.4,Bstd:100.8,StrandBias:0.4,Multiplicity:1.08
0.133	0.033	0.815	0.019
0.083	0.604	0.165	0.148
0.088	0.747	0.164	0.001
0.728	0.065	0.206	0.001
0.959	0.001	0.039	0.001
0.805	0.165	0.001	0.029
0.848	0.034	0.001	0.117
0.810	0.039	0.001	0.150
0.111	0.001	0.002	0.886
0.183	0.058	0.105	0.654
>AGTTATCGAG	13-AGTTATCGAG	9.359750	-18.491171	0	T:16.0(2.75%),B:299.0(0.43%),P:1e-8	Tpos:88.7,Tstd:46.0,Bpos:94.9,Bstd:68.7,StrandBias:1.0,Multiplicity:1.12
0.531	0.001	0.262	0.206
0.001	0.078	0.909	0.012
0.001	0.133	0.001	0.865
0.001	0.306	0.153	0.540
0.706	0.001	0.001	0.292
0.001	0.001	0.001	0.997
0.001	0.920	0.078	0.001
0.001	0.001	0.617	0.381
0.789	0.001	0.001	0.209
0.001	0.001	0.971	0.027
>TCCAATTCTC	14-TCCAATTCTC	10.296193	-18.070824	0	T:6.0(1.03%),B:18.0(0.03%),P:1e-7	Tpos:88.8,Tstd:28.6,Bpos:84.8,Bstd:58.8,StrandBias:2.3,Multiplicity:1.00
0.100	0.100	0.100	0.700
0.100	0.700	0.100	0.100
0.100	0.700	0.100	0.100
0.700	0.100	0.100	0.100
0.700	0.100	0.100	0.100
0.100	0.100	0.100	0.700
0.100	0.100	0.100	0.700
0.100	0.700	0.100	0.100
0.100	0.100	0.100	0.700
0.100	0.700	0.100	0.100
>CGTCCAACCC	15-CGTCCAACCC	10.147161	-17.811560	0	T:9.0(1.55%),B:73.9(0.11%),P:1e-7	Tpos:84.8,Tstd:58.5,Bpos:100.9,Bstd:71.7,StrandBias:-0.5,Multiplicity:1.33
0.184	0.737	0.078	0.001
0.001	0.001	0.997	0.001
0.001	0.001	0.001	0.997
0.001	0.997	0.001	0.001
0.001	0.997	0.001	0.001
0.932	0.001	0.066	0.001
0.622	0.103	0.155	0.120
0.001	0.997	0.001	0.001
0.001	0.819	0.088	0.092
0.001	0.997	0.001	0.001
>GGGGGGGGGG	16-GGGGGGGGGG	7.427544	-17.749700	0	T:28.0(4.82%),B:950.2(1.37%),P:1e-7	Tpos:108.3,Tstd:56.4,Bpos:101.2,Bstd:63.6,StrandBias:-0.1,Multiplicity:1.18
0.057	0.039	0.786	0.118
0.073	0.054	0.749	0.124
0.108	0.069	0.769	0.054
0.165	0.015	0.795	0.025
0.032	0.017	0.864	0.087
0.047	0.001	0.915	0.037
0.078	0.052	0.839	0.031
0.113	0.044	0.802	0.041
0.061	0.058	0.775	0.106
0.076	0.112	0.715	0.097
>AAACGGGAGT	17-AAACGGGAGT	10.296193	-14.571318	0	T:4.0(0.69%),B:7.6(0.01%),P:1e-6	Tpos:75.8,Tstd:53.9,Bpos:82.5,Bstd:50.7,StrandBias:1.6,Multiplicity:1.00
0.700	0.100	0.100	0.100
0.700	0.100	0.100	0.100
0.700	0.100	0.100	0.100
0.100	0.700	0.100	0.100
0.100	0.100	0.700	0.100
0.100	0.100	0.700	0.100
0.100	0.100	0.700	0.100
0.700	0.100	0.100	0.100
0.100	0.100	0.700	0.100
0.100	0.100	0.100	0.700
>GMCCACRAGA	18-GMCCACRAGA	8.575426	-13.356913	0	T:13.0(2.24%),B:289.5(0.42%),P:1e-5	Tpos:95.9,Tstd:55.8,Bpos:100.1,Bstd:62.9,StrandBias:0.8,Multiplicity:2.31
0.042	0.037	0.791	0.130
0.389	0.421	0.109	0.081
0.046	0.602	0.112	0.240
0.032	0.824	0.103	0.041
0.833	0.001	0.116	0.050
0.080	0.851	0.001	0.068
0.391	0.046	0.527	0.036
0.928	0.001	0.043	0.028
0.037	0.001	0.961	0.001
0.962	0.001	0.001	0.036
>CTAGTCCCTC	19-CTAGTCCCTC	10.296193	-10.260399	0	T:2.0(0.34%),B:1.7(0.00%),P:1e-4	Tpos:123.7,Tstd:49.6,Bpos:81.6,Bstd:13.1,StrandBias:1.0,Multiplicity:1.50
0.100	0.700	0.100	0.100
0.100	0.100	0.100	0.700
0.700	0.100	0.100	0.100
0.100	0.100	0.700	0.100
0.100	0.100	0.100	0.700
0.100	0.700	0.100	0.100
0.100	0.700	0.100	0.100
0.100	0.700	0.100	0.100
0.100	0.100	0.100	0.700
0.100	0.700	0.100	0.100
>GTCTGTGTGT	20-GTCTGTGTGT	9.458919	-8.045214	0	T:21.0(3.61%),B:1056.4(1.53%),P:1e-3	Tpos:124.3,Tstd:59.1,Bpos:99.2,Bstd:62.9,StrandBias:2.0,Multiplicity:1.25
0.060	0.001	0.901	0.038
0.067	0.082	0.001	0.850
0.001	0.560	0.395	0.044
0.001	0.186	0.001	0.812
0.127	0.001	0.871	0.001
0.001	0.001	0.001	0.997
0.063	0.046	0.890	0.001
0.001	0.058	0.091	0.850
0.064	0.001	0.934	0.001
0.063	0.095	0.001	0.841
>TACCCATGTA	21-TACCCATGTA	12.126644	-7.548671	0	T:4.0(0.69%),B:43.3(0.06%),P:1e-3	Tpos:86.2,Tstd:58.8,Bpos:104.7,Bstd:68.3,StrandBias:1.0,Multiplicity:1.50
0.001	0.001	0.001	0.997
0.997	0.001	0.001	0.001
0.001	0.997	0.001	0.001
0.001	0.997	0.001	0.001
0.001	0.997	0.001	0.001
0.817	0.001	0.001	0.181
0.001	0.001	0.001	0.997
0.001	0.001	0.997	0.001
0.001	0.001	0.001	0.997
0.997	0.001	0.001	0.001
>AYATATATAC	22-AYATATATAC	8.087261	-6.271512	0	T:46.0(7.92%),B:3479.9(5.03%),P:1e-2	Tpos:95.8,Tstd:53.6,Bpos:101.5,Bstd:104.1,StrandBias:-0.1,Multiplicity:1.15
0.811	0.008	0.001	0.180
0.001	0.421	0.062	0.516
0.863	0.067	0.062	0.008
0.001	0.126	0.001	0.872
0.991	0.007	0.001	0.001
0.001	0.413	0.001	0.585
0.918	0.080	0.001	0.001
0.001	0.001	0.001	0.997
0.810	0.132	0.057	0.001
0.263	0.550	0.001	0.186
>TAGATAGATA	23-TAGATAGATA	11.284856	-4.554342	0	T:3.0(0.52%),B:53.4(0.08%),P:1e-1	Tpos:67.3,Tstd:72.6,Bpos:121.9,Bstd:100.2,StrandBias:-1.0,Multiplicity:1.00
0.001	0.001	0.001	0.997
0.997	0.001	0.001	0.001
0.001	0.001	0.997	0.001
0.997	0.001	0.001	0.001
0.001	0.078	0.001	0.920
0.997	0.001	0.001	0.001
0.001	0.001	0.997	0.001
0.997	0.001	0.001	0.001
0.001	0.001	0.001	0.997
0.997	0.001	0.001	0.001
>GCCCAGCACA	24-GCCCAGCACA	10.296193	-2.269017	0	T:1.0(0.17%),B:13.2(0.02%),P:1e0	Tpos:109.9,Tstd:46.6,Bpos:98.7,Bstd:73.0,StrandBias:-10.0,Multiplicity:7.00
0.100	0.100	0.700	0.100
0.100	0.700	0.100	0.100
0.100	0.700	0.100	0.100
0.100	0.700	0.100	0.100
0.700	0.100	0.100	0.100
0.100	0.100	0.700	0.100
0.100	0.700	0.100	0.100
0.700	0.100	0.100	0.100
0.100	0.700	0.100	0.100
0.700	0.100	0.100	0.100
>ACTYACTYAC	25-ACTYACTYAC	7.546337	-1.914115	0	T:1.0(0.17%),B:19.3(0.03%),P:1e0	Tpos:75.5,Tstd:26.9,Bpos:102.3,Bstd:32.6,StrandBias:10.0,Multiplicity:3.00
0.610	0.073	0.312	0.005
0.173	0.702	0.071	0.054
0.089	0.115	0.293	0.503
0.171	0.311	0.065	0.453
0.516	0.182	0.177	0.125
0.132	0.568	0.207	0.093
0.146	0.001	0.341	0.512
0.002	0.366	0.124	0.508
0.459	0.151	0.247	0.142
0.057	0.529	0.122	0.292
