>AAAAATTT	1-AAAAATTT	6.155367	-70.916584	0	T:573.0(46.14%),B:22206.1(30.37%),P:1e-30	Tpos:101.3,Tstd:56.1,Bpos:100.1,Bstd:127.4,StrandBias:-0.0,Multiplicity:1.45
0.543	0.190	0.002	0.265
0.701	0.153	0.053	0.093
0.997	0.001	0.001	0.001
0.997	0.001	0.001	0.001
0.751	0.001	0.001	0.247
0.106	0.050	0.001	0.843
0.002	0.001	0.159	0.838
0.001	0.001	0.133	0.865
>CGAAATTT	2-CGAAATTT	4.658453	-60.777373	0	T:866.0(69.73%),B:40078.0(54.81%),P:1e-26	Tpos:100.8,Tstd:56.3,Bpos:98.5,Bstd:109.6,StrandBias:-0.1,Multiplicity:1.41
0.193	0.547	0.065	0.195
0.079	0.120	0.770	0.031
0.867	0.060	0.039	0.034
0.841	0.072	0.049	0.038
0.709	0.063	0.138	0.090
0.065	0.129	0.096	0.710
0.077	0.046	0.070	0.807
0.071	0.082	0.092	0.755
>AAATATRW	3-AAATATRW	6.198057	-54.612560	0	T:656.0(52.82%),B:28197.7(38.56%),P:1e-23	Tpos:102.0,Tstd:57.2,Bpos:98.8,Bstd:136.5,StrandBias:0.1,Multiplicity:1.53
0.997	0.001	0.001	0.001
0.997	0.001	0.001	0.001
0.997	0.001	0.001	0.001
0.276	0.001	0.001	0.722
0.836	0.162	0.001	0.001
0.102	0.001	0.001	0.896
0.410	0.244	0.345	0.001
0.461	0.001	0.177	0.361
>ATTTTTGG	4-ATTTTTGG	4.325951	-39.488489	0	T:553.0(44.52%),B:24012.0(32.84%),P:1e-17	Tpos:98.7,Tstd:56.3,Bpos:100.8,Bstd:105.1,StrandBias:0.2,Multiplicity:1.15
0.952	0.001	0.046	0.001
0.001	0.110	0.147	0.742
0.040	0.001	0.001	0.958
0.001	0.099	0.001	0.899
0.001	0.037	0.001	0.961
0.030	0.052	0.038	0.880
0.194	0.008	0.797	0.001
0.001	0.078	0.920	0.001
>AAAACTTG	5-AAAACTTG	4.906211	-36.006366	0	T:650.0(52.33%),B:29874.1(40.86%),P:1e-15	Tpos:103.6,Tstd:54.6,Bpos:99.7,Bstd:110.7,StrandBias:0.2,Multiplicity:1.28
0.807	0.077	0.063	0.053
0.626	0.117	0.120	0.137
0.784	0.052	0.077	0.087
0.758	0.084	0.045	0.113
0.049	0.768	0.097	0.086
0.066	0.115	0.098	0.721
0.116	0.074	0.083	0.727
0.089	0.030	0.813	0.068
>AAAATCGT	6-AAAATCGT	7.055329	-25.784930	0	T:152.0(12.24%),B:5016.6(6.86%),P:1e-11	Tpos:89.8,Tstd:56.4,Bpos:100.5,Bstd:109.7,StrandBias:-0.1,Multiplicity:1.12
0.761	0.001	0.174	0.064
0.894	0.001	0.001	0.104
0.771	0.001	0.001	0.227
0.764	0.001	0.001	0.234
0.240	0.196	0.001	0.563
0.001	0.710	0.288	0.001
0.311	0.001	0.591	0.097
0.181	0.001	0.001	0.817
>CTGCAGCA	7-CTGCAGCA	10.559612	-22.471719	0	T:28.0(2.25%),B:373.8(0.51%),P:1e-9	Tpos:94.7,Tstd:54.5,Bpos:95.8,Bstd:59.6,StrandBias:-0.3,Multiplicity:1.00
0.001	0.997	0.001	0.001
0.136	0.001	0.065	0.798
0.001	0.001	0.997	0.001
0.001	0.997	0.001	0.001
0.997	0.001	0.001	0.001
0.001	0.001	0.997	0.001
0.001	0.869	0.001	0.129
0.861	0.001	0.001	0.137
>TACCTTAC	8-TACCTTAC	7.200053	-21.954879	0	T:76.0(6.12%),B:2021.0(2.76%),P:1e-9	Tpos:96.7,Tstd:52.7,Bpos:103.4,Bstd:88.5,StrandBias:-0.2,Multiplicity:1.09
0.001	0.001	0.001	0.997
0.808	0.190	0.001	0.001
0.001	0.852	0.001	0.146
0.001	0.997	0.001	0.001
0.001	0.001	0.001	0.997
0.001	0.138	0.001	0.860
0.997	0.001	0.001	0.001
0.001	0.926	0.072	0.001
>TTTGGTTG	9-TTTGGTTG	7.996165	-21.502815	0	T:80.0(6.44%),B:2201.3(3.01%),P:1e-9	Tpos:100.9,Tstd:57.2,Bpos:98.8,Bstd:72.5,StrandBias:0.0,Multiplicity:1.08
0.001	0.001	0.001	0.997
0.001	0.001	0.001	0.997
0.073	0.148	0.001	0.778
0.001	0.001	0.997	0.001
0.001	0.001	0.997	0.001
0.001	0.001	0.001	0.997
0.069	0.208	0.091	0.632
0.001	0.001	0.997	0.001
>CATCCAWA	10-CATCCAWA	7.099086	-20.775302	0	T:160.0(12.88%),B:5762.8(7.88%),P:1e-9	Tpos:99.9,Tstd:56.2,Bpos:100.1,Bstd:110.6,StrandBias:0.7,Multiplicity:1.38
0.001	0.997	0.001	0.001
0.997	0.001	0.001	0.001
0.001	0.001	0.001	0.997
0.065	0.933	0.001	0.001
0.201	0.635	0.163	0.001
0.935	0.063	0.001	0.001
0.418	0.001	0.080	0.501
0.997	0.001	0.001	0.001
>ATATATAT	11-ATATATAT	8.236954	-19.828473	0	T:33.0(2.66%),B:567.5(0.78%),P:1e-8	Tpos:80.2,Tstd:67.0,Bpos:105.2,Bstd:110.6,StrandBias:0.0,Multiplicity:1.15
0.700	0.100	0.100	0.100
0.100	0.100	0.100	0.700
0.700	0.100	0.100	0.100
0.100	0.100	0.100	0.700
0.700	0.100	0.100	0.100
0.100	0.100	0.100	0.700
0.700	0.100	0.100	0.100
0.100	0.100	0.100	0.700
>TAGGCCTA	12-TAGGCCTA	8.236954	-19.318001	0	T:20.0(1.61%),B:224.8(0.31%),P:1e-8	Tpos:86.9,Tstd:63.7,Bpos:96.6,Bstd:59.1,StrandBias:0.0,Multiplicity:1.00
0.100	0.100	0.100	0.700
0.700	0.100	0.100	0.100
0.100	0.100	0.700	0.100
0.100	0.100	0.700	0.100
0.100	0.700	0.100	0.100
0.100	0.700	0.100	0.100
0.100	0.100	0.100	0.700
0.700	0.100	0.100	0.100
>GWAGTTGK	13-GWAGTTGK	5.205199	-18.611185	0	T:117.0(9.42%),B:3957.9(5.41%),P:1e-8	Tpos:93.9,Tstd:56.8,Bpos:100.9,Bstd:77.6,StrandBias:0.2,Multiplicity:1.08
0.155	0.225	0.555	0.065
0.374	0.177	0.086	0.362
0.571	0.045	0.067	0.317
0.123	0.150	0.485	0.241
0.195	0.138	0.092	0.575
0.284	0.093	0.034	0.589
0.162	0.100	0.584	0.154
0.025	0.067	0.524	0.384
>CMGCACTT	14-CMGCACTT	7.738417	-17.292801	0	T:139.0(11.19%),B:5075.8(6.94%),P:1e-7	Tpos:90.3,Tstd:58.9,Bpos:99.7,Bstd:95.9,StrandBias:-0.2,Multiplicity:1.07
0.001	0.848	0.001	0.150
0.446	0.355	0.001	0.198
0.390	0.001	0.608	0.001
0.022	0.976	0.001	0.001
0.822	0.086	0.091	0.001
0.001	0.624	0.001	0.374
0.001	0.001	0.001	0.997
0.001	0.001	0.001	0.997
>GGGGGGGG	15-GGGGGGGG	7.200873	-16.253144	0	T:31.0(2.50%),B:596.7(0.82%),P:1e-7	Tpos:106.5,Tstd:50.4,Bpos:99.5,Bstd:55.6,StrandBias:-0.6,Multiplicity:1.26
0.093	0.018	0.834	0.055
0.001	0.025	0.942	0.032
0.001	0.001	0.997	0.001
0.001	0.001	0.977	0.021
0.001	0.001	0.997	0.001
0.001	0.001	0.997	0.001
0.042	0.001	0.921	0.036
0.010	0.013	0.747	0.230
>TGGAACGC	16-TGGAACGC	8.066615	-15.955663	0	T:29.0(2.33%),B:540.2(0.74%),P:1e-6	Tpos:86.1,Tstd:60.1,Bpos:102.4,Bstd:64.7,StrandBias:0.3,Multiplicity:1.07
0.001	0.135	0.001	0.863
0.181	0.001	0.817	0.001
0.001	0.001	0.997	0.001
0.997	0.001	0.001	0.001
0.928	0.001	0.070	0.001
0.001	0.997	0.001	0.001
0.001	0.001	0.997	0.001
0.001	0.997	0.001	0.001
>CTAATATT	17-CTAATATT	8.176431	-14.474467	0	T:108.0(8.70%),B:3872.0(5.30%),P:1e-6	Tpos:105.9,Tstd:60.2,Bpos:101.2,Bstd:107.3,StrandBias:-0.4,Multiplicity:1.08
0.001	0.997	0.001	0.001
0.110	0.001	0.001	0.888
0.997	0.001	0.001	0.001
0.902	0.001	0.096	0.001
0.001	0.101	0.001	0.897
0.997	0.001	0.001	0.001
0.001	0.188	0.001	0.810
0.001	0.114	0.001	0.884
>GAKAGAKA	18-GAKAGAKA	5.253845	-13.993659	0	T:283.0(22.79%),B:12732.0(17.41%),P:1e-6	Tpos:100.4,Tstd:55.4,Bpos:99.8,Bstd:103.6,StrandBias:0.0,Multiplicity:1.13
0.001	0.001	0.647	0.351
0.892	0.018	0.045	0.045
0.001	0.001	0.532	0.466
0.892	0.023	0.084	0.001
0.001	0.001	0.582	0.416
0.933	0.021	0.045	0.001
0.001	0.001	0.532	0.466
0.997	0.001	0.001	0.001
>TGCATCGG	19-TGCATCGG	6.987388	-12.155871	0	T:92.0(7.41%),B:3327.2(4.55%),P:1e-5	Tpos:95.6,Tstd:59.2,Bpos:100.2,Bstd:82.0,StrandBias:0.4,Multiplicity:1.09
0.001	0.032	0.001	0.966
0.001	0.107	0.849	0.043
0.118	0.765	0.001	0.116
0.997	0.001	0.001	0.001
0.001	0.053	0.017	0.929
0.001	0.888	0.110	0.001
0.176	0.054	0.716	0.054
0.048	0.068	0.883	0.001
>GCGACCTG	20-GCGACCTG	8.314917	-10.798349	0	T:23.0(1.85%),B:492.1(0.67%),P:1e-4	Tpos:107.0,Tstd:47.0,Bpos:98.2,Bstd:52.4,StrandBias:-0.6,Multiplicity:1.27
0.001	0.094	0.904	0.001
0.001	0.834	0.164	0.001
0.001	0.001	0.997	0.001
0.997	0.001	0.001	0.001
0.001	0.807	0.191	0.001
0.001	0.997	0.001	0.001
0.001	0.001	0.001	0.997
0.001	0.001	0.997	0.001
>TGATGATG	21-TGATGATG	6.428177	-10.285808	0	T:101.0(8.13%),B:3931.0(5.38%),P:1e-4	Tpos:99.8,Tstd:53.5,Bpos:97.3,Bstd:102.5,StrandBias:0.8,Multiplicity:1.36
0.001	0.001	0.094	0.904
0.001	0.102	0.786	0.111
0.997	0.001	0.001	0.001
0.079	0.001	0.001	0.919
0.001	0.001	0.997	0.001
0.997	0.001	0.001	0.001
0.001	0.001	0.001	0.997
0.001	0.001	0.997	0.001
>CGGASGSA	22-CGGASGSA	5.380147	-6.124650	0	T:13.0(1.05%),B:298.9(0.41%),P:1e-2	Tpos:118.5,Tstd:57.5,Bpos:101.1,Bstd:54.3,StrandBias:1.4,Multiplicity:1.92
0.189	0.433	0.234	0.143
0.001	0.231	0.618	0.150
0.001	0.271	0.491	0.237
0.438	0.288	0.001	0.273
0.118	0.388	0.287	0.207
0.020	0.112	0.612	0.256
0.019	0.516	0.443	0.022
0.635	0.239	0.010	0.116
>TGTGTGTG	23-TGTGTGTG	9.297365	-1.693011	0	T:50.0(4.03%),B:2572.8(3.52%),P:1e0	Tpos:94.3,Tstd:54.2,Bpos:98.0,Bstd:72.5,StrandBias:-1.1,Multiplicity:1.13
0.001	0.001	0.001	0.997
0.001	0.001	0.997	0.001
0.001	0.001	0.001	0.997
0.001	0.001	0.997	0.001
0.001	0.001	0.001	0.997
0.170	0.001	0.828	0.001
0.001	0.001	0.001	0.997
0.001	0.001	0.997	0.001
>CCATTTAC	24-CCATTTAC	8.236954	-0.742926	0	T:13.0(1.05%),B:733.6(1.00%),P:1e0	Tpos:105.9,Tstd:59.2,Bpos:103.3,Bstd:75.4,StrandBias:5.0,Multiplicity:2.67
0.100	0.700	0.100	0.100
0.100	0.700	0.100	0.100
0.700	0.100	0.100	0.100
0.100	0.100	0.100	0.700
0.100	0.100	0.100	0.700
0.100	0.100	0.100	0.700
0.700	0.100	0.100	0.100
0.100	0.700	0.100	0.100
>ATGCATGC	25-ATGCATGC	8.236954	-0.015892	0	T:9.0(0.72%),B:974.1(1.33%),P:1e0	Tpos:95.1,Tstd:61.5,Bpos:96.8,Bstd:105.3,StrandBias:0.0,Multiplicity:3.89
0.700	0.100	0.100	0.100
0.100	0.100	0.100	0.700
0.100	0.100	0.700	0.100
0.100	0.700	0.100	0.100
0.700	0.100	0.100	0.100
0.100	0.100	0.100	0.700
0.100	0.100	0.700	0.100
0.100	0.700	0.100	0.100
