>TTTTTAAAATTT	1-TTTTTAAAATTT	7.074391	-69.078249	0	T:416.0(33.49%),B:14344.6(19.62%),P:1e-30	Tpos:99.5,Tstd:54.3,Bpos:101.1,Bstd:146.6,StrandBias:0.1,Multiplicity:1.37
0.172	0.029	0.039	0.760
0.118	0.071	0.027	0.784
0.100	0.088	0.039	0.773
0.130	0.115	0.038	0.717
0.134	0.145	0.115	0.606
0.617	0.125	0.116	0.142
0.778	0.050	0.064	0.108
0.840	0.033	0.010	0.117
0.771	0.051	0.023	0.155
0.149	0.052	0.034	0.765
0.086	0.052	0.087	0.775
0.092	0.027	0.045	0.836
>TTTTGGGGAAAA	2-TTTTGGGGAAAA	8.915037	-36.747346	0	T:66.0(5.31%),B:1167.0(1.60%),P:1e-15	Tpos:89.8,Tstd:52.9,Bpos:102.3,Bstd:107.0,StrandBias:0.6,Multiplicity:1.03
0.001	0.013	0.053	0.933
0.001	0.013	0.016	0.970
0.059	0.001	0.063	0.877
0.034	0.048	0.095	0.823
0.025	0.094	0.801	0.080
0.043	0.059	0.815	0.083
0.111	0.054	0.734	0.101
0.135	0.093	0.732	0.040
0.830	0.051	0.076	0.043
0.837	0.020	0.064	0.079
0.842	0.020	0.059	0.079
0.810	0.001	0.079	0.110
>CTGAGGACGAAA	3-CTGAGGACGAAA	13.150572	-29.423597	0	T:7.0(0.56%),B:3.7(0.01%),P:1e-12	Tpos:101.6,Tstd:57.3,Bpos:89.1,Bstd:54.0,StrandBias:-1.3,Multiplicity:1.00
0.001	0.997	0.001	0.001
0.001	0.001	0.001	0.997
0.001	0.001	0.997	0.001
0.997	0.001	0.001	0.001
0.162	0.001	0.836	0.001
0.001	0.001	0.997	0.001
0.997	0.001	0.001	0.001
0.001	0.997	0.001	0.001
0.001	0.001	0.803	0.195
0.997	0.001	0.001	0.001
0.997	0.001	0.001	0.001
0.997	0.001	0.001	0.001
>GCTGCAGCAGCA	4-GCTGCAGCAGCA	9.347849	-28.748552	0	T:31.0(2.50%),B:351.7(0.48%),P:1e-12	Tpos:96.7,Tstd:56.8,Bpos:98.1,Bstd:97.2,StrandBias:0.1,Multiplicity:1.00
0.203	0.001	0.634	0.162
0.138	0.814	0.047	0.001
0.162	0.001	0.001	0.836
0.046	0.001	0.952	0.001
0.138	0.860	0.001	0.001
0.714	0.001	0.046	0.239
0.138	0.001	0.767	0.094
0.001	0.907	0.001	0.091
0.822	0.001	0.001	0.176
0.130	0.047	0.788	0.035
0.123	0.567	0.047	0.263
0.872	0.001	0.001	0.126
>AATATGTGGGAT	5-AATATGTGGGAT	14.842221	-26.913543	0	T:6.0(0.48%),B:2.1(0.00%),P:1e-11	Tpos:92.2,Tstd:33.1,Bpos:72.2,Bstd:52.2,StrandBias:2.3,Multiplicity:1.00
0.997	0.001	0.001	0.001
0.997	0.001	0.001	0.001
0.001	0.001	0.001	0.997
0.997	0.001	0.001	0.001
0.001	0.001	0.001	0.997
0.001	0.001	0.997	0.001
0.001	0.001	0.001	0.997
0.001	0.001	0.997	0.001
0.001	0.001	0.997	0.001
0.172	0.001	0.826	0.001
0.997	0.001	0.001	0.001
0.001	0.001	0.001	0.997
>TGTCGGTGAGTT	6-TGTCGGTGAGTT	12.731562	-26.913543	0	T:6.0(0.48%),B:2.8(0.00%),P:1e-11	Tpos:72.3,Tstd:63.3,Bpos:111.0,Bstd:34.7,StrandBias:-1.0,Multiplicity:1.00
0.001	0.277	0.283	0.439
0.001	0.001	0.997	0.001
0.201	0.001	0.001	0.797
0.001	0.997	0.001	0.001
0.183	0.001	0.815	0.001
0.329	0.001	0.669	0.001
0.001	0.001	0.001	0.997
0.001	0.258	0.740	0.001
0.725	0.273	0.001	0.001
0.275	0.001	0.541	0.183
0.001	0.273	0.001	0.725
0.001	0.001	0.001	0.997
>TACTGTGGTGGT	7-TACTGTGGTGGT	14.842221	-24.495231	0	T:6.0(0.48%),B:4.0(0.01%),P:1e-10	Tpos:77.7,Tstd:61.0,Bpos:94.3,Bstd:27.4,StrandBias:1.0,Multiplicity:1.00
0.001	0.001	0.001	0.997
0.997	0.001	0.001	0.001
0.172	0.826	0.001	0.001
0.001	0.001	0.001	0.997
0.001	0.001	0.997	0.001
0.001	0.001	0.001	0.997
0.001	0.001	0.997	0.001
0.001	0.001	0.997	0.001
0.001	0.001	0.001	0.997
0.001	0.001	0.997	0.001
0.001	0.001	0.997	0.001
0.001	0.001	0.001	0.997
>WTATATATATAT	8-WTATATATATAT	7.558508	-24.464702	0	T:36.0(2.90%),B:553.2(0.76%),P:1e-10	Tpos:86.7,Tstd:65.5,Bpos:103.8,Bstd:116.4,StrandBias:-0.4,Multiplicity:1.22
0.480	0.001	0.001	0.518
0.001	0.011	0.364	0.624
0.997	0.001	0.001	0.001
0.001	0.001	0.263	0.735
0.997	0.001	0.001	0.001
0.001	0.001	0.167	0.831
0.997	0.001	0.001	0.001
0.001	0.001	0.291	0.707
0.997	0.001	0.001	0.001
0.001	0.001	0.167	0.831
0.997	0.001	0.001	0.001
0.001	0.001	0.167	0.831
>AACAACAGCAAC	9-AACAACAGCAAC	13.109346	-23.491407	0	T:15.0(1.21%),B:87.1(0.12%),P:1e-10	Tpos:120.7,Tstd:58.6,Bpos:108.7,Bstd:56.5,StrandBias:-2.2,Multiplicity:1.07
0.997	0.001	0.001	0.001
0.851	0.089	0.001	0.059
0.038	0.960	0.001	0.001
0.997	0.001	0.001	0.001
0.910	0.001	0.001	0.088
0.001	0.997	0.001	0.001
0.997	0.001	0.001	0.001
0.362	0.001	0.592	0.045
0.001	0.997	0.001	0.001
0.997	0.001	0.001	0.001
0.997	0.001	0.001	0.001
0.027	0.898	0.074	0.001
>WTWTWTDTWTTT	10-WTWTWTDTWTTT	8.653666	-22.720940	0	T:62.0(4.99%),B:1458.1(1.99%),P:1e-9	Tpos:107.1,Tstd:57.9,Bpos:97.9,Bstd:140.0,StrandBias:0.1,Multiplicity:1.13
0.498	0.024	0.028	0.449
0.188	0.133	0.220	0.459
0.494	0.032	0.041	0.434
0.167	0.063	0.046	0.724
0.336	0.030	0.201	0.433
0.068	0.045	0.050	0.837
0.286	0.025	0.309	0.380
0.184	0.189	0.049	0.578
0.415	0.025	0.031	0.529
0.152	0.057	0.268	0.523
0.356	0.037	0.033	0.574
0.081	0.059	0.054	0.806
>AACAACCTGAAG	11-AACAACCTGAAG	12.355432	-19.497837	0	T:4.0(0.32%),B:0.6(0.00%),P:1e-8	Tpos:99.3,Tstd:65.6,Bpos:125.0,Bstd:0.0,StrandBias:10.0,Multiplicity:1.50
0.700	0.100	0.100	0.100
0.700	0.100	0.100	0.100
0.100	0.700	0.100	0.100
0.700	0.100	0.100	0.100
0.700	0.100	0.100	0.100
0.100	0.700	0.100	0.100
0.100	0.700	0.100	0.100
0.100	0.100	0.100	0.700
0.100	0.100	0.700	0.100
0.700	0.100	0.100	0.100
0.700	0.100	0.100	0.100
0.100	0.100	0.700	0.100
>GGGGGGGGGGGG	12-GGGGGGGGGGGG	6.938123	-16.562717	0	T:47.0(3.78%),B:1145.4(1.57%),P:1e-7	Tpos:106.3,Tstd:49.5,Bpos:99.9,Bstd:56.0,StrandBias:-0.2,Multiplicity:1.11
0.148	0.035	0.677	0.140
0.082	0.043	0.742	0.133
0.119	0.047	0.758	0.076
0.096	0.029	0.777	0.098
0.092	0.050	0.754	0.104
0.094	0.029	0.792	0.085
0.092	0.041	0.814	0.053
0.087	0.036	0.800	0.077
0.098	0.048	0.750	0.104
0.054	0.046	0.743	0.157
0.085	0.046	0.729	0.140
0.112	0.077	0.665	0.146
>CATCATCATCAT	13-CATCATCATCAT	11.912071	-15.504749	0	T:13.0(1.05%),B:117.5(0.16%),P:1e-6	Tpos:82.3,Tstd:41.9,Bpos:90.9,Bstd:87.7,StrandBias:-0.4,Multiplicity:1.92
0.001	0.987	0.001	0.011
0.946	0.025	0.028	0.001
0.001	0.001	0.001	0.997
0.001	0.962	0.001	0.036
0.924	0.001	0.074	0.001
0.001	0.001	0.001	0.997
0.050	0.934	0.001	0.015
0.934	0.001	0.064	0.001
0.041	0.033	0.001	0.925
0.335	0.582	0.027	0.056
0.997	0.001	0.001	0.001
0.001	0.023	0.001	0.975
>GATGATGTCCAT	14-GATGATGTCCAT	16.359770	-14.032935	0	T:3.0(0.24%),B:1.6(0.00%),P:1e-6	Tpos:100.4,Tstd:57.9,Bpos:106.4,Bstd:21.4,StrandBias:10.0,Multiplicity:6.00
0.001	0.001	0.997	0.001
0.997	0.001	0.001	0.001
0.001	0.001	0.001	0.997
0.001	0.001	0.997	0.001
0.997	0.001	0.001	0.001
0.001	0.001	0.001	0.997
0.001	0.001	0.997	0.001
0.001	0.190	0.001	0.808
0.001	0.968	0.001	0.030
0.001	0.997	0.001	0.001
0.997	0.001	0.001	0.001
0.001	0.001	0.001	0.997
>CACACAAACACA	15-CACACAAACACA	10.380924	-12.999844	0	T:33.0(2.66%),B:769.2(1.05%),P:1e-5	Tpos:104.3,Tstd:58.4,Bpos:104.3,Bstd:112.2,StrandBias:0.3,Multiplicity:1.06
0.019	0.891	0.001	0.089
0.869	0.065	0.001	0.065
0.022	0.944	0.033	0.001
0.930	0.001	0.001	0.068
0.065	0.801	0.054	0.080
0.997	0.001	0.001	0.001
0.807	0.039	0.105	0.049
0.890	0.001	0.054	0.055
0.040	0.717	0.037	0.206
0.624	0.065	0.102	0.209
0.001	0.661	0.001	0.337
0.956	0.042	0.001	0.001
>GAACACTAGTGT	16-GAACACTAGTGT	13.789931	-11.795287	0	T:4.0(0.32%),B:7.4(0.01%),P:1e-5	Tpos:113.1,Tstd:36.5,Bpos:113.7,Bstd:35.2,StrandBias:-0.6,Multiplicity:2.00
0.001	0.001	0.860	0.138
0.997	0.001	0.001	0.001
0.997	0.001	0.001	0.001
0.001	0.997	0.001	0.001
0.997	0.001	0.001	0.001
0.001	0.997	0.001	0.001
0.116	0.139	0.001	0.744
0.674	0.001	0.070	0.255
0.001	0.001	0.997	0.001
0.001	0.001	0.001	0.997
0.001	0.001	0.997	0.001
0.001	0.001	0.138	0.860
>ARAGARAGAGAG	17-ARAGARAGAGAG	11.944285	-11.419304	0	T:18.0(1.45%),B:312.5(0.43%),P:1e-4	Tpos:105.3,Tstd:55.2,Bpos:90.5,Bstd:76.7,StrandBias:0.6,Multiplicity:1.00
0.997	0.001	0.001	0.001
0.546	0.001	0.446	0.007
0.997	0.001	0.001	0.001
0.133	0.001	0.865	0.001
0.997	0.001	0.001	0.001
0.374	0.001	0.495	0.130
0.937	0.061	0.001	0.001
0.386	0.001	0.612	0.001
0.879	0.113	0.001	0.007
0.001	0.001	0.997	0.001
0.735	0.263	0.001	0.001
0.164	0.001	0.834	0.001
>ATACATACATAC	18-ATACATACATAC	10.634584	-9.678993	0	T:15.0(1.21%),B:262.3(0.36%),P:1e-4	Tpos:114.9,Tstd:55.2,Bpos:99.1,Bstd:105.5,StrandBias:2.2,Multiplicity:1.57
0.899	0.099	0.001	0.001
0.026	0.161	0.166	0.647
0.825	0.034	0.079	0.062
0.068	0.599	0.176	0.157
0.761	0.204	0.034	0.001
0.025	0.012	0.147	0.816
0.831	0.102	0.066	0.001
0.089	0.680	0.034	0.197
0.792	0.190	0.001	0.017
0.001	0.190	0.189	0.620
0.878	0.018	0.103	0.001
0.021	0.709	0.110	0.160
>AATGATAGGCAA	19-AATGATAGGCAA	14.050470	-9.255329	0	T:3.0(0.24%),B:5.9(0.01%),P:1e-4	Tpos:98.0,Tstd:59.1,Bpos:108.9,Bstd:35.2,StrandBias:-1.8,Multiplicity:3.00
0.997	0.001	0.001	0.001
0.997	0.001	0.001	0.001
0.001	0.001	0.001	0.997
0.001	0.001	0.997	0.001
0.997	0.001	0.001	0.001
0.001	0.001	0.001	0.997
0.997	0.001	0.001	0.001
0.105	0.001	0.893	0.001
0.001	0.087	0.911	0.001
0.001	0.997	0.001	0.001
0.997	0.001	0.001	0.001
0.997	0.001	0.001	0.001
>GTCTAATATTAG	20-GTCTAATATTAG	16.241772	-7.480942	0	T:2.0(0.16%),B:2.4(0.00%),P:1e-3	Tpos:66.2,Tstd:44.2,Bpos:140.7,Bstd:15.3,StrandBias:0.0,Multiplicity:2.00
0.109	0.001	0.781	0.109
0.001	0.001	0.001	0.997
0.001	0.997	0.001	0.001
0.001	0.001	0.001	0.997
0.997	0.001	0.001	0.001
0.997	0.001	0.001	0.001
0.001	0.001	0.001	0.997
0.997	0.001	0.001	0.001
0.001	0.001	0.001	0.997
0.001	0.001	0.001	0.997
0.997	0.001	0.001	0.001
0.001	0.108	0.890	0.001
>CGTCTGTCCGTG	21-CGTCTGTCCGTG	10.743534	-6.363356	0	T:11.0(0.89%),B:221.3(0.30%),P:1e-2	Tpos:118.5,Tstd:60.0,Bpos:99.5,Bstd:65.0,StrandBias:-3.5,Multiplicity:1.45
0.001	0.588	0.001	0.410
0.014	0.001	0.984	0.001
0.001	0.001	0.001	0.997
0.001	0.691	0.307	0.001
0.001	0.310	0.001	0.688
0.277	0.001	0.721	0.001
0.001	0.001	0.001	0.997
0.001	0.984	0.014	0.001
0.001	0.721	0.001	0.277
0.001	0.001	0.997	0.001
0.001	0.001	0.001	0.997
0.001	0.323	0.483	0.193
>TCTGCTATCTTA	22-TCTGCTATCTTA	12.355432	-4.083826	0	T:1.0(0.08%),B:1.9(0.00%),P:1e-1	Tpos:120.8,Tstd:61.8,Bpos:106.1,Bstd:4.5,StrandBias:-10.0,Multiplicity:5.00
0.100	0.100	0.100	0.700
0.100	0.700	0.100	0.100
0.100	0.100	0.100	0.700
0.100	0.100	0.700	0.100
0.100	0.700	0.100	0.100
0.100	0.100	0.100	0.700
0.700	0.100	0.100	0.100
0.100	0.100	0.100	0.700
0.100	0.700	0.100	0.100
0.100	0.100	0.100	0.700
0.100	0.100	0.100	0.700
0.700	0.100	0.100	0.100
>CACCACCTAGCA	23-CACCACCTAGCA	12.355432	-4.083826	0	T:1.0(0.08%),B:0.8(0.00%),P:1e-1	Tpos:115.0,Tstd:43.8,Bpos:117.2,Bstd:0.6,StrandBias:10.0,Multiplicity:5.00
0.100	0.700	0.100	0.100
0.700	0.100	0.100	0.100
0.100	0.700	0.100	0.100
0.100	0.700	0.100	0.100
0.700	0.100	0.100	0.100
0.100	0.700	0.100	0.100
0.100	0.700	0.100	0.100
0.100	0.100	0.100	0.700
0.700	0.100	0.100	0.100
0.100	0.100	0.700	0.100
0.100	0.700	0.100	0.100
0.700	0.100	0.100	0.100
>GCAAGGAAGACA	24-GCAAGGAAGACA	12.355432	-4.083826	0	T:1.0(0.08%),B:1.5(0.00%),P:1e-1	Tpos:96.2,Tstd:65.5,Bpos:124.7,Bstd:62.3,StrandBias:10.0,Multiplicity:5.00
0.100	0.100	0.700	0.100
0.100	0.700	0.100	0.100
0.700	0.100	0.100	0.100
0.700	0.100	0.100	0.100
0.100	0.100	0.700	0.100
0.100	0.100	0.700	0.100
0.700	0.100	0.100	0.100
0.700	0.100	0.100	0.100
0.100	0.100	0.700	0.100
0.700	0.100	0.100	0.100
0.100	0.700	0.100	0.100
0.700	0.100	0.100	0.100
>ATGCATGCATGC	25-ATGCATGCATGC	16.508382	-1.618702	0	T:1.0(0.08%),B:13.5(0.02%),P:1e0	Tpos:100.7,Tstd:61.9,Bpos:102.4,Bstd:38.4,StrandBias:0.1,Multiplicity:3.00
0.997	0.001	0.001	0.001
0.001	0.001	0.001	0.997
0.001	0.001	0.997	0.001
0.001	0.979	0.019	0.001
0.979	0.001	0.019	0.001
0.001	0.001	0.001	0.997
0.001	0.019	0.979	0.001
0.001	0.979	0.019	0.001
0.997	0.001	0.001	0.001
0.001	0.019	0.001	0.979
0.001	0.001	0.997	0.001
0.001	0.997	0.001	0.001
