>CACAAATTTC	1-CACAAATTTC	4.709916	-75.792751	0	T:744.0(59.90%),B:31336.8(42.86%),P:1e-32	Tpos:96.1,Tstd:57.1,Bpos:98.9,Bstd:119.1,StrandBias:-0.1,Multiplicity:1.41
0.090	0.694	0.107	0.109
0.676	0.113	0.105	0.106
0.108	0.674	0.127	0.091
0.721	0.082	0.096	0.101
0.680	0.092	0.102	0.126
0.694	0.105	0.102	0.099
0.101	0.085	0.081	0.733
0.110	0.075	0.090	0.725
0.100	0.083	0.100	0.717
0.102	0.686	0.093	0.119
>AAATTTTADA	2-AAATTTTADA	6.472637	-71.029098	0	T:502.0(40.42%),B:18491.3(25.29%),P:1e-30	Tpos:100.7,Tstd:55.9,Bpos:99.9,Bstd:144.1,StrandBias:0.1,Multiplicity:1.60
0.860	0.042	0.001	0.097
0.899	0.001	0.023	0.077
0.734	0.026	0.026	0.214
0.190	0.024	0.026	0.760
0.178	0.011	0.024	0.787
0.029	0.030	0.030	0.911
0.113	0.087	0.179	0.621
0.702	0.037	0.101	0.160
0.296	0.112	0.307	0.285
0.723	0.061	0.093	0.123
>ACCAAAWATG	3-ACCAAAWATG	7.030909	-65.232304	0	T:240.0(19.32%),B:6605.4(9.03%),P:1e-28	Tpos:99.0,Tstd:57.2,Bpos:102.3,Bstd:135.8,StrandBias:0.1,Multiplicity:1.13
0.755	0.001	0.001	0.243
0.001	0.614	0.161	0.224
0.039	0.713	0.001	0.247
0.937	0.001	0.061	0.001
0.905	0.001	0.058	0.036
0.725	0.050	0.224	0.001
0.429	0.076	0.089	0.406
0.486	0.219	0.149	0.146
0.023	0.265	0.001	0.711
0.251	0.178	0.563	0.008
>TTCAAGATTT	4-TTCAAGATTT	5.920107	-65.172272	0	T:697.0(56.12%),B:29545.2(40.41%),P:1e-28	Tpos:103.2,Tstd:55.4,Bpos:99.2,Bstd:117.3,StrandBias:-0.1,Multiplicity:1.34
0.126	0.116	0.106	0.652
0.120	0.001	0.051	0.828
0.001	0.667	0.203	0.129
0.876	0.089	0.001	0.034
0.647	0.019	0.067	0.267
0.275	0.106	0.503	0.116
0.563	0.123	0.016	0.298
0.001	0.122	0.001	0.876
0.103	0.041	0.200	0.656
0.142	0.023	0.093	0.742
>AGTGCTGCAG	5-AGTGCTGCAG	6.417577	-28.941434	0	T:209.0(16.83%),B:7393.4(10.11%),P:1e-12	Tpos:99.1,Tstd:53.1,Bpos:100.4,Bstd:80.5,StrandBias:0.2,Multiplicity:1.18
0.594	0.120	0.142	0.144
0.228	0.192	0.471	0.109
0.172	0.014	0.082	0.732
0.227	0.001	0.557	0.215
0.011	0.705	0.001	0.283
0.001	0.001	0.001	0.997
0.170	0.054	0.775	0.001
0.001	0.770	0.171	0.058
0.580	0.193	0.049	0.178
0.001	0.031	0.967	0.001
>TTATTTTTTT	6-TTATTTTTTT	9.063796	-27.115323	0	T:107.0(8.62%),B:3009.6(4.12%),P:1e-11	Tpos:105.9,Tstd:57.9,Bpos:97.8,Bstd:143.0,StrandBias:0.3,Multiplicity:1.05
0.001	0.008	0.001	0.990
0.008	0.042	0.053	0.897
0.817	0.001	0.001	0.181
0.006	0.011	0.014	0.969
0.012	0.001	0.013	0.974
0.088	0.001	0.001	0.910
0.327	0.001	0.012	0.660
0.001	0.001	0.024	0.974
0.040	0.001	0.024	0.935
0.038	0.013	0.001	0.948
>YCTWGTATCG	7-YCTWGTATCG	10.236623	-26.428426	0	T:18.0(1.45%),B:114.2(0.16%),P:1e-11	Tpos:98.2,Tstd:55.8,Bpos:98.1,Bstd:70.5,StrandBias:0.4,Multiplicity:1.28
0.001	0.530	0.001	0.468
0.001	0.997	0.001	0.001
0.001	0.001	0.001	0.997
0.504	0.001	0.001	0.494
0.267	0.001	0.731	0.001
0.096	0.242	0.001	0.661
0.997	0.001	0.001	0.001
0.001	0.001	0.349	0.649
0.001	0.997	0.001	0.001
0.001	0.001	0.997	0.001
>VGKCYTCRGH	8-VGKCYTCRGH	7.169965	-26.049599	0	T:20.0(1.61%),B:151.9(0.21%),P:1e-11	Tpos:85.5,Tstd:52.4,Bpos:96.8,Bstd:62.9,StrandBias:-0.1,Multiplicity:1.05
0.352	0.352	0.286	0.010
0.051	0.031	0.889	0.029
0.215	0.031	0.313	0.441
0.038	0.600	0.268	0.094
0.001	0.472	0.161	0.365
0.026	0.017	0.242	0.715
0.052	0.667	0.237	0.044
0.500	0.047	0.351	0.102
0.196	0.226	0.535	0.043
0.306	0.276	0.045	0.373
>TMCGACCAGA	9-TMCGACCAGA	9.093016	-23.159538	0	T:22.0(1.77%),B:220.6(0.30%),P:1e-10	Tpos:80.0,Tstd:57.7,Bpos:98.5,Bstd:56.3,StrandBias:-0.1,Multiplicity:1.00
0.097	0.048	0.153	0.702
0.425	0.573	0.001	0.001
0.001	0.997	0.001	0.001
0.001	0.001	0.984	0.014
0.692	0.001	0.163	0.144
0.001	0.997	0.001	0.001
0.162	0.836	0.001	0.001
0.789	0.001	0.209	0.001
0.064	0.001	0.934	0.001
0.997	0.001	0.001	0.001
>TACTAAACTT	10-TACTAAACTT	7.685598	-22.409278	0	T:54.0(4.35%),B:1183.1(1.62%),P:1e-9	Tpos:105.5,Tstd:52.9,Bpos:101.6,Bstd:101.5,StrandBias:0.1,Multiplicity:1.05
0.042	0.076	0.074	0.808
0.810	0.050	0.054	0.086
0.044	0.847	0.073	0.036
0.026	0.067	0.092	0.815
0.748	0.128	0.050	0.074
0.845	0.056	0.037	0.062
0.795	0.066	0.066	0.073
0.064	0.784	0.089	0.063
0.070	0.100	0.079	0.751
0.134	0.045	0.017	0.804
>GAGATACGGA	11-GAGATACGGA	9.382521	-20.151118	0	T:20.0(1.61%),B:213.5(0.29%),P:1e-8	Tpos:81.9,Tstd:45.0,Bpos:93.6,Bstd:59.9,StrandBias:-0.1,Multiplicity:1.15
0.001	0.079	0.919	0.001
0.997	0.001	0.001	0.001
0.001	0.053	0.945	0.001
0.715	0.001	0.283	0.001
0.001	0.059	0.054	0.886
0.997	0.001	0.001	0.001
0.069	0.860	0.001	0.070
0.034	0.070	0.862	0.034
0.001	0.001	0.997	0.001
0.870	0.059	0.070	0.001
>GGGGGGGGGG	12-GGGGGGGGGG	5.954589	-14.645196	0	T:84.0(6.76%),B:2771.8(3.79%),P:1e-6	Tpos:105.3,Tstd:52.6,Bpos:99.8,Bstd:59.9,StrandBias:-0.3,Multiplicity:1.20
0.122	0.016	0.687	0.175
0.174	0.117	0.619	0.090
0.087	0.073	0.706	0.134
0.018	0.027	0.852	0.103
0.061	0.021	0.755	0.163
0.119	0.042	0.743	0.096
0.060	0.012	0.853	0.075
0.029	0.011	0.851	0.109
0.081	0.025	0.580	0.314
0.021	0.176	0.482	0.320
>ATAGATAGAT	13-ATAGATAGAT	10.115403	-14.305929	0	T:21.0(1.69%),B:336.6(0.46%),P:1e-6	Tpos:84.6,Tstd:67.1,Bpos:103.2,Bstd:123.4,StrandBias:-0.3,Multiplicity:1.38
0.899	0.048	0.001	0.052
0.001	0.001	0.030	0.968
0.997	0.001	0.001	0.001
0.001	0.001	0.835	0.163
0.997	0.001	0.001	0.001
0.001	0.030	0.001	0.968
0.997	0.001	0.001	0.001
0.001	0.001	0.783	0.215
0.874	0.124	0.001	0.001
0.001	0.001	0.076	0.922
>GAACGCGATC	14-GAACGCGATC	11.460746	-14.156624	0	T:7.0(0.56%),B:28.3(0.04%),P:1e-6	Tpos:82.9,Tstd:61.4,Bpos:84.9,Bstd:37.6,StrandBias:0.6,Multiplicity:1.43
0.001	0.001	0.997	0.001
0.997	0.001	0.001	0.001
0.997	0.001	0.001	0.001
0.001	0.997	0.001	0.001
0.001	0.001	0.997	0.001
0.001	0.997	0.001	0.001
0.093	0.001	0.905	0.001
0.997	0.001	0.001	0.001
0.001	0.001	0.001	0.997
0.001	0.997	0.001	0.001
>GGGATCCCAA	15-GGGATCCCAA	10.296193	-14.032935	0	T:3.0(0.24%),B:1.1(0.00%),P:1e-6	Tpos:93.0,Tstd:43.9,Bpos:139.5,Bstd:31.4,StrandBias:0.0,Multiplicity:1.00
0.100	0.100	0.700	0.100
0.100	0.100	0.700	0.100
0.100	0.100	0.700	0.100
0.700	0.100	0.100	0.100
0.100	0.100	0.100	0.700
0.100	0.700	0.100	0.100
0.100	0.700	0.100	0.100
0.100	0.700	0.100	0.100
0.700	0.100	0.100	0.100
0.700	0.100	0.100	0.100
>GAGAGAGAGA	16-GAGAGAGAGA	9.776846	-11.125699	0	T:16.0(1.29%),B:259.6(0.36%),P:1e-4	Tpos:102.6,Tstd:55.4,Bpos:90.2,Bstd:77.6,StrandBias:0.9,Multiplicity:1.06
0.001	0.001	0.997	0.001
0.997	0.001	0.001	0.001
0.001	0.001	0.994	0.004
0.991	0.007	0.001	0.001
0.001	0.001	0.965	0.033
0.997	0.001	0.001	0.001
0.001	0.001	0.997	0.001
0.980	0.018	0.001	0.001
0.001	0.001	0.997	0.001
0.997	0.001	0.001	0.001
>ATGAAGTAAA	17-ATGAAGTAAA	10.904239	-9.895978	0	T:20.0(1.61%),B:418.8(0.57%),P:1e-4	Tpos:119.8,Tstd:49.9,Bpos:105.8,Bstd:101.9,StrandBias:-1.9,Multiplicity:1.47
0.902	0.063	0.001	0.034
0.060	0.269	0.048	0.623
0.393	0.001	0.605	0.001
0.931	0.067	0.001	0.001
0.590	0.013	0.001	0.396
0.050	0.001	0.948	0.001
0.001	0.001	0.078	0.920
0.919	0.039	0.001	0.041
0.931	0.048	0.020	0.001
0.854	0.027	0.045	0.074
>ATGATGATGA	18-ATGATGATGA	9.392149	-8.949686	0	T:30.0(2.42%),B:827.6(1.13%),P:1e-3	Tpos:88.1,Tstd:47.3,Bpos:88.0,Bstd:108.1,StrandBias:0.8,Multiplicity:1.33
0.952	0.001	0.007	0.040
0.017	0.025	0.001	0.957
0.020	0.041	0.774	0.165
0.997	0.001	0.001	0.001
0.001	0.041	0.011	0.947
0.001	0.001	0.935	0.063
0.981	0.013	0.001	0.005
0.044	0.069	0.017	0.870
0.025	0.001	0.973	0.001
0.847	0.096	0.001	0.056
>ATCATTGGGC	19-ATCATTGGGC	11.672730	-7.251831	0	T:4.0(0.32%),B:23.4(0.03%),P:1e-3	Tpos:89.9,Tstd:53.3,Bpos:108.6,Bstd:41.5,StrandBias:1.0,Multiplicity:2.25
0.997	0.001	0.001	0.001
0.001	0.135	0.001	0.863
0.001	0.997	0.001	0.001
0.997	0.001	0.001	0.001
0.001	0.001	0.001	0.997
0.149	0.001	0.001	0.849
0.001	0.001	0.997	0.001
0.001	0.001	0.997	0.001
0.001	0.001	0.997	0.001
0.001	0.997	0.001	0.001
>GGTGCCCATC	20-GGTGCCCATC	12.197400	-7.239029	0	T:3.0(0.24%),B:10.1(0.01%),P:1e-3	Tpos:122.0,Tstd:61.3,Bpos:115.0,Bstd:38.3,StrandBias:-1.0,Multiplicity:1.00
0.001	0.001	0.997	0.001
0.001	0.001	0.750	0.248
0.001	0.001	0.001	0.997
0.001	0.001	0.997	0.001
0.001	0.997	0.001	0.001
0.001	0.997	0.001	0.001
0.001	0.781	0.001	0.217
0.997	0.001	0.001	0.001
0.001	0.001	0.001	0.997
0.001	0.997	0.001	0.001
>GATGATGTCC	21-GATGATGTCC	10.296193	-6.965694	0	T:3.0(0.24%),B:11.4(0.02%),P:1e-3	Tpos:99.4,Tstd:57.9,Bpos:103.5,Bstd:38.4,StrandBias:10.0,Multiplicity:6.00
0.100	0.100	0.700	0.100
0.700	0.100	0.100	0.100
0.100	0.100	0.100	0.700
0.100	0.100	0.700	0.100
0.700	0.100	0.100	0.100
0.100	0.100	0.100	0.700
0.100	0.100	0.700	0.100
0.100	0.100	0.100	0.700
0.100	0.700	0.100	0.100
0.100	0.700	0.100	0.100
>ATGTGTATGT	22-ATGTGTATGT	11.434113	-6.940222	0	T:17.0(1.37%),B:414.1(0.57%),P:1e-3	Tpos:97.2,Tstd:60.6,Bpos:97.6,Bstd:73.4,StrandBias:-1.3,Multiplicity:1.24
0.665	0.001	0.333	0.001
0.001	0.001	0.001	0.997
0.015	0.001	0.983	0.001
0.001	0.001	0.001	0.997
0.298	0.001	0.700	0.001
0.001	0.001	0.001	0.997
0.920	0.001	0.078	0.001
0.001	0.001	0.001	0.997
0.001	0.001	0.997	0.001
0.001	0.001	0.001	0.997
>CACCACCTAG	23-CACCACCTAG	10.296193	-6.117164	0	T:2.0(0.16%),B:4.2(0.01%),P:1e-2	Tpos:127.5,Tstd:50.1,Bpos:91.5,Bstd:31.9,StrandBias:10.0,Multiplicity:3.00
0.100	0.700	0.100	0.100
0.700	0.100	0.100	0.100
0.100	0.700	0.100	0.100
0.100	0.700	0.100	0.100
0.700	0.100	0.100	0.100
0.100	0.700	0.100	0.100
0.100	0.700	0.100	0.100
0.100	0.100	0.100	0.700
0.700	0.100	0.100	0.100
0.100	0.100	0.700	0.100
>ACRGACRSAC	24-ACRGACRSAC	8.275396	-4.671010	0	T:14.0(1.13%),B:397.8(0.54%),P:1e-2	Tpos:121.1,Tstd:59.0,Bpos:100.0,Bstd:66.7,StrandBias:2.5,Multiplicity:1.21
0.932	0.066	0.001	0.001
0.117	0.741	0.124	0.018
0.401	0.110	0.340	0.150
0.133	0.289	0.541	0.037
0.725	0.020	0.036	0.219
0.102	0.543	0.054	0.301
0.397	0.135	0.456	0.012
0.042	0.382	0.456	0.120
0.764	0.201	0.001	0.034
0.035	0.828	0.004	0.133
>CATGCATGCA	25-CATGCATGCA	0.023396	-0.531707	0	T:62.0(4.99%),B:3730.3(5.10%),P:1e0	Tpos:104.7,Tstd:59.4,Bpos:96.6,Bstd:91.0,StrandBias:0.1,Multiplicity:1.06
0.001	0.997	0.001	0.001
0.973	0.001	0.025	0.001
0.001	0.001	0.001	0.997
0.001	0.001	0.997	0.001
0.001	0.997	0.001	0.001
0.997	0.001	0.001	0.001
0.001	0.001	0.001	0.997
0.001	0.001	0.997	0.001
0.001	0.997	0.001	0.001
0.997	0.001	0.001	0.001
