>CACAAATTTC	1-CACAAATTTC	4.709916	-75.792751	0	T:744.0(59.90%),B:31336.8(42.86%),P:1e-32	Tpos:96.1,Tstd:57.1,Bpos:98.9,Bstd:119.1,StrandBias:-0.1,Multiplicity:1.41
0.090	0.694	0.107	0.109
0.676	0.113	0.105	0.106
0.108	0.674	0.127	0.091
0.721	0.082	0.096	0.101
0.680	0.092	0.102	0.126
0.694	0.105	0.102	0.099
0.101	0.085	0.081	0.733
0.110	0.075	0.090	0.725
0.100	0.083	0.100	0.717
0.102	0.686	0.093	0.119
>AAATTTTADA	2-AAATTTTADA	6.472637	-71.029098	0	T:502.0(40.42%),B:18491.3(25.29%),P:1e-30	Tpos:100.7,Tstd:55.9,Bpos:99.9,Bstd:144.1,StrandBias:0.1,Multiplicity:1.60
0.860	0.042	0.001	0.097
0.899	0.001	0.023	0.077
0.734	0.026	0.026	0.214
0.190	0.024	0.026	0.760
0.178	0.011	0.024	0.787
0.029	0.030	0.030	0.911
0.113	0.087	0.179	0.621
0.702	0.037	0.101	0.160
0.296	0.112	0.307	0.285
0.723	0.061	0.093	0.123
>ACCAAAWATG	3-ACCAAAWATG	7.030909	-65.232304	0	T:240.0(19.32%),B:6605.4(9.03%),P:1e-28	Tpos:99.0,Tstd:57.2,Bpos:102.3,Bstd:135.8,StrandBias:0.1,Multiplicity:1.13
0.755	0.001	0.001	0.243
0.001	0.614	0.161	0.224
0.039	0.713	0.001	0.247
0.937	0.001	0.061	0.001
0.905	0.001	0.058	0.036
0.725	0.050	0.224	0.001
0.429	0.076	0.089	0.406
0.486	0.219	0.149	0.146
0.023	0.265	0.001	0.711
0.251	0.178	0.563	0.008
>TTCAAGATTT	4-TTCAAGATTT	5.920107	-65.172272	0	T:697.0(56.12%),B:29545.2(40.41%),P:1e-28	Tpos:103.2,Tstd:55.4,Bpos:99.2,Bstd:117.3,StrandBias:-0.1,Multiplicity:1.34
0.126	0.116	0.106	0.652
0.120	0.001	0.051	0.828
0.001	0.667	0.203	0.129
0.876	0.089	0.001	0.034
0.647	0.019	0.067	0.267
0.275	0.106	0.503	0.116
0.563	0.123	0.016	0.298
0.001	0.122	0.001	0.876
0.103	0.041	0.200	0.656
0.142	0.023	0.093	0.742
>AGTGCTGCAG	5-AGTGCTGCAG	6.417577	-28.941434	0	T:209.0(16.83%),B:7393.4(10.11%),P:1e-12	Tpos:99.1,Tstd:53.1,Bpos:100.4,Bstd:80.5,StrandBias:0.2,Multiplicity:1.18
0.594	0.120	0.142	0.144
0.228	0.192	0.471	0.109
0.172	0.014	0.082	0.732
0.227	0.001	0.557	0.215
0.011	0.705	0.001	0.283
0.001	0.001	0.001	0.997
0.170	0.054	0.775	0.001
0.001	0.770	0.171	0.058
0.580	0.193	0.049	0.178
0.001	0.031	0.967	0.001
>TTATTTTTTT	6-TTATTTTTTT	9.063796	-27.115323	0	T:107.0(8.62%),B:3009.6(4.12%),P:1e-11	Tpos:105.9,Tstd:57.9,Bpos:97.8,Bstd:143.0,StrandBias:0.3,Multiplicity:1.05
0.001	0.008	0.001	0.990
0.008	0.042	0.053	0.897
0.817	0.001	0.001	0.181
0.006	0.011	0.014	0.969
0.012	0.001	0.013	0.974
0.088	0.001	0.001	0.910
0.327	0.001	0.012	0.660
0.001	0.001	0.024	0.974
0.040	0.001	0.024	0.935
0.038	0.013	0.001	0.948
>YCTWGTATCG	7-YCTWGTATCG	10.236623	-26.428426	0	T:18.0(1.45%),B:114.2(0.16%),P:1e-11	Tpos:98.2,Tstd:55.8,Bpos:98.1,Bstd:70.5,StrandBias:0.4,Multiplicity:1.28
0.001	0.530	0.001	0.468
0.001	0.997	0.001	0.001
0.001	0.001	0.001	0.997
0.504	0.001	0.001	0.494
0.267	0.001	0.731	0.001
0.096	0.242	0.001	0.661
0.997	0.001	0.001	0.001
0.001	0.001	0.349	0.649
0.001	0.997	0.001	0.001
0.001	0.001	0.997	0.001
>VGKCYTCRGH	8-VGKCYTCRGH	7.169965	-26.049599	0	T:20.0(1.61%),B:151.9(0.21%),P:1e-11	Tpos:85.5,Tstd:52.4,Bpos:96.8,Bstd:62.9,StrandBias:-0.1,Multiplicity:1.05
0.352	0.352	0.286	0.010
0.051	0.031	0.889	0.029
0.215	0.031	0.313	0.441
0.038	0.600	0.268	0.094
0.001	0.472	0.161	0.365
0.026	0.017	0.242	0.715
0.052	0.667	0.237	0.044
0.500	0.047	0.351	0.102
0.196	0.226	0.535	0.043
0.306	0.276	0.045	0.373
>TMCGACCAGA	9-TMCGACCAGA	9.093016	-23.159538	0	T:22.0(1.77%),B:220.6(0.30%),P:1e-10	Tpos:80.0,Tstd:57.7,Bpos:98.5,Bstd:56.3,StrandBias:-0.1,Multiplicity:1.00
0.097	0.048	0.153	0.702
0.425	0.573	0.001	0.001
0.001	0.997	0.001	0.001
0.001	0.001	0.984	0.014
0.692	0.001	0.163	0.144
0.001	0.997	0.001	0.001
0.162	0.836	0.001	0.001
0.789	0.001	0.209	0.001
0.064	0.001	0.934	0.001
0.997	0.001	0.001	0.001
>TACTAAACTT	10-TACTAAACTT	7.685598	-22.409278	0	T:54.0(4.35%),B:1183.1(1.62%),P:1e-9	Tpos:105.5,Tstd:52.9,Bpos:101.6,Bstd:101.5,StrandBias:0.1,Multiplicity:1.05
0.042	0.076	0.074	0.808
0.810	0.050	0.054	0.086
0.044	0.847	0.073	0.036
0.026	0.067	0.092	0.815
0.748	0.128	0.050	0.074
0.845	0.056	0.037	0.062
0.795	0.066	0.066	0.073
0.064	0.784	0.089	0.063
0.070	0.100	0.079	0.751
0.134	0.045	0.017	0.804
>GAGATACGGA	11-GAGATACGGA	9.382521	-20.151118	0	T:20.0(1.61%),B:213.5(0.29%),P:1e-8	Tpos:81.9,Tstd:45.0,Bpos:93.6,Bstd:59.9,StrandBias:-0.1,Multiplicity:1.15
0.001	0.079	0.919	0.001
0.997	0.001	0.001	0.001
0.001	0.053	0.945	0.001
0.715	0.001	0.283	0.001
0.001	0.059	0.054	0.886
0.997	0.001	0.001	0.001
0.069	0.860	0.001	0.070
0.034	0.070	0.862	0.034
0.001	0.001	0.997	0.001
0.870	0.059	0.070	0.001
>GGGGGGGGGG	12-GGGGGGGGGG	5.954589	-14.645196	0	T:84.0(6.76%),B:2771.8(3.79%),P:1e-6	Tpos:105.3,Tstd:52.6,Bpos:99.8,Bstd:59.9,StrandBias:-0.3,Multiplicity:1.20
0.122	0.016	0.687	0.175
0.174	0.117	0.619	0.090
0.087	0.073	0.706	0.134
0.018	0.027	0.852	0.103
0.061	0.021	0.755	0.163
0.119	0.042	0.743	0.096
0.060	0.012	0.853	0.075
0.029	0.011	0.851	0.109
0.081	0.025	0.580	0.314
0.021	0.176	0.482	0.320
>ATAGATAGAT	13-ATAGATAGAT	10.115403	-14.305929	0	T:21.0(1.69%),B:336.6(0.46%),P:1e-6	Tpos:84.6,Tstd:67.1,Bpos:103.2,Bstd:123.4,StrandBias:-0.3,Multiplicity:1.38
0.899	0.048	0.001	0.052
0.001	0.001	0.030	0.968
0.997	0.001	0.001	0.001
0.001	0.001	0.835	0.163
0.997	0.001	0.001	0.001
0.001	0.030	0.001	0.968
0.997	0.001	0.001	0.001
0.001	0.001	0.783	0.215
0.874	0.124	0.001	0.001
0.001	0.001	0.076	0.922
>GAACGCGATC	14-GAACGCGATC	11.460746	-14.156624	0	T:7.0(0.56%),B:28.3(0.04%),P:1e-6	Tpos:82.9,Tstd:61.4,Bpos:84.9,Bstd:37.6,StrandBias:0.6,Multiplicity:1.43
0.001	0.001	0.997	0.001
0.997	0.001	0.001	0.001
0.997	0.001	0.001	0.001
0.001	0.997	0.001	0.001
0.001	0.001	0.997	0.001
0.001	0.997	0.001	0.001
0.093	0.001	0.905	0.001
0.997	0.001	0.001	0.001
0.001	0.001	0.001	0.997
0.001	0.997	0.001	0.001
>GGGATCCCAA	15-GGGATCCCAA	10.296193	-14.032935	0	T:3.0(0.24%),B:1.1(0.00%),P:1e-6	Tpos:93.0,Tstd:43.9,Bpos:139.5,Bstd:31.4,StrandBias:0.0,Multiplicity:1.00
0.100	0.100	0.700	0.100
0.100	0.100	0.700	0.100
0.100	0.100	0.700	0.100
0.700	0.100	0.100	0.100
0.100	0.100	0.100	0.700
0.100	0.700	0.100	0.100
0.100	0.700	0.100	0.100
0.100	0.700	0.100	0.100
0.700	0.100	0.100	0.100
0.700	0.100	0.100	0.100
>GAGAGAGAGA	16-GAGAGAGAGA	9.776846	-11.125699	0	T:16.0(1.29%),B:259.6(0.36%),P:1e-4	Tpos:102.6,Tstd:55.4,Bpos:90.2,Bstd:77.6,StrandBias:0.9,Multiplicity:1.06
0.001	0.001	0.997	0.001
0.997	0.001	0.001	0.001
0.001	0.001	0.994	0.004
0.991	0.007	0.001	0.001
0.001	0.001	0.965	0.033
0.997	0.001	0.001	0.001
0.001	0.001	0.997	0.001
0.980	0.018	0.001	0.001
0.001	0.001	0.997	0.001
0.997	0.001	0.001	0.001
>ATGAAGTAAA	17-ATGAAGTAAA	10.904239	-9.895978	0	T:20.0(1.61%),B:418.8(0.57%),P:1e-4	Tpos:119.8,Tstd:49.9,Bpos:105.8,Bstd:101.9,StrandBias:-1.9,Multiplicity:1.47
0.902	0.063	0.001	0.034
0.060	0.269	0.048	0.623
0.393	0.001	0.605	0.001
0.931	0.067	0.001	0.001
0.590	0.013	0.001	0.396
0.050	0.001	0.948	0.001
0.001	0.001	0.078	0.920
0.919	0.039	0.001	0.041
0.931	0.048	0.020	0.001
0.854	0.027	0.045	0.074
>ATGATGATGA	18-ATGATGATGA	9.392149	-8.949686	0	T:30.0(2.42%),B:827.6(1.13%),P:1e-3	Tpos:88.1,Tstd:47.3,Bpos:88.0,Bstd:108.1,StrandBias:0.8,Multiplicity:1.33
0.952	0.001	0.007	0.040
0.017	0.025	0.001	0.957
0.020	0.041	0.774	0.165
0.997	0.001	0.001	0.001
0.001	0.041	0.011	0.947
0.001	0.001	0.935	0.063
0.981	0.013	0.001	0.005
0.044	0.069	0.017	0.870
0.025	0.001	0.973	0.001
0.847	0.096	0.001	0.056
>ATCATTGGGC	19-ATCATTGGGC	11.672730	-7.251831	0	T:4.0(0.32%),B:23.4(0.03%),P:1e-3	Tpos:89.9,Tstd:53.3,Bpos:108.6,Bstd:41.5,StrandBias:1.0,Multiplicity:2.25
0.997	0.001	0.001	0.001
0.001	0.135	0.001	0.863
0.001	0.997	0.001	0.001
0.997	0.001	0.001	0.001
0.001	0.001	0.001	0.997
0.149	0.001	0.001	0.849
0.001	0.001	0.997	0.001
0.001	0.001	0.997	0.001
0.001	0.001	0.997	0.001
0.001	0.997	0.001	0.001
>GGTGCCCATC	20-GGTGCCCATC	12.197400	-7.239029	0	T:3.0(0.24%),B:10.1(0.01%),P:1e-3	Tpos:122.0,Tstd:61.3,Bpos:115.0,Bstd:38.3,StrandBias:-1.0,Multiplicity:1.00
0.001	0.001	0.997	0.001
0.001	0.001	0.750	0.248
0.001	0.001	0.001	0.997
0.001	0.001	0.997	0.001
0.001	0.997	0.001	0.001
0.001	0.997	0.001	0.001
0.001	0.781	0.001	0.217
0.997	0.001	0.001	0.001
0.001	0.001	0.001	0.997
0.001	0.997	0.001	0.001
>GATGATGTCC	21-GATGATGTCC	10.296193	-6.965694	0	T:3.0(0.24%),B:11.4(0.02%),P:1e-3	Tpos:99.4,Tstd:57.9,Bpos:103.5,Bstd:38.4,StrandBias:10.0,Multiplicity:6.00
0.100	0.100	0.700	0.100
0.700	0.100	0.100	0.100
0.100	0.100	0.100	0.700
0.100	0.100	0.700	0.100
0.700	0.100	0.100	0.100
0.100	0.100	0.100	0.700
0.100	0.100	0.700	0.100
0.100	0.100	0.100	0.700
0.100	0.700	0.100	0.100
0.100	0.700	0.100	0.100
>ATGTGTATGT	22-ATGTGTATGT	11.434113	-6.940222	0	T:17.0(1.37%),B:414.1(0.57%),P:1e-3	Tpos:97.2,Tstd:60.6,Bpos:97.6,Bstd:73.4,StrandBias:-1.3,Multiplicity:1.24
0.665	0.001	0.333	0.001
0.001	0.001	0.001	0.997
0.015	0.001	0.983	0.001
0.001	0.001	0.001	0.997
0.298	0.001	0.700	0.001
0.001	0.001	0.001	0.997
0.920	0.001	0.078	0.001
0.001	0.001	0.001	0.997
0.001	0.001	0.997	0.001
0.001	0.001	0.001	0.997
>CACCACCTAG	23-CACCACCTAG	10.296193	-6.117164	0	T:2.0(0.16%),B:4.2(0.01%),P:1e-2	Tpos:127.5,Tstd:50.1,Bpos:91.5,Bstd:31.9,StrandBias:10.0,Multiplicity:3.00
0.100	0.700	0.100	0.100
0.700	0.100	0.100	0.100
0.100	0.700	0.100	0.100
0.100	0.700	0.100	0.100
0.700	0.100	0.100	0.100
0.100	0.700	0.100	0.100
0.100	0.700	0.100	0.100
0.100	0.100	0.100	0.700
0.700	0.100	0.100	0.100
0.100	0.100	0.700	0.100
>ACRGACRSAC	24-ACRGACRSAC	8.275396	-4.671010	0	T:14.0(1.13%),B:397.8(0.54%),P:1e-2	Tpos:121.1,Tstd:59.0,Bpos:100.0,Bstd:66.7,StrandBias:2.5,Multiplicity:1.21
0.932	0.066	0.001	0.001
0.117	0.741	0.124	0.018
0.401	0.110	0.340	0.150
0.133	0.289	0.541	0.037
0.725	0.020	0.036	0.219
0.102	0.543	0.054	0.301
0.397	0.135	0.456	0.012
0.042	0.382	0.456	0.120
0.764	0.201	0.001	0.034
0.035	0.828	0.004	0.133
>CATGCATGCA	25-CATGCATGCA	0.023396	-0.531707	0	T:62.0(4.99%),B:3730.3(5.10%),P:1e0	Tpos:104.7,Tstd:59.4,Bpos:96.6,Bstd:91.0,StrandBias:0.1,Multiplicity:1.06
0.001	0.997	0.001	0.001
0.973	0.001	0.025	0.001
0.001	0.001	0.001	0.997
0.001	0.001	0.997	0.001
0.001	0.997	0.001	0.001
0.997	0.001	0.001	0.001
0.001	0.001	0.001	0.997
0.001	0.001	0.997	0.001
0.001	0.997	0.001	0.001
0.997	0.001	0.001	0.001
>TTTTTAAAATTT	1-TTTTTAAAATTT	7.074391	-69.078249	0	T:416.0(33.49%),B:14344.6(19.62%),P:1e-30	Tpos:99.5,Tstd:54.3,Bpos:101.1,Bstd:146.6,StrandBias:0.1,Multiplicity:1.37
0.172	0.029	0.039	0.760
0.118	0.071	0.027	0.784
0.100	0.088	0.039	0.773
0.130	0.115	0.038	0.717
0.134	0.145	0.115	0.606
0.617	0.125	0.116	0.142
0.778	0.050	0.064	0.108
0.840	0.033	0.010	0.117
0.771	0.051	0.023	0.155
0.149	0.052	0.034	0.765
0.086	0.052	0.087	0.775
0.092	0.027	0.045	0.836
>TTTTGGGGAAAA	2-TTTTGGGGAAAA	8.915037	-36.747346	0	T:66.0(5.31%),B:1167.0(1.60%),P:1e-15	Tpos:89.8,Tstd:52.9,Bpos:102.3,Bstd:107.0,StrandBias:0.6,Multiplicity:1.03
0.001	0.013	0.053	0.933
0.001	0.013	0.016	0.970
0.059	0.001	0.063	0.877
0.034	0.048	0.095	0.823
0.025	0.094	0.801	0.080
0.043	0.059	0.815	0.083
0.111	0.054	0.734	0.101
0.135	0.093	0.732	0.040
0.830	0.051	0.076	0.043
0.837	0.020	0.064	0.079
0.842	0.020	0.059	0.079
0.810	0.001	0.079	0.110
>CTGAGGACGAAA	3-CTGAGGACGAAA	13.150572	-29.423597	0	T:7.0(0.56%),B:3.7(0.01%),P:1e-12	Tpos:101.6,Tstd:57.3,Bpos:89.1,Bstd:54.0,StrandBias:-1.3,Multiplicity:1.00
0.001	0.997	0.001	0.001
0.001	0.001	0.001	0.997
0.001	0.001	0.997	0.001
0.997	0.001	0.001	0.001
0.162	0.001	0.836	0.001
0.001	0.001	0.997	0.001
0.997	0.001	0.001	0.001
0.001	0.997	0.001	0.001
0.001	0.001	0.803	0.195
0.997	0.001	0.001	0.001
0.997	0.001	0.001	0.001
0.997	0.001	0.001	0.001
>GCTGCAGCAGCA	4-GCTGCAGCAGCA	9.347849	-28.748552	0	T:31.0(2.50%),B:351.7(0.48%),P:1e-12	Tpos:96.7,Tstd:56.8,Bpos:98.1,Bstd:97.2,StrandBias:0.1,Multiplicity:1.00
0.203	0.001	0.634	0.162
0.138	0.814	0.047	0.001
0.162	0.001	0.001	0.836
0.046	0.001	0.952	0.001
0.138	0.860	0.001	0.001
0.714	0.001	0.046	0.239
0.138	0.001	0.767	0.094
0.001	0.907	0.001	0.091
0.822	0.001	0.001	0.176
0.130	0.047	0.788	0.035
0.123	0.567	0.047	0.263
0.872	0.001	0.001	0.126
>AATATGTGGGAT	5-AATATGTGGGAT	14.842221	-26.913543	0	T:6.0(0.48%),B:2.1(0.00%),P:1e-11	Tpos:92.2,Tstd:33.1,Bpos:72.2,Bstd:52.2,StrandBias:2.3,Multiplicity:1.00
0.997	0.001	0.001	0.001
0.997	0.001	0.001	0.001
0.001	0.001	0.001	0.997
0.997	0.001	0.001	0.001
0.001	0.001	0.001	0.997
0.001	0.001	0.997	0.001
0.001	0.001	0.001	0.997
0.001	0.001	0.997	0.001
0.001	0.001	0.997	0.001
0.172	0.001	0.826	0.001
0.997	0.001	0.001	0.001
0.001	0.001	0.001	0.997
>TGTCGGTGAGTT	6-TGTCGGTGAGTT	12.731562	-26.913543	0	T:6.0(0.48%),B:2.8(0.00%),P:1e-11	Tpos:72.3,Tstd:63.3,Bpos:111.0,Bstd:34.7,StrandBias:-1.0,Multiplicity:1.00
0.001	0.277	0.283	0.439
0.001	0.001	0.997	0.001
0.201	0.001	0.001	0.797
0.001	0.997	0.001	0.001
0.183	0.001	0.815	0.001
0.329	0.001	0.669	0.001
0.001	0.001	0.001	0.997
0.001	0.258	0.740	0.001
0.725	0.273	0.001	0.001
0.275	0.001	0.541	0.183
0.001	0.273	0.001	0.725
0.001	0.001	0.001	0.997
>TACTGTGGTGGT	7-TACTGTGGTGGT	14.842221	-24.495231	0	T:6.0(0.48%),B:4.0(0.01%),P:1e-10	Tpos:77.7,Tstd:61.0,Bpos:94.3,Bstd:27.4,StrandBias:1.0,Multiplicity:1.00
0.001	0.001	0.001	0.997
0.997	0.001	0.001	0.001
0.172	0.826	0.001	0.001
0.001	0.001	0.001	0.997
0.001	0.001	0.997	0.001
0.001	0.001	0.001	0.997
0.001	0.001	0.997	0.001
0.001	0.001	0.997	0.001
0.001	0.001	0.001	0.997
0.001	0.001	0.997	0.001
0.001	0.001	0.997	0.001
0.001	0.001	0.001	0.997
>WTATATATATAT	8-WTATATATATAT	7.558508	-24.464702	0	T:36.0(2.90%),B:553.2(0.76%),P:1e-10	Tpos:86.7,Tstd:65.5,Bpos:103.8,Bstd:116.4,StrandBias:-0.4,Multiplicity:1.22
0.480	0.001	0.001	0.518
0.001	0.011	0.364	0.624
0.997	0.001	0.001	0.001
0.001	0.001	0.263	0.735
0.997	0.001	0.001	0.001
0.001	0.001	0.167	0.831
0.997	0.001	0.001	0.001
0.001	0.001	0.291	0.707
0.997	0.001	0.001	0.001
0.001	0.001	0.167	0.831
0.997	0.001	0.001	0.001
0.001	0.001	0.167	0.831
>AACAACAGCAAC	9-AACAACAGCAAC	13.109346	-23.491407	0	T:15.0(1.21%),B:87.1(0.12%),P:1e-10	Tpos:120.7,Tstd:58.6,Bpos:108.7,Bstd:56.5,StrandBias:-2.2,Multiplicity:1.07
0.997	0.001	0.001	0.001
0.851	0.089	0.001	0.059
0.038	0.960	0.001	0.001
0.997	0.001	0.001	0.001
0.910	0.001	0.001	0.088
0.001	0.997	0.001	0.001
0.997	0.001	0.001	0.001
0.362	0.001	0.592	0.045
0.001	0.997	0.001	0.001
0.997	0.001	0.001	0.001
0.997	0.001	0.001	0.001
0.027	0.898	0.074	0.001
>WTWTWTDTWTTT	10-WTWTWTDTWTTT	8.653666	-22.720940	0	T:62.0(4.99%),B:1458.1(1.99%),P:1e-9	Tpos:107.1,Tstd:57.9,Bpos:97.9,Bstd:140.0,StrandBias:0.1,Multiplicity:1.13
0.498	0.024	0.028	0.449
0.188	0.133	0.220	0.459
0.494	0.032	0.041	0.434
0.167	0.063	0.046	0.724
0.336	0.030	0.201	0.433
0.068	0.045	0.050	0.837
0.286	0.025	0.309	0.380
0.184	0.189	0.049	0.578
0.415	0.025	0.031	0.529
0.152	0.057	0.268	0.523
0.356	0.037	0.033	0.574
0.081	0.059	0.054	0.806
>AACAACCTGAAG	11-AACAACCTGAAG	12.355432	-19.497837	0	T:4.0(0.32%),B:0.6(0.00%),P:1e-8	Tpos:99.3,Tstd:65.6,Bpos:125.0,Bstd:0.0,StrandBias:10.0,Multiplicity:1.50
0.700	0.100	0.100	0.100
0.700	0.100	0.100	0.100
0.100	0.700	0.100	0.100
0.700	0.100	0.100	0.100
0.700	0.100	0.100	0.100
0.100	0.700	0.100	0.100
0.100	0.700	0.100	0.100
0.100	0.100	0.100	0.700
0.100	0.100	0.700	0.100
0.700	0.100	0.100	0.100
0.700	0.100	0.100	0.100
0.100	0.100	0.700	0.100
>GGGGGGGGGGGG	12-GGGGGGGGGGGG	6.938123	-16.562717	0	T:47.0(3.78%),B:1145.4(1.57%),P:1e-7	Tpos:106.3,Tstd:49.5,Bpos:99.9,Bstd:56.0,StrandBias:-0.2,Multiplicity:1.11
0.148	0.035	0.677	0.140
0.082	0.043	0.742	0.133
0.119	0.047	0.758	0.076
0.096	0.029	0.777	0.098
0.092	0.050	0.754	0.104
0.094	0.029	0.792	0.085
0.092	0.041	0.814	0.053
0.087	0.036	0.800	0.077
0.098	0.048	0.750	0.104
0.054	0.046	0.743	0.157
0.085	0.046	0.729	0.140
0.112	0.077	0.665	0.146
>CATCATCATCAT	13-CATCATCATCAT	11.912071	-15.504749	0	T:13.0(1.05%),B:117.5(0.16%),P:1e-6	Tpos:82.3,Tstd:41.9,Bpos:90.9,Bstd:87.7,StrandBias:-0.4,Multiplicity:1.92
0.001	0.987	0.001	0.011
0.946	0.025	0.028	0.001
0.001	0.001	0.001	0.997
0.001	0.962	0.001	0.036
0.924	0.001	0.074	0.001
0.001	0.001	0.001	0.997
0.050	0.934	0.001	0.015
0.934	0.001	0.064	0.001
0.041	0.033	0.001	0.925
0.335	0.582	0.027	0.056
0.997	0.001	0.001	0.001
0.001	0.023	0.001	0.975
>GATGATGTCCAT	14-GATGATGTCCAT	16.359770	-14.032935	0	T:3.0(0.24%),B:1.6(0.00%),P:1e-6	Tpos:100.4,Tstd:57.9,Bpos:106.4,Bstd:21.4,StrandBias:10.0,Multiplicity:6.00
0.001	0.001	0.997	0.001
0.997	0.001	0.001	0.001
0.001	0.001	0.001	0.997
0.001	0.001	0.997	0.001
0.997	0.001	0.001	0.001
0.001	0.001	0.001	0.997
0.001	0.001	0.997	0.001
0.001	0.190	0.001	0.808
0.001	0.968	0.001	0.030
0.001	0.997	0.001	0.001
0.997	0.001	0.001	0.001
0.001	0.001	0.001	0.997
>CACACAAACACA	15-CACACAAACACA	10.380924	-12.999844	0	T:33.0(2.66%),B:769.2(1.05%),P:1e-5	Tpos:104.3,Tstd:58.4,Bpos:104.3,Bstd:112.2,StrandBias:0.3,Multiplicity:1.06
0.019	0.891	0.001	0.089
0.869	0.065	0.001	0.065
0.022	0.944	0.033	0.001
0.930	0.001	0.001	0.068
0.065	0.801	0.054	0.080
0.997	0.001	0.001	0.001
0.807	0.039	0.105	0.049
0.890	0.001	0.054	0.055
0.040	0.717	0.037	0.206
0.624	0.065	0.102	0.209
0.001	0.661	0.001	0.337
0.956	0.042	0.001	0.001
>GAACACTAGTGT	16-GAACACTAGTGT	13.789931	-11.795287	0	T:4.0(0.32%),B:7.4(0.01%),P:1e-5	Tpos:113.1,Tstd:36.5,Bpos:113.7,Bstd:35.2,StrandBias:-0.6,Multiplicity:2.00
0.001	0.001	0.860	0.138
0.997	0.001	0.001	0.001
0.997	0.001	0.001	0.001
0.001	0.997	0.001	0.001
0.997	0.001	0.001	0.001
0.001	0.997	0.001	0.001
0.116	0.139	0.001	0.744
0.674	0.001	0.070	0.255
0.001	0.001	0.997	0.001
0.001	0.001	0.001	0.997
0.001	0.001	0.997	0.001
0.001	0.001	0.138	0.860
>ARAGARAGAGAG	17-ARAGARAGAGAG	11.944285	-11.419304	0	T:18.0(1.45%),B:312.5(0.43%),P:1e-4	Tpos:105.3,Tstd:55.2,Bpos:90.5,Bstd:76.7,StrandBias:0.6,Multiplicity:1.00
0.997	0.001	0.001	0.001
0.546	0.001	0.446	0.007
0.997	0.001	0.001	0.001
0.133	0.001	0.865	0.001
0.997	0.001	0.001	0.001
0.374	0.001	0.495	0.130
0.937	0.061	0.001	0.001
0.386	0.001	0.612	0.001
0.879	0.113	0.001	0.007
0.001	0.001	0.997	0.001
0.735	0.263	0.001	0.001
0.164	0.001	0.834	0.001
>ATACATACATAC	18-ATACATACATAC	10.634584	-9.678993	0	T:15.0(1.21%),B:262.3(0.36%),P:1e-4	Tpos:114.9,Tstd:55.2,Bpos:99.1,Bstd:105.5,StrandBias:2.2,Multiplicity:1.57
0.899	0.099	0.001	0.001
0.026	0.161	0.166	0.647
0.825	0.034	0.079	0.062
0.068	0.599	0.176	0.157
0.761	0.204	0.034	0.001
0.025	0.012	0.147	0.816
0.831	0.102	0.066	0.001
0.089	0.680	0.034	0.197
0.792	0.190	0.001	0.017
0.001	0.190	0.189	0.620
0.878	0.018	0.103	0.001
0.021	0.709	0.110	0.160
>AATGATAGGCAA	19-AATGATAGGCAA	14.050470	-9.255329	0	T:3.0(0.24%),B:5.9(0.01%),P:1e-4	Tpos:98.0,Tstd:59.1,Bpos:108.9,Bstd:35.2,StrandBias:-1.8,Multiplicity:3.00
0.997	0.001	0.001	0.001
0.997	0.001	0.001	0.001
0.001	0.001	0.001	0.997
0.001	0.001	0.997	0.001
0.997	0.001	0.001	0.001
0.001	0.001	0.001	0.997
0.997	0.001	0.001	0.001
0.105	0.001	0.893	0.001
0.001	0.087	0.911	0.001
0.001	0.997	0.001	0.001
0.997	0.001	0.001	0.001
0.997	0.001	0.001	0.001
>GTCTAATATTAG	20-GTCTAATATTAG	16.241772	-7.480942	0	T:2.0(0.16%),B:2.4(0.00%),P:1e-3	Tpos:66.2,Tstd:44.2,Bpos:140.7,Bstd:15.3,StrandBias:0.0,Multiplicity:2.00
0.109	0.001	0.781	0.109
0.001	0.001	0.001	0.997
0.001	0.997	0.001	0.001
0.001	0.001	0.001	0.997
0.997	0.001	0.001	0.001
0.997	0.001	0.001	0.001
0.001	0.001	0.001	0.997
0.997	0.001	0.001	0.001
0.001	0.001	0.001	0.997
0.001	0.001	0.001	0.997
0.997	0.001	0.001	0.001
0.001	0.108	0.890	0.001
>CGTCTGTCCGTG	21-CGTCTGTCCGTG	10.743534	-6.363356	0	T:11.0(0.89%),B:221.3(0.30%),P:1e-2	Tpos:118.5,Tstd:60.0,Bpos:99.5,Bstd:65.0,StrandBias:-3.5,Multiplicity:1.45
0.001	0.588	0.001	0.410
0.014	0.001	0.984	0.001
0.001	0.001	0.001	0.997
0.001	0.691	0.307	0.001
0.001	0.310	0.001	0.688
0.277	0.001	0.721	0.001
0.001	0.001	0.001	0.997
0.001	0.984	0.014	0.001
0.001	0.721	0.001	0.277
0.001	0.001	0.997	0.001
0.001	0.001	0.001	0.997
0.001	0.323	0.483	0.193
>TCTGCTATCTTA	22-TCTGCTATCTTA	12.355432	-4.083826	0	T:1.0(0.08%),B:1.9(0.00%),P:1e-1	Tpos:120.8,Tstd:61.8,Bpos:106.1,Bstd:4.5,StrandBias:-10.0,Multiplicity:5.00
0.100	0.100	0.100	0.700
0.100	0.700	0.100	0.100
0.100	0.100	0.100	0.700
0.100	0.100	0.700	0.100
0.100	0.700	0.100	0.100
0.100	0.100	0.100	0.700
0.700	0.100	0.100	0.100
0.100	0.100	0.100	0.700
0.100	0.700	0.100	0.100
0.100	0.100	0.100	0.700
0.100	0.100	0.100	0.700
0.700	0.100	0.100	0.100
>CACCACCTAGCA	23-CACCACCTAGCA	12.355432	-4.083826	0	T:1.0(0.08%),B:0.8(0.00%),P:1e-1	Tpos:115.0,Tstd:43.8,Bpos:117.2,Bstd:0.6,StrandBias:10.0,Multiplicity:5.00
0.100	0.700	0.100	0.100
0.700	0.100	0.100	0.100
0.100	0.700	0.100	0.100
0.100	0.700	0.100	0.100
0.700	0.100	0.100	0.100
0.100	0.700	0.100	0.100
0.100	0.700	0.100	0.100
0.100	0.100	0.100	0.700
0.700	0.100	0.100	0.100
0.100	0.100	0.700	0.100
0.100	0.700	0.100	0.100
0.700	0.100	0.100	0.100
>GCAAGGAAGACA	24-GCAAGGAAGACA	12.355432	-4.083826	0	T:1.0(0.08%),B:1.5(0.00%),P:1e-1	Tpos:96.2,Tstd:65.5,Bpos:124.7,Bstd:62.3,StrandBias:10.0,Multiplicity:5.00
0.100	0.100	0.700	0.100
0.100	0.700	0.100	0.100
0.700	0.100	0.100	0.100
0.700	0.100	0.100	0.100
0.100	0.100	0.700	0.100
0.100	0.100	0.700	0.100
0.700	0.100	0.100	0.100
0.700	0.100	0.100	0.100
0.100	0.100	0.700	0.100
0.700	0.100	0.100	0.100
0.100	0.700	0.100	0.100
0.700	0.100	0.100	0.100
>ATGCATGCATGC	25-ATGCATGCATGC	16.508382	-1.618702	0	T:1.0(0.08%),B:13.5(0.02%),P:1e0	Tpos:100.7,Tstd:61.9,Bpos:102.4,Bstd:38.4,StrandBias:0.1,Multiplicity:3.00
0.997	0.001	0.001	0.001
0.001	0.001	0.001	0.997
0.001	0.001	0.997	0.001
0.001	0.979	0.019	0.001
0.979	0.001	0.019	0.001
0.001	0.001	0.001	0.997
0.001	0.019	0.979	0.001
0.001	0.979	0.019	0.001
0.997	0.001	0.001	0.001
0.001	0.019	0.001	0.979
0.001	0.001	0.997	0.001
0.001	0.997	0.001	0.001
>AAAAATTT	1-AAAAATTT	6.155367	-70.916584	0	T:573.0(46.14%),B:22206.1(30.37%),P:1e-30	Tpos:101.3,Tstd:56.1,Bpos:100.1,Bstd:127.4,StrandBias:-0.0,Multiplicity:1.45
0.543	0.190	0.002	0.265
0.701	0.153	0.053	0.093
0.997	0.001	0.001	0.001
0.997	0.001	0.001	0.001
0.751	0.001	0.001	0.247
0.106	0.050	0.001	0.843
0.002	0.001	0.159	0.838
0.001	0.001	0.133	0.865
>CGAAATTT	2-CGAAATTT	4.658453	-60.777373	0	T:866.0(69.73%),B:40078.0(54.81%),P:1e-26	Tpos:100.8,Tstd:56.3,Bpos:98.5,Bstd:109.6,StrandBias:-0.1,Multiplicity:1.41
0.193	0.547	0.065	0.195
0.079	0.120	0.770	0.031
0.867	0.060	0.039	0.034
0.841	0.072	0.049	0.038
0.709	0.063	0.138	0.090
0.065	0.129	0.096	0.710
0.077	0.046	0.070	0.807
0.071	0.082	0.092	0.755
>AAATATRW	3-AAATATRW	6.198057	-54.612560	0	T:656.0(52.82%),B:28197.7(38.56%),P:1e-23	Tpos:102.0,Tstd:57.2,Bpos:98.8,Bstd:136.5,StrandBias:0.1,Multiplicity:1.53
0.997	0.001	0.001	0.001
0.997	0.001	0.001	0.001
0.997	0.001	0.001	0.001
0.276	0.001	0.001	0.722
0.836	0.162	0.001	0.001
0.102	0.001	0.001	0.896
0.410	0.244	0.345	0.001
0.461	0.001	0.177	0.361
>ATTTTTGG	4-ATTTTTGG	4.325951	-39.488489	0	T:553.0(44.52%),B:24012.0(32.84%),P:1e-17	Tpos:98.7,Tstd:56.3,Bpos:100.8,Bstd:105.1,StrandBias:0.2,Multiplicity:1.15
0.952	0.001	0.046	0.001
0.001	0.110	0.147	0.742
0.040	0.001	0.001	0.958
0.001	0.099	0.001	0.899
0.001	0.037	0.001	0.961
0.030	0.052	0.038	0.880
0.194	0.008	0.797	0.001
0.001	0.078	0.920	0.001
>AAAACTTG	5-AAAACTTG	4.906211	-36.006366	0	T:650.0(52.33%),B:29874.1(40.86%),P:1e-15	Tpos:103.6,Tstd:54.6,Bpos:99.7,Bstd:110.7,StrandBias:0.2,Multiplicity:1.28
0.807	0.077	0.063	0.053
0.626	0.117	0.120	0.137
0.784	0.052	0.077	0.087
0.758	0.084	0.045	0.113
0.049	0.768	0.097	0.086
0.066	0.115	0.098	0.721
0.116	0.074	0.083	0.727
0.089	0.030	0.813	0.068
>AAAATCGT	6-AAAATCGT	7.055329	-25.784930	0	T:152.0(12.24%),B:5016.6(6.86%),P:1e-11	Tpos:89.8,Tstd:56.4,Bpos:100.5,Bstd:109.7,StrandBias:-0.1,Multiplicity:1.12
0.761	0.001	0.174	0.064
0.894	0.001	0.001	0.104
0.771	0.001	0.001	0.227
0.764	0.001	0.001	0.234
0.240	0.196	0.001	0.563
0.001	0.710	0.288	0.001
0.311	0.001	0.591	0.097
0.181	0.001	0.001	0.817
>CTGCAGCA	7-CTGCAGCA	10.559612	-22.471719	0	T:28.0(2.25%),B:373.8(0.51%),P:1e-9	Tpos:94.7,Tstd:54.5,Bpos:95.8,Bstd:59.6,StrandBias:-0.3,Multiplicity:1.00
0.001	0.997	0.001	0.001
0.136	0.001	0.065	0.798
0.001	0.001	0.997	0.001
0.001	0.997	0.001	0.001
0.997	0.001	0.001	0.001
0.001	0.001	0.997	0.001
0.001	0.869	0.001	0.129
0.861	0.001	0.001	0.137
>TACCTTAC	8-TACCTTAC	7.200053	-21.954879	0	T:76.0(6.12%),B:2021.0(2.76%),P:1e-9	Tpos:96.7,Tstd:52.7,Bpos:103.4,Bstd:88.5,StrandBias:-0.2,Multiplicity:1.09
0.001	0.001	0.001	0.997
0.808	0.190	0.001	0.001
0.001	0.852	0.001	0.146
0.001	0.997	0.001	0.001
0.001	0.001	0.001	0.997
0.001	0.138	0.001	0.860
0.997	0.001	0.001	0.001
0.001	0.926	0.072	0.001
>TTTGGTTG	9-TTTGGTTG	7.996165	-21.502815	0	T:80.0(6.44%),B:2201.3(3.01%),P:1e-9	Tpos:100.9,Tstd:57.2,Bpos:98.8,Bstd:72.5,StrandBias:0.0,Multiplicity:1.08
0.001	0.001	0.001	0.997
0.001	0.001	0.001	0.997
0.073	0.148	0.001	0.778
0.001	0.001	0.997	0.001
0.001	0.001	0.997	0.001
0.001	0.001	0.001	0.997
0.069	0.208	0.091	0.632
0.001	0.001	0.997	0.001
>CATCCAWA	10-CATCCAWA	7.099086	-20.775302	0	T:160.0(12.88%),B:5762.8(7.88%),P:1e-9	Tpos:99.9,Tstd:56.2,Bpos:100.1,Bstd:110.6,StrandBias:0.7,Multiplicity:1.38
0.001	0.997	0.001	0.001
0.997	0.001	0.001	0.001
0.001	0.001	0.001	0.997
0.065	0.933	0.001	0.001
0.201	0.635	0.163	0.001
0.935	0.063	0.001	0.001
0.418	0.001	0.080	0.501
0.997	0.001	0.001	0.001
>ATATATAT	11-ATATATAT	8.236954	-19.828473	0	T:33.0(2.66%),B:567.5(0.78%),P:1e-8	Tpos:80.2,Tstd:67.0,Bpos:105.2,Bstd:110.6,StrandBias:0.0,Multiplicity:1.15
0.700	0.100	0.100	0.100
0.100	0.100	0.100	0.700
0.700	0.100	0.100	0.100
0.100	0.100	0.100	0.700
0.700	0.100	0.100	0.100
0.100	0.100	0.100	0.700
0.700	0.100	0.100	0.100
0.100	0.100	0.100	0.700
>TAGGCCTA	12-TAGGCCTA	8.236954	-19.318001	0	T:20.0(1.61%),B:224.8(0.31%),P:1e-8	Tpos:86.9,Tstd:63.7,Bpos:96.6,Bstd:59.1,StrandBias:0.0,Multiplicity:1.00
0.100	0.100	0.100	0.700
0.700	0.100	0.100	0.100
0.100	0.100	0.700	0.100
0.100	0.100	0.700	0.100
0.100	0.700	0.100	0.100
0.100	0.700	0.100	0.100
0.100	0.100	0.100	0.700
0.700	0.100	0.100	0.100
>GWAGTTGK	13-GWAGTTGK	5.205199	-18.611185	0	T:117.0(9.42%),B:3957.9(5.41%),P:1e-8	Tpos:93.9,Tstd:56.8,Bpos:100.9,Bstd:77.6,StrandBias:0.2,Multiplicity:1.08
0.155	0.225	0.555	0.065
0.374	0.177	0.086	0.362
0.571	0.045	0.067	0.317
0.123	0.150	0.485	0.241
0.195	0.138	0.092	0.575
0.284	0.093	0.034	0.589
0.162	0.100	0.584	0.154
0.025	0.067	0.524	0.384
>CMGCACTT	14-CMGCACTT	7.738417	-17.292801	0	T:139.0(11.19%),B:5075.8(6.94%),P:1e-7	Tpos:90.3,Tstd:58.9,Bpos:99.7,Bstd:95.9,StrandBias:-0.2,Multiplicity:1.07
0.001	0.848	0.001	0.150
0.446	0.355	0.001	0.198
0.390	0.001	0.608	0.001
0.022	0.976	0.001	0.001
0.822	0.086	0.091	0.001
0.001	0.624	0.001	0.374
0.001	0.001	0.001	0.997
0.001	0.001	0.001	0.997
>GGGGGGGG	15-GGGGGGGG	7.200873	-16.253144	0	T:31.0(2.50%),B:596.7(0.82%),P:1e-7	Tpos:106.5,Tstd:50.4,Bpos:99.5,Bstd:55.6,StrandBias:-0.6,Multiplicity:1.26
0.093	0.018	0.834	0.055
0.001	0.025	0.942	0.032
0.001	0.001	0.997	0.001
0.001	0.001	0.977	0.021
0.001	0.001	0.997	0.001
0.001	0.001	0.997	0.001
0.042	0.001	0.921	0.036
0.010	0.013	0.747	0.230
>TGGAACGC	16-TGGAACGC	8.066615	-15.955663	0	T:29.0(2.33%),B:540.2(0.74%),P:1e-6	Tpos:86.1,Tstd:60.1,Bpos:102.4,Bstd:64.7,StrandBias:0.3,Multiplicity:1.07
0.001	0.135	0.001	0.863
0.181	0.001	0.817	0.001
0.001	0.001	0.997	0.001
0.997	0.001	0.001	0.001
0.928	0.001	0.070	0.001
0.001	0.997	0.001	0.001
0.001	0.001	0.997	0.001
0.001	0.997	0.001	0.001
>CTAATATT	17-CTAATATT	8.176431	-14.474467	0	T:108.0(8.70%),B:3872.0(5.30%),P:1e-6	Tpos:105.9,Tstd:60.2,Bpos:101.2,Bstd:107.3,StrandBias:-0.4,Multiplicity:1.08
0.001	0.997	0.001	0.001
0.110	0.001	0.001	0.888
0.997	0.001	0.001	0.001
0.902	0.001	0.096	0.001
0.001	0.101	0.001	0.897
0.997	0.001	0.001	0.001
0.001	0.188	0.001	0.810
0.001	0.114	0.001	0.884
>GAKAGAKA	18-GAKAGAKA	5.253845	-13.993659	0	T:283.0(22.79%),B:12732.0(17.41%),P:1e-6	Tpos:100.4,Tstd:55.4,Bpos:99.8,Bstd:103.6,StrandBias:0.0,Multiplicity:1.13
0.001	0.001	0.647	0.351
0.892	0.018	0.045	0.045
0.001	0.001	0.532	0.466
0.892	0.023	0.084	0.001
0.001	0.001	0.582	0.416
0.933	0.021	0.045	0.001
0.001	0.001	0.532	0.466
0.997	0.001	0.001	0.001
>TGCATCGG	19-TGCATCGG	6.987388	-12.155871	0	T:92.0(7.41%),B:3327.2(4.55%),P:1e-5	Tpos:95.6,Tstd:59.2,Bpos:100.2,Bstd:82.0,StrandBias:0.4,Multiplicity:1.09
0.001	0.032	0.001	0.966
0.001	0.107	0.849	0.043
0.118	0.765	0.001	0.116
0.997	0.001	0.001	0.001
0.001	0.053	0.017	0.929
0.001	0.888	0.110	0.001
0.176	0.054	0.716	0.054
0.048	0.068	0.883	0.001
>GCGACCTG	20-GCGACCTG	8.314917	-10.798349	0	T:23.0(1.85%),B:492.1(0.67%),P:1e-4	Tpos:107.0,Tstd:47.0,Bpos:98.2,Bstd:52.4,StrandBias:-0.6,Multiplicity:1.27
0.001	0.094	0.904	0.001
0.001	0.834	0.164	0.001
0.001	0.001	0.997	0.001
0.997	0.001	0.001	0.001
0.001	0.807	0.191	0.001
0.001	0.997	0.001	0.001
0.001	0.001	0.001	0.997
0.001	0.001	0.997	0.001
>TGATGATG	21-TGATGATG	6.428177	-10.285808	0	T:101.0(8.13%),B:3931.0(5.38%),P:1e-4	Tpos:99.8,Tstd:53.5,Bpos:97.3,Bstd:102.5,StrandBias:0.8,Multiplicity:1.36
0.001	0.001	0.094	0.904
0.001	0.102	0.786	0.111
0.997	0.001	0.001	0.001
0.079	0.001	0.001	0.919
0.001	0.001	0.997	0.001
0.997	0.001	0.001	0.001
0.001	0.001	0.001	0.997
0.001	0.001	0.997	0.001
>CGGASGSA	22-CGGASGSA	5.380147	-6.124650	0	T:13.0(1.05%),B:298.9(0.41%),P:1e-2	Tpos:118.5,Tstd:57.5,Bpos:101.1,Bstd:54.3,StrandBias:1.4,Multiplicity:1.92
0.189	0.433	0.234	0.143
0.001	0.231	0.618	0.150
0.001	0.271	0.491	0.237
0.438	0.288	0.001	0.273
0.118	0.388	0.287	0.207
0.020	0.112	0.612	0.256
0.019	0.516	0.443	0.022
0.635	0.239	0.010	0.116
>TGTGTGTG	23-TGTGTGTG	9.297365	-1.693011	0	T:50.0(4.03%),B:2572.8(3.52%),P:1e0	Tpos:94.3,Tstd:54.2,Bpos:98.0,Bstd:72.5,StrandBias:-1.1,Multiplicity:1.13
0.001	0.001	0.001	0.997
0.001	0.001	0.997	0.001
0.001	0.001	0.001	0.997
0.001	0.001	0.997	0.001
0.001	0.001	0.001	0.997
0.170	0.001	0.828	0.001
0.001	0.001	0.001	0.997
0.001	0.001	0.997	0.001
>CCATTTAC	24-CCATTTAC	8.236954	-0.742926	0	T:13.0(1.05%),B:733.6(1.00%),P:1e0	Tpos:105.9,Tstd:59.2,Bpos:103.3,Bstd:75.4,StrandBias:5.0,Multiplicity:2.67
0.100	0.700	0.100	0.100
0.100	0.700	0.100	0.100
0.700	0.100	0.100	0.100
0.100	0.100	0.100	0.700
0.100	0.100	0.100	0.700
0.100	0.100	0.100	0.700
0.700	0.100	0.100	0.100
0.100	0.700	0.100	0.100
>ATGCATGC	25-ATGCATGC	8.236954	-0.015892	0	T:9.0(0.72%),B:974.1(1.33%),P:1e0	Tpos:95.1,Tstd:61.5,Bpos:96.8,Bstd:105.3,StrandBias:0.0,Multiplicity:3.89
0.700	0.100	0.100	0.100
0.100	0.100	0.100	0.700
0.100	0.100	0.700	0.100
0.100	0.700	0.100	0.100
0.700	0.100	0.100	0.100
0.100	0.100	0.100	0.700
0.100	0.100	0.700	0.100
0.100	0.700	0.100	0.100
