>ATGGAAGTAGCT	21-ATGGAAGTAGCT,BestGuess:PB0155.1_Osr2_2/Jaspar(0.689)	10.011548	-16.935147	0	T:18.0(1.45%),B:99.6(0.29%),P:1e-7
0.872	0.064	0.062	0.002
0.126	0.188	0.062	0.624
0.001	0.187	0.811	0.001
0.062	0.062	0.690	0.186
0.810	0.188	0.001	0.001
0.981	0.001	0.017	0.001
0.066	0.062	0.870	0.002
0.236	0.002	0.064	0.698
0.934	0.001	0.064	0.001
0.003	0.062	0.934	0.001
0.002	0.930	0.004	0.064
0.001	0.049	0.124	0.826
