>AGCTACTTCCAT	21-ATGGAAGTAGCT	10.011548	-16.935147	0	T:18.0(1.45%),B:99.6(0.29%),P:1e-7
0.826	0.124	0.049	0.001
0.064	0.004	0.930	0.002
0.001	0.934	0.062	0.003
0.001	0.064	0.001	0.934
0.698	0.064	0.002	0.236
0.002	0.870	0.062	0.066
0.001	0.017	0.001	0.981
0.001	0.001	0.188	0.810
0.186	0.690	0.062	0.062
0.001	0.811	0.187	0.001
0.624	0.062	0.188	0.126
0.002	0.062	0.064	0.872
