>CAAGCCTAGTGT	5-CAAGCCTAGTGT,BestGuess:Nr2e3/MA0164.1/Jaspar(0.588)	10.721980	-28.344503	0	T:17.0(1.37%),B:41.1(0.12%),P:1e-12
0.232	0.598	0.085	0.085
0.914	0.084	0.001	0.001
0.914	0.084	0.001	0.001
0.089	0.001	0.909	0.001
0.001	0.829	0.001	0.169
0.179	0.743	0.068	0.010
0.084	0.001	0.001	0.914
0.856	0.001	0.085	0.058
0.089	0.001	0.909	0.001
0.001	0.001	0.084	0.914
0.001	0.009	0.816	0.174
0.001	0.001	0.084	0.914
