>GCTTTGCCATTA	12-GCTTTGCCATTA	8.622181	-24.806093	0	T:47.0(3.78%),B:413.5(1.20%),P:1e-10
0.089	0.023	0.772	0.116
0.046	0.721	0.116	0.117
0.022	0.001	0.001	0.976
0.001	0.046	0.069	0.884
0.001	0.041	0.046	0.912
0.016	0.070	0.844	0.070
0.094	0.753	0.070	0.083
0.023	0.907	0.001	0.069
0.838	0.046	0.070	0.046
0.052	0.023	0.046	0.879
0.024	0.111	0.116	0.749
0.772	0.070	0.093	0.065
