>ATHTAAAATTTT	1-ATHTAAAATTTT	6.710138	-98.905024	0	T:426.0(41.08%),B:15169.0(21.91%),P:1e-42	Tpos:99.7,Tstd:55.2,Bpos:98.8,Bstd:143.7,StrandBias:0.0,Multiplicity:1.38
0.458	0.142	0.096	0.305
0.241	0.220	0.045	0.494
0.279	0.292	0.001	0.428
0.174	0.243	0.081	0.502
0.457	0.185	0.086	0.272
0.513	0.117	0.091	0.279
0.445	0.126	0.197	0.233
0.581	0.019	0.032	0.368
0.124	0.109	0.001	0.766
0.047	0.001	0.001	0.951
0.001	0.001	0.019	0.979
0.172	0.239	0.069	0.520
>AAABTTTCAGCA	2-AAABTTTCAGCA	7.905739	-55.868622	0	T:194.0(18.71%),B:5906.4(8.53%),P:1e-24	Tpos:98.9,Tstd:57.0,Bpos:99.2,Bstd:119.1,StrandBias:0.4,Multiplicity:1.14
0.713	0.158	0.001	0.128
0.821	0.092	0.001	0.086
0.924	0.066	0.001	0.009
0.136	0.215	0.348	0.302
0.001	0.001	0.001	0.997
0.001	0.001	0.001	0.997
0.259	0.001	0.013	0.727
0.016	0.522	0.165	0.297
0.679	0.001	0.046	0.274
0.211	0.135	0.540	0.114
0.107	0.533	0.075	0.285
0.751	0.023	0.125	0.101
>TTTCCTGAAATA	3-TTTCCTGAAATA	7.263423	-53.194530	0	T:215.0(20.73%),B:7045.5(10.17%),P:1e-23	Tpos:102.5,Tstd:56.2,Bpos:100.5,Bstd:118.1,StrandBias:0.0,Multiplicity:1.10
0.003	0.017	0.054	0.926
0.078	0.089	0.014	0.819
0.168	0.029	0.064	0.739
0.053	0.698	0.063	0.186
0.168	0.638	0.089	0.105
0.212	0.037	0.023	0.728
0.136	0.087	0.673	0.104
0.834	0.030	0.055	0.081
0.716	0.068	0.038	0.178
0.845	0.034	0.026	0.095
0.097	0.089	0.099	0.715
0.632	0.133	0.015	0.220
>ATATCGGAAAAT	4-ATATCGGAAAAT	13.202720	-44.079307	0	T:13.0(1.25%),B:13.2(0.02%),P:1e-19	Tpos:103.4,Tstd:56.4,Bpos:83.3,Bstd:69.9,StrandBias:-1.7,Multiplicity:1.00
0.997	0.001	0.001	0.001
0.001	0.001	0.001	0.997
0.825	0.001	0.087	0.087
0.001	0.001	0.001	0.997
0.086	0.912	0.001	0.001
0.001	0.001	0.997	0.001
0.001	0.086	0.912	0.001
0.611	0.001	0.087	0.301
0.997	0.001	0.001	0.001
0.997	0.001	0.001	0.001
0.912	0.001	0.086	0.001
0.086	0.001	0.001	0.912
>CATAGAGTTAAC	5-CATAGAGTTAAC	13.622387	-41.005114	0	T:11.0(1.06%),B:8.9(0.01%),P:1e-17	Tpos:85.9,Tstd:43.9,Bpos:76.4,Bstd:53.1,StrandBias:0.8,Multiplicity:1.00
0.001	0.997	0.001	0.001
0.755	0.122	0.122	0.001
0.001	0.121	0.001	0.877
0.877	0.121	0.001	0.001
0.001	0.001	0.997	0.001
0.877	0.001	0.001	0.121
0.001	0.001	0.997	0.001
0.001	0.001	0.075	0.923
0.001	0.001	0.001	0.997
0.877	0.001	0.001	0.121
0.997	0.001	0.001	0.001
0.121	0.877	0.001	0.001
>GTTTTAAAATGT	6-GTTTTAAAATGT	8.625075	-36.676761	0	T:98.0(9.45%),B:2567.1(3.71%),P:1e-15	Tpos:96.0,Tstd:55.5,Bpos:98.0,Bstd:114.8,StrandBias:0.1,Multiplicity:1.08
0.115	0.086	0.741	0.058
0.018	0.066	0.031	0.885
0.164	0.017	0.080	0.739
0.067	0.025	0.048	0.860
0.046	0.100	0.052	0.802
0.821	0.023	0.043	0.113
0.886	0.037	0.064	0.013
0.874	0.006	0.039	0.081
0.813	0.082	0.031	0.074
0.050	0.068	0.014	0.868
0.053	0.044	0.855	0.048
0.055	0.062	0.022	0.861
>AAGTTTATTAAA	7-AAGTTTATTAAA	13.045075	-34.791565	0	T:12.0(1.16%),B:20.7(0.03%),P:1e-15	Tpos:91.0,Tstd:46.2,Bpos:142.9,Bstd:39.4,StrandBias:-2.3,Multiplicity:1.00
0.997	0.001	0.001	0.001
0.997	0.001	0.001	0.001
0.001	0.001	0.997	0.001
0.309	0.001	0.001	0.689
0.001	0.001	0.001	0.997
0.001	0.268	0.001	0.730
0.997	0.001	0.001	0.001
0.001	0.001	0.258	0.740
0.001	0.001	0.001	0.997
0.837	0.001	0.161	0.001
0.740	0.258	0.001	0.001
0.740	0.001	0.258	0.001
>CAAAGTTTGCAC	8-CAAAGTTTGCAC	8.977758	-33.504843	0	T:59.0(5.69%),B:1173.6(1.69%),P:1e-14	Tpos:93.3,Tstd:51.7,Bpos:99.4,Bstd:107.6,StrandBias:0.1,Multiplicity:1.11
0.169	0.732	0.039	0.060
0.929	0.038	0.032	0.001
0.868	0.039	0.038	0.055
0.854	0.028	0.032	0.086
0.058	0.117	0.745	0.080
0.001	0.062	0.039	0.898
0.077	0.032	0.032	0.859
0.001	0.001	0.137	0.861
0.028	0.062	0.834	0.076
0.153	0.588	0.121	0.138
0.853	0.038	0.061	0.048
0.071	0.800	0.026	0.103
>TCCMATTCTCMC	9-TCCMATTCTCMC	13.150103	-30.303637	0	T:7.0(0.68%),B:3.5(0.00%),P:1e-13	Tpos:83.2,Tstd:43.7,Bpos:106.1,Bstd:37.3,StrandBias:1.6,Multiplicity:1.14
0.001	0.001	0.001	0.997
0.001	0.981	0.017	0.001
0.001	0.997	0.001	0.001
0.552	0.446	0.001	0.001
0.997	0.001	0.001	0.001
0.001	0.001	0.001	0.997
0.001	0.001	0.001	0.997
0.105	0.893	0.001	0.001
0.001	0.001	0.001	0.997
0.001	0.997	0.001	0.001
0.446	0.552	0.001	0.001
0.001	0.997	0.001	0.001
>TGGTGACCCTCC	10-TGGTGACCCTCC	13.969053	-28.302869	0	T:7.0(0.68%),B:4.5(0.01%),P:1e-12	Tpos:64.0,Tstd:25.1,Bpos:123.8,Bstd:68.8,StrandBias:1.6,Multiplicity:1.33
0.001	0.001	0.399	0.599
0.001	0.001	0.997	0.001
0.001	0.001	0.997	0.001
0.001	0.001	0.001	0.997
0.001	0.001	0.997	0.001
0.997	0.001	0.001	0.001
0.001	0.997	0.001	0.001
0.001	0.997	0.001	0.001
0.001	0.997	0.001	0.001
0.001	0.399	0.001	0.599
0.001	0.997	0.001	0.001
0.001	0.799	0.001	0.199
>ATATTGGCAATA	11-ATATTGGCAATA	9.409185	-27.254268	0	T:41.0(3.95%),B:725.6(1.05%),P:1e-11	Tpos:103.9,Tstd:59.8,Bpos:98.3,Bstd:116.6,StrandBias:-0.2,Multiplicity:1.08
0.819	0.001	0.093	0.087
0.102	0.025	0.025	0.848
0.949	0.001	0.001	0.049
0.039	0.063	0.025	0.873
0.038	0.015	0.001	0.946
0.096	0.036	0.784	0.084
0.080	0.115	0.706	0.099
0.103	0.786	0.025	0.086
0.806	0.043	0.101	0.050
0.830	0.001	0.099	0.070
0.105	0.025	0.036	0.834
0.824	0.050	0.084	0.042
>WDATATATATAT	12-WDATATATATAT	9.705776	-26.594788	0	T:38.0(3.66%),B:644.9(0.93%),P:1e-11	Tpos:98.0,Tstd:56.2,Bpos:109.3,Bstd:135.8,StrandBias:-0.3,Multiplicity:1.05
0.515	0.106	0.001	0.378
0.307	0.158	0.203	0.332
0.634	0.001	0.094	0.271
0.118	0.174	0.163	0.545
0.625	0.014	0.001	0.360
0.122	0.106	0.130	0.642
0.866	0.014	0.119	0.001
0.001	0.132	0.001	0.866
0.783	0.014	0.001	0.202
0.150	0.081	0.014	0.755
0.893	0.001	0.001	0.105
0.001	0.013	0.001	0.985
>AACCTATTTTAT	13-AACCTATTTTAT	13.324234	-24.875652	0	T:9.0(0.87%),B:18.1(0.03%),P:1e-10	Tpos:91.2,Tstd:60.0,Bpos:103.0,Bstd:46.2,StrandBias:0.7,Multiplicity:1.44
0.781	0.217	0.001	0.001
0.997	0.001	0.001	0.001
0.100	0.815	0.001	0.084
0.100	0.898	0.001	0.001
0.001	0.001	0.294	0.704
0.997	0.001	0.001	0.001
0.001	0.100	0.001	0.898
0.001	0.001	0.001	0.997
0.001	0.001	0.001	0.997
0.001	0.001	0.001	0.997
0.997	0.001	0.001	0.001
0.001	0.001	0.001	0.997
>TAATATGCGCCT	14-TAATATGCGCCT	12.558177	-23.546579	0	T:12.0(1.16%),B:53.8(0.08%),P:1e-10	Tpos:113.1,Tstd:67.7,Bpos:113.3,Bstd:69.6,StrandBias:0.0,Multiplicity:1.00
0.001	0.001	0.001	0.997
0.997	0.001	0.001	0.001
0.688	0.001	0.310	0.001
0.343	0.001	0.001	0.655
0.997	0.001	0.001	0.001
0.001	0.001	0.001	0.997
0.001	0.001	0.997	0.001
0.343	0.655	0.001	0.001
0.001	0.001	0.997	0.001
0.171	0.827	0.001	0.001
0.343	0.655	0.001	0.001
0.001	0.001	0.001	0.997
>TCTGATAGCTTT	15-TCTGATAGCTTT	14.848018	-20.001169	0	T:4.0(0.39%),B:2.0(0.00%),P:1e-8	Tpos:98.8,Tstd:63.7,Bpos:95.8,Bstd:29.2,StrandBias:1.0,Multiplicity:1.50
0.001	0.001	0.001	0.997
0.001	0.997	0.001	0.001
0.001	0.001	0.001	0.997
0.001	0.001	0.997	0.001
0.825	0.173	0.001	0.001
0.001	0.001	0.001	0.997
0.997	0.001	0.001	0.001
0.001	0.001	0.997	0.001
0.001	0.997	0.001	0.001
0.001	0.001	0.001	0.997
0.001	0.001	0.001	0.997
0.001	0.001	0.001	0.997
>GATKGATKGATG	16-GATKGATKGATG	11.574087	-18.129551	0	T:11.0(1.06%),B:69.6(0.10%),P:1e-7	Tpos:77.1,Tstd:52.0,Bpos:95.4,Bstd:62.6,StrandBias:1.1,Multiplicity:1.27
0.133	0.001	0.865	0.001
0.997	0.001	0.001	0.001
0.001	0.001	0.001	0.997
0.132	0.001	0.368	0.499
0.001	0.231	0.767	0.001
0.997	0.001	0.001	0.001
0.001	0.001	0.209	0.789
0.001	0.001	0.498	0.500
0.001	0.001	0.997	0.001
0.637	0.001	0.264	0.098
0.001	0.265	0.001	0.733
0.001	0.001	0.601	0.397
>TATTATATTATA	17-TATTATATTATA	13.660827	-16.161168	0	T:5.0(0.48%),B:7.5(0.01%),P:1e-7	Tpos:141.7,Tstd:44.5,Bpos:68.5,Bstd:61.9,StrandBias:-3.0,Multiplicity:1.00
0.001	0.001	0.001	0.997
0.997	0.001	0.001	0.001
0.001	0.001	0.001	0.997
0.061	0.061	0.001	0.877
0.997	0.001	0.001	0.001
0.060	0.001	0.001	0.938
0.997	0.001	0.001	0.001
0.001	0.001	0.001	0.997
0.001	0.001	0.001	0.997
0.997	0.001	0.001	0.001
0.001	0.001	0.001	0.997
0.997	0.001	0.001	0.001
>MTSTMTSTSTCT	18-MTSTMTSTSTCT	9.284861	-15.551440	0	T:40.0(3.86%),B:1054.6(1.52%),P:1e-6	Tpos:116.7,Tstd:51.2,Bpos:95.4,Bstd:95.6,StrandBias:-0.2,Multiplicity:1.45
0.394	0.384	0.192	0.029
0.028	0.071	0.001	0.900
0.069	0.474	0.428	0.029
0.001	0.129	0.050	0.820
0.338	0.424	0.193	0.045
0.029	0.048	0.001	0.922
0.081	0.417	0.487	0.015
0.028	0.053	0.001	0.918
0.215	0.324	0.411	0.050
0.001	0.001	0.028	0.970
0.058	0.659	0.215	0.068
0.029	0.116	0.029	0.826
>TTGTTGTTGTTG	19-TTGTTGTTGTTG	12.579120	-14.415230	0	T:10.0(0.96%),B:80.9(0.12%),P:1e-6	Tpos:109.4,Tstd:53.6,Bpos:103.1,Bstd:47.7,StrandBias:0.2,Multiplicity:1.40
0.001	0.022	0.001	0.976
0.001	0.001	0.001	0.997
0.001	0.001	0.997	0.001
0.001	0.001	0.001	0.997
0.001	0.031	0.031	0.937
0.001	0.001	0.997	0.001
0.001	0.001	0.001	0.997
0.029	0.001	0.050	0.920
0.001	0.001	0.997	0.001
0.037	0.027	0.001	0.935
0.001	0.001	0.001	0.997
0.001	0.001	0.997	0.001
>CCCCCCCCCCCN	20-CCCCCCCCCCCN	6.340904	-13.731965	0	T:50.0(4.82%),B:1577.3(2.28%),P:1e-5	Tpos:93.2,Tstd:62.1,Bpos:97.8,Bstd:57.5,StrandBias:0.4,Multiplicity:1.31
0.147	0.551	0.223	0.079
0.221	0.574	0.117	0.088
0.042	0.844	0.088	0.026
0.032	0.934	0.001	0.033
0.042	0.858	0.032	0.068
0.001	0.927	0.021	0.051
0.021	0.721	0.032	0.226
0.017	0.745	0.021	0.217
0.049	0.592	0.106	0.253
0.158	0.491	0.200	0.151
0.250	0.403	0.216	0.131
0.210	0.335	0.234	0.221
>GTGCGTCCGTCC	21-GTGCGTCCGTCC	15.222316	-12.341638	0	T:3.0(0.29%),B:2.8(0.00%),P:1e-5	Tpos:117.2,Tstd:31.9,Bpos:109.2,Bstd:35.3,StrandBias:-10.0,Multiplicity:1.67
0.001	0.001	0.997	0.001
0.001	0.001	0.001	0.997
0.001	0.328	0.670	0.001
0.001	0.903	0.001	0.095
0.001	0.001	0.997	0.001
0.001	0.001	0.001	0.997
0.001	0.721	0.277	0.001
0.001	0.886	0.001	0.112
0.001	0.001	0.997	0.001
0.001	0.001	0.001	0.997
0.001	0.710	0.288	0.001
0.001	0.903	0.001	0.095
>TCTGGCCGTAAT	22-TCTGGCCGTAAT	13.309045	-12.341638	0	T:3.0(0.29%),B:2.9(0.00%),P:1e-5	Tpos:100.1,Tstd:59.3,Bpos:107.1,Bstd:32.9,StrandBias:1.6,Multiplicity:2.67
0.001	0.001	0.001	0.997
0.001	0.997	0.001	0.001
0.001	0.001	0.001	0.997
0.001	0.001	0.997	0.001
0.147	0.001	0.851	0.001
0.001	0.703	0.001	0.295
0.001	0.997	0.001	0.001
0.147	0.001	0.851	0.001
0.001	0.001	0.001	0.997
0.997	0.001	0.001	0.001
0.997	0.001	0.001	0.001
0.001	0.001	0.001	0.997
>CATCATCATCAT	23-CATCATCATCAT	12.796039	-9.480496	0	T:7.0(0.68%),B:66.4(0.10%),P:1e-4	Tpos:87.5,Tstd:51.9,Bpos:98.7,Bstd:85.3,StrandBias:-1.4,Multiplicity:1.14
0.001	0.997	0.001	0.001
0.933	0.035	0.031	0.001
0.037	0.050	0.001	0.912
0.001	0.997	0.001	0.001
0.964	0.001	0.034	0.001
0.060	0.060	0.001	0.879
0.001	0.997	0.001	0.001
0.966	0.001	0.032	0.001
0.049	0.001	0.001	0.949
0.001	0.997	0.001	0.001
0.997	0.001	0.001	0.001
0.001	0.001	0.001	0.997
>TGTGTGTGTGTG	24-TGTGTGTGTGTG	13.286228	-4.544991	0	T:6.0(0.58%),B:121.7(0.18%),P:1e-1	Tpos:166.0,Tstd:33.4,Bpos:105.7,Bstd:41.2,StrandBias:-10.0,Multiplicity:1.33
0.001	0.001	0.001	0.997
0.001	0.001	0.997	0.001
0.034	0.001	0.001	0.964
0.001	0.001	0.997	0.001
0.047	0.001	0.001	0.951
0.001	0.001	0.956	0.042
0.001	0.001	0.001	0.997
0.001	0.001	0.960	0.038
0.001	0.001	0.001	0.997
0.001	0.001	0.997	0.001
0.028	0.001	0.001	0.970
0.001	0.001	0.997	0.001
>CCCTATAGTGGT	25-CCCTATAGTGGT	5.765564	-4.153063	0	T:5.0(0.48%),B:96.4(0.14%),P:1e-1	Tpos:111.1,Tstd:50.4,Bpos:101.5,Bstd:49.1,StrandBias:0.0,Multiplicity:2.00
0.001	0.997	0.001	0.001
0.001	0.997	0.001	0.001
0.001	0.997	0.001	0.001
0.001	0.001	0.001	0.997
0.997	0.001	0.001	0.001
0.001	0.001	0.001	0.997
0.997	0.001	0.001	0.001
0.001	0.001	0.997	0.001
0.001	0.001	0.191	0.807
0.001	0.001	0.997	0.001
0.001	0.111	0.887	0.001
0.001	0.001	0.079	0.919
