>CCAAAATTTT	1-CCAAAATTTT	6.373874	-67.473354	0	T:301.0(29.03%),B:10481.3(15.14%),P:1e-29	Tpos:98.9,Tstd:54.7,Bpos:100.1,Bstd:124.8,StrandBias:0.0,Multiplicity:1.21
0.115	0.658	0.100	0.127
0.127	0.632	0.119	0.122
0.687	0.107	0.112	0.094
0.733	0.073	0.091	0.103
0.726	0.076	0.108	0.090
0.721	0.077	0.087	0.115
0.139	0.086	0.086	0.689
0.096	0.089	0.078	0.737
0.093	0.086	0.082	0.739
0.105	0.115	0.104	0.676
>AAATTTTAAA	2-AAATTTTAAA	6.677179	-55.939353	0	T:430.0(41.47%),B:18469.3(26.67%),P:1e-24	Tpos:97.5,Tstd:57.2,Bpos:99.7,Bstd:127.0,StrandBias:-0.3,Multiplicity:1.37
0.842	0.041	0.028	0.089
0.748	0.117	0.039	0.096
0.777	0.067	0.062	0.094
0.065	0.061	0.054	0.820
0.081	0.045	0.044	0.830
0.077	0.071	0.080	0.772
0.113	0.095	0.092	0.700
0.834	0.030	0.066	0.070
0.856	0.053	0.039	0.052
0.827	0.064	0.054	0.055
>TTTCGAAATT	3-TTTCGAAATT	7.018246	-51.352436	0	T:255.0(24.59%),B:9155.7(13.22%),P:1e-22	Tpos:95.7,Tstd:55.4,Bpos:100.6,Bstd:103.8,StrandBias:0.3,Multiplicity:1.07
0.090	0.021	0.044	0.845
0.010	0.118	0.048	0.824
0.010	0.038	0.034	0.918
0.001	0.720	0.142	0.137
0.147	0.077	0.766	0.010
0.919	0.017	0.023	0.041
0.884	0.049	0.009	0.058
0.847	0.054	0.048	0.051
0.176	0.052	0.184	0.588
0.190	0.059	0.049	0.702
>CCAGATATTA	4-CCAGATATTA	6.398650	-50.013270	0	T:244.0(23.53%),B:8682.0(12.54%),P:1e-21	Tpos:100.7,Tstd:54.9,Bpos:99.0,Bstd:107.0,StrandBias:0.0,Multiplicity:1.12
0.112	0.601	0.035	0.252
0.135	0.556	0.205	0.104
0.782	0.001	0.001	0.216
0.099	0.096	0.759	0.046
0.964	0.034	0.001	0.001
0.154	0.089	0.114	0.643
0.588	0.016	0.226	0.170
0.025	0.097	0.120	0.758
0.024	0.033	0.016	0.927
0.533	0.135	0.162	0.170
>NAAATTTTTN	5-NAAATTTTTN	4.152514	-43.144523	0	T:670.0(64.61%),B:35164.6(50.78%),P:1e-18	Tpos:103.1,Tstd:54.9,Bpos:99.8,Bstd:125.7,StrandBias:0.0,Multiplicity:1.43
0.210	0.239	0.234	0.317
0.541	0.144	0.156	0.159
0.541	0.145	0.150	0.164
0.515	0.151	0.159	0.175
0.118	0.138	0.139	0.605
0.099	0.134	0.130	0.637
0.157	0.157	0.147	0.539
0.170	0.163	0.160	0.507
0.173	0.169	0.162	0.496
0.187	0.253	0.258	0.302
>GAAAGTTTCT	6-GAAAGTTTCT	6.312691	-41.111614	0	T:255.0(24.59%),B:9897.6(14.29%),P:1e-17	Tpos:94.3,Tstd:54.3,Bpos:99.4,Bstd:94.0,StrandBias:-0.1,Multiplicity:1.11
0.049	0.049	0.788	0.114
0.857	0.042	0.014	0.087
0.915	0.021	0.063	0.001
0.727	0.011	0.211	0.051
0.019	0.340	0.525	0.116
0.105	0.001	0.066	0.828
0.030	0.055	0.042	0.873
0.186	0.106	0.159	0.549
0.151	0.760	0.088	0.001
0.201	0.016	0.079	0.704
>CCAAACTTAC	7-CCAAACTTAC	6.917709	-37.267370	0	T:133.0(12.83%),B:4067.1(5.87%),P:1e-16	Tpos:101.8,Tstd:52.5,Bpos:99.2,Bstd:92.8,StrandBias:-0.6,Multiplicity:1.07
0.064	0.787	0.059	0.090
0.077	0.773	0.074	0.076
0.855	0.051	0.049	0.045
0.848	0.059	0.047	0.046
0.804	0.049	0.059	0.088
0.099	0.766	0.065	0.070
0.081	0.082	0.033	0.804
0.074	0.048	0.045	0.833
0.717	0.091	0.090	0.102
0.050	0.815	0.056	0.079
>GTATGCGCCT	8-GTATGCGCCT	10.234486	-30.327200	0	T:20.0(1.93%),B:135.1(0.20%),P:1e-13	Tpos:116.2,Tstd:61.3,Bpos:94.2,Bstd:60.3,StrandBias:-0.2,Multiplicity:1.00
0.074	0.001	0.924	0.001
0.055	0.215	0.001	0.729
0.997	0.001	0.001	0.001
0.001	0.001	0.001	0.997
0.086	0.001	0.912	0.001
0.001	0.933	0.065	0.001
0.001	0.001	0.997	0.001
0.107	0.837	0.001	0.055
0.073	0.925	0.001	0.001
0.001	0.001	0.079	0.919
>AAAAAAATCG	9-AAAAAAATCG	7.576850	-26.212814	0	T:134.0(12.92%),B:4785.0(6.91%),P:1e-11	Tpos:100.1,Tstd:55.9,Bpos:98.0,Bstd:101.6,StrandBias:0.1,Multiplicity:1.10
0.904	0.001	0.036	0.059
0.765	0.038	0.001	0.196
0.799	0.134	0.044	0.023
0.781	0.119	0.099	0.001
0.801	0.063	0.022	0.114
0.737	0.171	0.026	0.066
0.758	0.073	0.019	0.150
0.002	0.111	0.074	0.813
0.034	0.890	0.001	0.075
0.062	0.151	0.770	0.017
>ATTTTCTGGT	10-ATTTTCTGGT	9.278408	-25.521602	0	T:40.0(3.86%),B:734.5(1.06%),P:1e-11	Tpos:102.0,Tstd:49.8,Bpos:100.6,Bstd:85.0,StrandBias:-0.2,Multiplicity:1.06
0.550	0.183	0.023	0.244
0.001	0.004	0.283	0.712
0.001	0.001	0.156	0.842
0.147	0.208	0.001	0.644
0.001	0.001	0.001	0.997
0.119	0.606	0.110	0.165
0.231	0.001	0.001	0.767
0.105	0.092	0.649	0.154
0.001	0.001	0.997	0.001
0.007	0.001	0.001	0.991
>ACCACAGTTG	11-ACCACAGTTG	7.734512	-23.350772	0	T:53.0(5.11%),B:1271.6(1.84%),P:1e-10	Tpos:109.5,Tstd:54.4,Bpos:98.0,Bstd:80.2,StrandBias:0.5,Multiplicity:1.10
0.792	0.019	0.088	0.101
0.023	0.781	0.073	0.123
0.056	0.811	0.064	0.069
0.826	0.076	0.040	0.058
0.103	0.751	0.083	0.063
0.782	0.059	0.061	0.098
0.024	0.060	0.752	0.164
0.064	0.090	0.033	0.813
0.054	0.050	0.014	0.882
0.033	0.075	0.815	0.077
>GGGATATCAG	12-GGGATATCAG	11.438444	-22.078993	0	T:10.0(0.96%),B:35.7(0.05%),P:1e-9	Tpos:93.4,Tstd:66.7,Bpos:107.0,Bstd:50.2,StrandBias:2.0,Multiplicity:1.00
0.001	0.001	0.997	0.001
0.030	0.203	0.766	0.001
0.057	0.043	0.664	0.236
0.997	0.001	0.001	0.001
0.042	0.001	0.001	0.956
0.835	0.001	0.130	0.034
0.053	0.032	0.001	0.914
0.001	0.997	0.001	0.001
0.997	0.001	0.001	0.001
0.001	0.053	0.911	0.035
>GGGTTAACAC	13-GGGTTAACAC	10.677988	-20.751324	0	T:14.0(1.35%),B:102.6(0.15%),P:1e-9	Tpos:98.9,Tstd:42.8,Bpos:99.6,Bstd:56.4,StrandBias:0.4,Multiplicity:1.00
0.001	0.262	0.736	0.001
0.118	0.001	0.880	0.001
0.001	0.327	0.671	0.001
0.001	0.001	0.001	0.997
0.001	0.001	0.001	0.997
0.723	0.275	0.001	0.001
0.997	0.001	0.001	0.001
0.001	0.997	0.001	0.001
0.997	0.001	0.001	0.001
0.001	0.997	0.001	0.001
>AAATAAATAA	14-AAATAAATAA	9.272491	-17.974282	0	T:35.0(3.38%),B:770.5(1.11%),P:1e-7	Tpos:85.8,Tstd:62.3,Bpos:90.4,Bstd:153.9,StrandBias:0.0,Multiplicity:1.04
0.997	0.001	0.001	0.001
0.997	0.001	0.001	0.001
0.745	0.027	0.084	0.144
0.001	0.001	0.001	0.997
0.922	0.001	0.001	0.076
0.997	0.001	0.001	0.001
0.947	0.051	0.001	0.001
0.001	0.001	0.001	0.997
0.997	0.001	0.001	0.001
0.997	0.001	0.001	0.001
>BKGGGGGGGK	15-BKGGGGGGGK	7.305433	-15.228272	0	T:34.0(3.28%),B:827.0(1.19%),P:1e-6	Tpos:83.7,Tstd:62.1,Bpos:99.0,Bstd:55.7,StrandBias:-0.4,Multiplicity:1.18
0.148	0.246	0.372	0.234
0.232	0.113	0.399	0.255
0.001	0.001	0.819	0.179
0.182	0.001	0.816	0.001
0.038	0.001	0.960	0.001
0.174	0.001	0.784	0.041
0.055	0.092	0.821	0.032
0.001	0.042	0.870	0.087
0.017	0.104	0.666	0.213
0.001	0.252	0.423	0.325
>ABATABAGAB	16-ABATABAGAB	7.422230	-14.536722	0	T:71.0(6.85%),B:2517.5(3.64%),P:1e-6	Tpos:104.8,Tstd:54.6,Bpos:99.5,Bstd:123.0,StrandBias:-0.1,Multiplicity:1.28
0.805	0.046	0.054	0.095
0.119	0.298	0.307	0.275
0.843	0.045	0.046	0.066
0.048	0.066	0.301	0.585
0.759	0.058	0.078	0.105
0.064	0.325	0.295	0.315
0.814	0.043	0.061	0.082
0.076	0.055	0.537	0.332
0.774	0.051	0.083	0.092
0.090	0.312	0.285	0.313
>TATWTYATWA	17-TATWTYATWA	8.148386	-14.505960	0	T:56.0(5.40%),B:1807.3(2.61%),P:1e-6	Tpos:117.4,Tstd:55.9,Bpos:97.9,Bstd:116.1,StrandBias:0.1,Multiplicity:1.32
0.004	0.016	0.038	0.942
0.735	0.152	0.006	0.107
0.044	0.025	0.020	0.911
0.446	0.025	0.134	0.395
0.279	0.017	0.178	0.526
0.107	0.393	0.034	0.465
0.642	0.030	0.031	0.297
0.016	0.171	0.048	0.765
0.310	0.222	0.079	0.388
0.529	0.070	0.065	0.336
>GTGTGTGTGT	18-GTGTGTGTGT	6.894396	-12.671451	0	T:29.0(2.80%),B:725.2(1.05%),P:1e-5	Tpos:140.9,Tstd:55.6,Bpos:103.0,Bstd:61.2,StrandBias:-3.0,Multiplicity:1.10
0.001	0.001	0.997	0.001
0.001	0.021	0.001	0.977
0.001	0.001	0.927	0.071
0.001	0.001	0.014	0.984
0.001	0.001	0.997	0.001
0.016	0.001	0.001	0.982
0.001	0.001	0.997	0.001
0.001	0.081	0.001	0.917
0.001	0.001	0.997	0.001
0.047	0.001	0.001	0.951
>GACRGACRGA	19-GACRGACRGA	10.021152	-12.614931	0	T:15.0(1.45%),B:230.1(0.33%),P:1e-5	Tpos:118.1,Tstd:50.6,Bpos:102.9,Bstd:71.0,StrandBias:-0.2,Multiplicity:1.20
0.001	0.003	0.995	0.001
0.997	0.001	0.001	0.001
0.001	0.908	0.090	0.001
0.509	0.001	0.489	0.001
0.001	0.041	0.957	0.001
0.997	0.001	0.001	0.001
0.001	0.918	0.080	0.001
0.545	0.001	0.453	0.001
0.001	0.006	0.992	0.001
0.997	0.001	0.001	0.001
>GTTGTTGTTG	20-GTTGTTGTTG	10.968996	-9.414949	0	T:11.0(1.06%),B:173.6(0.25%),P:1e-4	Tpos:113.7,Tstd:55.1,Bpos:99.0,Bstd:52.1,StrandBias:0.2,Multiplicity:1.36
0.001	0.001	0.997	0.001
0.001	0.001	0.001	0.997
0.001	0.001	0.001	0.997
0.001	0.001	0.997	0.001
0.001	0.001	0.001	0.997
0.001	0.001	0.112	0.886
0.001	0.001	0.997	0.001
0.001	0.064	0.001	0.934
0.001	0.001	0.001	0.997
0.001	0.001	0.997	0.001
>GATGATGATG	21-GATGATGATG	9.756594	-9.038301	0	T:16.0(1.54%),B:352.9(0.51%),P:1e-3	Tpos:97.9,Tstd:53.8,Bpos:92.8,Bstd:115.0,StrandBias:1.8,Multiplicity:1.19
0.001	0.001	0.997	0.001
0.938	0.021	0.001	0.040
0.001	0.061	0.001	0.937
0.001	0.001	0.997	0.001
0.955	0.001	0.023	0.021
0.001	0.001	0.001	0.997
0.001	0.001	0.997	0.001
0.928	0.032	0.039	0.001
0.022	0.001	0.001	0.976
0.001	0.001	0.997	0.001
>AGAGAGAGAG	22-AGAGAGAGAG	9.489076	-8.717395	0	T:13.0(1.25%),B:254.6(0.37%),P:1e-3	Tpos:132.4,Tstd:46.2,Bpos:90.6,Bstd:84.9,StrandBias:0.1,Multiplicity:1.31
0.997	0.001	0.001	0.001
0.001	0.001	0.997	0.001
0.997	0.001	0.001	0.001
0.001	0.001	0.997	0.001
0.985	0.001	0.013	0.001
0.001	0.005	0.993	0.001
0.997	0.001	0.001	0.001
0.001	0.001	0.997	0.001
0.997	0.001	0.001	0.001
0.001	0.001	0.997	0.001
>TACGGCCAGA	23-TACGGCCAGA	10.296193	-6.929421	0	T:2.0(0.19%),B:3.5(0.01%),P:1e-3	Tpos:109.7,Tstd:63.7,Bpos:125.9,Bstd:18.3,StrandBias:-10.0,Multiplicity:3.00
0.100	0.100	0.100	0.700
0.700	0.100	0.100	0.100
0.100	0.700	0.100	0.100
0.100	0.100	0.700	0.100
0.100	0.100	0.700	0.100
0.100	0.700	0.100	0.100
0.100	0.700	0.100	0.100
0.700	0.100	0.100	0.100
0.100	0.100	0.700	0.100
0.700	0.100	0.100	0.100
>CCTATAGGGC	24-CCTATAGGGC	13.272027	-6.363978	0	T:2.0(0.19%),B:4.0(0.01%),P:1e-2	Tpos:100.7,Tstd:53.2,Bpos:65.0,Bstd:34.3,StrandBias:10.0,Multiplicity:3.00
0.001	0.997	0.001	0.001
0.001	0.997	0.001	0.001
0.001	0.001	0.001	0.997
0.997	0.001	0.001	0.001
0.001	0.001	0.001	0.997
0.997	0.001	0.001	0.001
0.001	0.001	0.997	0.001
0.001	0.001	0.997	0.001
0.001	0.001	0.997	0.001
0.001	0.569	0.312	0.118
>GATTGATGGA	25-GATTGATGGA	11.046824	-5.761698	0	T:7.0(0.68%),B:125.0(0.18%),P:1e-2	Tpos:53.4,Tstd:39.8,Bpos:101.2,Bstd:137.9,StrandBias:1.7,Multiplicity:1.17
0.001	0.001	0.997	0.001
0.997	0.001	0.001	0.001
0.001	0.001	0.095	0.903
0.157	0.001	0.310	0.532
0.001	0.001	0.997	0.001
0.729	0.001	0.269	0.001
0.001	0.095	0.001	0.903
0.174	0.001	0.585	0.240
0.117	0.001	0.881	0.001
0.903	0.095	0.001	0.001
