>AAAAATTT	1-AAAAATTT	6.555664	-70.083139	0	T:408.0(39.34%),B:16068.5(23.20%),P:1e-30	Tpos:99.3,Tstd:55.9,Bpos:99.5,Bstd:127.0,StrandBias:-0.1,Multiplicity:1.34
0.463	0.288	0.149	0.099
0.972	0.026	0.001	0.001
0.997	0.001	0.001	0.001
0.997	0.001	0.001	0.001
0.568	0.141	0.189	0.102
0.201	0.072	0.001	0.726
0.160	0.058	0.001	0.781
0.105	0.047	0.097	0.751
>AATTTTGG	2-AATTTTGG	4.968150	-63.679078	0	T:673.0(64.90%),B:33163.3(47.89%),P:1e-27	Tpos:98.3,Tstd:54.7,Bpos:100.6,Bstd:114.2,StrandBias:-0.0,Multiplicity:1.54
0.775	0.071	0.096	0.058
0.713	0.073	0.084	0.130
0.159	0.032	0.126	0.683
0.059	0.069	0.029	0.843
0.054	0.043	0.021	0.882
0.085	0.130	0.047	0.738
0.111	0.095	0.670	0.124
0.106	0.105	0.700	0.089
>AAAAMTTA	3-AAAAMTTA	5.402584	-60.604665	0	T:782.0(75.41%),B:41240.0(59.55%),P:1e-26	Tpos:97.2,Tstd:56.6,Bpos:99.0,Bstd:116.9,StrandBias:0.1,Multiplicity:1.40
0.780	0.001	0.218	0.001
0.963	0.001	0.035	0.001
0.976	0.001	0.022	0.001
0.774	0.082	0.001	0.143
0.374	0.406	0.031	0.189
0.001	0.059	0.024	0.916
0.142	0.092	0.175	0.591
0.430	0.147	0.274	0.149
>AARTTTTA	4-AARTTTTA	7.212767	-58.379728	0	T:331.0(31.92%),B:12672.5(18.30%),P:1e-25	Tpos:100.3,Tstd:59.2,Bpos:100.6,Bstd:118.1,StrandBias:0.3,Multiplicity:1.05
0.981	0.001	0.017	0.001
0.588	0.410	0.001	0.001
0.354	0.001	0.398	0.247
0.001	0.086	0.150	0.763
0.001	0.001	0.001	0.997
0.208	0.194	0.008	0.590
0.001	0.309	0.001	0.689
0.997	0.001	0.001	0.001
>ATATTTTA	5-ATATTTTA	7.643247	-50.110761	0	T:261.0(25.17%),B:9549.9(13.79%),P:1e-21	Tpos:96.8,Tstd:55.5,Bpos:96.8,Bstd:120.8,StrandBias:0.2,Multiplicity:1.15
0.897	0.031	0.001	0.071
0.001	0.164	0.115	0.720
0.997	0.001	0.001	0.001
0.001	0.017	0.001	0.981
0.001	0.033	0.001	0.965
0.081	0.001	0.001	0.917
0.090	0.066	0.143	0.701
0.863	0.135	0.001	0.001
>AAAAWWAD	6-AAAAWWAD	5.290828	-41.131265	0	T:485.0(46.77%),B:23276.2(33.61%),P:1e-17	Tpos:101.2,Tstd:57.8,Bpos:101.1,Bstd:128.5,StrandBias:-0.0,Multiplicity:1.30
0.594	0.001	0.292	0.113
0.839	0.012	0.148	0.001
0.762	0.001	0.177	0.060
0.561	0.087	0.001	0.351
0.437	0.109	0.001	0.453
0.485	0.153	0.011	0.350
0.407	0.194	0.201	0.198
0.328	0.159	0.191	0.322
>ATATCTYS	7-ATATCTYS	6.835559	-31.020256	0	T:178.0(17.16%),B:6652.6(9.61%),P:1e-13	Tpos:98.6,Tstd:55.6,Bpos:100.0,Bstd:98.2,StrandBias:-0.1,Multiplicity:1.08
0.899	0.004	0.001	0.096
0.001	0.001	0.001	0.997
0.802	0.001	0.083	0.114
0.001	0.001	0.001	0.997
0.001	0.997	0.001	0.001
0.015	0.001	0.027	0.957
0.078	0.472	0.124	0.325
0.103	0.472	0.425	0.001
>TTGCGGCC	8-TTGCGGCC	6.646786	-25.257376	0	T:57.0(5.50%),B:1358.8(1.96%),P:1e-10	Tpos:108.4,Tstd:54.8,Bpos:94.9,Bstd:62.8,StrandBias:-0.5,Multiplicity:1.10
0.027	0.066	0.042	0.865
0.001	0.019	0.116	0.864
0.122	0.013	0.864	0.001
0.070	0.920	0.009	0.001
0.028	0.110	0.843	0.019
0.018	0.001	0.851	0.130
0.001	0.985	0.001	0.013
0.101	0.841	0.030	0.028
>ACWTCGAA	9-ACWTCGAA	7.111926	-24.376626	0	T:104.0(10.03%),B:3452.1(4.99%),P:1e-10	Tpos:103.3,Tstd:58.9,Bpos:96.3,Bstd:82.9,StrandBias:-0.1,Multiplicity:1.07
0.782	0.143	0.033	0.042
0.114	0.559	0.001	0.326
0.389	0.001	0.078	0.532
0.057	0.001	0.001	0.941
0.001	0.997	0.001	0.001
0.008	0.001	0.985	0.006
0.929	0.069	0.001	0.001
0.879	0.001	0.025	0.095
>CGGTTGCA	10-CGGTTGCA	5.087754	-20.151574	0	T:137.0(13.21%),B:5412.7(7.82%),P:1e-8	Tpos:97.1,Tstd:53.3,Bpos:98.7,Bstd:86.9,StrandBias:-0.5,Multiplicity:1.15
0.104	0.524	0.189	0.183
0.323	0.138	0.526	0.013
0.236	0.104	0.589	0.071
0.150	0.106	0.228	0.516
0.106	0.173	0.151	0.570
0.078	0.120	0.684	0.118
0.152	0.642	0.061	0.145
0.666	0.097	0.147	0.090
>AATATAAG	11-AATATAAG	8.617523	-19.853803	0	T:53.0(5.11%),B:1408.6(2.03%),P:1e-8	Tpos:91.3,Tstd:60.8,Bpos:100.2,Bstd:96.0,StrandBias:-0.1,Multiplicity:1.09
0.997	0.001	0.001	0.001
0.846	0.001	0.152	0.001
0.001	0.001	0.001	0.997
0.565	0.154	0.001	0.280
0.001	0.001	0.001	0.997
0.997	0.001	0.001	0.001
0.997	0.001	0.001	0.001
0.001	0.001	0.997	0.001
>ACTTTTTS	12-ACTTTTTS	7.697010	-16.279692	0	T:151.0(14.56%),B:6539.7(9.44%),P:1e-7	Tpos:95.7,Tstd:58.2,Bpos:100.5,Bstd:109.6,StrandBias:-0.4,Multiplicity:1.07
0.997	0.001	0.001	0.001
0.001	0.884	0.078	0.037
0.173	0.001	0.001	0.825
0.325	0.001	0.001	0.673
0.001	0.001	0.001	0.997
0.001	0.001	0.001	0.997
0.001	0.136	0.088	0.775
0.021	0.553	0.425	0.001
>CCTCGAWA	13-CCTCGAWA	8.156662	-15.912439	0	T:35.0(3.38%),B:840.7(1.21%),P:1e-6	Tpos:98.0,Tstd:51.6,Bpos:100.3,Bstd:90.6,StrandBias:0.4,Multiplicity:1.00
0.001	0.997	0.001	0.001
0.001	0.997	0.001	0.001
0.001	0.001	0.001	0.997
0.111	0.887	0.001	0.001
0.001	0.001	0.997	0.001
0.997	0.001	0.001	0.001
0.488	0.001	0.001	0.510
0.997	0.001	0.001	0.001
>ATATATCT	14-ATATATCT	7.339621	-15.093270	0	T:60.0(5.79%),B:1957.0(2.83%),P:1e-6	Tpos:98.2,Tstd:56.2,Bpos:103.9,Bstd:127.7,StrandBias:0.1,Multiplicity:1.09
0.997	0.001	0.001	0.001
0.001	0.001	0.001	0.997
0.997	0.001	0.001	0.001
0.001	0.001	0.001	0.997
0.997	0.001	0.001	0.001
0.001	0.001	0.001	0.997
0.120	0.855	0.024	0.001
0.001	0.001	0.001	0.997
>GGGGGGGG	15-GGGGGGGG	7.251007	-12.626485	0	T:22.0(2.12%),B:461.7(0.67%),P:1e-5	Tpos:81.3,Tstd:60.5,Bpos:99.5,Bstd:56.3,StrandBias:-0.8,Multiplicity:1.18
0.056	0.033	0.876	0.035
0.031	0.008	0.960	0.001
0.025	0.001	0.973	0.001
0.001	0.001	0.997	0.001
0.001	0.013	0.960	0.026
0.030	0.022	0.921	0.027
0.001	0.045	0.920	0.034
0.020	0.057	0.877	0.046
>GTGGGGAG	16-GTGGGGAG	8.940691	-7.983739	0	T:12.0(1.16%),B:239.6(0.35%),P:1e-3	Tpos:105.9,Tstd:55.6,Bpos:98.7,Bstd:67.5,StrandBias:-0.6,Multiplicity:1.36
0.001	0.001	0.997	0.001
0.001	0.001	0.001	0.997
0.001	0.001	0.997	0.001
0.001	0.119	0.879	0.001
0.001	0.001	0.997	0.001
0.001	0.001	0.997	0.001
0.997	0.001	0.001	0.001
0.001	0.001	0.997	0.001
>GTCCGTCC	17-GTCCGTCC	5.753807	-7.072427	0	T:33.0(3.18%),B:1201.1(1.73%),P:1e-3	Tpos:117.6,Tstd:49.9,Bpos:104.1,Bstd:95.5,StrandBias:-0.2,Multiplicity:3.41
0.001	0.001	0.997	0.001
0.001	0.001	0.001	0.997
0.001	0.997	0.001	0.001
0.001	0.928	0.001	0.070
0.001	0.001	0.997	0.001
0.001	0.001	0.001	0.997
0.001	0.997	0.001	0.001
0.001	0.928	0.001	0.070
>GTGGTGGT	18-GTGGTGGT	3.986640	-6.651272	0	T:74.0(7.14%),B:3426.6(4.95%),P:1e-2	Tpos:108.0,Tstd:53.6,Bpos:99.8,Bstd:76.7,StrandBias:-0.1,Multiplicity:1.12
0.001	0.001	0.997	0.001
0.001	0.001	0.001	0.997
0.128	0.001	0.837	0.034
0.001	0.001	0.997	0.001
0.001	0.001	0.001	0.997
0.001	0.001	0.843	0.155
0.001	0.001	0.997	0.001
0.001	0.001	0.001	0.997
>GATGATGA	19-GATGATGA	6.182044	-5.819996	0	T:48.0(4.63%),B:2094.7(3.02%),P:1e-2	Tpos:93.6,Tstd:50.2,Bpos:93.8,Bstd:96.7,StrandBias:0.5,Multiplicity:1.12
0.001	0.001	0.997	0.001
0.997	0.001	0.001	0.001
0.001	0.001	0.073	0.925
0.001	0.001	0.997	0.001
0.893	0.001	0.105	0.001
0.001	0.001	0.001	0.997
0.001	0.001	0.997	0.001
0.883	0.001	0.115	0.001
>GATGGATG	20-GATGGATG	3.803602	-5.333733	0	T:59.0(5.69%),B:2762.7(3.99%),P:1e-2	Tpos:83.9,Tstd:53.7,Bpos:100.9,Bstd:100.6,StrandBias:0.7,Multiplicity:1.55
0.001	0.001	0.997	0.001
0.997	0.001	0.001	0.001
0.001	0.001	0.001	0.997
0.001	0.001	0.911	0.087
0.001	0.001	0.997	0.001
0.997	0.001	0.001	0.001
0.001	0.001	0.001	0.997
0.001	0.001	0.697	0.301
>ACATACAT	21-ACATACAT	9.037237	-3.594030	0	T:32.0(3.09%),B:1480.3(2.14%),P:1e-1	Tpos:115.9,Tstd:54.8,Bpos:102.5,Bstd:130.7,StrandBias:-0.6,Multiplicity:6.25
0.899	0.045	0.036	0.020
0.001	0.543	0.354	0.102
0.940	0.058	0.001	0.001
0.001	0.076	0.173	0.750
0.915	0.030	0.054	0.001
0.001	0.566	0.382	0.051
0.940	0.037	0.022	0.001
0.001	0.076	0.157	0.766
>AGAKAGAK	22-AGAKAGAK	9.937535	-2.623138	0	T:16.0(1.54%),B:709.1(1.02%),P:1e-1	Tpos:133.2,Tstd:45.9,Bpos:92.0,Bstd:85.5,StrandBias:0.0,Multiplicity:1.25
0.997	0.001	0.001	0.001
0.001	0.001	0.997	0.001
0.997	0.001	0.001	0.001
0.001	0.001	0.567	0.431
0.997	0.001	0.001	0.001
0.001	0.001	0.997	0.001
0.997	0.001	0.001	0.001
0.001	0.001	0.567	0.431
>CCCTATAG	23-CCCTATAG	8.236954	-2.060280	0	T:5.0(0.48%),B:176.4(0.25%),P:1e0	Tpos:99.9,Tstd:52.6,Bpos:100.3,Bstd:88.1,StrandBias:-0.2,Multiplicity:2.00
0.100	0.700	0.100	0.100
0.100	0.700	0.100	0.100
0.100	0.700	0.100	0.100
0.100	0.100	0.100	0.700
0.700	0.100	0.100	0.100
0.100	0.100	0.100	0.700
0.700	0.100	0.100	0.100
0.100	0.100	0.700	0.100
>GTGTGTGT	24-GTGTGTGT	8.236954	-1.447141	0	T:18.0(1.74%),B:990.7(1.43%),P:1e0	Tpos:148.4,Tstd:51.2,Bpos:101.0,Bstd:63.6,StrandBias:-3.2,Multiplicity:1.11
0.100	0.100	0.700	0.100
0.100	0.100	0.100	0.700
0.100	0.100	0.700	0.100
0.100	0.100	0.100	0.700
0.100	0.100	0.700	0.100
0.100	0.100	0.100	0.700
0.100	0.100	0.700	0.100
0.100	0.100	0.100	0.700
>TCTATCTA	25-TCTATCTA	8.236954	-0.737467	0	T:6.0(0.58%),B:370.3(0.53%),P:1e0	Tpos:74.0,Tstd:46.8,Bpos:108.9,Bstd:110.4,StrandBias:-1.2,Multiplicity:16.83
0.100	0.100	0.100	0.700
0.100	0.700	0.100	0.100
0.100	0.100	0.100	0.700
0.700	0.100	0.100	0.100
0.100	0.100	0.100	0.700
0.100	0.700	0.100	0.100
0.100	0.100	0.100	0.700
0.700	0.100	0.100	0.100
