>CCAAAATTTT	1-CCAAAATTTT	6.373874	-67.473354	0	T:301.0(29.03%),B:10481.3(15.14%),P:1e-29	Tpos:98.9,Tstd:54.7,Bpos:100.1,Bstd:124.8,StrandBias:0.0,Multiplicity:1.21
0.115	0.658	0.100	0.127
0.127	0.632	0.119	0.122
0.687	0.107	0.112	0.094
0.733	0.073	0.091	0.103
0.726	0.076	0.108	0.090
0.721	0.077	0.087	0.115
0.139	0.086	0.086	0.689
0.096	0.089	0.078	0.737
0.093	0.086	0.082	0.739
0.105	0.115	0.104	0.676
>AAATTTTAAA	2-AAATTTTAAA	6.677179	-55.939353	0	T:430.0(41.47%),B:18469.3(26.67%),P:1e-24	Tpos:97.5,Tstd:57.2,Bpos:99.7,Bstd:127.0,StrandBias:-0.3,Multiplicity:1.37
0.842	0.041	0.028	0.089
0.748	0.117	0.039	0.096
0.777	0.067	0.062	0.094
0.065	0.061	0.054	0.820
0.081	0.045	0.044	0.830
0.077	0.071	0.080	0.772
0.113	0.095	0.092	0.700
0.834	0.030	0.066	0.070
0.856	0.053	0.039	0.052
0.827	0.064	0.054	0.055
>TTTCGAAATT	3-TTTCGAAATT	7.018246	-51.352436	0	T:255.0(24.59%),B:9155.7(13.22%),P:1e-22	Tpos:95.7,Tstd:55.4,Bpos:100.6,Bstd:103.8,StrandBias:0.3,Multiplicity:1.07
0.090	0.021	0.044	0.845
0.010	0.118	0.048	0.824
0.010	0.038	0.034	0.918
0.001	0.720	0.142	0.137
0.147	0.077	0.766	0.010
0.919	0.017	0.023	0.041
0.884	0.049	0.009	0.058
0.847	0.054	0.048	0.051
0.176	0.052	0.184	0.588
0.190	0.059	0.049	0.702
>CCAGATATTA	4-CCAGATATTA	6.398650	-50.013270	0	T:244.0(23.53%),B:8682.0(12.54%),P:1e-21	Tpos:100.7,Tstd:54.9,Bpos:99.0,Bstd:107.0,StrandBias:0.0,Multiplicity:1.12
0.112	0.601	0.035	0.252
0.135	0.556	0.205	0.104
0.782	0.001	0.001	0.216
0.099	0.096	0.759	0.046
0.964	0.034	0.001	0.001
0.154	0.089	0.114	0.643
0.588	0.016	0.226	0.170
0.025	0.097	0.120	0.758
0.024	0.033	0.016	0.927
0.533	0.135	0.162	0.170
>NAAATTTTTN	5-NAAATTTTTN	4.152514	-43.144523	0	T:670.0(64.61%),B:35164.6(50.78%),P:1e-18	Tpos:103.1,Tstd:54.9,Bpos:99.8,Bstd:125.7,StrandBias:0.0,Multiplicity:1.43
0.210	0.239	0.234	0.317
0.541	0.144	0.156	0.159
0.541	0.145	0.150	0.164
0.515	0.151	0.159	0.175
0.118	0.138	0.139	0.605
0.099	0.134	0.130	0.637
0.157	0.157	0.147	0.539
0.170	0.163	0.160	0.507
0.173	0.169	0.162	0.496
0.187	0.253	0.258	0.302
>GAAAGTTTCT	6-GAAAGTTTCT	6.312691	-41.111614	0	T:255.0(24.59%),B:9897.6(14.29%),P:1e-17	Tpos:94.3,Tstd:54.3,Bpos:99.4,Bstd:94.0,StrandBias:-0.1,Multiplicity:1.11
0.049	0.049	0.788	0.114
0.857	0.042	0.014	0.087
0.915	0.021	0.063	0.001
0.727	0.011	0.211	0.051
0.019	0.340	0.525	0.116
0.105	0.001	0.066	0.828
0.030	0.055	0.042	0.873
0.186	0.106	0.159	0.549
0.151	0.760	0.088	0.001
0.201	0.016	0.079	0.704
>CCAAACTTAC	7-CCAAACTTAC	6.917709	-37.267370	0	T:133.0(12.83%),B:4067.1(5.87%),P:1e-16	Tpos:101.8,Tstd:52.5,Bpos:99.2,Bstd:92.8,StrandBias:-0.6,Multiplicity:1.07
0.064	0.787	0.059	0.090
0.077	0.773	0.074	0.076
0.855	0.051	0.049	0.045
0.848	0.059	0.047	0.046
0.804	0.049	0.059	0.088
0.099	0.766	0.065	0.070
0.081	0.082	0.033	0.804
0.074	0.048	0.045	0.833
0.717	0.091	0.090	0.102
0.050	0.815	0.056	0.079
>GTATGCGCCT	8-GTATGCGCCT	10.234486	-30.327200	0	T:20.0(1.93%),B:135.1(0.20%),P:1e-13	Tpos:116.2,Tstd:61.3,Bpos:94.2,Bstd:60.3,StrandBias:-0.2,Multiplicity:1.00
0.074	0.001	0.924	0.001
0.055	0.215	0.001	0.729
0.997	0.001	0.001	0.001
0.001	0.001	0.001	0.997
0.086	0.001	0.912	0.001
0.001	0.933	0.065	0.001
0.001	0.001	0.997	0.001
0.107	0.837	0.001	0.055
0.073	0.925	0.001	0.001
0.001	0.001	0.079	0.919
>AAAAAAATCG	9-AAAAAAATCG	7.576850	-26.212814	0	T:134.0(12.92%),B:4785.0(6.91%),P:1e-11	Tpos:100.1,Tstd:55.9,Bpos:98.0,Bstd:101.6,StrandBias:0.1,Multiplicity:1.10
0.904	0.001	0.036	0.059
0.765	0.038	0.001	0.196
0.799	0.134	0.044	0.023
0.781	0.119	0.099	0.001
0.801	0.063	0.022	0.114
0.737	0.171	0.026	0.066
0.758	0.073	0.019	0.150
0.002	0.111	0.074	0.813
0.034	0.890	0.001	0.075
0.062	0.151	0.770	0.017
>ATTTTCTGGT	10-ATTTTCTGGT	9.278408	-25.521602	0	T:40.0(3.86%),B:734.5(1.06%),P:1e-11	Tpos:102.0,Tstd:49.8,Bpos:100.6,Bstd:85.0,StrandBias:-0.2,Multiplicity:1.06
0.550	0.183	0.023	0.244
0.001	0.004	0.283	0.712
0.001	0.001	0.156	0.842
0.147	0.208	0.001	0.644
0.001	0.001	0.001	0.997
0.119	0.606	0.110	0.165
0.231	0.001	0.001	0.767
0.105	0.092	0.649	0.154
0.001	0.001	0.997	0.001
0.007	0.001	0.001	0.991
>ACCACAGTTG	11-ACCACAGTTG	7.734512	-23.350772	0	T:53.0(5.11%),B:1271.6(1.84%),P:1e-10	Tpos:109.5,Tstd:54.4,Bpos:98.0,Bstd:80.2,StrandBias:0.5,Multiplicity:1.10
0.792	0.019	0.088	0.101
0.023	0.781	0.073	0.123
0.056	0.811	0.064	0.069
0.826	0.076	0.040	0.058
0.103	0.751	0.083	0.063
0.782	0.059	0.061	0.098
0.024	0.060	0.752	0.164
0.064	0.090	0.033	0.813
0.054	0.050	0.014	0.882
0.033	0.075	0.815	0.077
>GGGATATCAG	12-GGGATATCAG	11.438444	-22.078993	0	T:10.0(0.96%),B:35.7(0.05%),P:1e-9	Tpos:93.4,Tstd:66.7,Bpos:107.0,Bstd:50.2,StrandBias:2.0,Multiplicity:1.00
0.001	0.001	0.997	0.001
0.030	0.203	0.766	0.001
0.057	0.043	0.664	0.236
0.997	0.001	0.001	0.001
0.042	0.001	0.001	0.956
0.835	0.001	0.130	0.034
0.053	0.032	0.001	0.914
0.001	0.997	0.001	0.001
0.997	0.001	0.001	0.001
0.001	0.053	0.911	0.035
>GGGTTAACAC	13-GGGTTAACAC	10.677988	-20.751324	0	T:14.0(1.35%),B:102.6(0.15%),P:1e-9	Tpos:98.9,Tstd:42.8,Bpos:99.6,Bstd:56.4,StrandBias:0.4,Multiplicity:1.00
0.001	0.262	0.736	0.001
0.118	0.001	0.880	0.001
0.001	0.327	0.671	0.001
0.001	0.001	0.001	0.997
0.001	0.001	0.001	0.997
0.723	0.275	0.001	0.001
0.997	0.001	0.001	0.001
0.001	0.997	0.001	0.001
0.997	0.001	0.001	0.001
0.001	0.997	0.001	0.001
>AAATAAATAA	14-AAATAAATAA	9.272491	-17.974282	0	T:35.0(3.38%),B:770.5(1.11%),P:1e-7	Tpos:85.8,Tstd:62.3,Bpos:90.4,Bstd:153.9,StrandBias:0.0,Multiplicity:1.04
0.997	0.001	0.001	0.001
0.997	0.001	0.001	0.001
0.745	0.027	0.084	0.144
0.001	0.001	0.001	0.997
0.922	0.001	0.001	0.076
0.997	0.001	0.001	0.001
0.947	0.051	0.001	0.001
0.001	0.001	0.001	0.997
0.997	0.001	0.001	0.001
0.997	0.001	0.001	0.001
>BKGGGGGGGK	15-BKGGGGGGGK	7.305433	-15.228272	0	T:34.0(3.28%),B:827.0(1.19%),P:1e-6	Tpos:83.7,Tstd:62.1,Bpos:99.0,Bstd:55.7,StrandBias:-0.4,Multiplicity:1.18
0.148	0.246	0.372	0.234
0.232	0.113	0.399	0.255
0.001	0.001	0.819	0.179
0.182	0.001	0.816	0.001
0.038	0.001	0.960	0.001
0.174	0.001	0.784	0.041
0.055	0.092	0.821	0.032
0.001	0.042	0.870	0.087
0.017	0.104	0.666	0.213
0.001	0.252	0.423	0.325
>ABATABAGAB	16-ABATABAGAB	7.422230	-14.536722	0	T:71.0(6.85%),B:2517.5(3.64%),P:1e-6	Tpos:104.8,Tstd:54.6,Bpos:99.5,Bstd:123.0,StrandBias:-0.1,Multiplicity:1.28
0.805	0.046	0.054	0.095
0.119	0.298	0.307	0.275
0.843	0.045	0.046	0.066
0.048	0.066	0.301	0.585
0.759	0.058	0.078	0.105
0.064	0.325	0.295	0.315
0.814	0.043	0.061	0.082
0.076	0.055	0.537	0.332
0.774	0.051	0.083	0.092
0.090	0.312	0.285	0.313
>TATWTYATWA	17-TATWTYATWA	8.148386	-14.505960	0	T:56.0(5.40%),B:1807.3(2.61%),P:1e-6	Tpos:117.4,Tstd:55.9,Bpos:97.9,Bstd:116.1,StrandBias:0.1,Multiplicity:1.32
0.004	0.016	0.038	0.942
0.735	0.152	0.006	0.107
0.044	0.025	0.020	0.911
0.446	0.025	0.134	0.395
0.279	0.017	0.178	0.526
0.107	0.393	0.034	0.465
0.642	0.030	0.031	0.297
0.016	0.171	0.048	0.765
0.310	0.222	0.079	0.388
0.529	0.070	0.065	0.336
>GTGTGTGTGT	18-GTGTGTGTGT	6.894396	-12.671451	0	T:29.0(2.80%),B:725.2(1.05%),P:1e-5	Tpos:140.9,Tstd:55.6,Bpos:103.0,Bstd:61.2,StrandBias:-3.0,Multiplicity:1.10
0.001	0.001	0.997	0.001
0.001	0.021	0.001	0.977
0.001	0.001	0.927	0.071
0.001	0.001	0.014	0.984
0.001	0.001	0.997	0.001
0.016	0.001	0.001	0.982
0.001	0.001	0.997	0.001
0.001	0.081	0.001	0.917
0.001	0.001	0.997	0.001
0.047	0.001	0.001	0.951
>GACRGACRGA	19-GACRGACRGA	10.021152	-12.614931	0	T:15.0(1.45%),B:230.1(0.33%),P:1e-5	Tpos:118.1,Tstd:50.6,Bpos:102.9,Bstd:71.0,StrandBias:-0.2,Multiplicity:1.20
0.001	0.003	0.995	0.001
0.997	0.001	0.001	0.001
0.001	0.908	0.090	0.001
0.509	0.001	0.489	0.001
0.001	0.041	0.957	0.001
0.997	0.001	0.001	0.001
0.001	0.918	0.080	0.001
0.545	0.001	0.453	0.001
0.001	0.006	0.992	0.001
0.997	0.001	0.001	0.001
>GTTGTTGTTG	20-GTTGTTGTTG	10.968996	-9.414949	0	T:11.0(1.06%),B:173.6(0.25%),P:1e-4	Tpos:113.7,Tstd:55.1,Bpos:99.0,Bstd:52.1,StrandBias:0.2,Multiplicity:1.36
0.001	0.001	0.997	0.001
0.001	0.001	0.001	0.997
0.001	0.001	0.001	0.997
0.001	0.001	0.997	0.001
0.001	0.001	0.001	0.997
0.001	0.001	0.112	0.886
0.001	0.001	0.997	0.001
0.001	0.064	0.001	0.934
0.001	0.001	0.001	0.997
0.001	0.001	0.997	0.001
>GATGATGATG	21-GATGATGATG	9.756594	-9.038301	0	T:16.0(1.54%),B:352.9(0.51%),P:1e-3	Tpos:97.9,Tstd:53.8,Bpos:92.8,Bstd:115.0,StrandBias:1.8,Multiplicity:1.19
0.001	0.001	0.997	0.001
0.938	0.021	0.001	0.040
0.001	0.061	0.001	0.937
0.001	0.001	0.997	0.001
0.955	0.001	0.023	0.021
0.001	0.001	0.001	0.997
0.001	0.001	0.997	0.001
0.928	0.032	0.039	0.001
0.022	0.001	0.001	0.976
0.001	0.001	0.997	0.001
>AGAGAGAGAG	22-AGAGAGAGAG	9.489076	-8.717395	0	T:13.0(1.25%),B:254.6(0.37%),P:1e-3	Tpos:132.4,Tstd:46.2,Bpos:90.6,Bstd:84.9,StrandBias:0.1,Multiplicity:1.31
0.997	0.001	0.001	0.001
0.001	0.001	0.997	0.001
0.997	0.001	0.001	0.001
0.001	0.001	0.997	0.001
0.985	0.001	0.013	0.001
0.001	0.005	0.993	0.001
0.997	0.001	0.001	0.001
0.001	0.001	0.997	0.001
0.997	0.001	0.001	0.001
0.001	0.001	0.997	0.001
>TACGGCCAGA	23-TACGGCCAGA	10.296193	-6.929421	0	T:2.0(0.19%),B:3.5(0.01%),P:1e-3	Tpos:109.7,Tstd:63.7,Bpos:125.9,Bstd:18.3,StrandBias:-10.0,Multiplicity:3.00
0.100	0.100	0.100	0.700
0.700	0.100	0.100	0.100
0.100	0.700	0.100	0.100
0.100	0.100	0.700	0.100
0.100	0.100	0.700	0.100
0.100	0.700	0.100	0.100
0.100	0.700	0.100	0.100
0.700	0.100	0.100	0.100
0.100	0.100	0.700	0.100
0.700	0.100	0.100	0.100
>CCTATAGGGC	24-CCTATAGGGC	13.272027	-6.363978	0	T:2.0(0.19%),B:4.0(0.01%),P:1e-2	Tpos:100.7,Tstd:53.2,Bpos:65.0,Bstd:34.3,StrandBias:10.0,Multiplicity:3.00
0.001	0.997	0.001	0.001
0.001	0.997	0.001	0.001
0.001	0.001	0.001	0.997
0.997	0.001	0.001	0.001
0.001	0.001	0.001	0.997
0.997	0.001	0.001	0.001
0.001	0.001	0.997	0.001
0.001	0.001	0.997	0.001
0.001	0.001	0.997	0.001
0.001	0.569	0.312	0.118
>GATTGATGGA	25-GATTGATGGA	11.046824	-5.761698	0	T:7.0(0.68%),B:125.0(0.18%),P:1e-2	Tpos:53.4,Tstd:39.8,Bpos:101.2,Bstd:137.9,StrandBias:1.7,Multiplicity:1.17
0.001	0.001	0.997	0.001
0.997	0.001	0.001	0.001
0.001	0.001	0.095	0.903
0.157	0.001	0.310	0.532
0.001	0.001	0.997	0.001
0.729	0.001	0.269	0.001
0.001	0.095	0.001	0.903
0.174	0.001	0.585	0.240
0.117	0.001	0.881	0.001
0.903	0.095	0.001	0.001
>ATHTAAAATTTT	1-ATHTAAAATTTT	6.710138	-98.905024	0	T:426.0(41.08%),B:15169.0(21.91%),P:1e-42	Tpos:99.7,Tstd:55.2,Bpos:98.8,Bstd:143.7,StrandBias:0.0,Multiplicity:1.38
0.458	0.142	0.096	0.305
0.241	0.220	0.045	0.494
0.279	0.292	0.001	0.428
0.174	0.243	0.081	0.502
0.457	0.185	0.086	0.272
0.513	0.117	0.091	0.279
0.445	0.126	0.197	0.233
0.581	0.019	0.032	0.368
0.124	0.109	0.001	0.766
0.047	0.001	0.001	0.951
0.001	0.001	0.019	0.979
0.172	0.239	0.069	0.520
>AAABTTTCAGCA	2-AAABTTTCAGCA	7.905739	-55.868622	0	T:194.0(18.71%),B:5906.4(8.53%),P:1e-24	Tpos:98.9,Tstd:57.0,Bpos:99.2,Bstd:119.1,StrandBias:0.4,Multiplicity:1.14
0.713	0.158	0.001	0.128
0.821	0.092	0.001	0.086
0.924	0.066	0.001	0.009
0.136	0.215	0.348	0.302
0.001	0.001	0.001	0.997
0.001	0.001	0.001	0.997
0.259	0.001	0.013	0.727
0.016	0.522	0.165	0.297
0.679	0.001	0.046	0.274
0.211	0.135	0.540	0.114
0.107	0.533	0.075	0.285
0.751	0.023	0.125	0.101
>TTTCCTGAAATA	3-TTTCCTGAAATA	7.263423	-53.194530	0	T:215.0(20.73%),B:7045.5(10.17%),P:1e-23	Tpos:102.5,Tstd:56.2,Bpos:100.5,Bstd:118.1,StrandBias:0.0,Multiplicity:1.10
0.003	0.017	0.054	0.926
0.078	0.089	0.014	0.819
0.168	0.029	0.064	0.739
0.053	0.698	0.063	0.186
0.168	0.638	0.089	0.105
0.212	0.037	0.023	0.728
0.136	0.087	0.673	0.104
0.834	0.030	0.055	0.081
0.716	0.068	0.038	0.178
0.845	0.034	0.026	0.095
0.097	0.089	0.099	0.715
0.632	0.133	0.015	0.220
>ATATCGGAAAAT	4-ATATCGGAAAAT	13.202720	-44.079307	0	T:13.0(1.25%),B:13.2(0.02%),P:1e-19	Tpos:103.4,Tstd:56.4,Bpos:83.3,Bstd:69.9,StrandBias:-1.7,Multiplicity:1.00
0.997	0.001	0.001	0.001
0.001	0.001	0.001	0.997
0.825	0.001	0.087	0.087
0.001	0.001	0.001	0.997
0.086	0.912	0.001	0.001
0.001	0.001	0.997	0.001
0.001	0.086	0.912	0.001
0.611	0.001	0.087	0.301
0.997	0.001	0.001	0.001
0.997	0.001	0.001	0.001
0.912	0.001	0.086	0.001
0.086	0.001	0.001	0.912
>CATAGAGTTAAC	5-CATAGAGTTAAC	13.622387	-41.005114	0	T:11.0(1.06%),B:8.9(0.01%),P:1e-17	Tpos:85.9,Tstd:43.9,Bpos:76.4,Bstd:53.1,StrandBias:0.8,Multiplicity:1.00
0.001	0.997	0.001	0.001
0.755	0.122	0.122	0.001
0.001	0.121	0.001	0.877
0.877	0.121	0.001	0.001
0.001	0.001	0.997	0.001
0.877	0.001	0.001	0.121
0.001	0.001	0.997	0.001
0.001	0.001	0.075	0.923
0.001	0.001	0.001	0.997
0.877	0.001	0.001	0.121
0.997	0.001	0.001	0.001
0.121	0.877	0.001	0.001
>GTTTTAAAATGT	6-GTTTTAAAATGT	8.625075	-36.676761	0	T:98.0(9.45%),B:2567.1(3.71%),P:1e-15	Tpos:96.0,Tstd:55.5,Bpos:98.0,Bstd:114.8,StrandBias:0.1,Multiplicity:1.08
0.115	0.086	0.741	0.058
0.018	0.066	0.031	0.885
0.164	0.017	0.080	0.739
0.067	0.025	0.048	0.860
0.046	0.100	0.052	0.802
0.821	0.023	0.043	0.113
0.886	0.037	0.064	0.013
0.874	0.006	0.039	0.081
0.813	0.082	0.031	0.074
0.050	0.068	0.014	0.868
0.053	0.044	0.855	0.048
0.055	0.062	0.022	0.861
>AAGTTTATTAAA	7-AAGTTTATTAAA	13.045075	-34.791565	0	T:12.0(1.16%),B:20.7(0.03%),P:1e-15	Tpos:91.0,Tstd:46.2,Bpos:142.9,Bstd:39.4,StrandBias:-2.3,Multiplicity:1.00
0.997	0.001	0.001	0.001
0.997	0.001	0.001	0.001
0.001	0.001	0.997	0.001
0.309	0.001	0.001	0.689
0.001	0.001	0.001	0.997
0.001	0.268	0.001	0.730
0.997	0.001	0.001	0.001
0.001	0.001	0.258	0.740
0.001	0.001	0.001	0.997
0.837	0.001	0.161	0.001
0.740	0.258	0.001	0.001
0.740	0.001	0.258	0.001
>CAAAGTTTGCAC	8-CAAAGTTTGCAC	8.977758	-33.504843	0	T:59.0(5.69%),B:1173.6(1.69%),P:1e-14	Tpos:93.3,Tstd:51.7,Bpos:99.4,Bstd:107.6,StrandBias:0.1,Multiplicity:1.11
0.169	0.732	0.039	0.060
0.929	0.038	0.032	0.001
0.868	0.039	0.038	0.055
0.854	0.028	0.032	0.086
0.058	0.117	0.745	0.080
0.001	0.062	0.039	0.898
0.077	0.032	0.032	0.859
0.001	0.001	0.137	0.861
0.028	0.062	0.834	0.076
0.153	0.588	0.121	0.138
0.853	0.038	0.061	0.048
0.071	0.800	0.026	0.103
>TCCMATTCTCMC	9-TCCMATTCTCMC	13.150103	-30.303637	0	T:7.0(0.68%),B:3.5(0.00%),P:1e-13	Tpos:83.2,Tstd:43.7,Bpos:106.1,Bstd:37.3,StrandBias:1.6,Multiplicity:1.14
0.001	0.001	0.001	0.997
0.001	0.981	0.017	0.001
0.001	0.997	0.001	0.001
0.552	0.446	0.001	0.001
0.997	0.001	0.001	0.001
0.001	0.001	0.001	0.997
0.001	0.001	0.001	0.997
0.105	0.893	0.001	0.001
0.001	0.001	0.001	0.997
0.001	0.997	0.001	0.001
0.446	0.552	0.001	0.001
0.001	0.997	0.001	0.001
>TGGTGACCCTCC	10-TGGTGACCCTCC	13.969053	-28.302869	0	T:7.0(0.68%),B:4.5(0.01%),P:1e-12	Tpos:64.0,Tstd:25.1,Bpos:123.8,Bstd:68.8,StrandBias:1.6,Multiplicity:1.33
0.001	0.001	0.399	0.599
0.001	0.001	0.997	0.001
0.001	0.001	0.997	0.001
0.001	0.001	0.001	0.997
0.001	0.001	0.997	0.001
0.997	0.001	0.001	0.001
0.001	0.997	0.001	0.001
0.001	0.997	0.001	0.001
0.001	0.997	0.001	0.001
0.001	0.399	0.001	0.599
0.001	0.997	0.001	0.001
0.001	0.799	0.001	0.199
>ATATTGGCAATA	11-ATATTGGCAATA	9.409185	-27.254268	0	T:41.0(3.95%),B:725.6(1.05%),P:1e-11	Tpos:103.9,Tstd:59.8,Bpos:98.3,Bstd:116.6,StrandBias:-0.2,Multiplicity:1.08
0.819	0.001	0.093	0.087
0.102	0.025	0.025	0.848
0.949	0.001	0.001	0.049
0.039	0.063	0.025	0.873
0.038	0.015	0.001	0.946
0.096	0.036	0.784	0.084
0.080	0.115	0.706	0.099
0.103	0.786	0.025	0.086
0.806	0.043	0.101	0.050
0.830	0.001	0.099	0.070
0.105	0.025	0.036	0.834
0.824	0.050	0.084	0.042
>WDATATATATAT	12-WDATATATATAT	9.705776	-26.594788	0	T:38.0(3.66%),B:644.9(0.93%),P:1e-11	Tpos:98.0,Tstd:56.2,Bpos:109.3,Bstd:135.8,StrandBias:-0.3,Multiplicity:1.05
0.515	0.106	0.001	0.378
0.307	0.158	0.203	0.332
0.634	0.001	0.094	0.271
0.118	0.174	0.163	0.545
0.625	0.014	0.001	0.360
0.122	0.106	0.130	0.642
0.866	0.014	0.119	0.001
0.001	0.132	0.001	0.866
0.783	0.014	0.001	0.202
0.150	0.081	0.014	0.755
0.893	0.001	0.001	0.105
0.001	0.013	0.001	0.985
>AACCTATTTTAT	13-AACCTATTTTAT	13.324234	-24.875652	0	T:9.0(0.87%),B:18.1(0.03%),P:1e-10	Tpos:91.2,Tstd:60.0,Bpos:103.0,Bstd:46.2,StrandBias:0.7,Multiplicity:1.44
0.781	0.217	0.001	0.001
0.997	0.001	0.001	0.001
0.100	0.815	0.001	0.084
0.100	0.898	0.001	0.001
0.001	0.001	0.294	0.704
0.997	0.001	0.001	0.001
0.001	0.100	0.001	0.898
0.001	0.001	0.001	0.997
0.001	0.001	0.001	0.997
0.001	0.001	0.001	0.997
0.997	0.001	0.001	0.001
0.001	0.001	0.001	0.997
>TAATATGCGCCT	14-TAATATGCGCCT	12.558177	-23.546579	0	T:12.0(1.16%),B:53.8(0.08%),P:1e-10	Tpos:113.1,Tstd:67.7,Bpos:113.3,Bstd:69.6,StrandBias:0.0,Multiplicity:1.00
0.001	0.001	0.001	0.997
0.997	0.001	0.001	0.001
0.688	0.001	0.310	0.001
0.343	0.001	0.001	0.655
0.997	0.001	0.001	0.001
0.001	0.001	0.001	0.997
0.001	0.001	0.997	0.001
0.343	0.655	0.001	0.001
0.001	0.001	0.997	0.001
0.171	0.827	0.001	0.001
0.343	0.655	0.001	0.001
0.001	0.001	0.001	0.997
>TCTGATAGCTTT	15-TCTGATAGCTTT	14.848018	-20.001169	0	T:4.0(0.39%),B:2.0(0.00%),P:1e-8	Tpos:98.8,Tstd:63.7,Bpos:95.8,Bstd:29.2,StrandBias:1.0,Multiplicity:1.50
0.001	0.001	0.001	0.997
0.001	0.997	0.001	0.001
0.001	0.001	0.001	0.997
0.001	0.001	0.997	0.001
0.825	0.173	0.001	0.001
0.001	0.001	0.001	0.997
0.997	0.001	0.001	0.001
0.001	0.001	0.997	0.001
0.001	0.997	0.001	0.001
0.001	0.001	0.001	0.997
0.001	0.001	0.001	0.997
0.001	0.001	0.001	0.997
>GATKGATKGATG	16-GATKGATKGATG	11.574087	-18.129551	0	T:11.0(1.06%),B:69.6(0.10%),P:1e-7	Tpos:77.1,Tstd:52.0,Bpos:95.4,Bstd:62.6,StrandBias:1.1,Multiplicity:1.27
0.133	0.001	0.865	0.001
0.997	0.001	0.001	0.001
0.001	0.001	0.001	0.997
0.132	0.001	0.368	0.499
0.001	0.231	0.767	0.001
0.997	0.001	0.001	0.001
0.001	0.001	0.209	0.789
0.001	0.001	0.498	0.500
0.001	0.001	0.997	0.001
0.637	0.001	0.264	0.098
0.001	0.265	0.001	0.733
0.001	0.001	0.601	0.397
>TATTATATTATA	17-TATTATATTATA	13.660827	-16.161168	0	T:5.0(0.48%),B:7.5(0.01%),P:1e-7	Tpos:141.7,Tstd:44.5,Bpos:68.5,Bstd:61.9,StrandBias:-3.0,Multiplicity:1.00
0.001	0.001	0.001	0.997
0.997	0.001	0.001	0.001
0.001	0.001	0.001	0.997
0.061	0.061	0.001	0.877
0.997	0.001	0.001	0.001
0.060	0.001	0.001	0.938
0.997	0.001	0.001	0.001
0.001	0.001	0.001	0.997
0.001	0.001	0.001	0.997
0.997	0.001	0.001	0.001
0.001	0.001	0.001	0.997
0.997	0.001	0.001	0.001
>MTSTMTSTSTCT	18-MTSTMTSTSTCT	9.284861	-15.551440	0	T:40.0(3.86%),B:1054.6(1.52%),P:1e-6	Tpos:116.7,Tstd:51.2,Bpos:95.4,Bstd:95.6,StrandBias:-0.2,Multiplicity:1.45
0.394	0.384	0.192	0.029
0.028	0.071	0.001	0.900
0.069	0.474	0.428	0.029
0.001	0.129	0.050	0.820
0.338	0.424	0.193	0.045
0.029	0.048	0.001	0.922
0.081	0.417	0.487	0.015
0.028	0.053	0.001	0.918
0.215	0.324	0.411	0.050
0.001	0.001	0.028	0.970
0.058	0.659	0.215	0.068
0.029	0.116	0.029	0.826
>TTGTTGTTGTTG	19-TTGTTGTTGTTG	12.579120	-14.415230	0	T:10.0(0.96%),B:80.9(0.12%),P:1e-6	Tpos:109.4,Tstd:53.6,Bpos:103.1,Bstd:47.7,StrandBias:0.2,Multiplicity:1.40
0.001	0.022	0.001	0.976
0.001	0.001	0.001	0.997
0.001	0.001	0.997	0.001
0.001	0.001	0.001	0.997
0.001	0.031	0.031	0.937
0.001	0.001	0.997	0.001
0.001	0.001	0.001	0.997
0.029	0.001	0.050	0.920
0.001	0.001	0.997	0.001
0.037	0.027	0.001	0.935
0.001	0.001	0.001	0.997
0.001	0.001	0.997	0.001
>CCCCCCCCCCCN	20-CCCCCCCCCCCN	6.340904	-13.731965	0	T:50.0(4.82%),B:1577.3(2.28%),P:1e-5	Tpos:93.2,Tstd:62.1,Bpos:97.8,Bstd:57.5,StrandBias:0.4,Multiplicity:1.31
0.147	0.551	0.223	0.079
0.221	0.574	0.117	0.088
0.042	0.844	0.088	0.026
0.032	0.934	0.001	0.033
0.042	0.858	0.032	0.068
0.001	0.927	0.021	0.051
0.021	0.721	0.032	0.226
0.017	0.745	0.021	0.217
0.049	0.592	0.106	0.253
0.158	0.491	0.200	0.151
0.250	0.403	0.216	0.131
0.210	0.335	0.234	0.221
>GTGCGTCCGTCC	21-GTGCGTCCGTCC	15.222316	-12.341638	0	T:3.0(0.29%),B:2.8(0.00%),P:1e-5	Tpos:117.2,Tstd:31.9,Bpos:109.2,Bstd:35.3,StrandBias:-10.0,Multiplicity:1.67
0.001	0.001	0.997	0.001
0.001	0.001	0.001	0.997
0.001	0.328	0.670	0.001
0.001	0.903	0.001	0.095
0.001	0.001	0.997	0.001
0.001	0.001	0.001	0.997
0.001	0.721	0.277	0.001
0.001	0.886	0.001	0.112
0.001	0.001	0.997	0.001
0.001	0.001	0.001	0.997
0.001	0.710	0.288	0.001
0.001	0.903	0.001	0.095
>TCTGGCCGTAAT	22-TCTGGCCGTAAT	13.309045	-12.341638	0	T:3.0(0.29%),B:2.9(0.00%),P:1e-5	Tpos:100.1,Tstd:59.3,Bpos:107.1,Bstd:32.9,StrandBias:1.6,Multiplicity:2.67
0.001	0.001	0.001	0.997
0.001	0.997	0.001	0.001
0.001	0.001	0.001	0.997
0.001	0.001	0.997	0.001
0.147	0.001	0.851	0.001
0.001	0.703	0.001	0.295
0.001	0.997	0.001	0.001
0.147	0.001	0.851	0.001
0.001	0.001	0.001	0.997
0.997	0.001	0.001	0.001
0.997	0.001	0.001	0.001
0.001	0.001	0.001	0.997
>CATCATCATCAT	23-CATCATCATCAT	12.796039	-9.480496	0	T:7.0(0.68%),B:66.4(0.10%),P:1e-4	Tpos:87.5,Tstd:51.9,Bpos:98.7,Bstd:85.3,StrandBias:-1.4,Multiplicity:1.14
0.001	0.997	0.001	0.001
0.933	0.035	0.031	0.001
0.037	0.050	0.001	0.912
0.001	0.997	0.001	0.001
0.964	0.001	0.034	0.001
0.060	0.060	0.001	0.879
0.001	0.997	0.001	0.001
0.966	0.001	0.032	0.001
0.049	0.001	0.001	0.949
0.001	0.997	0.001	0.001
0.997	0.001	0.001	0.001
0.001	0.001	0.001	0.997
>TGTGTGTGTGTG	24-TGTGTGTGTGTG	13.286228	-4.544991	0	T:6.0(0.58%),B:121.7(0.18%),P:1e-1	Tpos:166.0,Tstd:33.4,Bpos:105.7,Bstd:41.2,StrandBias:-10.0,Multiplicity:1.33
0.001	0.001	0.001	0.997
0.001	0.001	0.997	0.001
0.034	0.001	0.001	0.964
0.001	0.001	0.997	0.001
0.047	0.001	0.001	0.951
0.001	0.001	0.956	0.042
0.001	0.001	0.001	0.997
0.001	0.001	0.960	0.038
0.001	0.001	0.001	0.997
0.001	0.001	0.997	0.001
0.028	0.001	0.001	0.970
0.001	0.001	0.997	0.001
>CCCTATAGTGGT	25-CCCTATAGTGGT	5.765564	-4.153063	0	T:5.0(0.48%),B:96.4(0.14%),P:1e-1	Tpos:111.1,Tstd:50.4,Bpos:101.5,Bstd:49.1,StrandBias:0.0,Multiplicity:2.00
0.001	0.997	0.001	0.001
0.001	0.997	0.001	0.001
0.001	0.997	0.001	0.001
0.001	0.001	0.001	0.997
0.997	0.001	0.001	0.001
0.001	0.001	0.001	0.997
0.997	0.001	0.001	0.001
0.001	0.001	0.997	0.001
0.001	0.001	0.191	0.807
0.001	0.001	0.997	0.001
0.001	0.111	0.887	0.001
0.001	0.001	0.079	0.919
>AAAAATTT	1-AAAAATTT	6.555664	-70.083139	0	T:408.0(39.34%),B:16068.5(23.20%),P:1e-30	Tpos:99.3,Tstd:55.9,Bpos:99.5,Bstd:127.0,StrandBias:-0.1,Multiplicity:1.34
0.463	0.288	0.149	0.099
0.972	0.026	0.001	0.001
0.997	0.001	0.001	0.001
0.997	0.001	0.001	0.001
0.568	0.141	0.189	0.102
0.201	0.072	0.001	0.726
0.160	0.058	0.001	0.781
0.105	0.047	0.097	0.751
>AATTTTGG	2-AATTTTGG	4.968150	-63.679078	0	T:673.0(64.90%),B:33163.3(47.89%),P:1e-27	Tpos:98.3,Tstd:54.7,Bpos:100.6,Bstd:114.2,StrandBias:-0.0,Multiplicity:1.54
0.775	0.071	0.096	0.058
0.713	0.073	0.084	0.130
0.159	0.032	0.126	0.683
0.059	0.069	0.029	0.843
0.054	0.043	0.021	0.882
0.085	0.130	0.047	0.738
0.111	0.095	0.670	0.124
0.106	0.105	0.700	0.089
>AAAAMTTA	3-AAAAMTTA	5.402584	-60.604665	0	T:782.0(75.41%),B:41240.0(59.55%),P:1e-26	Tpos:97.2,Tstd:56.6,Bpos:99.0,Bstd:116.9,StrandBias:0.1,Multiplicity:1.40
0.780	0.001	0.218	0.001
0.963	0.001	0.035	0.001
0.976	0.001	0.022	0.001
0.774	0.082	0.001	0.143
0.374	0.406	0.031	0.189
0.001	0.059	0.024	0.916
0.142	0.092	0.175	0.591
0.430	0.147	0.274	0.149
>AARTTTTA	4-AARTTTTA	7.212767	-58.379728	0	T:331.0(31.92%),B:12672.5(18.30%),P:1e-25	Tpos:100.3,Tstd:59.2,Bpos:100.6,Bstd:118.1,StrandBias:0.3,Multiplicity:1.05
0.981	0.001	0.017	0.001
0.588	0.410	0.001	0.001
0.354	0.001	0.398	0.247
0.001	0.086	0.150	0.763
0.001	0.001	0.001	0.997
0.208	0.194	0.008	0.590
0.001	0.309	0.001	0.689
0.997	0.001	0.001	0.001
>ATATTTTA	5-ATATTTTA	7.643247	-50.110761	0	T:261.0(25.17%),B:9549.9(13.79%),P:1e-21	Tpos:96.8,Tstd:55.5,Bpos:96.8,Bstd:120.8,StrandBias:0.2,Multiplicity:1.15
0.897	0.031	0.001	0.071
0.001	0.164	0.115	0.720
0.997	0.001	0.001	0.001
0.001	0.017	0.001	0.981
0.001	0.033	0.001	0.965
0.081	0.001	0.001	0.917
0.090	0.066	0.143	0.701
0.863	0.135	0.001	0.001
>AAAAWWAD	6-AAAAWWAD	5.290828	-41.131265	0	T:485.0(46.77%),B:23276.2(33.61%),P:1e-17	Tpos:101.2,Tstd:57.8,Bpos:101.1,Bstd:128.5,StrandBias:-0.0,Multiplicity:1.30
0.594	0.001	0.292	0.113
0.839	0.012	0.148	0.001
0.762	0.001	0.177	0.060
0.561	0.087	0.001	0.351
0.437	0.109	0.001	0.453
0.485	0.153	0.011	0.350
0.407	0.194	0.201	0.198
0.328	0.159	0.191	0.322
>ATATCTYS	7-ATATCTYS	6.835559	-31.020256	0	T:178.0(17.16%),B:6652.6(9.61%),P:1e-13	Tpos:98.6,Tstd:55.6,Bpos:100.0,Bstd:98.2,StrandBias:-0.1,Multiplicity:1.08
0.899	0.004	0.001	0.096
0.001	0.001	0.001	0.997
0.802	0.001	0.083	0.114
0.001	0.001	0.001	0.997
0.001	0.997	0.001	0.001
0.015	0.001	0.027	0.957
0.078	0.472	0.124	0.325
0.103	0.472	0.425	0.001
>TTGCGGCC	8-TTGCGGCC	6.646786	-25.257376	0	T:57.0(5.50%),B:1358.8(1.96%),P:1e-10	Tpos:108.4,Tstd:54.8,Bpos:94.9,Bstd:62.8,StrandBias:-0.5,Multiplicity:1.10
0.027	0.066	0.042	0.865
0.001	0.019	0.116	0.864
0.122	0.013	0.864	0.001
0.070	0.920	0.009	0.001
0.028	0.110	0.843	0.019
0.018	0.001	0.851	0.130
0.001	0.985	0.001	0.013
0.101	0.841	0.030	0.028
>ACWTCGAA	9-ACWTCGAA	7.111926	-24.376626	0	T:104.0(10.03%),B:3452.1(4.99%),P:1e-10	Tpos:103.3,Tstd:58.9,Bpos:96.3,Bstd:82.9,StrandBias:-0.1,Multiplicity:1.07
0.782	0.143	0.033	0.042
0.114	0.559	0.001	0.326
0.389	0.001	0.078	0.532
0.057	0.001	0.001	0.941
0.001	0.997	0.001	0.001
0.008	0.001	0.985	0.006
0.929	0.069	0.001	0.001
0.879	0.001	0.025	0.095
>CGGTTGCA	10-CGGTTGCA	5.087754	-20.151574	0	T:137.0(13.21%),B:5412.7(7.82%),P:1e-8	Tpos:97.1,Tstd:53.3,Bpos:98.7,Bstd:86.9,StrandBias:-0.5,Multiplicity:1.15
0.104	0.524	0.189	0.183
0.323	0.138	0.526	0.013
0.236	0.104	0.589	0.071
0.150	0.106	0.228	0.516
0.106	0.173	0.151	0.570
0.078	0.120	0.684	0.118
0.152	0.642	0.061	0.145
0.666	0.097	0.147	0.090
>AATATAAG	11-AATATAAG	8.617523	-19.853803	0	T:53.0(5.11%),B:1408.6(2.03%),P:1e-8	Tpos:91.3,Tstd:60.8,Bpos:100.2,Bstd:96.0,StrandBias:-0.1,Multiplicity:1.09
0.997	0.001	0.001	0.001
0.846	0.001	0.152	0.001
0.001	0.001	0.001	0.997
0.565	0.154	0.001	0.280
0.001	0.001	0.001	0.997
0.997	0.001	0.001	0.001
0.997	0.001	0.001	0.001
0.001	0.001	0.997	0.001
>ACTTTTTS	12-ACTTTTTS	7.697010	-16.279692	0	T:151.0(14.56%),B:6539.7(9.44%),P:1e-7	Tpos:95.7,Tstd:58.2,Bpos:100.5,Bstd:109.6,StrandBias:-0.4,Multiplicity:1.07
0.997	0.001	0.001	0.001
0.001	0.884	0.078	0.037
0.173	0.001	0.001	0.825
0.325	0.001	0.001	0.673
0.001	0.001	0.001	0.997
0.001	0.001	0.001	0.997
0.001	0.136	0.088	0.775
0.021	0.553	0.425	0.001
>CCTCGAWA	13-CCTCGAWA	8.156662	-15.912439	0	T:35.0(3.38%),B:840.7(1.21%),P:1e-6	Tpos:98.0,Tstd:51.6,Bpos:100.3,Bstd:90.6,StrandBias:0.4,Multiplicity:1.00
0.001	0.997	0.001	0.001
0.001	0.997	0.001	0.001
0.001	0.001	0.001	0.997
0.111	0.887	0.001	0.001
0.001	0.001	0.997	0.001
0.997	0.001	0.001	0.001
0.488	0.001	0.001	0.510
0.997	0.001	0.001	0.001
>ATATATCT	14-ATATATCT	7.339621	-15.093270	0	T:60.0(5.79%),B:1957.0(2.83%),P:1e-6	Tpos:98.2,Tstd:56.2,Bpos:103.9,Bstd:127.7,StrandBias:0.1,Multiplicity:1.09
0.997	0.001	0.001	0.001
0.001	0.001	0.001	0.997
0.997	0.001	0.001	0.001
0.001	0.001	0.001	0.997
0.997	0.001	0.001	0.001
0.001	0.001	0.001	0.997
0.120	0.855	0.024	0.001
0.001	0.001	0.001	0.997
>GGGGGGGG	15-GGGGGGGG	7.251007	-12.626485	0	T:22.0(2.12%),B:461.7(0.67%),P:1e-5	Tpos:81.3,Tstd:60.5,Bpos:99.5,Bstd:56.3,StrandBias:-0.8,Multiplicity:1.18
0.056	0.033	0.876	0.035
0.031	0.008	0.960	0.001
0.025	0.001	0.973	0.001
0.001	0.001	0.997	0.001
0.001	0.013	0.960	0.026
0.030	0.022	0.921	0.027
0.001	0.045	0.920	0.034
0.020	0.057	0.877	0.046
>GTGGGGAG	16-GTGGGGAG	8.940691	-7.983739	0	T:12.0(1.16%),B:239.6(0.35%),P:1e-3	Tpos:105.9,Tstd:55.6,Bpos:98.7,Bstd:67.5,StrandBias:-0.6,Multiplicity:1.36
0.001	0.001	0.997	0.001
0.001	0.001	0.001	0.997
0.001	0.001	0.997	0.001
0.001	0.119	0.879	0.001
0.001	0.001	0.997	0.001
0.001	0.001	0.997	0.001
0.997	0.001	0.001	0.001
0.001	0.001	0.997	0.001
>GTCCGTCC	17-GTCCGTCC	5.753807	-7.072427	0	T:33.0(3.18%),B:1201.1(1.73%),P:1e-3	Tpos:117.6,Tstd:49.9,Bpos:104.1,Bstd:95.5,StrandBias:-0.2,Multiplicity:3.41
0.001	0.001	0.997	0.001
0.001	0.001	0.001	0.997
0.001	0.997	0.001	0.001
0.001	0.928	0.001	0.070
0.001	0.001	0.997	0.001
0.001	0.001	0.001	0.997
0.001	0.997	0.001	0.001
0.001	0.928	0.001	0.070
>GTGGTGGT	18-GTGGTGGT	3.986640	-6.651272	0	T:74.0(7.14%),B:3426.6(4.95%),P:1e-2	Tpos:108.0,Tstd:53.6,Bpos:99.8,Bstd:76.7,StrandBias:-0.1,Multiplicity:1.12
0.001	0.001	0.997	0.001
0.001	0.001	0.001	0.997
0.128	0.001	0.837	0.034
0.001	0.001	0.997	0.001
0.001	0.001	0.001	0.997
0.001	0.001	0.843	0.155
0.001	0.001	0.997	0.001
0.001	0.001	0.001	0.997
>GATGATGA	19-GATGATGA	6.182044	-5.819996	0	T:48.0(4.63%),B:2094.7(3.02%),P:1e-2	Tpos:93.6,Tstd:50.2,Bpos:93.8,Bstd:96.7,StrandBias:0.5,Multiplicity:1.12
0.001	0.001	0.997	0.001
0.997	0.001	0.001	0.001
0.001	0.001	0.073	0.925
0.001	0.001	0.997	0.001
0.893	0.001	0.105	0.001
0.001	0.001	0.001	0.997
0.001	0.001	0.997	0.001
0.883	0.001	0.115	0.001
>GATGGATG	20-GATGGATG	3.803602	-5.333733	0	T:59.0(5.69%),B:2762.7(3.99%),P:1e-2	Tpos:83.9,Tstd:53.7,Bpos:100.9,Bstd:100.6,StrandBias:0.7,Multiplicity:1.55
0.001	0.001	0.997	0.001
0.997	0.001	0.001	0.001
0.001	0.001	0.001	0.997
0.001	0.001	0.911	0.087
0.001	0.001	0.997	0.001
0.997	0.001	0.001	0.001
0.001	0.001	0.001	0.997
0.001	0.001	0.697	0.301
>ACATACAT	21-ACATACAT	9.037237	-3.594030	0	T:32.0(3.09%),B:1480.3(2.14%),P:1e-1	Tpos:115.9,Tstd:54.8,Bpos:102.5,Bstd:130.7,StrandBias:-0.6,Multiplicity:6.25
0.899	0.045	0.036	0.020
0.001	0.543	0.354	0.102
0.940	0.058	0.001	0.001
0.001	0.076	0.173	0.750
0.915	0.030	0.054	0.001
0.001	0.566	0.382	0.051
0.940	0.037	0.022	0.001
0.001	0.076	0.157	0.766
>AGAKAGAK	22-AGAKAGAK	9.937535	-2.623138	0	T:16.0(1.54%),B:709.1(1.02%),P:1e-1	Tpos:133.2,Tstd:45.9,Bpos:92.0,Bstd:85.5,StrandBias:0.0,Multiplicity:1.25
0.997	0.001	0.001	0.001
0.001	0.001	0.997	0.001
0.997	0.001	0.001	0.001
0.001	0.001	0.567	0.431
0.997	0.001	0.001	0.001
0.001	0.001	0.997	0.001
0.997	0.001	0.001	0.001
0.001	0.001	0.567	0.431
>CCCTATAG	23-CCCTATAG	8.236954	-2.060280	0	T:5.0(0.48%),B:176.4(0.25%),P:1e0	Tpos:99.9,Tstd:52.6,Bpos:100.3,Bstd:88.1,StrandBias:-0.2,Multiplicity:2.00
0.100	0.700	0.100	0.100
0.100	0.700	0.100	0.100
0.100	0.700	0.100	0.100
0.100	0.100	0.100	0.700
0.700	0.100	0.100	0.100
0.100	0.100	0.100	0.700
0.700	0.100	0.100	0.100
0.100	0.100	0.700	0.100
>GTGTGTGT	24-GTGTGTGT	8.236954	-1.447141	0	T:18.0(1.74%),B:990.7(1.43%),P:1e0	Tpos:148.4,Tstd:51.2,Bpos:101.0,Bstd:63.6,StrandBias:-3.2,Multiplicity:1.11
0.100	0.100	0.700	0.100
0.100	0.100	0.100	0.700
0.100	0.100	0.700	0.100
0.100	0.100	0.100	0.700
0.100	0.100	0.700	0.100
0.100	0.100	0.100	0.700
0.100	0.100	0.700	0.100
0.100	0.100	0.100	0.700
>TCTATCTA	25-TCTATCTA	8.236954	-0.737467	0	T:6.0(0.58%),B:370.3(0.53%),P:1e0	Tpos:74.0,Tstd:46.8,Bpos:108.9,Bstd:110.4,StrandBias:-1.2,Multiplicity:16.83
0.100	0.100	0.100	0.700
0.100	0.700	0.100	0.100
0.100	0.100	0.100	0.700
0.700	0.100	0.100	0.100
0.100	0.100	0.100	0.700
0.100	0.700	0.100	0.100
0.100	0.100	0.100	0.700
0.700	0.100	0.100	0.100
