>TWTAWTRATTTG	8-TWTAWTRATTTG,BestGuess:ONECUT1/MA0679.2/Jaspar(0.713)	9.443389	-22.465561	0	T:27.0(2.59%),B:196.7(0.57%),P:1e-9
0.282	0.017	0.050	0.651
0.436	0.024	0.032	0.508
0.307	0.060	0.016	0.617
0.592	0.031	0.330	0.047
0.405	0.069	0.034	0.492
0.116	0.024	0.038	0.822
0.427	0.050	0.483	0.040
0.802	0.015	0.041	0.142
0.185	0.214	0.035	0.566
0.034	0.352	0.047	0.567
0.142	0.017	0.173	0.668
0.040	0.024	0.895	0.041
