>AGAGAGAGAGAG	25-AGAGAGAGAGAG	13.099203	-2.165877	0	T:7.0(0.67%),B:134.6(0.39%),P:1e0
0.810	0.017	0.062	0.111
0.140	0.133	0.653	0.074
0.889	0.001	0.009	0.101
0.098	0.143	0.696	0.063
0.833	0.026	0.113	0.028
0.111	0.142	0.691	0.056
0.827	0.001	0.091	0.081
0.109	0.071	0.768	0.052
0.864	0.028	0.038	0.070
0.152	0.109	0.671	0.068
0.747	0.040	0.109	0.104
0.211	0.130	0.562	0.097
