>CAAATYAWTAWA	8-TWTAWTRATTTG	9.443389	-22.465561	0	T:27.0(2.59%),B:196.7(0.57%),P:1e-9
0.041	0.895	0.024	0.040
0.668	0.173	0.017	0.142
0.567	0.047	0.352	0.034
0.566	0.035	0.214	0.185
0.142	0.041	0.015	0.802
0.040	0.483	0.050	0.427
0.822	0.038	0.024	0.116
0.492	0.034	0.069	0.405
0.047	0.330	0.031	0.592
0.617	0.016	0.060	0.307
0.508	0.032	0.024	0.436
0.651	0.050	0.017	0.282
