>ACAGACATACAG	21-ACAGACATACAG	10.018164	-8.170249	0	T:22.0(2.11%),B:311.0(0.90%),P:1e-3
0.939	0.018	0.001	0.042
0.001	0.839	0.159	0.001
0.806	0.126	0.026	0.042
0.001	0.067	0.890	0.042
0.957	0.041	0.001	0.001
0.165	0.675	0.084	0.076
0.818	0.001	0.055	0.126
0.110	0.026	0.201	0.663
0.813	0.084	0.001	0.102
0.042	0.889	0.001	0.068
0.965	0.001	0.033	0.001
0.023	0.091	0.753	0.133
