>TGATAGATGTAA	24-TGATAGATGTAA,BestGuess:HOXA1(Homeobox)/mES-Hoxa1-ChIP-Seq(SRP084292)/Homer(0.695)	10.251128	-13.099127	0	T:13.0(2.56%),B:172.4(0.49%),P:1e-5
0.077	0.001	0.154	0.768
0.001	0.057	0.865	0.077
0.922	0.001	0.076	0.001
0.154	0.057	0.001	0.788
0.768	0.154	0.077	0.001
0.001	0.001	0.845	0.153
0.845	0.153	0.001	0.001
0.153	0.001	0.001	0.845
0.154	0.001	0.768	0.077
0.001	0.153	0.001	0.845
0.845	0.001	0.153	0.001
0.922	0.076	0.001	0.001
