>TGTCATAGGTAA	4-TGTCATAGGTAA,BestGuess:Nr2f6/MA0677.1/Jaspar(0.698)	9.302752	-26.594290	0	T:25.0(4.92%),B:290.5(0.83%),P:1e-11
0.049	0.049	0.101	0.801
0.098	0.001	0.829	0.072
0.098	0.001	0.049	0.852
0.001	0.899	0.049	0.051
0.802	0.049	0.100	0.049
0.109	0.100	0.070	0.721
0.948	0.001	0.049	0.002
0.147	0.049	0.803	0.001
0.001	0.049	0.901	0.049
0.098	0.082	0.001	0.819
0.783	0.023	0.140	0.054
0.852	0.049	0.001	0.098
