>TTACCTATGACA	4-TGTCATAGGTAA	9.302752	-26.594290	0	T:25.0(4.92%),B:290.5(0.83%),P:1e-11
0.098	0.001	0.049	0.852
0.054	0.140	0.023	0.783
0.819	0.001	0.082	0.098
0.049	0.901	0.049	0.001
0.001	0.803	0.049	0.147
0.002	0.049	0.001	0.948
0.721	0.070	0.100	0.109
0.049	0.100	0.049	0.802
0.051	0.049	0.899	0.001
0.852	0.049	0.001	0.098
0.072	0.829	0.001	0.098
0.801	0.101	0.049	0.049
