>TAGGCCTACATK	7-MATGTAGGCCTA	9.018596	-42.400071	0	T:48.0(3.14%),B:440.4(0.62%),P:1e-18
0.038	0.038	0.001	0.923
0.792	0.109	0.077	0.022
0.001	0.001	0.844	0.154
0.210	0.038	0.675	0.077
0.114	0.847	0.001	0.038
0.001	0.829	0.001	0.169
0.037	0.001	0.001	0.961
0.960	0.001	0.038	0.001
0.146	0.550	0.038	0.266
0.685	0.115	0.101	0.099
0.001	0.254	0.174	0.571
0.140	0.191	0.309	0.360
