>TTTTTGCTCAAA	8-TTTTTGCTCAAA	9.161027	-38.712214	0	T:85.0(5.55%),B:1355.4(1.91%),P:1e-16
0.170	0.057	0.011	0.762
0.070	0.102	0.070	0.758
0.123	0.047	0.055	0.775
0.044	0.032	0.053	0.871
0.001	0.122	0.097	0.780
0.113	0.084	0.613	0.190
0.126	0.581	0.112	0.181
0.118	0.114	0.102	0.666
0.185	0.644	0.097	0.074
0.843	0.088	0.068	0.001
0.799	0.079	0.029	0.093
0.846	0.062	0.041	0.051
