>ATMATMATMATM	16-KATKATKATKAT	9.289761	-16.114878	0	T:25.0(1.63%),B:325.2(0.46%),P:1e-6
0.628	0.045	0.166	0.161
0.058	0.215	0.014	0.713
0.391	0.519	0.043	0.047
0.648	0.023	0.074	0.255
0.306	0.124	0.009	0.561
0.417	0.452	0.044	0.088
0.839	0.001	0.059	0.101
0.188	0.146	0.016	0.650
0.473	0.455	0.015	0.056
0.643	0.043	0.083	0.231
0.181	0.130	0.016	0.673
0.383	0.409	0.042	0.167
