>TTKADRAAAMTT	3-TTKADRAAAMTT	6.687056	-64.653952	0	T:507.0(33.12%),B:14828.3(20.90%),P:1e-28
0.170	0.191	0.001	0.638
0.142	0.001	0.195	0.662
0.055	0.145	0.436	0.363
0.563	0.176	0.008	0.253
0.218	0.084	0.344	0.354
0.334	0.169	0.426	0.071
0.939	0.001	0.001	0.059
0.963	0.035	0.001	0.001
0.891	0.092	0.016	0.001
0.401	0.316	0.117	0.166
0.030	0.344	0.090	0.536
0.149	0.104	0.278	0.468
