>CCCCCCCCCCCC	13-GGGGGGGGGGGG	6.750590	-20.883119	0	T:57.0(3.72%),B:1057.0(1.49%),P:1e-9
0.111	0.654	0.119	0.116
0.121	0.665	0.090	0.124
0.116	0.660	0.087	0.137
0.110	0.719	0.062	0.109
0.079	0.746	0.085	0.090
0.100	0.695	0.104	0.101
0.161	0.670	0.061	0.108
0.149	0.665	0.062	0.124
0.117	0.595	0.105	0.183
0.131	0.618	0.113	0.138
0.141	0.625	0.106	0.128
0.132	0.689	0.086	0.093
