>MATGTAGGCCTA	7-MATGTAGGCCTA,BestGuess:ZFX(Zf)/mES-Zfx-ChIP-Seq(GSE11431)/Homer(0.758)	9.018596	-42.400071	0	T:48.0(3.14%),B:440.4(0.62%),P:1e-18
0.360	0.309	0.191	0.140
0.571	0.174	0.254	0.001
0.099	0.101	0.115	0.685
0.266	0.038	0.550	0.146
0.001	0.038	0.001	0.960
0.961	0.001	0.001	0.037
0.169	0.001	0.829	0.001
0.038	0.001	0.847	0.114
0.077	0.675	0.038	0.210
0.154	0.844	0.001	0.001
0.022	0.077	0.109	0.792
0.923	0.001	0.038	0.038
