>ASAGAGAGAGAG	19-ASAGAGAGAGAG	10.885922	-14.934600	0	T:28.0(1.83%),B:421.1(0.59%),P:1e-6
0.863	0.011	0.102	0.024
0.128	0.412	0.459	0.001
0.937	0.024	0.038	0.001
0.061	0.194	0.729	0.016
0.924	0.024	0.051	0.001
0.029	0.226	0.732	0.013
0.960	0.001	0.001	0.038
0.040	0.322	0.618	0.020
0.877	0.001	0.108	0.014
0.074	0.274	0.628	0.024
0.931	0.001	0.054	0.014
0.171	0.280	0.473	0.077
