>TATATRTRTRTR	4-YAYAYAYATATA	9.882372	-55.423942	0	T:23.0(1.50%),B:41.0(0.06%),P:1e-24
0.105	0.059	0.094	0.742
0.486	0.173	0.274	0.066
0.099	0.044	0.128	0.729
0.485	0.181	0.278	0.056
0.049	0.057	0.094	0.800
0.404	0.238	0.287	0.071
0.097	0.026	0.096	0.781
0.430	0.164	0.311	0.094
0.107	0.059	0.076	0.758
0.420	0.169	0.341	0.070
0.142	0.081	0.108	0.669
0.396	0.214	0.316	0.075
