>AAATTTKAAANT	1-AAATTTKAAANT	6.095680	-82.267519	0	T:626.0(40.89%),B:18508.5(26.09%),P:1e-35
0.722	0.014	0.084	0.180
0.719	0.055	0.007	0.219
0.517	0.100	0.136	0.247
0.225	0.161	0.089	0.525
0.189	0.070	0.123	0.618
0.001	0.002	0.063	0.934
0.158	0.186	0.354	0.302
0.560	0.063	0.113	0.264
0.473	0.161	0.142	0.224
0.533	0.131	0.177	0.159
0.242	0.187	0.290	0.281
0.274	0.126	0.114	0.486
