>YAYAYAYATATA	4-YAYAYAYATATA,BestGuess:PB0198.1_Zfp128_2/Jaspar(0.719)	9.882372	-55.423942	0	T:23.0(1.50%),B:41.0(0.06%),P:1e-24
0.075	0.316	0.214	0.396
0.669	0.108	0.081	0.142
0.070	0.341	0.169	0.420
0.758	0.076	0.059	0.107
0.094	0.311	0.164	0.430
0.781	0.096	0.026	0.097
0.071	0.287	0.238	0.404
0.800	0.094	0.057	0.049
0.056	0.278	0.181	0.485
0.729	0.128	0.044	0.099
0.066	0.274	0.173	0.486
0.742	0.094	0.059	0.105
