>TTTTTAATTTTT	6-TTTTTAATTTTT	6.730712	-48.560966	0	T:416.0(27.17%),B:12306.3(17.35%),P:1e-21
0.135	0.102	0.097	0.666
0.114	0.108	0.094	0.684
0.116	0.099	0.081	0.704
0.128	0.123	0.105	0.644
0.148	0.118	0.110	0.624
0.632	0.110	0.121	0.137
0.662	0.101	0.100	0.137
0.153	0.097	0.110	0.640
0.136	0.089	0.087	0.688
0.117	0.088	0.076	0.719
0.107	0.109	0.095	0.689
0.126	0.110	0.115	0.649
