>BAKABAKAYATA	5-BAKABAKAYATA	8.712005	-50.784243	0	T:58.0(3.79%),B:533.7(0.75%),P:1e-22
0.093	0.318	0.313	0.276
0.688	0.083	0.060	0.169
0.128	0.081	0.376	0.416
0.817	0.052	0.038	0.093
0.122	0.283	0.224	0.370
0.793	0.093	0.056	0.058
0.149	0.076	0.364	0.411
0.782	0.068	0.040	0.110
0.106	0.253	0.239	0.402
0.758	0.090	0.052	0.100
0.095	0.046	0.343	0.516
0.807	0.027	0.044	0.122
