>TTTTTAAAATTT	1-TTTTTAAAATTT	6.500359	-74.397154	0	T:583.0(42.62%),B:19161.2(27.55%),P:1e-32
0.155	0.121	0.083	0.641
0.125	0.074	0.008	0.793
0.083	0.137	0.008	0.772
0.064	0.117	0.021	0.798
0.155	0.159	0.126	0.560
0.702	0.098	0.121	0.079
0.761	0.022	0.092	0.125
0.785	0.014	0.046	0.155
0.598	0.052	0.024	0.326
0.088	0.098	0.068	0.746
0.072	0.085	0.063	0.780
0.055	0.095	0.087	0.763
