>AAAATTTATTTC	2-AAAATTTATTTC	8.450472	-55.599746	0	T:166.0(12.13%),B:3500.7(5.03%),P:1e-24
0.797	0.047	0.104	0.052
0.912	0.026	0.037	0.025
0.823	0.068	0.027	0.082
0.817	0.066	0.058	0.059
0.103	0.045	0.035	0.817
0.104	0.036	0.061	0.799
0.100	0.064	0.038	0.798
0.824	0.068	0.058	0.050
0.064	0.053	0.042	0.841
0.092	0.033	0.030	0.845
0.038	0.006	0.036	0.920
0.058	0.811	0.052	0.079
