>ATCATCATCATC	18-ATCATCATCATC,BestGuess:PH0017.1_Cux1_2/Jaspar(0.695)	9.579591	-19.155021	0	T:35.0(2.56%),B:557.1(0.80%),P:1e-8
0.869	0.001	0.075	0.055
0.087	0.109	0.026	0.778
0.070	0.779	0.040	0.111
0.895	0.001	0.038	0.066
0.065	0.029	0.027	0.879
0.017	0.893	0.052	0.038
0.909	0.001	0.033	0.057
0.118	0.124	0.011	0.747
0.043	0.861	0.042	0.054
0.874	0.033	0.066	0.027
0.075	0.135	0.045	0.745
0.037	0.776	0.086	0.101
