>GGGGGGGGGGGG	13-GGGGGGGGGGGG	8.172547	-28.990069	0	T:42.0(3.07%),B:544.8(0.78%),P:1e-12
0.158	0.077	0.656	0.109
0.185	0.050	0.608	0.157
0.094	0.077	0.677	0.152
0.235	0.068	0.626	0.071
0.060	0.068	0.724	0.148
0.094	0.034	0.783	0.089
0.034	0.017	0.851	0.098
0.034	0.001	0.783	0.182
0.068	0.009	0.740	0.183
0.131	0.034	0.699	0.136
0.157	0.043	0.536	0.264
0.144	0.083	0.561	0.212
