>GATGATGATGAT	18-ATCATCATCATC	9.579591	-19.155021	0	T:35.0(2.56%),B:557.1(0.80%),P:1e-8
0.101	0.086	0.776	0.037
0.745	0.045	0.135	0.075
0.027	0.066	0.033	0.874
0.054	0.042	0.861	0.043
0.747	0.011	0.124	0.118
0.057	0.033	0.001	0.909
0.038	0.052	0.893	0.017
0.879	0.027	0.029	0.065
0.066	0.038	0.001	0.895
0.111	0.040	0.779	0.070
0.778	0.026	0.109	0.087
0.055	0.075	0.001	0.869
