>AGACATATTTST	11-AGACATATTTST	8.679620	-29.917415	0	T:94.0(6.87%),B:2039.6(2.93%),P:1e-12
0.789	0.021	0.014	0.176
0.022	0.001	0.821	0.156
0.703	0.067	0.091	0.139
0.021	0.818	0.065	0.096
0.961	0.001	0.001	0.037
0.138	0.021	0.024	0.817
0.706	0.021	0.042	0.231
0.041	0.001	0.020	0.938
0.107	0.038	0.021	0.834
0.058	0.074	0.036	0.832
0.042	0.417	0.286	0.255
0.164	0.042	0.056	0.738
