>AATGCGCCTCGG	12-AATGCGCCTCGG,BestGuess:TFAP2C(var.2)/MA0814.2/Jaspar(0.552)	9.711353	-29.869973	0	T:21.0(1.54%),B:119.3(0.17%),P:1e-12
0.912	0.056	0.001	0.031
0.940	0.001	0.058	0.001
0.056	0.115	0.056	0.773
0.111	0.001	0.887	0.001
0.001	0.886	0.056	0.057
0.170	0.056	0.773	0.001
0.056	0.886	0.002	0.056
0.001	0.775	0.112	0.112
0.058	0.056	0.001	0.885
0.056	0.832	0.056	0.056
0.056	0.112	0.776	0.056
0.256	0.001	0.687	0.056
