>KAKAKAKAKAKA	16-KAKAKAKAKAKA	8.076892	-23.885478	0	T:28.0(2.05%),B:302.6(0.44%),P:1e-10
0.089	0.201	0.379	0.331
0.760	0.040	0.065	0.135
0.128	0.161	0.414	0.297
0.699	0.104	0.104	0.093
0.090	0.173	0.389	0.347
0.685	0.145	0.160	0.010
0.180	0.124	0.353	0.343
0.666	0.045	0.102	0.187
0.133	0.139	0.414	0.315
0.740	0.053	0.009	0.198
0.163	0.188	0.351	0.298
0.638	0.113	0.171	0.078
