>GACAAACTTTGG	6-GACAAACTTTGG	8.629633	-34.839768	0	T:62.0(4.53%),B:940.5(1.35%),P:1e-15
0.074	0.149	0.727	0.050
0.846	0.064	0.001	0.089
0.091	0.834	0.025	0.050
0.860	0.039	0.051	0.050
0.871	0.054	0.050	0.025
0.929	0.001	0.001	0.069
0.070	0.775	0.043	0.112
0.136	0.067	0.001	0.796
0.025	0.026	0.025	0.924
0.025	0.038	0.051	0.886
0.045	0.050	0.858	0.047
0.058	0.100	0.694	0.148
