>ACTTCCGGGT	1-ACTTCCGGGT	8.039604	-38.147482	0	T:96.0(7.11%),B:912.5(2.67%),P:1e-16	Tpos:94.5,Tstd:52.8,Bpos:95.2,Bstd:54.2,StrandBias:-0.2,Multiplicity:1.04
0.863	0.135	0.001	0.001
0.001	0.997	0.001	0.001
0.001	0.001	0.216	0.782
0.001	0.001	0.001	0.997
0.001	0.911	0.001	0.087
0.001	0.832	0.099	0.068
0.140	0.001	0.858	0.001
0.001	0.262	0.483	0.253
0.001	0.084	0.692	0.223
0.207	0.001	0.263	0.529
>GAGGGCGCCA	2-GAGGGCGCCA	6.829485	-37.277117	0	T:149.0(11.03%),B:1803.1(5.28%),P:1e-16	Tpos:89.1,Tstd:50.8,Bpos:88.7,Bstd:54.8,StrandBias:-0.0,Multiplicity:1.04
0.098	0.059	0.719	0.124
0.786	0.071	0.067	0.076
0.063	0.066	0.791	0.080
0.112	0.072	0.737	0.079
0.063	0.054	0.822	0.061
0.035	0.850	0.055	0.060
0.035	0.037	0.869	0.059
0.051	0.818	0.054	0.077
0.081	0.764	0.071	0.084
0.850	0.086	0.031	0.033
>ACATGGCCGC	3-ACATGGCCGC	7.225494	-33.303463	0	T:174.0(12.88%),B:2354.1(6.89%),P:1e-14	Tpos:110.8,Tstd:40.8,Bpos:109.2,Bstd:48.5,StrandBias:0.9,Multiplicity:1.05
0.655	0.069	0.046	0.230
0.136	0.637	0.091	0.136
0.822	0.176	0.001	0.001
0.001	0.024	0.138	0.837
0.132	0.126	0.741	0.001
0.008	0.001	0.914	0.077
0.137	0.661	0.191	0.011
0.091	0.587	0.261	0.061
0.001	0.122	0.834	0.043
0.271	0.667	0.061	0.001
>TGGACATGTG	4-TGGACATGTG	9.444518	-30.084040	0	T:34.0(2.52%),B:173.1(0.51%),P:1e-13	Tpos:94.5,Tstd:48.2,Bpos:99.9,Bstd:54.9,StrandBias:0.2,Multiplicity:1.00
0.120	0.059	0.001	0.820
0.001	0.001	0.974	0.024
0.001	0.055	0.779	0.165
0.802	0.176	0.021	0.001
0.001	0.921	0.021	0.057
0.918	0.051	0.001	0.030
0.019	0.001	0.001	0.979
0.001	0.037	0.961	0.001
0.041	0.001	0.001	0.957
0.001	0.027	0.971	0.001
>GTCCCAGATC	5-GTCCCAGATC	7.743602	-28.848699	0	T:53.0(3.92%),B:412.1(1.21%),P:1e-12	Tpos:113.6,Tstd:53.5,Bpos:99.3,Bstd:55.5,StrandBias:-0.6,Multiplicity:1.02
0.212	0.060	0.654	0.074
0.120	0.065	0.026	0.789
0.036	0.962	0.001	0.001
0.001	0.844	0.088	0.067
0.076	0.751	0.099	0.074
0.702	0.112	0.087	0.099
0.263	0.089	0.495	0.154
0.527	0.021	0.078	0.374
0.187	0.065	0.111	0.637
0.001	0.997	0.001	0.001
>GGTAAGTTGA	6-GGTAAGTTGA	9.351834	-27.677343	0	T:35.0(2.59%),B:200.4(0.59%),P:1e-12	Tpos:115.1,Tstd:49.7,Bpos:121.9,Bstd:53.3,StrandBias:0.1,Multiplicity:1.00
0.015	0.001	0.983	0.001
0.001	0.160	0.813	0.026
0.009	0.066	0.028	0.897
0.958	0.001	0.001	0.040
0.919	0.079	0.001	0.001
0.073	0.028	0.898	0.001
0.060	0.087	0.048	0.805
0.001	0.026	0.001	0.972
0.001	0.023	0.975	0.001
0.814	0.001	0.001	0.184
>ACCTTTGACC	7-ACCTTTGACC	8.694977	-26.037079	0	T:90.0(6.66%),B:1021.2(2.99%),P:1e-11	Tpos:101.1,Tstd:45.6,Bpos:86.1,Bstd:49.5,StrandBias:-0.4,Multiplicity:1.08
0.997	0.001	0.001	0.001
0.312	0.680	0.001	0.007
0.001	0.970	0.028	0.001
0.001	0.001	0.001	0.997
0.086	0.040	0.001	0.873
0.001	0.068	0.001	0.930
0.001	0.029	0.956	0.014
0.974	0.001	0.024	0.001
0.074	0.902	0.023	0.001
0.001	0.870	0.087	0.042
>TTCTGGGAGA	8-TTCTGGGAGA	9.262866	-25.899301	0	T:34.0(2.52%),B:202.3(0.59%),P:1e-11	Tpos:102.3,Tstd:51.7,Bpos:103.9,Bstd:57.6,StrandBias:-0.7,Multiplicity:1.00
0.001	0.045	0.001	0.953
0.042	0.001	0.001	0.956
0.001	0.790	0.136	0.073
0.051	0.046	0.106	0.797
0.001	0.025	0.973	0.001
0.001	0.042	0.956	0.001
0.001	0.001	0.965	0.033
0.872	0.046	0.056	0.026
0.086	0.001	0.874	0.039
0.859	0.001	0.104	0.036
>ATTCGRATTC	9-ATTCGRATTC	7.130517	-25.033197	0	T:155.0(11.47%),B:2229.9(6.53%),P:1e-10	Tpos:88.8,Tstd:56.1,Bpos:93.4,Bstd:56.3,StrandBias:-0.2,Multiplicity:1.27
0.690	0.001	0.057	0.252
0.285	0.030	0.072	0.613
0.195	0.098	0.228	0.479
0.064	0.632	0.133	0.171
0.001	0.001	0.949	0.049
0.493	0.001	0.408	0.098
0.598	0.001	0.055	0.346
0.001	0.001	0.001	0.997
0.251	0.035	0.001	0.713
0.001	0.979	0.019	0.001
>AATATATTAT	10-AATATATTAT	7.040911	-23.275197	0	T:173.0(12.81%),B:2640.6(7.73%),P:1e-10	Tpos:86.7,Tstd:58.9,Bpos:84.0,Bstd:55.1,StrandBias:-0.0,Multiplicity:1.12
0.791	0.048	0.066	0.095
0.794	0.065	0.085	0.056
0.063	0.042	0.031	0.864
0.780	0.052	0.056	0.112
0.062	0.073	0.075	0.790
0.740	0.042	0.115	0.103
0.064	0.079	0.058	0.799
0.044	0.039	0.080	0.837
0.819	0.068	0.050	0.063
0.057	0.045	0.107	0.791
>GTGCGATGTG	11-GTGCGATGTG	9.727224	-22.062520	0	T:23.0(1.70%),B:110.8(0.32%),P:1e-9	Tpos:110.7,Tstd:40.5,Bpos:89.8,Bstd:60.7,StrandBias:1.2,Multiplicity:1.17
0.001	0.034	0.964	0.001
0.001	0.001	0.001	0.997
0.001	0.058	0.940	0.001
0.001	0.770	0.059	0.170
0.001	0.023	0.939	0.037
0.844	0.115	0.040	0.001
0.131	0.068	0.080	0.721
0.001	0.001	0.900	0.098
0.001	0.001	0.001	0.997
0.052	0.001	0.946	0.001
>GCCGGCCCGT	12-GCCGGCCCGT	10.248955	-20.342349	0	T:13.0(0.96%),B:33.2(0.10%),P:1e-8	Tpos:130.9,Tstd:47.8,Bpos:112.9,Bstd:58.6,StrandBias:0.0,Multiplicity:1.00
0.100	0.001	0.898	0.001
0.001	0.940	0.058	0.001
0.001	0.997	0.001	0.001
0.001	0.100	0.898	0.001
0.067	0.001	0.931	0.001
0.001	0.931	0.001	0.067
0.100	0.799	0.001	0.100
0.001	0.898	0.100	0.001
0.001	0.001	0.997	0.001
0.100	0.001	0.100	0.799
>GTTTCATTRG	13-GTTTCATTRG	10.547465	-19.698451	0	T:18.0(1.33%),B:75.7(0.22%),P:1e-8	Tpos:107.6,Tstd:50.3,Bpos:97.4,Bstd:54.6,StrandBias:0.7,Multiplicity:1.00
0.043	0.001	0.955	0.001
0.163	0.001	0.001	0.835
0.001	0.056	0.065	0.878
0.001	0.001	0.001	0.997
0.001	0.997	0.001	0.001
0.762	0.001	0.236	0.001
0.024	0.368	0.001	0.607
0.001	0.001	0.230	0.768
0.492	0.001	0.400	0.107
0.001	0.001	0.997	0.001
>TTCCGGCCMG	14-TTCCGGCCMG	9.120319	-17.422347	0	T:11.0(0.81%),B:28.0(0.08%),P:1e-7	Tpos:104.5,Tstd:43.5,Bpos:98.7,Bstd:63.2,StrandBias:2.2,Multiplicity:1.00
0.001	0.001	0.009	0.989
0.001	0.001	0.001	0.997
0.001	0.997	0.001	0.001
0.001	0.997	0.001	0.001
0.398	0.001	0.600	0.001
0.001	0.001	0.997	0.001
0.001	0.997	0.001	0.001
0.001	0.997	0.001	0.001
0.566	0.418	0.001	0.015
0.001	0.001	0.997	0.001
>TTACGGGACT	15-TTACGGGACT	7.357718	-16.647235	0	T:92.0(6.81%),B:1280.7(3.75%),P:1e-7	Tpos:90.5,Tstd:48.9,Bpos:90.1,Bstd:56.1,StrandBias:-0.4,Multiplicity:1.02
0.069	0.020	0.145	0.766
0.001	0.255	0.249	0.495
0.772	0.001	0.001	0.226
0.001	0.923	0.075	0.001
0.174	0.021	0.777	0.028
0.095	0.001	0.688	0.216
0.001	0.245	0.753	0.001
0.595	0.001	0.352	0.052
0.045	0.764	0.079	0.112
0.001	0.001	0.001	0.997
>CGAAGATACT	16-CGAAGATACT	12.120100	-16.519585	0	T:9.0(0.67%),B:19.0(0.06%),P:1e-7	Tpos:107.4,Tstd:53.0,Bpos:99.9,Bstd:62.8,StrandBias:1.0,Multiplicity:1.00
0.001	0.997	0.001	0.001
0.216	0.001	0.782	0.001
0.997	0.001	0.001	0.001
0.830	0.001	0.168	0.001
0.001	0.001	0.997	0.001
0.997	0.001	0.001	0.001
0.001	0.001	0.001	0.997
0.997	0.001	0.001	0.001
0.001	0.997	0.001	0.001
0.001	0.001	0.001	0.997
>CACTATYGGC	17-CACTATYGGC	9.106875	-16.494242	0	T:13.0(0.96%),B:46.1(0.14%),P:1e-7	Tpos:102.5,Tstd:49.3,Bpos:105.0,Bstd:55.7,StrandBias:-0.2,Multiplicity:1.00
0.001	0.997	0.001	0.001
0.701	0.001	0.001	0.297
0.001	0.997	0.001	0.001
0.001	0.001	0.029	0.969
0.997	0.001	0.001	0.001
0.001	0.001	0.001	0.997
0.001	0.432	0.001	0.566
0.001	0.001	0.997	0.001
0.001	0.001	0.997	0.001
0.001	0.997	0.001	0.001
>CCAGTCGTAC	18-CCAGTCGTAC	11.883974	-14.530492	0	T:6.0(0.44%),B:7.8(0.02%),P:1e-6	Tpos:122.5,Tstd:42.8,Bpos:39.9,Bstd:27.5,StrandBias:-1.0,Multiplicity:1.00
0.001	0.997	0.001	0.001
0.001	0.997	0.001	0.001
0.997	0.001	0.001	0.001
0.001	0.001	0.997	0.001
0.001	0.001	0.001	0.997
0.001	0.997	0.001	0.001
0.001	0.001	0.856	0.142
0.001	0.001	0.001	0.997
0.997	0.001	0.001	0.001
0.001	0.997	0.001	0.001
>GCAGGACCCG	19-GCAGGACCCG	10.296193	-13.392839	0	T:4.0(0.30%),B:2.6(0.01%),P:1e-5	Tpos:97.2,Tstd:45.0,Bpos:128.3,Bstd:25.4,StrandBias:0.0,Multiplicity:1.00
0.100	0.100	0.700	0.100
0.100	0.700	0.100	0.100
0.700	0.100	0.100	0.100
0.100	0.100	0.700	0.100
0.100	0.100	0.700	0.100
0.700	0.100	0.100	0.100
0.100	0.700	0.100	0.100
0.100	0.700	0.100	0.100
0.100	0.700	0.100	0.100
0.100	0.100	0.700	0.100
>AAAATAACCT	20-AAAATAACCT	10.296193	-12.491112	0	T:6.0(0.44%),B:10.0(0.03%),P:1e-5	Tpos:73.7,Tstd:41.3,Bpos:101.5,Bstd:49.9,StrandBias:0.0,Multiplicity:1.00
0.700	0.100	0.100	0.100
0.700	0.100	0.100	0.100
0.700	0.100	0.100	0.100
0.700	0.100	0.100	0.100
0.100	0.100	0.100	0.700
0.700	0.100	0.100	0.100
0.700	0.100	0.100	0.100
0.100	0.700	0.100	0.100
0.100	0.700	0.100	0.100
0.100	0.100	0.100	0.700
>GGCGGGGCGG	21-GGCGGGGCGG	5.387368	-11.036182	0	T:178.0(13.18%),B:3294.5(9.65%),P:1e-4	Tpos:85.0,Tstd:59.7,Bpos:90.8,Bstd:65.1,StrandBias:0.1,Multiplicity:1.15
0.109	0.155	0.720	0.016
0.011	0.129	0.756	0.104
0.001	0.944	0.045	0.010
0.033	0.098	0.756	0.113
0.019	0.104	0.749	0.128
0.224	0.057	0.566	0.153
0.201	0.230	0.568	0.001
0.001	0.572	0.201	0.226
0.001	0.236	0.762	0.001
0.226	0.101	0.568	0.105
>KTGGGGCGAA	22-KTGGGGCGAA	6.616475	-9.823028	0	T:15.0(1.11%),B:111.1(0.33%),P:1e-4	Tpos:92.0,Tstd:50.2,Bpos:90.2,Bstd:61.8,StrandBias:1.3,Multiplicity:1.40
0.245	0.079	0.267	0.410
0.094	0.076	0.269	0.561
0.147	0.119	0.681	0.053
0.079	0.279	0.552	0.090
0.131	0.203	0.468	0.199
0.223	0.063	0.490	0.224
0.280	0.557	0.070	0.093
0.275	0.056	0.571	0.098
0.487	0.306	0.110	0.097
0.535	0.318	0.078	0.069
>TGCAATGCTG	23-TGCAATGCTG	10.618429	-8.957522	0	T:11.0(0.81%),B:69.8(0.20%),P:1e-3	Tpos:82.2,Tstd:63.8,Bpos:111.4,Bstd:59.3,StrandBias:-2.4,Multiplicity:1.73
0.001	0.001	0.001	0.997
0.001	0.001	0.997	0.001
0.001	0.997	0.001	0.001
0.997	0.001	0.001	0.001
0.997	0.001	0.001	0.001
0.230	0.001	0.001	0.768
0.001	0.001	0.997	0.001
0.001	0.997	0.001	0.001
0.001	0.052	0.001	0.946
0.001	0.001	0.997	0.001
>AAAGTAAAGT	24-AAAGTAAAGT	10.296193	-8.570065	0	T:7.0(0.52%),B:29.5(0.09%),P:1e-3	Tpos:67.7,Tstd:48.2,Bpos:119.0,Bstd:55.9,StrandBias:-1.1,Multiplicity:2.29
0.700	0.100	0.100	0.100
0.700	0.100	0.100	0.100
0.700	0.100	0.100	0.100
0.100	0.100	0.700	0.100
0.100	0.100	0.100	0.700
0.700	0.100	0.100	0.100
0.700	0.100	0.100	0.100
0.700	0.100	0.100	0.100
0.100	0.100	0.700	0.100
0.100	0.100	0.100	0.700
>AGGTGGTTAC	25-AGGTGGTTAC	13.698936	-3.444217	0	T:2.0(0.15%),B:7.3(0.02%),P:1e-1	Tpos:103.1,Tstd:56.7,Bpos:90.3,Bstd:54.6,StrandBias:3.0,Multiplicity:4.50
0.997	0.001	0.001	0.001
0.001	0.001	0.997	0.001
0.001	0.001	0.997	0.001
0.001	0.001	0.001	0.997
0.001	0.001	0.997	0.001
0.001	0.126	0.872	0.001
0.001	0.001	0.001	0.997
0.001	0.001	0.001	0.997
0.997	0.001	0.001	0.001
0.001	0.997	0.001	0.001
