>ACTTCCGGGT	1-ACTTCCGGGT	8.039604	-38.147482	0	T:96.0(7.11%),B:912.5(2.67%),P:1e-16	Tpos:94.5,Tstd:52.8,Bpos:95.2,Bstd:54.2,StrandBias:-0.2,Multiplicity:1.04
0.863	0.135	0.001	0.001
0.001	0.997	0.001	0.001
0.001	0.001	0.216	0.782
0.001	0.001	0.001	0.997
0.001	0.911	0.001	0.087
0.001	0.832	0.099	0.068
0.140	0.001	0.858	0.001
0.001	0.262	0.483	0.253
0.001	0.084	0.692	0.223
0.207	0.001	0.263	0.529
>GAGGGCGCCA	2-GAGGGCGCCA	6.829485	-37.277117	0	T:149.0(11.03%),B:1803.1(5.28%),P:1e-16	Tpos:89.1,Tstd:50.8,Bpos:88.7,Bstd:54.8,StrandBias:-0.0,Multiplicity:1.04
0.098	0.059	0.719	0.124
0.786	0.071	0.067	0.076
0.063	0.066	0.791	0.080
0.112	0.072	0.737	0.079
0.063	0.054	0.822	0.061
0.035	0.850	0.055	0.060
0.035	0.037	0.869	0.059
0.051	0.818	0.054	0.077
0.081	0.764	0.071	0.084
0.850	0.086	0.031	0.033
>ACATGGCCGC	3-ACATGGCCGC	7.225494	-33.303463	0	T:174.0(12.88%),B:2354.1(6.89%),P:1e-14	Tpos:110.8,Tstd:40.8,Bpos:109.2,Bstd:48.5,StrandBias:0.9,Multiplicity:1.05
0.655	0.069	0.046	0.230
0.136	0.637	0.091	0.136
0.822	0.176	0.001	0.001
0.001	0.024	0.138	0.837
0.132	0.126	0.741	0.001
0.008	0.001	0.914	0.077
0.137	0.661	0.191	0.011
0.091	0.587	0.261	0.061
0.001	0.122	0.834	0.043
0.271	0.667	0.061	0.001
>TGGACATGTG	4-TGGACATGTG	9.444518	-30.084040	0	T:34.0(2.52%),B:173.1(0.51%),P:1e-13	Tpos:94.5,Tstd:48.2,Bpos:99.9,Bstd:54.9,StrandBias:0.2,Multiplicity:1.00
0.120	0.059	0.001	0.820
0.001	0.001	0.974	0.024
0.001	0.055	0.779	0.165
0.802	0.176	0.021	0.001
0.001	0.921	0.021	0.057
0.918	0.051	0.001	0.030
0.019	0.001	0.001	0.979
0.001	0.037	0.961	0.001
0.041	0.001	0.001	0.957
0.001	0.027	0.971	0.001
>GTCCCAGATC	5-GTCCCAGATC	7.743602	-28.848699	0	T:53.0(3.92%),B:412.1(1.21%),P:1e-12	Tpos:113.6,Tstd:53.5,Bpos:99.3,Bstd:55.5,StrandBias:-0.6,Multiplicity:1.02
0.212	0.060	0.654	0.074
0.120	0.065	0.026	0.789
0.036	0.962	0.001	0.001
0.001	0.844	0.088	0.067
0.076	0.751	0.099	0.074
0.702	0.112	0.087	0.099
0.263	0.089	0.495	0.154
0.527	0.021	0.078	0.374
0.187	0.065	0.111	0.637
0.001	0.997	0.001	0.001
>GGTAAGTTGA	6-GGTAAGTTGA	9.351834	-27.677343	0	T:35.0(2.59%),B:200.4(0.59%),P:1e-12	Tpos:115.1,Tstd:49.7,Bpos:121.9,Bstd:53.3,StrandBias:0.1,Multiplicity:1.00
0.015	0.001	0.983	0.001
0.001	0.160	0.813	0.026
0.009	0.066	0.028	0.897
0.958	0.001	0.001	0.040
0.919	0.079	0.001	0.001
0.073	0.028	0.898	0.001
0.060	0.087	0.048	0.805
0.001	0.026	0.001	0.972
0.001	0.023	0.975	0.001
0.814	0.001	0.001	0.184
>ACCTTTGACC	7-ACCTTTGACC	8.694977	-26.037079	0	T:90.0(6.66%),B:1021.2(2.99%),P:1e-11	Tpos:101.1,Tstd:45.6,Bpos:86.1,Bstd:49.5,StrandBias:-0.4,Multiplicity:1.08
0.997	0.001	0.001	0.001
0.312	0.680	0.001	0.007
0.001	0.970	0.028	0.001
0.001	0.001	0.001	0.997
0.086	0.040	0.001	0.873
0.001	0.068	0.001	0.930
0.001	0.029	0.956	0.014
0.974	0.001	0.024	0.001
0.074	0.902	0.023	0.001
0.001	0.870	0.087	0.042
>TTCTGGGAGA	8-TTCTGGGAGA	9.262866	-25.899301	0	T:34.0(2.52%),B:202.3(0.59%),P:1e-11	Tpos:102.3,Tstd:51.7,Bpos:103.9,Bstd:57.6,StrandBias:-0.7,Multiplicity:1.00
0.001	0.045	0.001	0.953
0.042	0.001	0.001	0.956
0.001	0.790	0.136	0.073
0.051	0.046	0.106	0.797
0.001	0.025	0.973	0.001
0.001	0.042	0.956	0.001
0.001	0.001	0.965	0.033
0.872	0.046	0.056	0.026
0.086	0.001	0.874	0.039
0.859	0.001	0.104	0.036
>ATTCGRATTC	9-ATTCGRATTC	7.130517	-25.033197	0	T:155.0(11.47%),B:2229.9(6.53%),P:1e-10	Tpos:88.8,Tstd:56.1,Bpos:93.4,Bstd:56.3,StrandBias:-0.2,Multiplicity:1.27
0.690	0.001	0.057	0.252
0.285	0.030	0.072	0.613
0.195	0.098	0.228	0.479
0.064	0.632	0.133	0.171
0.001	0.001	0.949	0.049
0.493	0.001	0.408	0.098
0.598	0.001	0.055	0.346
0.001	0.001	0.001	0.997
0.251	0.035	0.001	0.713
0.001	0.979	0.019	0.001
>AATATATTAT	10-AATATATTAT	7.040911	-23.275197	0	T:173.0(12.81%),B:2640.6(7.73%),P:1e-10	Tpos:86.7,Tstd:58.9,Bpos:84.0,Bstd:55.1,StrandBias:-0.0,Multiplicity:1.12
0.791	0.048	0.066	0.095
0.794	0.065	0.085	0.056
0.063	0.042	0.031	0.864
0.780	0.052	0.056	0.112
0.062	0.073	0.075	0.790
0.740	0.042	0.115	0.103
0.064	0.079	0.058	0.799
0.044	0.039	0.080	0.837
0.819	0.068	0.050	0.063
0.057	0.045	0.107	0.791
>GTGCGATGTG	11-GTGCGATGTG	9.727224	-22.062520	0	T:23.0(1.70%),B:110.8(0.32%),P:1e-9	Tpos:110.7,Tstd:40.5,Bpos:89.8,Bstd:60.7,StrandBias:1.2,Multiplicity:1.17
0.001	0.034	0.964	0.001
0.001	0.001	0.001	0.997
0.001	0.058	0.940	0.001
0.001	0.770	0.059	0.170
0.001	0.023	0.939	0.037
0.844	0.115	0.040	0.001
0.131	0.068	0.080	0.721
0.001	0.001	0.900	0.098
0.001	0.001	0.001	0.997
0.052	0.001	0.946	0.001
>GCCGGCCCGT	12-GCCGGCCCGT	10.248955	-20.342349	0	T:13.0(0.96%),B:33.2(0.10%),P:1e-8	Tpos:130.9,Tstd:47.8,Bpos:112.9,Bstd:58.6,StrandBias:0.0,Multiplicity:1.00
0.100	0.001	0.898	0.001
0.001	0.940	0.058	0.001
0.001	0.997	0.001	0.001
0.001	0.100	0.898	0.001
0.067	0.001	0.931	0.001
0.001	0.931	0.001	0.067
0.100	0.799	0.001	0.100
0.001	0.898	0.100	0.001
0.001	0.001	0.997	0.001
0.100	0.001	0.100	0.799
>GTTTCATTRG	13-GTTTCATTRG	10.547465	-19.698451	0	T:18.0(1.33%),B:75.7(0.22%),P:1e-8	Tpos:107.6,Tstd:50.3,Bpos:97.4,Bstd:54.6,StrandBias:0.7,Multiplicity:1.00
0.043	0.001	0.955	0.001
0.163	0.001	0.001	0.835
0.001	0.056	0.065	0.878
0.001	0.001	0.001	0.997
0.001	0.997	0.001	0.001
0.762	0.001	0.236	0.001
0.024	0.368	0.001	0.607
0.001	0.001	0.230	0.768
0.492	0.001	0.400	0.107
0.001	0.001	0.997	0.001
>TTCCGGCCMG	14-TTCCGGCCMG	9.120319	-17.422347	0	T:11.0(0.81%),B:28.0(0.08%),P:1e-7	Tpos:104.5,Tstd:43.5,Bpos:98.7,Bstd:63.2,StrandBias:2.2,Multiplicity:1.00
0.001	0.001	0.009	0.989
0.001	0.001	0.001	0.997
0.001	0.997	0.001	0.001
0.001	0.997	0.001	0.001
0.398	0.001	0.600	0.001
0.001	0.001	0.997	0.001
0.001	0.997	0.001	0.001
0.001	0.997	0.001	0.001
0.566	0.418	0.001	0.015
0.001	0.001	0.997	0.001
>TTACGGGACT	15-TTACGGGACT	7.357718	-16.647235	0	T:92.0(6.81%),B:1280.7(3.75%),P:1e-7	Tpos:90.5,Tstd:48.9,Bpos:90.1,Bstd:56.1,StrandBias:-0.4,Multiplicity:1.02
0.069	0.020	0.145	0.766
0.001	0.255	0.249	0.495
0.772	0.001	0.001	0.226
0.001	0.923	0.075	0.001
0.174	0.021	0.777	0.028
0.095	0.001	0.688	0.216
0.001	0.245	0.753	0.001
0.595	0.001	0.352	0.052
0.045	0.764	0.079	0.112
0.001	0.001	0.001	0.997
>CGAAGATACT	16-CGAAGATACT	12.120100	-16.519585	0	T:9.0(0.67%),B:19.0(0.06%),P:1e-7	Tpos:107.4,Tstd:53.0,Bpos:99.9,Bstd:62.8,StrandBias:1.0,Multiplicity:1.00
0.001	0.997	0.001	0.001
0.216	0.001	0.782	0.001
0.997	0.001	0.001	0.001
0.830	0.001	0.168	0.001
0.001	0.001	0.997	0.001
0.997	0.001	0.001	0.001
0.001	0.001	0.001	0.997
0.997	0.001	0.001	0.001
0.001	0.997	0.001	0.001
0.001	0.001	0.001	0.997
>CACTATYGGC	17-CACTATYGGC	9.106875	-16.494242	0	T:13.0(0.96%),B:46.1(0.14%),P:1e-7	Tpos:102.5,Tstd:49.3,Bpos:105.0,Bstd:55.7,StrandBias:-0.2,Multiplicity:1.00
0.001	0.997	0.001	0.001
0.701	0.001	0.001	0.297
0.001	0.997	0.001	0.001
0.001	0.001	0.029	0.969
0.997	0.001	0.001	0.001
0.001	0.001	0.001	0.997
0.001	0.432	0.001	0.566
0.001	0.001	0.997	0.001
0.001	0.001	0.997	0.001
0.001	0.997	0.001	0.001
>CCAGTCGTAC	18-CCAGTCGTAC	11.883974	-14.530492	0	T:6.0(0.44%),B:7.8(0.02%),P:1e-6	Tpos:122.5,Tstd:42.8,Bpos:39.9,Bstd:27.5,StrandBias:-1.0,Multiplicity:1.00
0.001	0.997	0.001	0.001
0.001	0.997	0.001	0.001
0.997	0.001	0.001	0.001
0.001	0.001	0.997	0.001
0.001	0.001	0.001	0.997
0.001	0.997	0.001	0.001
0.001	0.001	0.856	0.142
0.001	0.001	0.001	0.997
0.997	0.001	0.001	0.001
0.001	0.997	0.001	0.001
>GCAGGACCCG	19-GCAGGACCCG	10.296193	-13.392839	0	T:4.0(0.30%),B:2.6(0.01%),P:1e-5	Tpos:97.2,Tstd:45.0,Bpos:128.3,Bstd:25.4,StrandBias:0.0,Multiplicity:1.00
0.100	0.100	0.700	0.100
0.100	0.700	0.100	0.100
0.700	0.100	0.100	0.100
0.100	0.100	0.700	0.100
0.100	0.100	0.700	0.100
0.700	0.100	0.100	0.100
0.100	0.700	0.100	0.100
0.100	0.700	0.100	0.100
0.100	0.700	0.100	0.100
0.100	0.100	0.700	0.100
>AAAATAACCT	20-AAAATAACCT	10.296193	-12.491112	0	T:6.0(0.44%),B:10.0(0.03%),P:1e-5	Tpos:73.7,Tstd:41.3,Bpos:101.5,Bstd:49.9,StrandBias:0.0,Multiplicity:1.00
0.700	0.100	0.100	0.100
0.700	0.100	0.100	0.100
0.700	0.100	0.100	0.100
0.700	0.100	0.100	0.100
0.100	0.100	0.100	0.700
0.700	0.100	0.100	0.100
0.700	0.100	0.100	0.100
0.100	0.700	0.100	0.100
0.100	0.700	0.100	0.100
0.100	0.100	0.100	0.700
>GGCGGGGCGG	21-GGCGGGGCGG	5.387368	-11.036182	0	T:178.0(13.18%),B:3294.5(9.65%),P:1e-4	Tpos:85.0,Tstd:59.7,Bpos:90.8,Bstd:65.1,StrandBias:0.1,Multiplicity:1.15
0.109	0.155	0.720	0.016
0.011	0.129	0.756	0.104
0.001	0.944	0.045	0.010
0.033	0.098	0.756	0.113
0.019	0.104	0.749	0.128
0.224	0.057	0.566	0.153
0.201	0.230	0.568	0.001
0.001	0.572	0.201	0.226
0.001	0.236	0.762	0.001
0.226	0.101	0.568	0.105
>KTGGGGCGAA	22-KTGGGGCGAA	6.616475	-9.823028	0	T:15.0(1.11%),B:111.1(0.33%),P:1e-4	Tpos:92.0,Tstd:50.2,Bpos:90.2,Bstd:61.8,StrandBias:1.3,Multiplicity:1.40
0.245	0.079	0.267	0.410
0.094	0.076	0.269	0.561
0.147	0.119	0.681	0.053
0.079	0.279	0.552	0.090
0.131	0.203	0.468	0.199
0.223	0.063	0.490	0.224
0.280	0.557	0.070	0.093
0.275	0.056	0.571	0.098
0.487	0.306	0.110	0.097
0.535	0.318	0.078	0.069
>TGCAATGCTG	23-TGCAATGCTG	10.618429	-8.957522	0	T:11.0(0.81%),B:69.8(0.20%),P:1e-3	Tpos:82.2,Tstd:63.8,Bpos:111.4,Bstd:59.3,StrandBias:-2.4,Multiplicity:1.73
0.001	0.001	0.001	0.997
0.001	0.001	0.997	0.001
0.001	0.997	0.001	0.001
0.997	0.001	0.001	0.001
0.997	0.001	0.001	0.001
0.230	0.001	0.001	0.768
0.001	0.001	0.997	0.001
0.001	0.997	0.001	0.001
0.001	0.052	0.001	0.946
0.001	0.001	0.997	0.001
>AAAGTAAAGT	24-AAAGTAAAGT	10.296193	-8.570065	0	T:7.0(0.52%),B:29.5(0.09%),P:1e-3	Tpos:67.7,Tstd:48.2,Bpos:119.0,Bstd:55.9,StrandBias:-1.1,Multiplicity:2.29
0.700	0.100	0.100	0.100
0.700	0.100	0.100	0.100
0.700	0.100	0.100	0.100
0.100	0.100	0.700	0.100
0.100	0.100	0.100	0.700
0.700	0.100	0.100	0.100
0.700	0.100	0.100	0.100
0.700	0.100	0.100	0.100
0.100	0.100	0.700	0.100
0.100	0.100	0.100	0.700
>AGGTGGTTAC	25-AGGTGGTTAC	13.698936	-3.444217	0	T:2.0(0.15%),B:7.3(0.02%),P:1e-1	Tpos:103.1,Tstd:56.7,Bpos:90.3,Bstd:54.6,StrandBias:3.0,Multiplicity:4.50
0.997	0.001	0.001	0.001
0.001	0.001	0.997	0.001
0.001	0.001	0.997	0.001
0.001	0.001	0.001	0.997
0.001	0.001	0.997	0.001
0.001	0.126	0.872	0.001
0.001	0.001	0.001	0.997
0.001	0.001	0.001	0.997
0.997	0.001	0.001	0.001
0.001	0.997	0.001	0.001
>AARATGGCTGCG	1-AARATGGCTGCG	9.371539	-46.120298	0	T:119.0(8.81%),B:1146.8(3.36%),P:1e-20	Tpos:108.6,Tstd:40.2,Bpos:110.1,Bstd:44.8,StrandBias:1.6,Multiplicity:1.00
0.771	0.121	0.107	0.001
0.877	0.001	0.066	0.056
0.493	0.016	0.379	0.112
0.933	0.001	0.001	0.065
0.001	0.001	0.001	0.997
0.001	0.001	0.739	0.259
0.059	0.001	0.924	0.016
0.001	0.943	0.001	0.055
0.229	0.001	0.281	0.489
0.033	0.066	0.763	0.138
0.001	0.701	0.001	0.297
0.259	0.175	0.510	0.056
>TCAACTTTGACC	2-TCAACTTTGACC	9.950360	-36.154814	0	T:40.0(2.96%),B:197.9(0.58%),P:1e-15	Tpos:105.7,Tstd:43.9,Bpos:95.2,Bstd:51.0,StrandBias:-0.3,Multiplicity:1.00
0.103	0.024	0.037	0.836
0.099	0.811	0.048	0.042
0.780	0.069	0.105	0.046
0.893	0.083	0.023	0.001
0.057	0.796	0.069	0.078
0.023	0.023	0.048	0.906
0.037	0.001	0.001	0.961
0.023	0.023	0.060	0.894
0.138	0.041	0.734	0.087
0.816	0.023	0.092	0.069
0.093	0.792	0.046	0.069
0.067	0.786	0.069	0.078
>AACATGGCGGAC	3-AACATGGCGGAC	9.494274	-35.221238	0	T:95.0(7.03%),B:941.1(2.76%),P:1e-15	Tpos:109.3,Tstd:40.6,Bpos:112.4,Bstd:40.1,StrandBias:1.7,Multiplicity:1.00
0.903	0.039	0.039	0.019
0.790	0.019	0.058	0.133
0.108	0.642	0.111	0.139
0.960	0.001	0.020	0.019
0.001	0.019	0.039	0.941
0.019	0.039	0.929	0.013
0.078	0.019	0.884	0.019
0.058	0.845	0.019	0.078
0.030	0.077	0.795	0.098
0.064	0.087	0.786	0.063
0.663	0.180	0.110	0.047
0.054	0.871	0.041	0.034
>GAGGGCGCACTA	4-GAGGGCGCACTA	6.955225	-34.234215	0	T:141.0(10.44%),B:1729.5(5.06%),P:1e-14	Tpos:86.9,Tstd:46.6,Bpos:84.8,Bstd:53.8,StrandBias:-0.4,Multiplicity:1.08
0.092	0.017	0.824	0.067
0.774	0.033	0.118	0.075
0.096	0.054	0.704	0.146
0.072	0.117	0.786	0.025
0.080	0.017	0.842	0.061
0.092	0.783	0.058	0.067
0.137	0.034	0.712	0.117
0.094	0.789	0.031	0.086
0.736	0.064	0.084	0.116
0.112	0.700	0.078	0.110
0.151	0.058	0.076	0.715
0.636	0.095	0.117	0.152
>TTTAGGTTATTT	5-TTTAGGTTATTT	13.465688	-32.754665	0	T:12.0(0.89%),B:9.7(0.03%),P:1e-14	Tpos:73.6,Tstd:51.8,Bpos:109.6,Bstd:41.4,StrandBias:0.8,Multiplicity:1.00
0.001	0.001	0.102	0.896
0.001	0.001	0.001	0.997
0.001	0.102	0.001	0.896
0.724	0.103	0.103	0.070
0.102	0.001	0.896	0.001
0.001	0.001	0.997	0.001
0.001	0.001	0.102	0.896
0.001	0.001	0.001	0.997
0.997	0.001	0.001	0.001
0.001	0.102	0.001	0.896
0.001	0.001	0.102	0.896
0.001	0.001	0.001	0.997
>AGCTCAACACTG	6-AGCTCAACACTG	13.702315	-32.116848	0	T:9.0(0.67%),B:3.5(0.01%),P:1e-13	Tpos:82.4,Tstd:39.1,Bpos:122.0,Bstd:31.4,StrandBias:-1.0,Multiplicity:1.00
0.997	0.001	0.001	0.001
0.001	0.001	0.997	0.001
0.001	0.749	0.125	0.125
0.124	0.001	0.001	0.874
0.001	0.997	0.001	0.001
0.874	0.001	0.001	0.124
0.874	0.001	0.124	0.001
0.001	0.997	0.001	0.001
0.997	0.001	0.001	0.001
0.001	0.874	0.001	0.124
0.001	0.001	0.001	0.997
0.124	0.001	0.874	0.001
>GTACCCCTTGAC	7-GTACCCCTTGAC	13.944215	-31.184988	0	T:7.0(0.52%),B:1.9(0.01%),P:1e-13	Tpos:54.0,Tstd:27.4,Bpos:59.3,Bstd:29.6,StrandBias:1.3,Multiplicity:1.00
0.001	0.001	0.997	0.001
0.160	0.001	0.001	0.838
0.997	0.001	0.001	0.001
0.355	0.643	0.001	0.001
0.001	0.997	0.001	0.001
0.001	0.997	0.001	0.001
0.001	0.997	0.001	0.001
0.001	0.001	0.001	0.997
0.001	0.001	0.001	0.997
0.161	0.161	0.677	0.001
0.997	0.001	0.001	0.001
0.001	0.997	0.001	0.001
>AGKSCGGCTCGK	8-AGKSCGGCTCGK	8.610636	-29.880043	0	T:29.0(2.15%),B:125.8(0.37%),P:1e-12	Tpos:116.3,Tstd:58.3,Bpos:103.5,Bstd:52.7,StrandBias:0.1,Multiplicity:1.00
0.997	0.001	0.001	0.001
0.001	0.062	0.560	0.377
0.187	0.061	0.438	0.314
0.124	0.439	0.435	0.001
0.122	0.754	0.001	0.123
0.123	0.001	0.691	0.185
0.062	0.001	0.560	0.377
0.185	0.438	0.188	0.189
0.001	0.252	0.001	0.746
0.062	0.813	0.001	0.124
0.003	0.001	0.995	0.001
0.061	0.001	0.436	0.502
>CATGCAATTTGT	9-CATGCAATTTGT	12.774861	-29.635010	0	T:15.0(1.11%),B:25.0(0.07%),P:1e-12	Tpos:90.3,Tstd:49.4,Bpos:71.0,Bstd:49.4,StrandBias:0.2,Multiplicity:1.00
0.001	0.997	0.001	0.001
0.997	0.001	0.001	0.001
0.001	0.001	0.001	0.997
0.078	0.001	0.843	0.078
0.001	0.997	0.001	0.001
0.997	0.001	0.001	0.001
0.597	0.001	0.078	0.324
0.061	0.001	0.001	0.937
0.173	0.001	0.001	0.825
0.078	0.001	0.001	0.920
0.001	0.001	0.997	0.001
0.078	0.001	0.001	0.920
>CCCAGCATGCAT	10-CCCAGCATGCAT	10.025035	-28.547437	0	T:34.0(2.52%),B:183.1(0.54%),P:1e-12	Tpos:102.1,Tstd:49.4,Bpos:90.9,Bstd:48.0,StrandBias:0.8,Multiplicity:1.03
0.069	0.929	0.001	0.001
0.069	0.864	0.066	0.001
0.001	0.997	0.001	0.001
0.929	0.001	0.069	0.001
0.206	0.066	0.727	0.001
0.122	0.741	0.001	0.136
0.800	0.001	0.198	0.001
0.001	0.001	0.001	0.997
0.133	0.066	0.668	0.133
0.066	0.800	0.133	0.001
0.727	0.136	0.001	0.136
0.093	0.089	0.001	0.817
>AACGAATACGAA	11-AACGAATACGAA	9.665475	-27.649396	0	T:40.0(2.96%),B:258.6(0.76%),P:1e-12	Tpos:89.0,Tstd:60.4,Bpos:82.9,Bstd:54.8,StrandBias:0.9,Multiplicity:1.62
0.732	0.058	0.022	0.188
0.906	0.079	0.001	0.014
0.082	0.803	0.114	0.001
0.114	0.043	0.821	0.022
0.956	0.042	0.001	0.001
0.811	0.058	0.022	0.109
0.142	0.145	0.090	0.623
0.820	0.093	0.065	0.022
0.065	0.874	0.001	0.060
0.127	0.022	0.834	0.017
0.896	0.022	0.065	0.017
0.933	0.022	0.023	0.022
>CTACAGTATGAG	12-CTACAGTATGAG	13.733838	-26.367365	0	T:7.0(0.52%),B:2.2(0.01%),P:1e-11	Tpos:97.3,Tstd:50.6,Bpos:90.0,Bstd:44.3,StrandBias:-1.3,Multiplicity:1.00
0.128	0.743	0.001	0.128
0.127	0.001	0.001	0.871
0.997	0.001	0.001	0.001
0.001	0.997	0.001	0.001
0.871	0.127	0.001	0.001
0.127	0.001	0.871	0.001
0.001	0.001	0.001	0.997
0.897	0.001	0.101	0.001
0.001	0.001	0.001	0.997
0.001	0.001	0.997	0.001
0.997	0.001	0.001	0.001
0.001	0.127	0.871	0.001
>ATCGCACTTATG	13-ATCGCACTTATG	14.042917	-26.003971	0	T:6.0(0.44%),B:1.9(0.01%),P:1e-11	Tpos:117.8,Tstd:45.2,Bpos:120.3,Bstd:52.9,StrandBias:0.0,Multiplicity:1.00
0.997	0.001	0.001	0.001
0.001	0.001	0.001	0.997
0.001	0.997	0.001	0.001
0.001	0.001	0.997	0.001
0.001	0.832	0.166	0.001
0.997	0.001	0.001	0.001
0.001	0.832	0.001	0.166
0.001	0.001	0.166	0.832
0.001	0.001	0.001	0.997
0.667	0.166	0.001	0.166
0.001	0.001	0.001	0.997
0.001	0.001	0.997	0.001
>CATAAAATATTT	14-CATAAAATATTT	8.262110	-25.493465	0	T:111.0(8.22%),B:1397.6(4.09%),P:1e-11	Tpos:80.7,Tstd:56.8,Bpos:86.3,Bstd:56.8,StrandBias:0.1,Multiplicity:1.02
0.096	0.717	0.053	0.134
0.880	0.007	0.047	0.066
0.090	0.052	0.103	0.755
0.762	0.081	0.044	0.113
0.899	0.014	0.041	0.046
0.823	0.087	0.001	0.089
0.875	0.041	0.014	0.070
0.054	0.064	0.035	0.847
0.865	0.041	0.029	0.065
0.089	0.055	0.022	0.834
0.079	0.033	0.047	0.841
0.019	0.024	0.050	0.907
>ACCCACAATCCC	15-ACCCACAATCCC	10.432086	-24.469620	0	T:22.0(1.63%),B:88.4(0.26%),P:1e-10	Tpos:81.1,Tstd:47.9,Bpos:81.8,Bstd:43.2,StrandBias:1.0,Multiplicity:1.00
0.706	0.137	0.068	0.089
0.001	0.726	0.068	0.205
0.001	0.859	0.137	0.003
0.001	0.863	0.068	0.068
0.997	0.001	0.001	0.001
0.068	0.863	0.001	0.068
0.930	0.001	0.001	0.068
0.863	0.001	0.068	0.068
0.003	0.205	0.137	0.655
0.002	0.696	0.142	0.160
0.001	0.928	0.003	0.068
0.001	0.930	0.001	0.068
>TCCGTGTGGAGG	16-TCCGTGTGGAGG	13.888152	-23.563499	0	T:7.0(0.52%),B:3.3(0.01%),P:1e-10	Tpos:104.7,Tstd:51.0,Bpos:136.3,Bstd:45.9,StrandBias:0.4,Multiplicity:1.00
0.001	0.001	0.001	0.997
0.001	0.997	0.001	0.001
0.001	0.997	0.001	0.001
0.142	0.001	0.856	0.001
0.142	0.001	0.001	0.856
0.001	0.001	0.997	0.001
0.001	0.001	0.001	0.997
0.001	0.142	0.856	0.001
0.142	0.001	0.856	0.001
0.856	0.001	0.001	0.142
0.001	0.001	0.997	0.001
0.142	0.001	0.856	0.001
>CGSCKGGAGCGC	17-CGSCKGGAGCGC	11.455053	-23.465885	0	T:9.0(0.67%),B:8.3(0.02%),P:1e-10	Tpos:104.9,Tstd:54.2,Bpos:101.2,Bstd:50.6,StrandBias:-1.0,Multiplicity:1.00
0.001	0.767	0.001	0.231
0.001	0.001	0.997	0.001
0.001	0.467	0.531	0.001
0.001	0.997	0.001	0.001
0.001	0.001	0.477	0.521
0.001	0.231	0.767	0.001
0.001	0.001	0.712	0.286
0.997	0.001	0.001	0.001
0.001	0.001	0.699	0.299
0.001	0.997	0.001	0.001
0.231	0.001	0.767	0.001
0.234	0.764	0.001	0.001
>TCAAGTTTCCCG	18-TCAAGTTTCCCG	9.326529	-22.392404	0	T:33.0(2.44%),B:219.1(0.64%),P:1e-9	Tpos:104.2,Tstd:48.8,Bpos:102.0,Bstd:58.9,StrandBias:-0.4,Multiplicity:1.00
0.001	0.025	0.050	0.924
0.076	0.842	0.057	0.025
0.809	0.101	0.040	0.050
0.878	0.045	0.025	0.052
0.118	0.032	0.798	0.052
0.025	0.025	0.001	0.949
0.001	0.025	0.070	0.904
0.025	0.076	0.101	0.798
0.101	0.784	0.050	0.065
0.151	0.734	0.050	0.065
0.101	0.813	0.050	0.036
0.127	0.045	0.776	0.052
>ATAATATAATWT	19-ATAATATAATWT	9.218055	-21.180441	0	T:69.0(5.11%),B:765.9(2.24%),P:1e-9	Tpos:70.3,Tstd:52.0,Bpos:80.3,Bstd:54.4,StrandBias:-0.4,Multiplicity:1.02
0.665	0.001	0.181	0.153
0.170	0.049	0.153	0.628
0.575	0.024	0.001	0.400
0.807	0.116	0.001	0.076
0.289	0.001	0.001	0.709
0.950	0.001	0.001	0.048
0.001	0.001	0.001	0.997
0.627	0.001	0.049	0.323
0.867	0.068	0.024	0.041
0.040	0.001	0.001	0.958
0.475	0.024	0.132	0.368
0.092	0.001	0.001	0.906
>TTTTGSGWCGAA	20-TTTTGSGWCGAA	10.976600	-16.967123	0	T:18.0(1.33%),B:91.0(0.27%),P:1e-7	Tpos:111.4,Tstd:45.2,Bpos:83.6,Bstd:54.2,StrandBias:1.5,Multiplicity:1.50
0.072	0.001	0.001	0.926
0.003	0.149	0.001	0.847
0.001	0.001	0.001	0.997
0.001	0.001	0.001	0.997
0.072	0.001	0.926	0.001
0.073	0.408	0.446	0.073
0.001	0.146	0.553	0.300
0.393	0.150	0.162	0.296
0.001	0.649	0.277	0.073
0.096	0.001	0.902	0.001
0.997	0.001	0.001	0.001
0.926	0.001	0.072	0.001
>GGCGCGGCGVGG	21-GGCGCGGCGVGG	7.674980	-14.964520	0	T:43.0(3.18%),B:455.1(1.33%),P:1e-6	Tpos:86.9,Tstd:52.0,Bpos:94.2,Bstd:64.6,StrandBias:0.8,Multiplicity:1.07
0.001	0.082	0.612	0.305
0.001	0.182	0.665	0.152
0.112	0.776	0.111	0.001
0.001	0.297	0.701	0.001
0.001	0.549	0.334	0.116
0.183	0.082	0.552	0.183
0.001	0.001	0.679	0.319
0.001	0.596	0.227	0.176
0.001	0.323	0.675	0.001
0.389	0.336	0.274	0.001
0.343	0.001	0.655	0.001
0.001	0.001	0.997	0.001
>AAAGTAAAGTAA	22-AAAGTAAAGTAA	11.443165	-13.392839	0	T:4.0(0.30%),B:2.7(0.01%),P:1e-5	Tpos:54.6,Tstd:35.8,Bpos:54.4,Bstd:47.1,StrandBias:-2.3,Multiplicity:1.00
0.821	0.047	0.060	0.072
0.694	0.123	0.094	0.089
0.750	0.085	0.064	0.101
0.119	0.085	0.719	0.077
0.077	0.094	0.077	0.752
0.766	0.072	0.102	0.060
0.719	0.115	0.077	0.089
0.741	0.089	0.098	0.072
0.047	0.106	0.766	0.081
0.085	0.077	0.081	0.757
0.771	0.072	0.081	0.076
0.744	0.068	0.077	0.111
>GAAATGTTCAAA	23-GAAATGTTCAAA	12.355432	-13.392839	0	T:4.0(0.30%),B:2.7(0.01%),P:1e-5	Tpos:120.8,Tstd:43.4,Bpos:48.1,Bstd:11.1,StrandBias:1.6,Multiplicity:1.00
0.100	0.100	0.700	0.100
0.700	0.100	0.100	0.100
0.700	0.100	0.100	0.100
0.700	0.100	0.100	0.100
0.100	0.100	0.100	0.700
0.100	0.100	0.700	0.100
0.100	0.100	0.100	0.700
0.100	0.100	0.100	0.700
0.100	0.700	0.100	0.100
0.700	0.100	0.100	0.100
0.700	0.100	0.100	0.100
0.700	0.100	0.100	0.100
>AGCATGGCCAGG	24-AGCATGGCCAGG	9.601556	-13.061430	0	T:5.0(0.37%),B:6.0(0.02%),P:1e-5	Tpos:78.5,Tstd:57.1,Bpos:122.3,Bstd:19.5,StrandBias:3.6,Multiplicity:2.60
0.997	0.001	0.001	0.001
0.001	0.001	0.997	0.001
0.001	0.997	0.001	0.001
0.997	0.001	0.001	0.001
0.001	0.001	0.001	0.997
0.001	0.001	0.783	0.215
0.001	0.001	0.980	0.018
0.001	0.997	0.001	0.001
0.234	0.764	0.001	0.001
0.997	0.001	0.001	0.001
0.001	0.001	0.997	0.001
0.001	0.001	0.997	0.001
>GGAGGGGGGGGG	25-GGAGGGGGGGGG	13.721349	-6.912639	0	T:6.0(0.44%),B:28.7(0.08%),P:1e-3	Tpos:49.5,Tstd:52.2,Bpos:53.0,Bstd:46.9,StrandBias:-1.0,Multiplicity:1.00
0.001	0.162	0.836	0.001
0.279	0.001	0.719	0.001
0.840	0.001	0.158	0.001
0.241	0.001	0.757	0.001
0.001	0.001	0.997	0.001
0.001	0.001	0.997	0.001
0.001	0.001	0.997	0.001
0.001	0.001	0.748	0.250
0.001	0.001	0.997	0.001
0.001	0.001	0.997	0.001
0.001	0.001	0.997	0.001
0.001	0.001	0.997	0.001
>TAGAGGGC	1-TAGAGGGC	7.015032	-24.840849	0	T:96.0(7.11%),B:1148.1(3.36%),P:1e-10	Tpos:93.0,Tstd:52.6,Bpos:87.7,Bstd:54.9,StrandBias:-0.1,Multiplicity:1.00
0.001	0.112	0.001	0.886
0.997	0.001	0.001	0.001
0.001	0.001	0.997	0.001
0.997	0.001	0.001	0.001
0.001	0.001	0.884	0.114
0.001	0.026	0.910	0.063
0.071	0.001	0.927	0.001
0.001	0.908	0.001	0.090
>MTTCTGGG	2-MTTCTGGG	5.968569	-22.807444	0	T:188.0(13.92%),B:2959.7(8.67%),P:1e-9	Tpos:101.1,Tstd:52.8,Bpos:100.2,Bstd:56.1,StrandBias:-0.2,Multiplicity:1.07
0.362	0.497	0.107	0.034
0.193	0.202	0.200	0.405
0.201	0.001	0.049	0.749
0.001	0.773	0.194	0.032
0.001	0.122	0.110	0.767
0.049	0.047	0.903	0.001
0.139	0.059	0.671	0.131
0.142	0.089	0.768	0.001
>ATGGCCGC	3-ATGGCCGC	6.548255	-22.204034	0	T:234.0(17.32%),B:3938.1(11.53%),P:1e-9	Tpos:111.9,Tstd:43.0,Bpos:108.9,Bstd:50.3,StrandBias:0.8,Multiplicity:1.10
0.906	0.092	0.001	0.001
0.001	0.001	0.001	0.997
0.013	0.023	0.950	0.014
0.011	0.001	0.971	0.017
0.033	0.854	0.057	0.056
0.095	0.602	0.234	0.069
0.033	0.021	0.888	0.058
0.144	0.827	0.028	0.001
>GCGCGCCM	4-GCGCGCCM	4.962192	-21.147342	0	T:169.0(12.51%),B:2636.3(7.72%),P:1e-9	Tpos:91.0,Tstd:46.7,Bpos:90.1,Bstd:58.4,StrandBias:-0.3,Multiplicity:1.14
0.001	0.001	0.926	0.072
0.095	0.894	0.001	0.010
0.001	0.001	0.997	0.001
0.001	0.997	0.001	0.001
0.089	0.080	0.790	0.041
0.001	0.997	0.001	0.001
0.001	0.935	0.001	0.063
0.541	0.457	0.001	0.001
>ATCAACTT	5-ATCAACTT	7.222382	-21.129437	0	T:162.0(11.99%),B:2496.5(7.31%),P:1e-9	Tpos:103.4,Tstd:55.3,Bpos:102.6,Bstd:58.1,StrandBias:-0.2,Multiplicity:1.09
0.707	0.067	0.001	0.225
0.001	0.001	0.001	0.997
0.001	0.997	0.001	0.001
0.834	0.082	0.083	0.001
0.876	0.001	0.122	0.001
0.001	0.997	0.001	0.001
0.001	0.001	0.001	0.997
0.001	0.001	0.074	0.924
>ACCGGAAT	6-ACCGGAAT	5.390541	-20.359629	0	T:271.0(20.06%),B:4820.1(14.11%),P:1e-8	Tpos:102.9,Tstd:55.2,Bpos:102.2,Bstd:58.0,StrandBias:0.2,Multiplicity:1.09
0.754	0.047	0.108	0.091
0.042	0.830	0.100	0.028
0.063	0.764	0.082	0.091
0.074	0.128	0.657	0.141
0.117	0.049	0.813	0.021
0.685	0.156	0.039	0.120
0.780	0.094	0.091	0.035
0.140	0.026	0.106	0.728
>TGTGATTT	7-TGTGATTT	6.839362	-17.811829	0	T:325.0(24.06%),B:6162.3(18.04%),P:1e-7	Tpos:91.8,Tstd:59.5,Bpos:95.1,Bstd:58.0,StrandBias:-0.0,Multiplicity:1.14
0.001	0.001	0.032	0.966
0.058	0.001	0.849	0.092
0.040	0.001	0.025	0.934
0.047	0.043	0.909	0.001
0.773	0.001	0.049	0.177
0.097	0.001	0.093	0.809
0.144	0.001	0.054	0.801
0.001	0.044	0.001	0.954
>RCGAATMC	8-RCGAATMC	7.210137	-10.877662	0	T:108.0(7.99%),B:1804.8(5.28%),P:1e-4	Tpos:98.6,Tstd:56.3,Bpos:104.4,Bstd:57.9,StrandBias:0.3,Multiplicity:1.18
0.537	0.001	0.461	0.001
0.001	0.997	0.001	0.001
0.001	0.001	0.997	0.001
0.997	0.001	0.001	0.001
0.787	0.211	0.001	0.001
0.027	0.094	0.198	0.681
0.526	0.472	0.001	0.001
0.001	0.997	0.001	0.001
>GAAGCCCC	9-GAAGCCCC	8.236954	-10.061569	0	T:12.0(0.89%),B:72.3(0.21%),P:1e-4	Tpos:85.8,Tstd:43.1,Bpos:105.2,Bstd:62.9,StrandBias:-0.8,Multiplicity:1.00
0.100	0.100	0.700	0.100
0.700	0.100	0.100	0.100
0.700	0.100	0.100	0.100
0.100	0.100	0.700	0.100
0.100	0.700	0.100	0.100
0.100	0.700	0.100	0.100
0.100	0.700	0.100	0.100
0.100	0.700	0.100	0.100
>GGCGCGGG	10-GGCGCGGG	4.331476	-9.282188	0	T:102.0(7.55%),B:1753.0(5.13%),P:1e-4	Tpos:62.2,Tstd:54.6,Bpos:73.6,Bstd:60.6,StrandBias:-0.1,Multiplicity:1.05
0.163	0.001	0.835	0.001
0.001	0.001	0.889	0.109
0.001	0.623	0.375	0.001
0.001	0.028	0.970	0.001
0.001	0.783	0.215	0.001
0.001	0.001	0.997	0.001
0.001	0.001	0.997	0.001
0.001	0.001	0.980	0.018
>AGTATAGT	11-AGTATAGT	9.087349	-5.785390	0	T:39.0(2.89%),B:611.8(1.79%),P:1e-2	Tpos:72.8,Tstd:53.6,Bpos:96.3,Bstd:56.3,StrandBias:-0.1,Multiplicity:1.26
0.670	0.328	0.001	0.001
0.001	0.305	0.693	0.001
0.001	0.001	0.001	0.997
0.997	0.001	0.001	0.001
0.295	0.001	0.001	0.703
0.997	0.001	0.001	0.001
0.001	0.001	0.997	0.001
0.001	0.001	0.001	0.997
