>AARATGGCTGCG	1-AARATGGCTGCG	9.371539	-46.120298	0	T:119.0(8.81%),B:1146.8(3.36%),P:1e-20	Tpos:108.6,Tstd:40.2,Bpos:110.1,Bstd:44.8,StrandBias:1.6,Multiplicity:1.00
0.771	0.121	0.107	0.001
0.877	0.001	0.066	0.056
0.493	0.016	0.379	0.112
0.933	0.001	0.001	0.065
0.001	0.001	0.001	0.997
0.001	0.001	0.739	0.259
0.059	0.001	0.924	0.016
0.001	0.943	0.001	0.055
0.229	0.001	0.281	0.489
0.033	0.066	0.763	0.138
0.001	0.701	0.001	0.297
0.259	0.175	0.510	0.056
>TCAACTTTGACC	2-TCAACTTTGACC	9.950360	-36.154814	0	T:40.0(2.96%),B:197.9(0.58%),P:1e-15	Tpos:105.7,Tstd:43.9,Bpos:95.2,Bstd:51.0,StrandBias:-0.3,Multiplicity:1.00
0.103	0.024	0.037	0.836
0.099	0.811	0.048	0.042
0.780	0.069	0.105	0.046
0.893	0.083	0.023	0.001
0.057	0.796	0.069	0.078
0.023	0.023	0.048	0.906
0.037	0.001	0.001	0.961
0.023	0.023	0.060	0.894
0.138	0.041	0.734	0.087
0.816	0.023	0.092	0.069
0.093	0.792	0.046	0.069
0.067	0.786	0.069	0.078
>AACATGGCGGAC	3-AACATGGCGGAC	9.494274	-35.221238	0	T:95.0(7.03%),B:941.1(2.76%),P:1e-15	Tpos:109.3,Tstd:40.6,Bpos:112.4,Bstd:40.1,StrandBias:1.7,Multiplicity:1.00
0.903	0.039	0.039	0.019
0.790	0.019	0.058	0.133
0.108	0.642	0.111	0.139
0.960	0.001	0.020	0.019
0.001	0.019	0.039	0.941
0.019	0.039	0.929	0.013
0.078	0.019	0.884	0.019
0.058	0.845	0.019	0.078
0.030	0.077	0.795	0.098
0.064	0.087	0.786	0.063
0.663	0.180	0.110	0.047
0.054	0.871	0.041	0.034
>GAGGGCGCACTA	4-GAGGGCGCACTA	6.955225	-34.234215	0	T:141.0(10.44%),B:1729.5(5.06%),P:1e-14	Tpos:86.9,Tstd:46.6,Bpos:84.8,Bstd:53.8,StrandBias:-0.4,Multiplicity:1.08
0.092	0.017	0.824	0.067
0.774	0.033	0.118	0.075
0.096	0.054	0.704	0.146
0.072	0.117	0.786	0.025
0.080	0.017	0.842	0.061
0.092	0.783	0.058	0.067
0.137	0.034	0.712	0.117
0.094	0.789	0.031	0.086
0.736	0.064	0.084	0.116
0.112	0.700	0.078	0.110
0.151	0.058	0.076	0.715
0.636	0.095	0.117	0.152
>TTTAGGTTATTT	5-TTTAGGTTATTT	13.465688	-32.754665	0	T:12.0(0.89%),B:9.7(0.03%),P:1e-14	Tpos:73.6,Tstd:51.8,Bpos:109.6,Bstd:41.4,StrandBias:0.8,Multiplicity:1.00
0.001	0.001	0.102	0.896
0.001	0.001	0.001	0.997
0.001	0.102	0.001	0.896
0.724	0.103	0.103	0.070
0.102	0.001	0.896	0.001
0.001	0.001	0.997	0.001
0.001	0.001	0.102	0.896
0.001	0.001	0.001	0.997
0.997	0.001	0.001	0.001
0.001	0.102	0.001	0.896
0.001	0.001	0.102	0.896
0.001	0.001	0.001	0.997
>AGCTCAACACTG	6-AGCTCAACACTG	13.702315	-32.116848	0	T:9.0(0.67%),B:3.5(0.01%),P:1e-13	Tpos:82.4,Tstd:39.1,Bpos:122.0,Bstd:31.4,StrandBias:-1.0,Multiplicity:1.00
0.997	0.001	0.001	0.001
0.001	0.001	0.997	0.001
0.001	0.749	0.125	0.125
0.124	0.001	0.001	0.874
0.001	0.997	0.001	0.001
0.874	0.001	0.001	0.124
0.874	0.001	0.124	0.001
0.001	0.997	0.001	0.001
0.997	0.001	0.001	0.001
0.001	0.874	0.001	0.124
0.001	0.001	0.001	0.997
0.124	0.001	0.874	0.001
>GTACCCCTTGAC	7-GTACCCCTTGAC	13.944215	-31.184988	0	T:7.0(0.52%),B:1.9(0.01%),P:1e-13	Tpos:54.0,Tstd:27.4,Bpos:59.3,Bstd:29.6,StrandBias:1.3,Multiplicity:1.00
0.001	0.001	0.997	0.001
0.160	0.001	0.001	0.838
0.997	0.001	0.001	0.001
0.355	0.643	0.001	0.001
0.001	0.997	0.001	0.001
0.001	0.997	0.001	0.001
0.001	0.997	0.001	0.001
0.001	0.001	0.001	0.997
0.001	0.001	0.001	0.997
0.161	0.161	0.677	0.001
0.997	0.001	0.001	0.001
0.001	0.997	0.001	0.001
>AGKSCGGCTCGK	8-AGKSCGGCTCGK	8.610636	-29.880043	0	T:29.0(2.15%),B:125.8(0.37%),P:1e-12	Tpos:116.3,Tstd:58.3,Bpos:103.5,Bstd:52.7,StrandBias:0.1,Multiplicity:1.00
0.997	0.001	0.001	0.001
0.001	0.062	0.560	0.377
0.187	0.061	0.438	0.314
0.124	0.439	0.435	0.001
0.122	0.754	0.001	0.123
0.123	0.001	0.691	0.185
0.062	0.001	0.560	0.377
0.185	0.438	0.188	0.189
0.001	0.252	0.001	0.746
0.062	0.813	0.001	0.124
0.003	0.001	0.995	0.001
0.061	0.001	0.436	0.502
>CATGCAATTTGT	9-CATGCAATTTGT	12.774861	-29.635010	0	T:15.0(1.11%),B:25.0(0.07%),P:1e-12	Tpos:90.3,Tstd:49.4,Bpos:71.0,Bstd:49.4,StrandBias:0.2,Multiplicity:1.00
0.001	0.997	0.001	0.001
0.997	0.001	0.001	0.001
0.001	0.001	0.001	0.997
0.078	0.001	0.843	0.078
0.001	0.997	0.001	0.001
0.997	0.001	0.001	0.001
0.597	0.001	0.078	0.324
0.061	0.001	0.001	0.937
0.173	0.001	0.001	0.825
0.078	0.001	0.001	0.920
0.001	0.001	0.997	0.001
0.078	0.001	0.001	0.920
>CCCAGCATGCAT	10-CCCAGCATGCAT	10.025035	-28.547437	0	T:34.0(2.52%),B:183.1(0.54%),P:1e-12	Tpos:102.1,Tstd:49.4,Bpos:90.9,Bstd:48.0,StrandBias:0.8,Multiplicity:1.03
0.069	0.929	0.001	0.001
0.069	0.864	0.066	0.001
0.001	0.997	0.001	0.001
0.929	0.001	0.069	0.001
0.206	0.066	0.727	0.001
0.122	0.741	0.001	0.136
0.800	0.001	0.198	0.001
0.001	0.001	0.001	0.997
0.133	0.066	0.668	0.133
0.066	0.800	0.133	0.001
0.727	0.136	0.001	0.136
0.093	0.089	0.001	0.817
>AACGAATACGAA	11-AACGAATACGAA	9.665475	-27.649396	0	T:40.0(2.96%),B:258.6(0.76%),P:1e-12	Tpos:89.0,Tstd:60.4,Bpos:82.9,Bstd:54.8,StrandBias:0.9,Multiplicity:1.62
0.732	0.058	0.022	0.188
0.906	0.079	0.001	0.014
0.082	0.803	0.114	0.001
0.114	0.043	0.821	0.022
0.956	0.042	0.001	0.001
0.811	0.058	0.022	0.109
0.142	0.145	0.090	0.623
0.820	0.093	0.065	0.022
0.065	0.874	0.001	0.060
0.127	0.022	0.834	0.017
0.896	0.022	0.065	0.017
0.933	0.022	0.023	0.022
>CTACAGTATGAG	12-CTACAGTATGAG	13.733838	-26.367365	0	T:7.0(0.52%),B:2.2(0.01%),P:1e-11	Tpos:97.3,Tstd:50.6,Bpos:90.0,Bstd:44.3,StrandBias:-1.3,Multiplicity:1.00
0.128	0.743	0.001	0.128
0.127	0.001	0.001	0.871
0.997	0.001	0.001	0.001
0.001	0.997	0.001	0.001
0.871	0.127	0.001	0.001
0.127	0.001	0.871	0.001
0.001	0.001	0.001	0.997
0.897	0.001	0.101	0.001
0.001	0.001	0.001	0.997
0.001	0.001	0.997	0.001
0.997	0.001	0.001	0.001
0.001	0.127	0.871	0.001
>ATCGCACTTATG	13-ATCGCACTTATG	14.042917	-26.003971	0	T:6.0(0.44%),B:1.9(0.01%),P:1e-11	Tpos:117.8,Tstd:45.2,Bpos:120.3,Bstd:52.9,StrandBias:0.0,Multiplicity:1.00
0.997	0.001	0.001	0.001
0.001	0.001	0.001	0.997
0.001	0.997	0.001	0.001
0.001	0.001	0.997	0.001
0.001	0.832	0.166	0.001
0.997	0.001	0.001	0.001
0.001	0.832	0.001	0.166
0.001	0.001	0.166	0.832
0.001	0.001	0.001	0.997
0.667	0.166	0.001	0.166
0.001	0.001	0.001	0.997
0.001	0.001	0.997	0.001
>CATAAAATATTT	14-CATAAAATATTT	8.262110	-25.493465	0	T:111.0(8.22%),B:1397.6(4.09%),P:1e-11	Tpos:80.7,Tstd:56.8,Bpos:86.3,Bstd:56.8,StrandBias:0.1,Multiplicity:1.02
0.096	0.717	0.053	0.134
0.880	0.007	0.047	0.066
0.090	0.052	0.103	0.755
0.762	0.081	0.044	0.113
0.899	0.014	0.041	0.046
0.823	0.087	0.001	0.089
0.875	0.041	0.014	0.070
0.054	0.064	0.035	0.847
0.865	0.041	0.029	0.065
0.089	0.055	0.022	0.834
0.079	0.033	0.047	0.841
0.019	0.024	0.050	0.907
>ACCCACAATCCC	15-ACCCACAATCCC	10.432086	-24.469620	0	T:22.0(1.63%),B:88.4(0.26%),P:1e-10	Tpos:81.1,Tstd:47.9,Bpos:81.8,Bstd:43.2,StrandBias:1.0,Multiplicity:1.00
0.706	0.137	0.068	0.089
0.001	0.726	0.068	0.205
0.001	0.859	0.137	0.003
0.001	0.863	0.068	0.068
0.997	0.001	0.001	0.001
0.068	0.863	0.001	0.068
0.930	0.001	0.001	0.068
0.863	0.001	0.068	0.068
0.003	0.205	0.137	0.655
0.002	0.696	0.142	0.160
0.001	0.928	0.003	0.068
0.001	0.930	0.001	0.068
>TCCGTGTGGAGG	16-TCCGTGTGGAGG	13.888152	-23.563499	0	T:7.0(0.52%),B:3.3(0.01%),P:1e-10	Tpos:104.7,Tstd:51.0,Bpos:136.3,Bstd:45.9,StrandBias:0.4,Multiplicity:1.00
0.001	0.001	0.001	0.997
0.001	0.997	0.001	0.001
0.001	0.997	0.001	0.001
0.142	0.001	0.856	0.001
0.142	0.001	0.001	0.856
0.001	0.001	0.997	0.001
0.001	0.001	0.001	0.997
0.001	0.142	0.856	0.001
0.142	0.001	0.856	0.001
0.856	0.001	0.001	0.142
0.001	0.001	0.997	0.001
0.142	0.001	0.856	0.001
>CGSCKGGAGCGC	17-CGSCKGGAGCGC	11.455053	-23.465885	0	T:9.0(0.67%),B:8.3(0.02%),P:1e-10	Tpos:104.9,Tstd:54.2,Bpos:101.2,Bstd:50.6,StrandBias:-1.0,Multiplicity:1.00
0.001	0.767	0.001	0.231
0.001	0.001	0.997	0.001
0.001	0.467	0.531	0.001
0.001	0.997	0.001	0.001
0.001	0.001	0.477	0.521
0.001	0.231	0.767	0.001
0.001	0.001	0.712	0.286
0.997	0.001	0.001	0.001
0.001	0.001	0.699	0.299
0.001	0.997	0.001	0.001
0.231	0.001	0.767	0.001
0.234	0.764	0.001	0.001
>TCAAGTTTCCCG	18-TCAAGTTTCCCG	9.326529	-22.392404	0	T:33.0(2.44%),B:219.1(0.64%),P:1e-9	Tpos:104.2,Tstd:48.8,Bpos:102.0,Bstd:58.9,StrandBias:-0.4,Multiplicity:1.00
0.001	0.025	0.050	0.924
0.076	0.842	0.057	0.025
0.809	0.101	0.040	0.050
0.878	0.045	0.025	0.052
0.118	0.032	0.798	0.052
0.025	0.025	0.001	0.949
0.001	0.025	0.070	0.904
0.025	0.076	0.101	0.798
0.101	0.784	0.050	0.065
0.151	0.734	0.050	0.065
0.101	0.813	0.050	0.036
0.127	0.045	0.776	0.052
>ATAATATAATWT	19-ATAATATAATWT	9.218055	-21.180441	0	T:69.0(5.11%),B:765.9(2.24%),P:1e-9	Tpos:70.3,Tstd:52.0,Bpos:80.3,Bstd:54.4,StrandBias:-0.4,Multiplicity:1.02
0.665	0.001	0.181	0.153
0.170	0.049	0.153	0.628
0.575	0.024	0.001	0.400
0.807	0.116	0.001	0.076
0.289	0.001	0.001	0.709
0.950	0.001	0.001	0.048
0.001	0.001	0.001	0.997
0.627	0.001	0.049	0.323
0.867	0.068	0.024	0.041
0.040	0.001	0.001	0.958
0.475	0.024	0.132	0.368
0.092	0.001	0.001	0.906
>TTTTGSGWCGAA	20-TTTTGSGWCGAA	10.976600	-16.967123	0	T:18.0(1.33%),B:91.0(0.27%),P:1e-7	Tpos:111.4,Tstd:45.2,Bpos:83.6,Bstd:54.2,StrandBias:1.5,Multiplicity:1.50
0.072	0.001	0.001	0.926
0.003	0.149	0.001	0.847
0.001	0.001	0.001	0.997
0.001	0.001	0.001	0.997
0.072	0.001	0.926	0.001
0.073	0.408	0.446	0.073
0.001	0.146	0.553	0.300
0.393	0.150	0.162	0.296
0.001	0.649	0.277	0.073
0.096	0.001	0.902	0.001
0.997	0.001	0.001	0.001
0.926	0.001	0.072	0.001
>GGCGCGGCGVGG	21-GGCGCGGCGVGG	7.674980	-14.964520	0	T:43.0(3.18%),B:455.1(1.33%),P:1e-6	Tpos:86.9,Tstd:52.0,Bpos:94.2,Bstd:64.6,StrandBias:0.8,Multiplicity:1.07
0.001	0.082	0.612	0.305
0.001	0.182	0.665	0.152
0.112	0.776	0.111	0.001
0.001	0.297	0.701	0.001
0.001	0.549	0.334	0.116
0.183	0.082	0.552	0.183
0.001	0.001	0.679	0.319
0.001	0.596	0.227	0.176
0.001	0.323	0.675	0.001
0.389	0.336	0.274	0.001
0.343	0.001	0.655	0.001
0.001	0.001	0.997	0.001
>AAAGTAAAGTAA	22-AAAGTAAAGTAA	11.443165	-13.392839	0	T:4.0(0.30%),B:2.7(0.01%),P:1e-5	Tpos:54.6,Tstd:35.8,Bpos:54.4,Bstd:47.1,StrandBias:-2.3,Multiplicity:1.00
0.821	0.047	0.060	0.072
0.694	0.123	0.094	0.089
0.750	0.085	0.064	0.101
0.119	0.085	0.719	0.077
0.077	0.094	0.077	0.752
0.766	0.072	0.102	0.060
0.719	0.115	0.077	0.089
0.741	0.089	0.098	0.072
0.047	0.106	0.766	0.081
0.085	0.077	0.081	0.757
0.771	0.072	0.081	0.076
0.744	0.068	0.077	0.111
>GAAATGTTCAAA	23-GAAATGTTCAAA	12.355432	-13.392839	0	T:4.0(0.30%),B:2.7(0.01%),P:1e-5	Tpos:120.8,Tstd:43.4,Bpos:48.1,Bstd:11.1,StrandBias:1.6,Multiplicity:1.00
0.100	0.100	0.700	0.100
0.700	0.100	0.100	0.100
0.700	0.100	0.100	0.100
0.700	0.100	0.100	0.100
0.100	0.100	0.100	0.700
0.100	0.100	0.700	0.100
0.100	0.100	0.100	0.700
0.100	0.100	0.100	0.700
0.100	0.700	0.100	0.100
0.700	0.100	0.100	0.100
0.700	0.100	0.100	0.100
0.700	0.100	0.100	0.100
>AGCATGGCCAGG	24-AGCATGGCCAGG	9.601556	-13.061430	0	T:5.0(0.37%),B:6.0(0.02%),P:1e-5	Tpos:78.5,Tstd:57.1,Bpos:122.3,Bstd:19.5,StrandBias:3.6,Multiplicity:2.60
0.997	0.001	0.001	0.001
0.001	0.001	0.997	0.001
0.001	0.997	0.001	0.001
0.997	0.001	0.001	0.001
0.001	0.001	0.001	0.997
0.001	0.001	0.783	0.215
0.001	0.001	0.980	0.018
0.001	0.997	0.001	0.001
0.234	0.764	0.001	0.001
0.997	0.001	0.001	0.001
0.001	0.001	0.997	0.001
0.001	0.001	0.997	0.001
>GGAGGGGGGGGG	25-GGAGGGGGGGGG	13.721349	-6.912639	0	T:6.0(0.44%),B:28.7(0.08%),P:1e-3	Tpos:49.5,Tstd:52.2,Bpos:53.0,Bstd:46.9,StrandBias:-1.0,Multiplicity:1.00
0.001	0.162	0.836	0.001
0.279	0.001	0.719	0.001
0.840	0.001	0.158	0.001
0.241	0.001	0.757	0.001
0.001	0.001	0.997	0.001
0.001	0.001	0.997	0.001
0.001	0.001	0.997	0.001
0.001	0.001	0.748	0.250
0.001	0.001	0.997	0.001
0.001	0.001	0.997	0.001
0.001	0.001	0.997	0.001
0.001	0.001	0.997	0.001
