>TAGAGGGC	1-TAGAGGGC	7.015032	-24.840849	0	T:96.0(7.11%),B:1148.1(3.36%),P:1e-10	Tpos:93.0,Tstd:52.6,Bpos:87.7,Bstd:54.9,StrandBias:-0.1,Multiplicity:1.00
0.001	0.112	0.001	0.886
0.997	0.001	0.001	0.001
0.001	0.001	0.997	0.001
0.997	0.001	0.001	0.001
0.001	0.001	0.884	0.114
0.001	0.026	0.910	0.063
0.071	0.001	0.927	0.001
0.001	0.908	0.001	0.090
>MTTCTGGG	2-MTTCTGGG	5.968569	-22.807444	0	T:188.0(13.92%),B:2959.7(8.67%),P:1e-9	Tpos:101.1,Tstd:52.8,Bpos:100.2,Bstd:56.1,StrandBias:-0.2,Multiplicity:1.07
0.362	0.497	0.107	0.034
0.193	0.202	0.200	0.405
0.201	0.001	0.049	0.749
0.001	0.773	0.194	0.032
0.001	0.122	0.110	0.767
0.049	0.047	0.903	0.001
0.139	0.059	0.671	0.131
0.142	0.089	0.768	0.001
>ATGGCCGC	3-ATGGCCGC	6.548255	-22.204034	0	T:234.0(17.32%),B:3938.1(11.53%),P:1e-9	Tpos:111.9,Tstd:43.0,Bpos:108.9,Bstd:50.3,StrandBias:0.8,Multiplicity:1.10
0.906	0.092	0.001	0.001
0.001	0.001	0.001	0.997
0.013	0.023	0.950	0.014
0.011	0.001	0.971	0.017
0.033	0.854	0.057	0.056
0.095	0.602	0.234	0.069
0.033	0.021	0.888	0.058
0.144	0.827	0.028	0.001
>GCGCGCCM	4-GCGCGCCM	4.962192	-21.147342	0	T:169.0(12.51%),B:2636.3(7.72%),P:1e-9	Tpos:91.0,Tstd:46.7,Bpos:90.1,Bstd:58.4,StrandBias:-0.3,Multiplicity:1.14
0.001	0.001	0.926	0.072
0.095	0.894	0.001	0.010
0.001	0.001	0.997	0.001
0.001	0.997	0.001	0.001
0.089	0.080	0.790	0.041
0.001	0.997	0.001	0.001
0.001	0.935	0.001	0.063
0.541	0.457	0.001	0.001
>ATCAACTT	5-ATCAACTT	7.222382	-21.129437	0	T:162.0(11.99%),B:2496.5(7.31%),P:1e-9	Tpos:103.4,Tstd:55.3,Bpos:102.6,Bstd:58.1,StrandBias:-0.2,Multiplicity:1.09
0.707	0.067	0.001	0.225
0.001	0.001	0.001	0.997
0.001	0.997	0.001	0.001
0.834	0.082	0.083	0.001
0.876	0.001	0.122	0.001
0.001	0.997	0.001	0.001
0.001	0.001	0.001	0.997
0.001	0.001	0.074	0.924
>ACCGGAAT	6-ACCGGAAT	5.390541	-20.359629	0	T:271.0(20.06%),B:4820.1(14.11%),P:1e-8	Tpos:102.9,Tstd:55.2,Bpos:102.2,Bstd:58.0,StrandBias:0.2,Multiplicity:1.09
0.754	0.047	0.108	0.091
0.042	0.830	0.100	0.028
0.063	0.764	0.082	0.091
0.074	0.128	0.657	0.141
0.117	0.049	0.813	0.021
0.685	0.156	0.039	0.120
0.780	0.094	0.091	0.035
0.140	0.026	0.106	0.728
>TGTGATTT	7-TGTGATTT	6.839362	-17.811829	0	T:325.0(24.06%),B:6162.3(18.04%),P:1e-7	Tpos:91.8,Tstd:59.5,Bpos:95.1,Bstd:58.0,StrandBias:-0.0,Multiplicity:1.14
0.001	0.001	0.032	0.966
0.058	0.001	0.849	0.092
0.040	0.001	0.025	0.934
0.047	0.043	0.909	0.001
0.773	0.001	0.049	0.177
0.097	0.001	0.093	0.809
0.144	0.001	0.054	0.801
0.001	0.044	0.001	0.954
>RCGAATMC	8-RCGAATMC	7.210137	-10.877662	0	T:108.0(7.99%),B:1804.8(5.28%),P:1e-4	Tpos:98.6,Tstd:56.3,Bpos:104.4,Bstd:57.9,StrandBias:0.3,Multiplicity:1.18
0.537	0.001	0.461	0.001
0.001	0.997	0.001	0.001
0.001	0.001	0.997	0.001
0.997	0.001	0.001	0.001
0.787	0.211	0.001	0.001
0.027	0.094	0.198	0.681
0.526	0.472	0.001	0.001
0.001	0.997	0.001	0.001
>GAAGCCCC	9-GAAGCCCC	8.236954	-10.061569	0	T:12.0(0.89%),B:72.3(0.21%),P:1e-4	Tpos:85.8,Tstd:43.1,Bpos:105.2,Bstd:62.9,StrandBias:-0.8,Multiplicity:1.00
0.100	0.100	0.700	0.100
0.700	0.100	0.100	0.100
0.700	0.100	0.100	0.100
0.100	0.100	0.700	0.100
0.100	0.700	0.100	0.100
0.100	0.700	0.100	0.100
0.100	0.700	0.100	0.100
0.100	0.700	0.100	0.100
>GGCGCGGG	10-GGCGCGGG	4.331476	-9.282188	0	T:102.0(7.55%),B:1753.0(5.13%),P:1e-4	Tpos:62.2,Tstd:54.6,Bpos:73.6,Bstd:60.6,StrandBias:-0.1,Multiplicity:1.05
0.163	0.001	0.835	0.001
0.001	0.001	0.889	0.109
0.001	0.623	0.375	0.001
0.001	0.028	0.970	0.001
0.001	0.783	0.215	0.001
0.001	0.001	0.997	0.001
0.001	0.001	0.997	0.001
0.001	0.001	0.980	0.018
>AGTATAGT	11-AGTATAGT	9.087349	-5.785390	0	T:39.0(2.89%),B:611.8(1.79%),P:1e-2	Tpos:72.8,Tstd:53.6,Bpos:96.3,Bstd:56.3,StrandBias:-0.1,Multiplicity:1.26
0.670	0.328	0.001	0.001
0.001	0.305	0.693	0.001
0.001	0.001	0.001	0.997
0.997	0.001	0.001	0.001
0.295	0.001	0.001	0.703
0.997	0.001	0.001	0.001
0.001	0.001	0.997	0.001
0.001	0.001	0.001	0.997
