>TTTTAAAATTTT	1-TTTTAAAATTTT	6.841457	-92.755679	0	T:534.0(37.42%),B:15288.7(21.80%),P:1e-40	Tpos:99.1,Tstd:56.4,Bpos:99.0,Bstd:139.3,StrandBias:0.0,Multiplicity:1.35
0.117	0.083	0.059	0.741
0.084	0.108	0.053	0.755
0.097	0.101	0.071	0.731
0.101	0.102	0.092	0.705
0.702	0.099	0.092	0.107
0.734	0.076	0.075	0.115
0.748	0.074	0.090	0.088
0.767	0.092	0.049	0.092
0.108	0.070	0.051	0.771
0.100	0.060	0.045	0.795
0.089	0.056	0.059	0.796
0.087	0.084	0.074	0.755
>NAAAATTTTDNN	2-NAAAATTTTDNN	5.458018	-83.900993	0	T:776.0(54.38%),B:26486.9(37.77%),P:1e-36	Tpos:99.1,Tstd:54.8,Bpos:99.3,Bstd:125.1,StrandBias:0.0,Multiplicity:1.26
0.318	0.219	0.185	0.278
0.767	0.118	0.027	0.088
0.756	0.064	0.068	0.112
0.863	0.018	0.046	0.073
0.607	0.039	0.021	0.333
0.164	0.001	0.032	0.803
0.010	0.059	0.003	0.928
0.057	0.076	0.052	0.815
0.259	0.024	0.149	0.568
0.239	0.166	0.354	0.242
0.213	0.246	0.291	0.250
0.230	0.244	0.251	0.275
>TTTTTCAAAAAT	3-TTTTTCAAAAAT	9.335443	-75.847803	0	T:127.0(8.90%),B:1756.1(2.50%),P:1e-32	Tpos:100.4,Tstd:58.0,Bpos:99.5,Bstd:114.8,StrandBias:0.0,Multiplicity:1.00
0.064	0.061	0.045	0.830
0.065	0.029	0.021	0.885
0.011	0.076	0.028	0.885
0.079	0.091	0.069	0.761
0.059	0.023	0.038	0.880
0.085	0.778	0.089	0.048
0.795	0.070	0.065	0.070
0.826	0.050	0.043	0.081
0.867	0.063	0.015	0.055
0.834	0.078	0.031	0.057
0.853	0.039	0.051	0.057
0.031	0.090	0.069	0.810
>TTGATGAAATAT	4-TTGATGAAATAT	8.070389	-72.850036	0	T:230.0(16.12%),B:4858.3(6.93%),P:1e-31	Tpos:102.4,Tstd:56.3,Bpos:97.8,Bstd:117.1,StrandBias:0.3,Multiplicity:1.07
0.086	0.015	0.124	0.775
0.058	0.001	0.032	0.909
0.001	0.302	0.558	0.139
0.760	0.015	0.212	0.013
0.204	0.166	0.157	0.474
0.212	0.001	0.600	0.187
0.923	0.001	0.075	0.001
0.863	0.001	0.001	0.135
0.912	0.001	0.086	0.001
0.150	0.086	0.108	0.656
0.551	0.155	0.069	0.225
0.060	0.001	0.001	0.938
>ATTCTTGATTTT	5-ATTCTTGATTTT	14.125543	-54.102575	0	T:10.0(0.70%),B:0.6(0.00%),P:1e-23	Tpos:99.8,Tstd:51.9,Bpos:48.9,Bstd:29.3,StrandBias:0.0,Multiplicity:1.00
0.997	0.001	0.001	0.001
0.001	0.001	0.001	0.997
0.001	0.001	0.001	0.997
0.001	0.997	0.001	0.001
0.001	0.001	0.001	0.997
0.001	0.001	0.001	0.997
0.001	0.001	0.997	0.001
0.997	0.001	0.001	0.001
0.001	0.084	0.001	0.914
0.001	0.001	0.001	0.997
0.001	0.001	0.001	0.997
0.001	0.001	0.001	0.997
>ATACCAAATATC	6-ATACCAAATATC	12.325528	-45.958940	0	T:18.0(1.26%),B:30.1(0.04%),P:1e-19	Tpos:95.3,Tstd:56.8,Bpos:70.6,Bstd:54.0,StrandBias:-0.3,Multiplicity:1.00
0.783	0.001	0.215	0.001
0.001	0.324	0.108	0.567
0.891	0.001	0.107	0.001
0.001	0.779	0.001	0.219
0.001	0.997	0.001	0.001
0.997	0.001	0.001	0.001
0.997	0.001	0.001	0.001
0.997	0.001	0.001	0.001
0.347	0.001	0.001	0.651
0.997	0.001	0.001	0.001
0.107	0.001	0.001	0.891
0.107	0.891	0.001	0.001
>CCTAATTTGGGA	7-CCTAATTTGGGA	10.572546	-38.006412	0	T:23.0(1.61%),B:97.2(0.14%),P:1e-16	Tpos:102.0,Tstd:49.6,Bpos:101.5,Bstd:94.8,StrandBias:-0.5,Multiplicity:1.05
0.142	0.807	0.001	0.050
0.049	0.762	0.090	0.099
0.100	0.049	0.001	0.850
0.852	0.001	0.098	0.049
0.950	0.001	0.001	0.048
0.098	0.001	0.001	0.900
0.001	0.001	0.048	0.950
0.123	0.049	0.099	0.729
0.049	0.099	0.718	0.134
0.001	0.001	0.950	0.048
0.171	0.001	0.689	0.139
0.852	0.001	0.098	0.049
>TKGGGGGGGGGG	8-TKGGGGGGGGGG	9.007320	-36.056737	0	T:42.0(2.94%),B:424.5(0.61%),P:1e-15	Tpos:98.9,Tstd:56.9,Bpos:99.9,Bstd:58.1,StrandBias:-0.3,Multiplicity:1.07
0.166	0.131	0.265	0.438
0.133	0.132	0.405	0.331
0.001	0.100	0.767	0.132
0.001	0.231	0.669	0.099
0.033	0.033	0.868	0.066
0.137	0.001	0.829	0.033
0.001	0.001	0.997	0.001
0.203	0.001	0.795	0.001
0.033	0.001	0.933	0.033
0.001	0.001	0.915	0.083
0.131	0.049	0.604	0.216
0.001	0.204	0.481	0.314
>TATGCACCTCGA	9-TATGCACCTCGA	14.324708	-31.241905	0	T:10.0(0.70%),B:10.9(0.02%),P:1e-13	Tpos:84.4,Tstd:48.6,Bpos:67.0,Bstd:68.5,StrandBias:-1.2,Multiplicity:1.00
0.001	0.001	0.001	0.997
0.997	0.001	0.001	0.001
0.001	0.148	0.001	0.850
0.001	0.001	0.997	0.001
0.001	0.997	0.001	0.001
0.810	0.001	0.188	0.001
0.001	0.997	0.001	0.001
0.001	0.997	0.001	0.001
0.001	0.001	0.001	0.997
0.001	0.850	0.001	0.148
0.001	0.001	0.997	0.001
0.997	0.001	0.001	0.001
>AACATGCCCGGA	10-AACATGCCCGGA	10.178429	-31.194741	0	T:12.0(0.84%),B:20.8(0.03%),P:1e-13	Tpos:95.6,Tstd:54.5,Bpos:102.3,Bstd:74.1,StrandBias:0.4,Multiplicity:1.17
0.997	0.001	0.001	0.001
0.997	0.001	0.001	0.001
0.001	0.997	0.001	0.001
0.997	0.001	0.001	0.001
0.001	0.196	0.001	0.802
0.001	0.001	0.997	0.001
0.202	0.796	0.001	0.001
0.001	0.797	0.001	0.201
0.001	0.796	0.001	0.202
0.001	0.001	0.997	0.001
0.001	0.001	0.997	0.001
0.997	0.001	0.001	0.001
>GCACTTGTGGTT	11-GCACTTGTGGTT	12.355432	-30.987027	0	T:7.0(0.49%),B:2.1(0.00%),P:1e-13	Tpos:133.9,Tstd:52.3,Bpos:98.6,Bstd:18.5,StrandBias:-1.3,Multiplicity:1.00
0.100	0.100	0.700	0.100
0.100	0.700	0.100	0.100
0.700	0.100	0.100	0.100
0.100	0.700	0.100	0.100
0.100	0.100	0.100	0.700
0.100	0.100	0.100	0.700
0.100	0.100	0.700	0.100
0.100	0.100	0.100	0.700
0.100	0.100	0.700	0.100
0.100	0.100	0.700	0.100
0.100	0.100	0.100	0.700
0.100	0.100	0.100	0.700
>AACATTATTGAA	12-AACATTATTGAA	14.090437	-30.494587	0	T:9.0(0.63%),B:7.8(0.01%),P:1e-13	Tpos:98.1,Tstd:40.8,Bpos:85.7,Bstd:72.2,StrandBias:1.0,Multiplicity:1.00
0.997	0.001	0.001	0.001
0.891	0.001	0.001	0.107
0.001	0.997	0.001	0.001
0.997	0.001	0.001	0.001
0.001	0.001	0.001	0.997
0.001	0.001	0.001	0.997
0.997	0.001	0.001	0.001
0.001	0.001	0.001	0.997
0.001	0.001	0.130	0.868
0.001	0.001	0.997	0.001
0.997	0.001	0.001	0.001
0.868	0.001	0.130	0.001
>CAGATTGCACCA	13-CAGATTGCACCA	16.342990	-29.976055	0	T:6.0(0.42%),B:1.7(0.00%),P:1e-13	Tpos:110.8,Tstd:52.5,Bpos:124.7,Bstd:23.9,StrandBias:2.3,Multiplicity:1.00
0.001	0.997	0.001	0.001
0.997	0.001	0.001	0.001
0.001	0.001	0.997	0.001
0.997	0.001	0.001	0.001
0.001	0.121	0.001	0.877
0.001	0.001	0.001	0.997
0.001	0.001	0.997	0.001
0.001	0.997	0.001	0.001
0.997	0.001	0.001	0.001
0.001	0.877	0.001	0.121
0.001	0.997	0.001	0.001
0.997	0.001	0.001	0.001
>TCATCATCATCA	14-TCATCATCATCA	10.562685	-23.008443	0	T:22.0(1.54%),B:185.2(0.26%),P:1e-9	Tpos:107.2,Tstd:55.0,Bpos:98.0,Bstd:73.4,StrandBias:0.2,Multiplicity:1.23
0.001	0.375	0.077	0.547
0.001	0.997	0.001	0.001
0.590	0.066	0.246	0.098
0.001	0.137	0.118	0.744
0.001	0.997	0.001	0.001
0.515	0.001	0.119	0.365
0.065	0.077	0.001	0.857
0.128	0.814	0.001	0.057
0.505	0.001	0.256	0.238
0.054	0.118	0.001	0.827
0.001	0.997	0.001	0.001
0.871	0.001	0.127	0.001
>AACCCTAACCCT	15-AACCCTAACCCT	10.255414	-22.973053	0	T:17.0(1.19%),B:103.1(0.15%),P:1e-9	Tpos:92.1,Tstd:57.1,Bpos:101.7,Bstd:70.8,StrandBias:1.4,Multiplicity:1.88
0.847	0.075	0.001	0.077
0.921	0.077	0.001	0.001
0.078	0.839	0.001	0.082
0.001	0.924	0.001	0.074
0.001	0.846	0.001	0.152
0.075	0.304	0.001	0.620
0.846	0.001	0.001	0.152
0.924	0.001	0.001	0.074
0.153	0.771	0.001	0.075
0.001	0.695	0.151	0.153
0.001	0.997	0.001	0.001
0.075	0.158	0.001	0.766
>ANATAKAKAGAT	16-ANATAKAKAGAT	8.324184	-22.450591	0	T:106.0(7.43%),B:2683.6(3.83%),P:1e-9	Tpos:104.3,Tstd:56.8,Bpos:97.0,Bstd:114.7,StrandBias:0.1,Multiplicity:1.40
0.902	0.001	0.096	0.001
0.276	0.292	0.227	0.206
0.997	0.001	0.001	0.001
0.276	0.001	0.277	0.446
0.997	0.001	0.001	0.001
0.001	0.136	0.478	0.384
0.997	0.001	0.001	0.001
0.001	0.001	0.569	0.429
0.997	0.001	0.001	0.001
0.001	0.215	0.483	0.301
0.997	0.001	0.001	0.001
0.006	0.001	0.391	0.602
>GCGCCCGWAGGG	17-GCGCCCGWAGGG	10.674694	-21.710344	0	T:6.0(0.42%),B:4.6(0.01%),P:1e-9	Tpos:75.5,Tstd:53.4,Bpos:81.4,Bstd:37.1,StrandBias:0.0,Multiplicity:1.00
0.087	0.087	0.825	0.001
0.001	0.997	0.001	0.001
0.087	0.001	0.911	0.001
0.087	0.825	0.001	0.087
0.001	0.726	0.098	0.175
0.001	0.911	0.001	0.087
0.099	0.087	0.527	0.287
0.451	0.009	0.001	0.539
0.634	0.190	0.001	0.175
0.087	0.175	0.737	0.001
0.087	0.001	0.911	0.001
0.001	0.087	0.911	0.001
>TTTGAAATAAAT	18-TTTGAAATAAAT	12.355432	-19.364520	0	T:9.0(0.63%),B:25.3(0.04%),P:1e-8	Tpos:112.1,Tstd:50.6,Bpos:25.6,Bstd:28.4,StrandBias:1.6,Multiplicity:1.00
0.100	0.100	0.100	0.700
0.100	0.100	0.100	0.700
0.100	0.100	0.100	0.700
0.100	0.100	0.700	0.100
0.700	0.100	0.100	0.100
0.700	0.100	0.100	0.100
0.700	0.100	0.100	0.100
0.100	0.100	0.100	0.700
0.700	0.100	0.100	0.100
0.700	0.100	0.100	0.100
0.700	0.100	0.100	0.100
0.100	0.100	0.100	0.700
>GTKTGTKTGTGT	19-GTKTGTKTGTGT	9.845896	-18.189438	0	T:60.0(4.20%),B:1308.8(1.87%),P:1e-7	Tpos:117.6,Tstd:53.8,Bpos:101.7,Bstd:74.0,StrandBias:-0.4,Multiplicity:1.10
0.037	0.001	0.850	0.112
0.001	0.043	0.001	0.955
0.001	0.071	0.404	0.524
0.001	0.001	0.001	0.997
0.169	0.001	0.711	0.119
0.001	0.167	0.001	0.831
0.152	0.162	0.349	0.337
0.001	0.001	0.001	0.997
0.001	0.040	0.958	0.001
0.220	0.001	0.138	0.641
0.052	0.166	0.641	0.141
0.024	0.001	0.001	0.974
>TACACTACACTA	20-TACACTACACTA	10.508382	-16.979338	0	T:19.0(1.33%),B:195.2(0.28%),P:1e-7	Tpos:77.6,Tstd:48.8,Bpos:90.7,Bstd:63.5,StrandBias:1.9,Multiplicity:1.25
0.001	0.039	0.040	0.920
0.935	0.025	0.001	0.039
0.160	0.567	0.188	0.085
0.923	0.038	0.001	0.038
0.080	0.771	0.071	0.078
0.044	0.039	0.039	0.878
0.940	0.001	0.020	0.039
0.099	0.621	0.188	0.092
0.929	0.032	0.001	0.038
0.106	0.815	0.078	0.001
0.096	0.001	0.001	0.902
0.809	0.039	0.032	0.120
>ATATSATATGAT	21-ATATSATATGAT	6.888928	-14.738528	0	T:184.0(12.89%),B:6257.0(8.92%),P:1e-6	Tpos:98.5,Tstd:53.3,Bpos:101.2,Bstd:147.1,StrandBias:0.2,Multiplicity:1.08
0.941	0.057	0.001	0.001
0.001	0.057	0.001	0.941
0.827	0.058	0.029	0.086
0.144	0.058	0.058	0.740
0.001	0.458	0.455	0.086
0.690	0.052	0.086	0.172
0.052	0.024	0.115	0.809
0.826	0.057	0.030	0.087
0.029	0.001	0.087	0.883
0.029	0.372	0.542	0.057
0.683	0.172	0.030	0.115
0.087	0.081	0.001	0.831
>TGTTGTTGTTGT	22-TGTTGTTGTTGT	12.759570	-14.533823	0	T:11.0(0.77%),B:73.5(0.10%),P:1e-6	Tpos:58.2,Tstd:29.5,Bpos:102.8,Bstd:50.7,StrandBias:2.5,Multiplicity:1.40
0.001	0.001	0.018	0.980
0.001	0.045	0.953	0.001
0.001	0.001	0.001	0.997
0.001	0.001	0.001	0.997
0.001	0.001	0.997	0.001
0.001	0.001	0.001	0.997
0.001	0.001	0.001	0.997
0.001	0.027	0.971	0.001
0.001	0.001	0.001	0.997
0.001	0.001	0.025	0.973
0.001	0.001	0.997	0.001
0.038	0.001	0.027	0.934
>TATACTTACAAT	23-TATACTTACAAT	12.355432	-14.006310	0	T:5.0(0.35%),B:8.7(0.01%),P:1e-6	Tpos:149.4,Tstd:34.5,Bpos:126.0,Bstd:58.6,StrandBias:10.0,Multiplicity:1.00
0.100	0.100	0.100	0.700
0.700	0.100	0.100	0.100
0.100	0.100	0.100	0.700
0.700	0.100	0.100	0.100
0.100	0.700	0.100	0.100
0.100	0.100	0.100	0.700
0.100	0.100	0.100	0.700
0.700	0.100	0.100	0.100
0.100	0.700	0.100	0.100
0.700	0.100	0.100	0.100
0.700	0.100	0.100	0.100
0.100	0.100	0.100	0.700
>TAATAATAATAA	24-TAATAATAATAA	13.233680	-13.741820	0	T:9.0(0.63%),B:49.4(0.07%),P:1e-5	Tpos:109.4,Tstd:60.7,Bpos:112.8,Bstd:133.9,StrandBias:0.6,Multiplicity:1.00
0.001	0.034	0.001	0.964
0.997	0.001	0.001	0.001
0.997	0.001	0.001	0.001
0.001	0.001	0.001	0.997
0.997	0.001	0.001	0.001
0.965	0.001	0.001	0.033
0.001	0.001	0.001	0.997
0.917	0.041	0.041	0.001
0.997	0.001	0.001	0.001
0.001	0.001	0.001	0.997
0.958	0.040	0.001	0.001
0.997	0.001	0.001	0.001
>ATAACACCATTT	25-ATAACACCATTT	12.355432	-10.228099	0	T:3.0(0.21%),B:3.2(0.00%),P:1e-4	Tpos:130.0,Tstd:51.6,Bpos:123.2,Bstd:46.4,StrandBias:10.0,Multiplicity:1.67
0.700	0.100	0.100	0.100
0.100	0.100	0.100	0.700
0.700	0.100	0.100	0.100
0.700	0.100	0.100	0.100
0.100	0.700	0.100	0.100
0.700	0.100	0.100	0.100
0.100	0.700	0.100	0.100
0.100	0.700	0.100	0.100
0.700	0.100	0.100	0.100
0.100	0.100	0.100	0.700
0.100	0.100	0.100	0.700
0.100	0.100	0.100	0.700
