>AAATTTTTGA	1-AAATTTTTGA	6.190512	-95.012880	0	T:591.0(41.42%),B:17534.2(25.00%),P:1e-41	Tpos:99.9,Tstd:55.3,Bpos:100.4,Bstd:124.0,StrandBias:-0.0,Multiplicity:1.42
0.708	0.091	0.081	0.120
0.727	0.071	0.080	0.122
0.734	0.060	0.076	0.130
0.179	0.059	0.069	0.693
0.111	0.070	0.073	0.746
0.069	0.068	0.053	0.810
0.131	0.084	0.103	0.682
0.112	0.090	0.118	0.680
0.159	0.146	0.540	0.155
0.680	0.112	0.115	0.093
>GAAATTTCGA	2-GAAATTTCGA	6.616632	-89.899195	0	T:345.0(24.18%),B:8159.2(11.63%),P:1e-39	Tpos:101.7,Tstd:55.9,Bpos:100.6,Bstd:105.0,StrandBias:-0.1,Multiplicity:1.12
0.114	0.054	0.660	0.172
0.743	0.057	0.083	0.117
0.866	0.017	0.031	0.086
0.885	0.032	0.043	0.040
0.077	0.062	0.133	0.728
0.048	0.009	0.030	0.913
0.065	0.061	0.017	0.857
0.063	0.701	0.043	0.193
0.054	0.025	0.851	0.070
0.801	0.067	0.040	0.092
>AAAAATMWAA	3-AAAAATMWAA	6.811532	-76.306325	0	T:543.0(38.05%),B:16604.4(23.68%),P:1e-33	Tpos:93.2,Tstd:56.0,Bpos:100.0,Bstd:133.3,StrandBias:-0.1,Multiplicity:1.32
0.521	0.133	0.208	0.138
0.934	0.064	0.001	0.001
0.997	0.001	0.001	0.001
0.804	0.020	0.001	0.175
0.710	0.039	0.046	0.205
0.241	0.001	0.001	0.757
0.372	0.335	0.121	0.172
0.513	0.001	0.095	0.391
0.519	0.038	0.330	0.113
0.499	0.142	0.257	0.102
>AAATTTGGTA	4-AAATTTGGTA	4.536613	-69.776113	0	T:1050.0(73.58%),B:41333.3(58.93%),P:1e-30	Tpos:102.0,Tstd:56.1,Bpos:99.7,Bstd:112.2,StrandBias:-0.1,Multiplicity:1.68
0.716	0.084	0.107	0.093
0.715	0.087	0.102	0.096
0.698	0.088	0.106	0.108
0.097	0.095	0.084	0.724
0.091	0.106	0.085	0.718
0.097	0.117	0.089	0.697
0.120	0.116	0.678	0.086
0.110	0.116	0.674	0.100
0.104	0.112	0.099	0.685
0.695	0.098	0.107	0.100
>AAAATTTCTC	5-AAAATTTCTC	5.341074	-62.598033	0	T:579.0(40.57%),B:19067.8(27.19%),P:1e-27	Tpos:104.4,Tstd:57.1,Bpos:99.7,Bstd:102.6,StrandBias:-0.1,Multiplicity:1.12
0.717	0.144	0.017	0.122
0.703	0.094	0.083	0.120
0.623	0.098	0.139	0.140
0.673	0.123	0.106	0.098
0.134	0.120	0.105	0.641
0.102	0.104	0.127	0.667
0.106	0.125	0.078	0.691
0.099	0.723	0.042	0.136
0.117	0.145	0.031	0.707
0.026	0.855	0.001	0.118
>GCACTTGTGG	6-GCACTTGTGG	9.688753	-35.470138	0	T:15.0(1.05%),B:31.7(0.05%),P:1e-15	Tpos:127.7,Tstd:51.3,Bpos:83.4,Bstd:42.5,StrandBias:-1.0,Multiplicity:1.00
0.001	0.001	0.997	0.001
0.001	0.997	0.001	0.001
0.997	0.001	0.001	0.001
0.001	0.997	0.001	0.001
0.001	0.001	0.001	0.997
0.001	0.001	0.001	0.997
0.001	0.001	0.997	0.001
0.001	0.001	0.213	0.785
0.001	0.074	0.924	0.001
0.001	0.001	0.997	0.001
>AGACTTAARC	7-AGACTTAARC	10.990405	-34.461341	0	T:24.0(1.68%),B:128.0(0.18%),P:1e-14	Tpos:91.5,Tstd:57.7,Bpos:97.9,Bstd:97.1,StrandBias:-1.1,Multiplicity:1.00
0.997	0.001	0.001	0.001
0.001	0.001	0.997	0.001
0.997	0.001	0.001	0.001
0.001	0.997	0.001	0.001
0.001	0.001	0.251	0.747
0.001	0.360	0.001	0.638
0.997	0.001	0.001	0.001
0.997	0.001	0.001	0.001
0.531	0.001	0.467	0.001
0.001	0.770	0.001	0.228
>CGATTGGAAC	8-CGATTGGAAC	10.813906	-28.915165	0	T:17.0(1.19%),B:70.5(0.10%),P:1e-12	Tpos:112.5,Tstd:57.3,Bpos:108.5,Bstd:64.3,StrandBias:0.0,Multiplicity:1.06
0.001	0.997	0.001	0.001
0.073	0.063	0.863	0.001
0.838	0.093	0.068	0.001
0.001	0.001	0.001	0.997
0.081	0.001	0.001	0.917
0.001	0.001	0.997	0.001
0.001	0.001	0.997	0.001
0.997	0.001	0.001	0.001
0.997	0.001	0.001	0.001
0.001	0.997	0.001	0.001
>GGGGGGGGGG	9-GGGGGGGGGG	7.340918	-28.036761	0	T:53.0(3.71%),B:818.3(1.17%),P:1e-12	Tpos:96.7,Tstd:58.0,Bpos:100.1,Bstd:60.4,StrandBias:-0.3,Multiplicity:1.11
0.130	0.101	0.704	0.065
0.045	0.143	0.688	0.124
0.048	0.118	0.759	0.075
0.018	0.040	0.941	0.001
0.058	0.042	0.899	0.001
0.048	0.035	0.892	0.025
0.084	0.001	0.859	0.056
0.010	0.014	0.947	0.029
0.060	0.040	0.673	0.227
0.025	0.098	0.649	0.228
>GBTAGGCCTA	10-GBTAGGCCTA	7.931530	-26.213885	0	T:39.0(2.73%),B:502.2(0.72%),P:1e-11	Tpos:104.7,Tstd:58.2,Bpos:100.1,Bstd:71.5,StrandBias:0.3,Multiplicity:1.03
0.210	0.121	0.483	0.186
0.001	0.262	0.404	0.333
0.028	0.408	0.001	0.563
0.893	0.001	0.001	0.105
0.071	0.001	0.905	0.023
0.058	0.001	0.910	0.031
0.002	0.871	0.002	0.125
0.070	0.690	0.129	0.111
0.055	0.092	0.079	0.774
0.824	0.033	0.108	0.035
>GGTGACCCCC	11-GGTGACCCCC	11.617048	-20.921762	0	T:8.0(0.56%),B:14.7(0.02%),P:1e-9	Tpos:116.1,Tstd:50.8,Bpos:105.0,Bstd:52.2,StrandBias:0.0,Multiplicity:1.14
0.001	0.001	0.997	0.001
0.063	0.100	0.836	0.001
0.001	0.001	0.001	0.997
0.001	0.001	0.997	0.001
0.845	0.153	0.001	0.001
0.001	0.845	0.001	0.153
0.001	0.997	0.001	0.001
0.001	0.997	0.001	0.001
0.001	0.997	0.001	0.001
0.001	0.997	0.001	0.001
>GGCCGCAGAA	12-GGCCGCAGAA	9.638419	-20.762811	0	T:18.0(1.26%),B:136.2(0.19%),P:1e-9	Tpos:107.7,Tstd:49.3,Bpos:99.3,Bstd:48.7,StrandBias:1.5,Multiplicity:1.06
0.163	0.001	0.835	0.001
0.066	0.001	0.876	0.057
0.057	0.888	0.001	0.054
0.036	0.927	0.001	0.036
0.047	0.001	0.951	0.001
0.001	0.888	0.001	0.110
0.945	0.053	0.001	0.001
0.047	0.001	0.951	0.001
0.997	0.001	0.001	0.001
0.827	0.111	0.061	0.001
>KAGAKABAKA	13-KAGAKABAKA	6.613172	-17.300144	0	T:83.0(5.82%),B:2128.3(3.03%),P:1e-7	Tpos:103.0,Tstd:58.2,Bpos:96.1,Bstd:107.7,StrandBias:0.1,Multiplicity:1.54
0.076	0.008	0.454	0.461
0.556	0.118	0.175	0.151
0.051	0.250	0.486	0.213
0.574	0.078	0.309	0.039
0.001	0.106	0.382	0.511
0.522	0.110	0.169	0.199
0.032	0.341	0.286	0.342
0.851	0.063	0.085	0.001
0.001	0.001	0.453	0.545
0.544	0.100	0.302	0.054
>GATTTTTATY	14-GATTTTTATY	10.571302	-15.613092	0	T:18.0(1.26%),B:192.0(0.27%),P:1e-6	Tpos:121.9,Tstd:59.4,Bpos:94.7,Bstd:79.2,StrandBias:-0.4,Multiplicity:1.00
0.255	0.001	0.743	0.001
0.670	0.001	0.001	0.328
0.012	0.016	0.001	0.971
0.335	0.012	0.001	0.652
0.001	0.001	0.001	0.997
0.001	0.001	0.008	0.990
0.001	0.255	0.013	0.731
0.995	0.001	0.003	0.001
0.004	0.036	0.038	0.922
0.154	0.347	0.175	0.324
>TGATGATGAT	15-TGATGATGAT	10.210994	-15.184708	0	T:28.0(1.96%),B:441.4(0.63%),P:1e-6	Tpos:105.2,Tstd:53.0,Bpos:94.4,Bstd:102.9,StrandBias:-0.9,Multiplicity:1.14
0.026	0.011	0.001	0.962
0.001	0.001	0.946	0.052
0.929	0.011	0.032	0.028
0.018	0.056	0.030	0.896
0.001	0.001	0.980	0.018
0.972	0.001	0.009	0.018
0.062	0.073	0.031	0.834
0.001	0.001	0.997	0.001
0.902	0.001	0.001	0.096
0.033	0.084	0.011	0.872
>TATTATTATA	16-TATTATTATA	10.984602	-13.171056	0	T:26.0(1.82%),B:434.4(0.62%),P:1e-5	Tpos:92.0,Tstd:54.6,Bpos:96.4,Bstd:133.2,StrandBias:0.2,Multiplicity:1.00
0.001	0.001	0.001	0.997
0.997	0.001	0.001	0.001
0.302	0.001	0.001	0.696
0.001	0.001	0.001	0.997
0.997	0.001	0.001	0.001
0.001	0.297	0.001	0.701
0.001	0.001	0.288	0.710
0.997	0.001	0.001	0.001
0.001	0.001	0.001	0.997
0.899	0.001	0.001	0.099
>TCTATCTGTC	17-TCTATCTGTC	10.365942	-12.214901	0	T:17.0(1.19%),B:221.5(0.32%),P:1e-5	Tpos:106.0,Tstd:61.9,Bpos:101.8,Bstd:70.7,StrandBias:-0.6,Multiplicity:1.06
0.001	0.151	0.185	0.663
0.001	0.912	0.001	0.086
0.002	0.001	0.126	0.871
0.788	0.001	0.183	0.028
0.144	0.001	0.005	0.850
0.001	0.878	0.010	0.111
0.109	0.001	0.001	0.889
0.001	0.001	0.997	0.001
0.032	0.197	0.006	0.765
0.001	0.997	0.001	0.001
>GAGGATCCTG	18-GAGGATCCTG	11.763855	-11.091255	0	T:4.0(0.28%),B:8.0(0.01%),P:1e-4	Tpos:118.6,Tstd:48.4,Bpos:113.0,Bstd:59.5,StrandBias:1.3,Multiplicity:1.75
0.001	0.001	0.997	0.001
0.843	0.155	0.001	0.001
0.001	0.001	0.997	0.001
0.001	0.001	0.997	0.001
0.810	0.188	0.001	0.001
0.001	0.001	0.001	0.997
0.001	0.997	0.001	0.001
0.001	0.997	0.001	0.001
0.001	0.001	0.001	0.997
0.001	0.001	0.997	0.001
>SATATSATAT	19-SATATSATAT	6.095699	-8.800492	0	T:192.0(13.45%),B:7289.9(10.39%),P:1e-3	Tpos:95.3,Tstd:51.9,Bpos:99.2,Bstd:100.0,StrandBias:-0.0,Multiplicity:1.20
0.016	0.488	0.495	0.001
0.871	0.043	0.027	0.059
0.015	0.015	0.038	0.932
0.819	0.068	0.086	0.027
0.048	0.072	0.023	0.857
0.044	0.502	0.453	0.001
0.899	0.001	0.073	0.027
0.001	0.043	0.057	0.899
0.894	0.015	0.090	0.001
0.023	0.090	0.026	0.861
>TTCTTAKTAT	20-TTCTTAKTAT	8.852518	-8.422987	0	T:32.0(2.24%),B:780.9(1.11%),P:1e-3	Tpos:103.3,Tstd:60.1,Bpos:113.5,Bstd:137.5,StrandBias:-0.2,Multiplicity:1.00
0.001	0.266	0.001	0.732
0.001	0.001	0.001	0.997
0.261	0.717	0.001	0.021
0.001	0.001	0.001	0.997
0.001	0.001	0.001	0.997
0.997	0.001	0.001	0.001
0.001	0.001	0.443	0.555
0.001	0.001	0.001	0.997
0.997	0.001	0.001	0.001
0.001	0.001	0.001	0.997
>GTTGTTGTTG	21-GTTGTTGTTG	10.296193	-8.327582	0	T:10.0(0.70%),B:121.2(0.17%),P:1e-3	Tpos:61.2,Tstd:34.0,Bpos:99.9,Bstd:48.9,StrandBias:2.2,Multiplicity:1.40
0.100	0.100	0.700	0.100
0.100	0.100	0.100	0.700
0.100	0.100	0.100	0.700
0.100	0.100	0.700	0.100
0.100	0.100	0.100	0.700
0.100	0.100	0.100	0.700
0.100	0.100	0.700	0.100
0.100	0.100	0.100	0.700
0.100	0.100	0.100	0.700
0.100	0.100	0.700	0.100
>ACCCTAACCC	22-ACCCTAACCC	10.890781	-8.256473	0	T:6.0(0.42%),B:42.1(0.06%),P:1e-3	Tpos:113.5,Tstd:59.0,Bpos:109.3,Bstd:76.7,StrandBias:2.9,Multiplicity:2.83
0.916	0.082	0.001	0.001
0.001	0.917	0.001	0.081
0.001	0.997	0.001	0.001
0.001	0.927	0.071	0.001
0.001	0.001	0.001	0.997
0.940	0.001	0.001	0.058
0.997	0.001	0.001	0.001
0.001	0.997	0.001	0.001
0.001	0.997	0.001	0.001
0.001	0.927	0.071	0.001
>CACTACACTA	23-CACTACACTA	11.303156	-7.666983	0	T:6.0(0.42%),B:47.6(0.07%),P:1e-3	Tpos:120.5,Tstd:49.8,Bpos:91.8,Bstd:40.8,StrandBias:2.5,Multiplicity:2.17
0.001	0.997	0.001	0.001
0.997	0.001	0.001	0.001
0.001	0.953	0.001	0.045
0.001	0.001	0.001	0.997
0.997	0.001	0.001	0.001
0.001	0.931	0.067	0.001
0.809	0.101	0.001	0.089
0.001	0.997	0.001	0.001
0.001	0.001	0.001	0.997
0.997	0.001	0.001	0.001
>GTGTGTGTGT	24-GTGTGTGTGT	8.492871	-6.041652	0	T:36.0(2.52%),B:1055.9(1.51%),P:1e-2	Tpos:116.2,Tstd:59.8,Bpos:102.5,Bstd:57.1,StrandBias:-0.8,Multiplicity:1.08
0.151	0.008	0.743	0.098
0.042	0.168	0.035	0.755
0.001	0.001	0.760	0.238
0.131	0.169	0.016	0.684
0.218	0.035	0.556	0.191
0.016	0.154	0.020	0.810
0.212	0.027	0.750	0.011
0.006	0.201	0.046	0.747
0.218	0.079	0.575	0.128
0.119	0.110	0.142	0.629
>TGTGTGTTTG	25-TGTGTGTTTG	10.542128	-5.854816	0	T:30.0(2.10%),B:842.8(1.20%),P:1e-2	Tpos:93.6,Tstd:49.4,Bpos:100.4,Bstd:121.5,StrandBias:0.7,Multiplicity:1.10
0.001	0.050	0.001	0.948
0.073	0.001	0.925	0.001
0.001	0.193	0.001	0.805
0.140	0.078	0.549	0.233
0.001	0.001	0.001	0.997
0.245	0.001	0.753	0.001
0.001	0.001	0.001	0.997
0.001	0.275	0.072	0.652
0.037	0.087	0.001	0.875
0.001	0.059	0.856	0.084
>TTTTAAAATTTT	1-TTTTAAAATTTT	6.841457	-92.755679	0	T:534.0(37.42%),B:15288.7(21.80%),P:1e-40	Tpos:99.1,Tstd:56.4,Bpos:99.0,Bstd:139.3,StrandBias:0.0,Multiplicity:1.35
0.117	0.083	0.059	0.741
0.084	0.108	0.053	0.755
0.097	0.101	0.071	0.731
0.101	0.102	0.092	0.705
0.702	0.099	0.092	0.107
0.734	0.076	0.075	0.115
0.748	0.074	0.090	0.088
0.767	0.092	0.049	0.092
0.108	0.070	0.051	0.771
0.100	0.060	0.045	0.795
0.089	0.056	0.059	0.796
0.087	0.084	0.074	0.755
>NAAAATTTTDNN	2-NAAAATTTTDNN	5.458018	-83.900993	0	T:776.0(54.38%),B:26486.9(37.77%),P:1e-36	Tpos:99.1,Tstd:54.8,Bpos:99.3,Bstd:125.1,StrandBias:0.0,Multiplicity:1.26
0.318	0.219	0.185	0.278
0.767	0.118	0.027	0.088
0.756	0.064	0.068	0.112
0.863	0.018	0.046	0.073
0.607	0.039	0.021	0.333
0.164	0.001	0.032	0.803
0.010	0.059	0.003	0.928
0.057	0.076	0.052	0.815
0.259	0.024	0.149	0.568
0.239	0.166	0.354	0.242
0.213	0.246	0.291	0.250
0.230	0.244	0.251	0.275
>TTTTTCAAAAAT	3-TTTTTCAAAAAT	9.335443	-75.847803	0	T:127.0(8.90%),B:1756.1(2.50%),P:1e-32	Tpos:100.4,Tstd:58.0,Bpos:99.5,Bstd:114.8,StrandBias:0.0,Multiplicity:1.00
0.064	0.061	0.045	0.830
0.065	0.029	0.021	0.885
0.011	0.076	0.028	0.885
0.079	0.091	0.069	0.761
0.059	0.023	0.038	0.880
0.085	0.778	0.089	0.048
0.795	0.070	0.065	0.070
0.826	0.050	0.043	0.081
0.867	0.063	0.015	0.055
0.834	0.078	0.031	0.057
0.853	0.039	0.051	0.057
0.031	0.090	0.069	0.810
>TTGATGAAATAT	4-TTGATGAAATAT	8.070389	-72.850036	0	T:230.0(16.12%),B:4858.3(6.93%),P:1e-31	Tpos:102.4,Tstd:56.3,Bpos:97.8,Bstd:117.1,StrandBias:0.3,Multiplicity:1.07
0.086	0.015	0.124	0.775
0.058	0.001	0.032	0.909
0.001	0.302	0.558	0.139
0.760	0.015	0.212	0.013
0.204	0.166	0.157	0.474
0.212	0.001	0.600	0.187
0.923	0.001	0.075	0.001
0.863	0.001	0.001	0.135
0.912	0.001	0.086	0.001
0.150	0.086	0.108	0.656
0.551	0.155	0.069	0.225
0.060	0.001	0.001	0.938
>ATTCTTGATTTT	5-ATTCTTGATTTT	14.125543	-54.102575	0	T:10.0(0.70%),B:0.6(0.00%),P:1e-23	Tpos:99.8,Tstd:51.9,Bpos:48.9,Bstd:29.3,StrandBias:0.0,Multiplicity:1.00
0.997	0.001	0.001	0.001
0.001	0.001	0.001	0.997
0.001	0.001	0.001	0.997
0.001	0.997	0.001	0.001
0.001	0.001	0.001	0.997
0.001	0.001	0.001	0.997
0.001	0.001	0.997	0.001
0.997	0.001	0.001	0.001
0.001	0.084	0.001	0.914
0.001	0.001	0.001	0.997
0.001	0.001	0.001	0.997
0.001	0.001	0.001	0.997
>ATACCAAATATC	6-ATACCAAATATC	12.325528	-45.958940	0	T:18.0(1.26%),B:30.1(0.04%),P:1e-19	Tpos:95.3,Tstd:56.8,Bpos:70.6,Bstd:54.0,StrandBias:-0.3,Multiplicity:1.00
0.783	0.001	0.215	0.001
0.001	0.324	0.108	0.567
0.891	0.001	0.107	0.001
0.001	0.779	0.001	0.219
0.001	0.997	0.001	0.001
0.997	0.001	0.001	0.001
0.997	0.001	0.001	0.001
0.997	0.001	0.001	0.001
0.347	0.001	0.001	0.651
0.997	0.001	0.001	0.001
0.107	0.001	0.001	0.891
0.107	0.891	0.001	0.001
>CCTAATTTGGGA	7-CCTAATTTGGGA	10.572546	-38.006412	0	T:23.0(1.61%),B:97.2(0.14%),P:1e-16	Tpos:102.0,Tstd:49.6,Bpos:101.5,Bstd:94.8,StrandBias:-0.5,Multiplicity:1.05
0.142	0.807	0.001	0.050
0.049	0.762	0.090	0.099
0.100	0.049	0.001	0.850
0.852	0.001	0.098	0.049
0.950	0.001	0.001	0.048
0.098	0.001	0.001	0.900
0.001	0.001	0.048	0.950
0.123	0.049	0.099	0.729
0.049	0.099	0.718	0.134
0.001	0.001	0.950	0.048
0.171	0.001	0.689	0.139
0.852	0.001	0.098	0.049
>TKGGGGGGGGGG	8-TKGGGGGGGGGG	9.007320	-36.056737	0	T:42.0(2.94%),B:424.5(0.61%),P:1e-15	Tpos:98.9,Tstd:56.9,Bpos:99.9,Bstd:58.1,StrandBias:-0.3,Multiplicity:1.07
0.166	0.131	0.265	0.438
0.133	0.132	0.405	0.331
0.001	0.100	0.767	0.132
0.001	0.231	0.669	0.099
0.033	0.033	0.868	0.066
0.137	0.001	0.829	0.033
0.001	0.001	0.997	0.001
0.203	0.001	0.795	0.001
0.033	0.001	0.933	0.033
0.001	0.001	0.915	0.083
0.131	0.049	0.604	0.216
0.001	0.204	0.481	0.314
>TATGCACCTCGA	9-TATGCACCTCGA	14.324708	-31.241905	0	T:10.0(0.70%),B:10.9(0.02%),P:1e-13	Tpos:84.4,Tstd:48.6,Bpos:67.0,Bstd:68.5,StrandBias:-1.2,Multiplicity:1.00
0.001	0.001	0.001	0.997
0.997	0.001	0.001	0.001
0.001	0.148	0.001	0.850
0.001	0.001	0.997	0.001
0.001	0.997	0.001	0.001
0.810	0.001	0.188	0.001
0.001	0.997	0.001	0.001
0.001	0.997	0.001	0.001
0.001	0.001	0.001	0.997
0.001	0.850	0.001	0.148
0.001	0.001	0.997	0.001
0.997	0.001	0.001	0.001
>AACATGCCCGGA	10-AACATGCCCGGA	10.178429	-31.194741	0	T:12.0(0.84%),B:20.8(0.03%),P:1e-13	Tpos:95.6,Tstd:54.5,Bpos:102.3,Bstd:74.1,StrandBias:0.4,Multiplicity:1.17
0.997	0.001	0.001	0.001
0.997	0.001	0.001	0.001
0.001	0.997	0.001	0.001
0.997	0.001	0.001	0.001
0.001	0.196	0.001	0.802
0.001	0.001	0.997	0.001
0.202	0.796	0.001	0.001
0.001	0.797	0.001	0.201
0.001	0.796	0.001	0.202
0.001	0.001	0.997	0.001
0.001	0.001	0.997	0.001
0.997	0.001	0.001	0.001
>GCACTTGTGGTT	11-GCACTTGTGGTT	12.355432	-30.987027	0	T:7.0(0.49%),B:2.1(0.00%),P:1e-13	Tpos:133.9,Tstd:52.3,Bpos:98.6,Bstd:18.5,StrandBias:-1.3,Multiplicity:1.00
0.100	0.100	0.700	0.100
0.100	0.700	0.100	0.100
0.700	0.100	0.100	0.100
0.100	0.700	0.100	0.100
0.100	0.100	0.100	0.700
0.100	0.100	0.100	0.700
0.100	0.100	0.700	0.100
0.100	0.100	0.100	0.700
0.100	0.100	0.700	0.100
0.100	0.100	0.700	0.100
0.100	0.100	0.100	0.700
0.100	0.100	0.100	0.700
>AACATTATTGAA	12-AACATTATTGAA	14.090437	-30.494587	0	T:9.0(0.63%),B:7.8(0.01%),P:1e-13	Tpos:98.1,Tstd:40.8,Bpos:85.7,Bstd:72.2,StrandBias:1.0,Multiplicity:1.00
0.997	0.001	0.001	0.001
0.891	0.001	0.001	0.107
0.001	0.997	0.001	0.001
0.997	0.001	0.001	0.001
0.001	0.001	0.001	0.997
0.001	0.001	0.001	0.997
0.997	0.001	0.001	0.001
0.001	0.001	0.001	0.997
0.001	0.001	0.130	0.868
0.001	0.001	0.997	0.001
0.997	0.001	0.001	0.001
0.868	0.001	0.130	0.001
>CAGATTGCACCA	13-CAGATTGCACCA	16.342990	-29.976055	0	T:6.0(0.42%),B:1.7(0.00%),P:1e-13	Tpos:110.8,Tstd:52.5,Bpos:124.7,Bstd:23.9,StrandBias:2.3,Multiplicity:1.00
0.001	0.997	0.001	0.001
0.997	0.001	0.001	0.001
0.001	0.001	0.997	0.001
0.997	0.001	0.001	0.001
0.001	0.121	0.001	0.877
0.001	0.001	0.001	0.997
0.001	0.001	0.997	0.001
0.001	0.997	0.001	0.001
0.997	0.001	0.001	0.001
0.001	0.877	0.001	0.121
0.001	0.997	0.001	0.001
0.997	0.001	0.001	0.001
>TCATCATCATCA	14-TCATCATCATCA	10.562685	-23.008443	0	T:22.0(1.54%),B:185.2(0.26%),P:1e-9	Tpos:107.2,Tstd:55.0,Bpos:98.0,Bstd:73.4,StrandBias:0.2,Multiplicity:1.23
0.001	0.375	0.077	0.547
0.001	0.997	0.001	0.001
0.590	0.066	0.246	0.098
0.001	0.137	0.118	0.744
0.001	0.997	0.001	0.001
0.515	0.001	0.119	0.365
0.065	0.077	0.001	0.857
0.128	0.814	0.001	0.057
0.505	0.001	0.256	0.238
0.054	0.118	0.001	0.827
0.001	0.997	0.001	0.001
0.871	0.001	0.127	0.001
>AACCCTAACCCT	15-AACCCTAACCCT	10.255414	-22.973053	0	T:17.0(1.19%),B:103.1(0.15%),P:1e-9	Tpos:92.1,Tstd:57.1,Bpos:101.7,Bstd:70.8,StrandBias:1.4,Multiplicity:1.88
0.847	0.075	0.001	0.077
0.921	0.077	0.001	0.001
0.078	0.839	0.001	0.082
0.001	0.924	0.001	0.074
0.001	0.846	0.001	0.152
0.075	0.304	0.001	0.620
0.846	0.001	0.001	0.152
0.924	0.001	0.001	0.074
0.153	0.771	0.001	0.075
0.001	0.695	0.151	0.153
0.001	0.997	0.001	0.001
0.075	0.158	0.001	0.766
>ANATAKAKAGAT	16-ANATAKAKAGAT	8.324184	-22.450591	0	T:106.0(7.43%),B:2683.6(3.83%),P:1e-9	Tpos:104.3,Tstd:56.8,Bpos:97.0,Bstd:114.7,StrandBias:0.1,Multiplicity:1.40
0.902	0.001	0.096	0.001
0.276	0.292	0.227	0.206
0.997	0.001	0.001	0.001
0.276	0.001	0.277	0.446
0.997	0.001	0.001	0.001
0.001	0.136	0.478	0.384
0.997	0.001	0.001	0.001
0.001	0.001	0.569	0.429
0.997	0.001	0.001	0.001
0.001	0.215	0.483	0.301
0.997	0.001	0.001	0.001
0.006	0.001	0.391	0.602
>GCGCCCGWAGGG	17-GCGCCCGWAGGG	10.674694	-21.710344	0	T:6.0(0.42%),B:4.6(0.01%),P:1e-9	Tpos:75.5,Tstd:53.4,Bpos:81.4,Bstd:37.1,StrandBias:0.0,Multiplicity:1.00
0.087	0.087	0.825	0.001
0.001	0.997	0.001	0.001
0.087	0.001	0.911	0.001
0.087	0.825	0.001	0.087
0.001	0.726	0.098	0.175
0.001	0.911	0.001	0.087
0.099	0.087	0.527	0.287
0.451	0.009	0.001	0.539
0.634	0.190	0.001	0.175
0.087	0.175	0.737	0.001
0.087	0.001	0.911	0.001
0.001	0.087	0.911	0.001
>TTTGAAATAAAT	18-TTTGAAATAAAT	12.355432	-19.364520	0	T:9.0(0.63%),B:25.3(0.04%),P:1e-8	Tpos:112.1,Tstd:50.6,Bpos:25.6,Bstd:28.4,StrandBias:1.6,Multiplicity:1.00
0.100	0.100	0.100	0.700
0.100	0.100	0.100	0.700
0.100	0.100	0.100	0.700
0.100	0.100	0.700	0.100
0.700	0.100	0.100	0.100
0.700	0.100	0.100	0.100
0.700	0.100	0.100	0.100
0.100	0.100	0.100	0.700
0.700	0.100	0.100	0.100
0.700	0.100	0.100	0.100
0.700	0.100	0.100	0.100
0.100	0.100	0.100	0.700
>GTKTGTKTGTGT	19-GTKTGTKTGTGT	9.845896	-18.189438	0	T:60.0(4.20%),B:1308.8(1.87%),P:1e-7	Tpos:117.6,Tstd:53.8,Bpos:101.7,Bstd:74.0,StrandBias:-0.4,Multiplicity:1.10
0.037	0.001	0.850	0.112
0.001	0.043	0.001	0.955
0.001	0.071	0.404	0.524
0.001	0.001	0.001	0.997
0.169	0.001	0.711	0.119
0.001	0.167	0.001	0.831
0.152	0.162	0.349	0.337
0.001	0.001	0.001	0.997
0.001	0.040	0.958	0.001
0.220	0.001	0.138	0.641
0.052	0.166	0.641	0.141
0.024	0.001	0.001	0.974
>TACACTACACTA	20-TACACTACACTA	10.508382	-16.979338	0	T:19.0(1.33%),B:195.2(0.28%),P:1e-7	Tpos:77.6,Tstd:48.8,Bpos:90.7,Bstd:63.5,StrandBias:1.9,Multiplicity:1.25
0.001	0.039	0.040	0.920
0.935	0.025	0.001	0.039
0.160	0.567	0.188	0.085
0.923	0.038	0.001	0.038
0.080	0.771	0.071	0.078
0.044	0.039	0.039	0.878
0.940	0.001	0.020	0.039
0.099	0.621	0.188	0.092
0.929	0.032	0.001	0.038
0.106	0.815	0.078	0.001
0.096	0.001	0.001	0.902
0.809	0.039	0.032	0.120
>ATATSATATGAT	21-ATATSATATGAT	6.888928	-14.738528	0	T:184.0(12.89%),B:6257.0(8.92%),P:1e-6	Tpos:98.5,Tstd:53.3,Bpos:101.2,Bstd:147.1,StrandBias:0.2,Multiplicity:1.08
0.941	0.057	0.001	0.001
0.001	0.057	0.001	0.941
0.827	0.058	0.029	0.086
0.144	0.058	0.058	0.740
0.001	0.458	0.455	0.086
0.690	0.052	0.086	0.172
0.052	0.024	0.115	0.809
0.826	0.057	0.030	0.087
0.029	0.001	0.087	0.883
0.029	0.372	0.542	0.057
0.683	0.172	0.030	0.115
0.087	0.081	0.001	0.831
>TGTTGTTGTTGT	22-TGTTGTTGTTGT	12.759570	-14.533823	0	T:11.0(0.77%),B:73.5(0.10%),P:1e-6	Tpos:58.2,Tstd:29.5,Bpos:102.8,Bstd:50.7,StrandBias:2.5,Multiplicity:1.40
0.001	0.001	0.018	0.980
0.001	0.045	0.953	0.001
0.001	0.001	0.001	0.997
0.001	0.001	0.001	0.997
0.001	0.001	0.997	0.001
0.001	0.001	0.001	0.997
0.001	0.001	0.001	0.997
0.001	0.027	0.971	0.001
0.001	0.001	0.001	0.997
0.001	0.001	0.025	0.973
0.001	0.001	0.997	0.001
0.038	0.001	0.027	0.934
>TATACTTACAAT	23-TATACTTACAAT	12.355432	-14.006310	0	T:5.0(0.35%),B:8.7(0.01%),P:1e-6	Tpos:149.4,Tstd:34.5,Bpos:126.0,Bstd:58.6,StrandBias:10.0,Multiplicity:1.00
0.100	0.100	0.100	0.700
0.700	0.100	0.100	0.100
0.100	0.100	0.100	0.700
0.700	0.100	0.100	0.100
0.100	0.700	0.100	0.100
0.100	0.100	0.100	0.700
0.100	0.100	0.100	0.700
0.700	0.100	0.100	0.100
0.100	0.700	0.100	0.100
0.700	0.100	0.100	0.100
0.700	0.100	0.100	0.100
0.100	0.100	0.100	0.700
>TAATAATAATAA	24-TAATAATAATAA	13.233680	-13.741820	0	T:9.0(0.63%),B:49.4(0.07%),P:1e-5	Tpos:109.4,Tstd:60.7,Bpos:112.8,Bstd:133.9,StrandBias:0.6,Multiplicity:1.00
0.001	0.034	0.001	0.964
0.997	0.001	0.001	0.001
0.997	0.001	0.001	0.001
0.001	0.001	0.001	0.997
0.997	0.001	0.001	0.001
0.965	0.001	0.001	0.033
0.001	0.001	0.001	0.997
0.917	0.041	0.041	0.001
0.997	0.001	0.001	0.001
0.001	0.001	0.001	0.997
0.958	0.040	0.001	0.001
0.997	0.001	0.001	0.001
>ATAACACCATTT	25-ATAACACCATTT	12.355432	-10.228099	0	T:3.0(0.21%),B:3.2(0.00%),P:1e-4	Tpos:130.0,Tstd:51.6,Bpos:123.2,Bstd:46.4,StrandBias:10.0,Multiplicity:1.67
0.700	0.100	0.100	0.100
0.100	0.100	0.100	0.700
0.700	0.100	0.100	0.100
0.700	0.100	0.100	0.100
0.100	0.700	0.100	0.100
0.700	0.100	0.100	0.100
0.100	0.700	0.100	0.100
0.100	0.700	0.100	0.100
0.700	0.100	0.100	0.100
0.100	0.100	0.100	0.700
0.100	0.100	0.100	0.700
0.100	0.100	0.100	0.700
>ADWTTTTT	1-ADWTTTTT	5.172504	-98.392228	0	T:735.0(51.51%),B:23647.0(33.72%),P:1e-42	Tpos:97.8,Tstd:59.4,Bpos:99.2,Bstd:124.2,StrandBias:0.0,Multiplicity:1.17
0.490	0.187	0.139	0.184
0.268	0.085	0.336	0.311
0.432	0.060	0.090	0.417
0.184	0.042	0.170	0.604
0.161	0.001	0.032	0.806
0.001	0.166	0.009	0.824
0.140	0.121	0.067	0.672
0.229	0.228	0.163	0.381
>AAAAATWT	2-AAAAATWT	6.331526	-81.447035	0	T:648.0(45.41%),B:20817.7(29.68%),P:1e-35	Tpos:98.8,Tstd:55.5,Bpos:99.5,Bstd:131.1,StrandBias:-0.0,Multiplicity:1.52
0.507	0.168	0.256	0.069
0.837	0.001	0.161	0.001
0.997	0.001	0.001	0.001
0.876	0.001	0.001	0.122
0.632	0.089	0.001	0.278
0.368	0.071	0.001	0.560
0.544	0.038	0.001	0.417
0.171	0.001	0.108	0.720
>CVAAATTT	3-CVAAATTT	5.868891	-81.418565	0	T:783.0(54.87%),B:26989.2(38.48%),P:1e-35	Tpos:98.9,Tstd:56.8,Bpos:100.8,Bstd:113.2,StrandBias:0.1,Multiplicity:1.36
0.002	0.722	0.001	0.275
0.358	0.273	0.282	0.086
0.997	0.001	0.001	0.001
0.997	0.001	0.001	0.001
0.591	0.207	0.052	0.150
0.043	0.189	0.068	0.700
0.116	0.001	0.001	0.882
0.091	0.003	0.075	0.831
>SATATTTC	4-SATATTTC	5.305676	-66.970539	0	T:807.0(56.55%),B:29217.0(41.66%),P:1e-29	Tpos:103.1,Tstd:56.9,Bpos:99.3,Bstd:106.5,StrandBias:-0.1,Multiplicity:1.34
0.166	0.338	0.405	0.091
0.855	0.072	0.030	0.043
0.011	0.001	0.144	0.844
0.614	0.042	0.052	0.292
0.044	0.010	0.031	0.915
0.045	0.211	0.063	0.681
0.260	0.043	0.135	0.562
0.085	0.614	0.258	0.043
>AAAAATAA	5-AAAAATAA	8.698054	-38.216584	0	T:242.0(16.96%),B:6833.8(9.74%),P:1e-16	Tpos:107.1,Tstd:55.1,Bpos:103.4,Bstd:131.4,StrandBias:0.2,Multiplicity:1.04
0.638	0.344	0.017	0.001
0.886	0.001	0.112	0.001
0.957	0.004	0.008	0.031
0.958	0.040	0.001	0.001
0.478	0.178	0.020	0.324
0.001	0.001	0.001	0.997
0.997	0.001	0.001	0.001
0.997	0.001	0.001	0.001
>ACGAAATR	6-ACGAAATR	4.616043	-37.173891	0	T:385.0(26.98%),B:12675.2(18.07%),P:1e-16	Tpos:102.6,Tstd:55.6,Bpos:100.5,Bstd:97.2,StrandBias:0.1,Multiplicity:1.13
0.439	0.104	0.204	0.253
0.203	0.526	0.152	0.119
0.094	0.180	0.542	0.184
0.740	0.109	0.089	0.062
0.578	0.093	0.096	0.233
0.521	0.070	0.226	0.183
0.187	0.092	0.086	0.635
0.385	0.204	0.264	0.147
>ATCTCGAA	7-ATCTCGAA	5.990726	-31.523219	0	T:187.0(13.10%),B:5146.0(7.34%),P:1e-13	Tpos:91.8,Tstd:55.0,Bpos:101.3,Bstd:94.8,StrandBias:-0.2,Multiplicity:1.07
0.873	0.062	0.049	0.016
0.065	0.066	0.066	0.803
0.001	0.997	0.001	0.001
0.083	0.043	0.001	0.873
0.166	0.763	0.036	0.035
0.001	0.001	0.943	0.055
0.846	0.038	0.063	0.053
0.896	0.001	0.102	0.001
>GAAATTCG	8-GAAATTCG	6.237500	-30.359164	0	T:233.0(16.33%),B:6983.7(9.96%),P:1e-13	Tpos:107.2,Tstd:52.6,Bpos:100.9,Bstd:97.6,StrandBias:-0.0,Multiplicity:1.07
0.001	0.030	0.956	0.013
0.946	0.001	0.020	0.033
0.933	0.024	0.001	0.042
0.709	0.001	0.001	0.289
0.027	0.067	0.001	0.905
0.001	0.032	0.048	0.919
0.001	0.893	0.084	0.022
0.167	0.001	0.831	0.001
>ACTTTAAG	9-ACTTTAAG	7.403762	-29.369419	0	T:157.0(11.00%),B:4157.5(5.93%),P:1e-12	Tpos:107.8,Tstd:57.3,Bpos:98.6,Bstd:103.8,StrandBias:0.5,Multiplicity:1.02
0.909	0.001	0.001	0.089
0.104	0.701	0.080	0.115
0.001	0.111	0.048	0.840
0.001	0.001	0.001	0.997
0.140	0.101	0.112	0.647
0.826	0.001	0.001	0.172
0.788	0.001	0.210	0.001
0.001	0.021	0.977	0.001
>GGGGGGGG	10-GGGGGGGG	7.648284	-28.330319	0	T:36.0(2.52%),B:401.6(0.57%),P:1e-12	Tpos:96.4,Tstd:58.7,Bpos:101.8,Bstd:60.3,StrandBias:-0.3,Multiplicity:1.19
0.021	0.078	0.827	0.074
0.001	0.053	0.931	0.015
0.014	0.001	0.984	0.001
0.001	0.001	0.997	0.001
0.024	0.001	0.974	0.001
0.019	0.001	0.972	0.008
0.008	0.001	0.968	0.023
0.013	0.020	0.812	0.155
>ATCTTGSD	11-ATCTTGSD	5.745488	-27.995748	0	T:305.0(21.37%),B:10084.7(14.38%),P:1e-12	Tpos:97.0,Tstd:57.4,Bpos:101.0,Bstd:88.7,StrandBias:0.1,Multiplicity:1.10
0.511	0.103	0.130	0.256
0.001	0.001	0.001	0.997
0.230	0.480	0.289	0.001
0.001	0.001	0.362	0.636
0.278	0.105	0.001	0.616
0.001	0.421	0.577	0.001
0.001	0.548	0.450	0.001
0.431	0.001	0.281	0.287
>TAGGCGTA	12-TAGGCGTA	7.735733	-24.994883	0	T:48.0(3.36%),B:753.6(1.07%),P:1e-10	Tpos:109.7,Tstd:54.9,Bpos:97.7,Bstd:78.4,StrandBias:0.3,Multiplicity:1.05
0.001	0.397	0.001	0.601
0.923	0.075	0.001	0.001
0.001	0.169	0.714	0.116
0.001	0.115	0.883	0.001
0.001	0.997	0.001	0.001
0.001	0.327	0.578	0.094
0.082	0.001	0.005	0.912
0.727	0.190	0.082	0.001
>CTTGCTGC	13-CTTGCTGC	6.114747	-20.385954	0	T:150.0(10.51%),B:4433.8(6.32%),P:1e-8	Tpos:99.6,Tstd:57.7,Bpos:100.0,Bstd:79.0,StrandBias:-0.2,Multiplicity:1.09
0.001	0.812	0.120	0.067
0.056	0.039	0.007	0.898
0.059	0.001	0.001	0.939
0.026	0.020	0.906	0.048
0.035	0.817	0.110	0.038
0.032	0.064	0.122	0.782
0.042	0.112	0.845	0.001
0.001	0.997	0.001	0.001
>CGATAACT	14-CGATAACT	6.694329	-19.746720	0	T:127.0(8.90%),B:3599.1(5.13%),P:1e-8	Tpos:103.3,Tstd:58.7,Bpos:97.6,Bstd:90.2,StrandBias:-0.5,Multiplicity:1.05
0.018	0.836	0.040	0.106
0.001	0.244	0.754	0.001
0.963	0.001	0.001	0.035
0.031	0.025	0.001	0.943
0.952	0.021	0.026	0.001
0.844	0.069	0.067	0.020
0.090	0.890	0.019	0.001
0.082	0.001	0.001	0.916
>CTCAGATT	15-CTCAGATT	8.908503	-18.363898	0	T:45.0(3.15%),B:839.0(1.20%),P:1e-7	Tpos:96.6,Tstd:57.7,Bpos:99.7,Bstd:73.7,StrandBias:0.3,Multiplicity:1.03
0.001	0.997	0.001	0.001
0.001	0.001	0.001	0.997
0.001	0.997	0.001	0.001
0.863	0.001	0.135	0.001
0.001	0.001	0.997	0.001
0.997	0.001	0.001	0.001
0.147	0.001	0.001	0.851
0.001	0.001	0.001	0.997
>CGATTGGA	16-CGATTGGA	8.186866	-15.103705	0	T:45.0(3.15%),B:942.1(1.34%),P:1e-6	Tpos:109.4,Tstd:56.5,Bpos:102.7,Bstd:73.2,StrandBias:-0.2,Multiplicity:1.02
0.001	0.893	0.105	0.001
0.001	0.001	0.997	0.001
0.789	0.001	0.072	0.138
0.001	0.001	0.001	0.997
0.079	0.001	0.001	0.919
0.001	0.001	0.997	0.001
0.001	0.001	0.997	0.001
0.997	0.001	0.001	0.001
>GCAGTTTC	17-GCAGTTTC	8.712759	-13.223710	0	T:77.0(5.40%),B:2135.3(3.04%),P:1e-5	Tpos:98.0,Tstd:60.1,Bpos:101.4,Bstd:84.6,StrandBias:-0.2,Multiplicity:1.07
0.174	0.111	0.714	0.001
0.001	0.851	0.001	0.147
0.997	0.001	0.001	0.001
0.001	0.001	0.997	0.001
0.001	0.001	0.001	0.997
0.001	0.001	0.001	0.997
0.001	0.001	0.001	0.997
0.001	0.997	0.001	0.001
>KAGAKAGA	18-KAGAKAGA	8.021977	-11.797158	0	T:156.0(10.93%),B:5387.0(7.68%),P:1e-5	Tpos:102.8,Tstd:57.5,Bpos:98.2,Bstd:104.7,StrandBias:0.2,Multiplicity:1.36
0.001	0.001	0.440	0.558
0.997	0.001	0.001	0.001
0.001	0.001	0.576	0.422
0.997	0.001	0.001	0.001
0.001	0.001	0.440	0.558
0.997	0.001	0.001	0.001
0.001	0.001	0.576	0.422
0.997	0.001	0.001	0.001
>GATGATGA	19-GATGATGA	8.314806	-10.832137	0	T:89.0(6.24%),B:2754.9(3.93%),P:1e-4	Tpos:100.7,Tstd:58.0,Bpos:90.4,Bstd:108.5,StrandBias:-0.2,Multiplicity:1.16
0.001	0.001	0.883	0.115
0.997	0.001	0.001	0.001
0.124	0.001	0.001	0.874
0.001	0.001	0.997	0.001
0.884	0.001	0.114	0.001
0.001	0.067	0.001	0.931
0.001	0.001	0.997	0.001
0.899	0.099	0.001	0.001
>GGGTTAGG	20-GGGTTAGG	9.059407	-9.070188	0	T:16.0(1.12%),B:258.5(0.37%),P:1e-3	Tpos:99.6,Tstd:62.1,Bpos:102.4,Bstd:71.4,StrandBias:-1.2,Multiplicity:1.93
0.001	0.001	0.997	0.001
0.001	0.001	0.997	0.001
0.001	0.001	0.997	0.001
0.001	0.001	0.134	0.864
0.001	0.001	0.001	0.997
0.997	0.001	0.001	0.001
0.001	0.001	0.997	0.001
0.001	0.001	0.997	0.001
>ATACATAC	21-ATACATAC	8.236954	-6.130165	0	T:34.0(2.38%),B:974.3(1.39%),P:1e-2	Tpos:90.9,Tstd:63.2,Bpos:100.0,Bstd:114.9,StrandBias:-1.4,Multiplicity:4.48
0.700	0.100	0.100	0.100
0.100	0.100	0.100	0.700
0.700	0.100	0.100	0.100
0.100	0.700	0.100	0.100
0.700	0.100	0.100	0.100
0.100	0.100	0.100	0.700
0.700	0.100	0.100	0.100
0.100	0.700	0.100	0.100
>ATTATTAT	22-ATTATTAT	9.966702	-5.195821	0	T:93.0(6.52%),B:3483.1(4.97%),P:1e-2	Tpos:107.4,Tstd:57.8,Bpos:107.9,Bstd:138.2,StrandBias:0.2,Multiplicity:1.09
0.997	0.001	0.001	0.001
0.001	0.001	0.001	0.997
0.001	0.001	0.001	0.997
0.666	0.001	0.001	0.332
0.001	0.001	0.001	0.997
0.001	0.001	0.001	0.997
0.997	0.001	0.001	0.001
0.001	0.001	0.001	0.997
>TCATATCA	23-TCATATCA	8.236954	-3.913761	0	T:27.0(1.89%),B:859.4(1.23%),P:1e-1	Tpos:76.2,Tstd:43.8,Bpos:99.5,Bstd:108.2,StrandBias:1.6,Multiplicity:1.86
0.100	0.100	0.100	0.700
0.100	0.700	0.100	0.100
0.700	0.100	0.100	0.100
0.100	0.100	0.100	0.700
0.700	0.100	0.100	0.100
0.100	0.100	0.100	0.700
0.100	0.700	0.100	0.100
0.700	0.100	0.100	0.100
>ACAGACAG	24-ACAGACAG	8.236954	-1.567582	0	T:23.0(1.61%),B:936.9(1.34%),P:1e0	Tpos:103.5,Tstd:56.1,Bpos:103.3,Bstd:81.2,StrandBias:0.6,Multiplicity:2.09
0.700	0.100	0.100	0.100
0.100	0.700	0.100	0.100
0.700	0.100	0.100	0.100
0.100	0.100	0.700	0.100
0.700	0.100	0.100	0.100
0.100	0.700	0.100	0.100
0.700	0.100	0.100	0.100
0.100	0.100	0.700	0.100
>GTTGTTGT	25-GTTGTTGT	8.236954	-0.520368	0	T:23.0(1.61%),B:1170.1(1.67%),P:1e0	Tpos:70.9,Tstd:41.1,Bpos:99.4,Bstd:69.2,StrandBias:1.2,Multiplicity:1.17
0.100	0.100	0.700	0.100
0.100	0.100	0.100	0.700
0.100	0.100	0.100	0.700
0.100	0.100	0.700	0.100
0.100	0.100	0.100	0.700
0.100	0.100	0.100	0.700
0.100	0.100	0.700	0.100
0.100	0.100	0.100	0.700
