>AAATTTTTGA	1-AAATTTTTGA	6.190512	-95.012880	0	T:591.0(41.42%),B:17534.2(25.00%),P:1e-41	Tpos:99.9,Tstd:55.3,Bpos:100.4,Bstd:124.0,StrandBias:-0.0,Multiplicity:1.42
0.708	0.091	0.081	0.120
0.727	0.071	0.080	0.122
0.734	0.060	0.076	0.130
0.179	0.059	0.069	0.693
0.111	0.070	0.073	0.746
0.069	0.068	0.053	0.810
0.131	0.084	0.103	0.682
0.112	0.090	0.118	0.680
0.159	0.146	0.540	0.155
0.680	0.112	0.115	0.093
>GAAATTTCGA	2-GAAATTTCGA	6.616632	-89.899195	0	T:345.0(24.18%),B:8159.2(11.63%),P:1e-39	Tpos:101.7,Tstd:55.9,Bpos:100.6,Bstd:105.0,StrandBias:-0.1,Multiplicity:1.12
0.114	0.054	0.660	0.172
0.743	0.057	0.083	0.117
0.866	0.017	0.031	0.086
0.885	0.032	0.043	0.040
0.077	0.062	0.133	0.728
0.048	0.009	0.030	0.913
0.065	0.061	0.017	0.857
0.063	0.701	0.043	0.193
0.054	0.025	0.851	0.070
0.801	0.067	0.040	0.092
>AAAAATMWAA	3-AAAAATMWAA	6.811532	-76.306325	0	T:543.0(38.05%),B:16604.4(23.68%),P:1e-33	Tpos:93.2,Tstd:56.0,Bpos:100.0,Bstd:133.3,StrandBias:-0.1,Multiplicity:1.32
0.521	0.133	0.208	0.138
0.934	0.064	0.001	0.001
0.997	0.001	0.001	0.001
0.804	0.020	0.001	0.175
0.710	0.039	0.046	0.205
0.241	0.001	0.001	0.757
0.372	0.335	0.121	0.172
0.513	0.001	0.095	0.391
0.519	0.038	0.330	0.113
0.499	0.142	0.257	0.102
>AAATTTGGTA	4-AAATTTGGTA	4.536613	-69.776113	0	T:1050.0(73.58%),B:41333.3(58.93%),P:1e-30	Tpos:102.0,Tstd:56.1,Bpos:99.7,Bstd:112.2,StrandBias:-0.1,Multiplicity:1.68
0.716	0.084	0.107	0.093
0.715	0.087	0.102	0.096
0.698	0.088	0.106	0.108
0.097	0.095	0.084	0.724
0.091	0.106	0.085	0.718
0.097	0.117	0.089	0.697
0.120	0.116	0.678	0.086
0.110	0.116	0.674	0.100
0.104	0.112	0.099	0.685
0.695	0.098	0.107	0.100
>AAAATTTCTC	5-AAAATTTCTC	5.341074	-62.598033	0	T:579.0(40.57%),B:19067.8(27.19%),P:1e-27	Tpos:104.4,Tstd:57.1,Bpos:99.7,Bstd:102.6,StrandBias:-0.1,Multiplicity:1.12
0.717	0.144	0.017	0.122
0.703	0.094	0.083	0.120
0.623	0.098	0.139	0.140
0.673	0.123	0.106	0.098
0.134	0.120	0.105	0.641
0.102	0.104	0.127	0.667
0.106	0.125	0.078	0.691
0.099	0.723	0.042	0.136
0.117	0.145	0.031	0.707
0.026	0.855	0.001	0.118
>GCACTTGTGG	6-GCACTTGTGG	9.688753	-35.470138	0	T:15.0(1.05%),B:31.7(0.05%),P:1e-15	Tpos:127.7,Tstd:51.3,Bpos:83.4,Bstd:42.5,StrandBias:-1.0,Multiplicity:1.00
0.001	0.001	0.997	0.001
0.001	0.997	0.001	0.001
0.997	0.001	0.001	0.001
0.001	0.997	0.001	0.001
0.001	0.001	0.001	0.997
0.001	0.001	0.001	0.997
0.001	0.001	0.997	0.001
0.001	0.001	0.213	0.785
0.001	0.074	0.924	0.001
0.001	0.001	0.997	0.001
>AGACTTAARC	7-AGACTTAARC	10.990405	-34.461341	0	T:24.0(1.68%),B:128.0(0.18%),P:1e-14	Tpos:91.5,Tstd:57.7,Bpos:97.9,Bstd:97.1,StrandBias:-1.1,Multiplicity:1.00
0.997	0.001	0.001	0.001
0.001	0.001	0.997	0.001
0.997	0.001	0.001	0.001
0.001	0.997	0.001	0.001
0.001	0.001	0.251	0.747
0.001	0.360	0.001	0.638
0.997	0.001	0.001	0.001
0.997	0.001	0.001	0.001
0.531	0.001	0.467	0.001
0.001	0.770	0.001	0.228
>CGATTGGAAC	8-CGATTGGAAC	10.813906	-28.915165	0	T:17.0(1.19%),B:70.5(0.10%),P:1e-12	Tpos:112.5,Tstd:57.3,Bpos:108.5,Bstd:64.3,StrandBias:0.0,Multiplicity:1.06
0.001	0.997	0.001	0.001
0.073	0.063	0.863	0.001
0.838	0.093	0.068	0.001
0.001	0.001	0.001	0.997
0.081	0.001	0.001	0.917
0.001	0.001	0.997	0.001
0.001	0.001	0.997	0.001
0.997	0.001	0.001	0.001
0.997	0.001	0.001	0.001
0.001	0.997	0.001	0.001
>GGGGGGGGGG	9-GGGGGGGGGG	7.340918	-28.036761	0	T:53.0(3.71%),B:818.3(1.17%),P:1e-12	Tpos:96.7,Tstd:58.0,Bpos:100.1,Bstd:60.4,StrandBias:-0.3,Multiplicity:1.11
0.130	0.101	0.704	0.065
0.045	0.143	0.688	0.124
0.048	0.118	0.759	0.075
0.018	0.040	0.941	0.001
0.058	0.042	0.899	0.001
0.048	0.035	0.892	0.025
0.084	0.001	0.859	0.056
0.010	0.014	0.947	0.029
0.060	0.040	0.673	0.227
0.025	0.098	0.649	0.228
>GBTAGGCCTA	10-GBTAGGCCTA	7.931530	-26.213885	0	T:39.0(2.73%),B:502.2(0.72%),P:1e-11	Tpos:104.7,Tstd:58.2,Bpos:100.1,Bstd:71.5,StrandBias:0.3,Multiplicity:1.03
0.210	0.121	0.483	0.186
0.001	0.262	0.404	0.333
0.028	0.408	0.001	0.563
0.893	0.001	0.001	0.105
0.071	0.001	0.905	0.023
0.058	0.001	0.910	0.031
0.002	0.871	0.002	0.125
0.070	0.690	0.129	0.111
0.055	0.092	0.079	0.774
0.824	0.033	0.108	0.035
>GGTGACCCCC	11-GGTGACCCCC	11.617048	-20.921762	0	T:8.0(0.56%),B:14.7(0.02%),P:1e-9	Tpos:116.1,Tstd:50.8,Bpos:105.0,Bstd:52.2,StrandBias:0.0,Multiplicity:1.14
0.001	0.001	0.997	0.001
0.063	0.100	0.836	0.001
0.001	0.001	0.001	0.997
0.001	0.001	0.997	0.001
0.845	0.153	0.001	0.001
0.001	0.845	0.001	0.153
0.001	0.997	0.001	0.001
0.001	0.997	0.001	0.001
0.001	0.997	0.001	0.001
0.001	0.997	0.001	0.001
>GGCCGCAGAA	12-GGCCGCAGAA	9.638419	-20.762811	0	T:18.0(1.26%),B:136.2(0.19%),P:1e-9	Tpos:107.7,Tstd:49.3,Bpos:99.3,Bstd:48.7,StrandBias:1.5,Multiplicity:1.06
0.163	0.001	0.835	0.001
0.066	0.001	0.876	0.057
0.057	0.888	0.001	0.054
0.036	0.927	0.001	0.036
0.047	0.001	0.951	0.001
0.001	0.888	0.001	0.110
0.945	0.053	0.001	0.001
0.047	0.001	0.951	0.001
0.997	0.001	0.001	0.001
0.827	0.111	0.061	0.001
>KAGAKABAKA	13-KAGAKABAKA	6.613172	-17.300144	0	T:83.0(5.82%),B:2128.3(3.03%),P:1e-7	Tpos:103.0,Tstd:58.2,Bpos:96.1,Bstd:107.7,StrandBias:0.1,Multiplicity:1.54
0.076	0.008	0.454	0.461
0.556	0.118	0.175	0.151
0.051	0.250	0.486	0.213
0.574	0.078	0.309	0.039
0.001	0.106	0.382	0.511
0.522	0.110	0.169	0.199
0.032	0.341	0.286	0.342
0.851	0.063	0.085	0.001
0.001	0.001	0.453	0.545
0.544	0.100	0.302	0.054
>GATTTTTATY	14-GATTTTTATY	10.571302	-15.613092	0	T:18.0(1.26%),B:192.0(0.27%),P:1e-6	Tpos:121.9,Tstd:59.4,Bpos:94.7,Bstd:79.2,StrandBias:-0.4,Multiplicity:1.00
0.255	0.001	0.743	0.001
0.670	0.001	0.001	0.328
0.012	0.016	0.001	0.971
0.335	0.012	0.001	0.652
0.001	0.001	0.001	0.997
0.001	0.001	0.008	0.990
0.001	0.255	0.013	0.731
0.995	0.001	0.003	0.001
0.004	0.036	0.038	0.922
0.154	0.347	0.175	0.324
>TGATGATGAT	15-TGATGATGAT	10.210994	-15.184708	0	T:28.0(1.96%),B:441.4(0.63%),P:1e-6	Tpos:105.2,Tstd:53.0,Bpos:94.4,Bstd:102.9,StrandBias:-0.9,Multiplicity:1.14
0.026	0.011	0.001	0.962
0.001	0.001	0.946	0.052
0.929	0.011	0.032	0.028
0.018	0.056	0.030	0.896
0.001	0.001	0.980	0.018
0.972	0.001	0.009	0.018
0.062	0.073	0.031	0.834
0.001	0.001	0.997	0.001
0.902	0.001	0.001	0.096
0.033	0.084	0.011	0.872
>TATTATTATA	16-TATTATTATA	10.984602	-13.171056	0	T:26.0(1.82%),B:434.4(0.62%),P:1e-5	Tpos:92.0,Tstd:54.6,Bpos:96.4,Bstd:133.2,StrandBias:0.2,Multiplicity:1.00
0.001	0.001	0.001	0.997
0.997	0.001	0.001	0.001
0.302	0.001	0.001	0.696
0.001	0.001	0.001	0.997
0.997	0.001	0.001	0.001
0.001	0.297	0.001	0.701
0.001	0.001	0.288	0.710
0.997	0.001	0.001	0.001
0.001	0.001	0.001	0.997
0.899	0.001	0.001	0.099
>TCTATCTGTC	17-TCTATCTGTC	10.365942	-12.214901	0	T:17.0(1.19%),B:221.5(0.32%),P:1e-5	Tpos:106.0,Tstd:61.9,Bpos:101.8,Bstd:70.7,StrandBias:-0.6,Multiplicity:1.06
0.001	0.151	0.185	0.663
0.001	0.912	0.001	0.086
0.002	0.001	0.126	0.871
0.788	0.001	0.183	0.028
0.144	0.001	0.005	0.850
0.001	0.878	0.010	0.111
0.109	0.001	0.001	0.889
0.001	0.001	0.997	0.001
0.032	0.197	0.006	0.765
0.001	0.997	0.001	0.001
>GAGGATCCTG	18-GAGGATCCTG	11.763855	-11.091255	0	T:4.0(0.28%),B:8.0(0.01%),P:1e-4	Tpos:118.6,Tstd:48.4,Bpos:113.0,Bstd:59.5,StrandBias:1.3,Multiplicity:1.75
0.001	0.001	0.997	0.001
0.843	0.155	0.001	0.001
0.001	0.001	0.997	0.001
0.001	0.001	0.997	0.001
0.810	0.188	0.001	0.001
0.001	0.001	0.001	0.997
0.001	0.997	0.001	0.001
0.001	0.997	0.001	0.001
0.001	0.001	0.001	0.997
0.001	0.001	0.997	0.001
>SATATSATAT	19-SATATSATAT	6.095699	-8.800492	0	T:192.0(13.45%),B:7289.9(10.39%),P:1e-3	Tpos:95.3,Tstd:51.9,Bpos:99.2,Bstd:100.0,StrandBias:-0.0,Multiplicity:1.20
0.016	0.488	0.495	0.001
0.871	0.043	0.027	0.059
0.015	0.015	0.038	0.932
0.819	0.068	0.086	0.027
0.048	0.072	0.023	0.857
0.044	0.502	0.453	0.001
0.899	0.001	0.073	0.027
0.001	0.043	0.057	0.899
0.894	0.015	0.090	0.001
0.023	0.090	0.026	0.861
>TTCTTAKTAT	20-TTCTTAKTAT	8.852518	-8.422987	0	T:32.0(2.24%),B:780.9(1.11%),P:1e-3	Tpos:103.3,Tstd:60.1,Bpos:113.5,Bstd:137.5,StrandBias:-0.2,Multiplicity:1.00
0.001	0.266	0.001	0.732
0.001	0.001	0.001	0.997
0.261	0.717	0.001	0.021
0.001	0.001	0.001	0.997
0.001	0.001	0.001	0.997
0.997	0.001	0.001	0.001
0.001	0.001	0.443	0.555
0.001	0.001	0.001	0.997
0.997	0.001	0.001	0.001
0.001	0.001	0.001	0.997
>GTTGTTGTTG	21-GTTGTTGTTG	10.296193	-8.327582	0	T:10.0(0.70%),B:121.2(0.17%),P:1e-3	Tpos:61.2,Tstd:34.0,Bpos:99.9,Bstd:48.9,StrandBias:2.2,Multiplicity:1.40
0.100	0.100	0.700	0.100
0.100	0.100	0.100	0.700
0.100	0.100	0.100	0.700
0.100	0.100	0.700	0.100
0.100	0.100	0.100	0.700
0.100	0.100	0.100	0.700
0.100	0.100	0.700	0.100
0.100	0.100	0.100	0.700
0.100	0.100	0.100	0.700
0.100	0.100	0.700	0.100
>ACCCTAACCC	22-ACCCTAACCC	10.890781	-8.256473	0	T:6.0(0.42%),B:42.1(0.06%),P:1e-3	Tpos:113.5,Tstd:59.0,Bpos:109.3,Bstd:76.7,StrandBias:2.9,Multiplicity:2.83
0.916	0.082	0.001	0.001
0.001	0.917	0.001	0.081
0.001	0.997	0.001	0.001
0.001	0.927	0.071	0.001
0.001	0.001	0.001	0.997
0.940	0.001	0.001	0.058
0.997	0.001	0.001	0.001
0.001	0.997	0.001	0.001
0.001	0.997	0.001	0.001
0.001	0.927	0.071	0.001
>CACTACACTA	23-CACTACACTA	11.303156	-7.666983	0	T:6.0(0.42%),B:47.6(0.07%),P:1e-3	Tpos:120.5,Tstd:49.8,Bpos:91.8,Bstd:40.8,StrandBias:2.5,Multiplicity:2.17
0.001	0.997	0.001	0.001
0.997	0.001	0.001	0.001
0.001	0.953	0.001	0.045
0.001	0.001	0.001	0.997
0.997	0.001	0.001	0.001
0.001	0.931	0.067	0.001
0.809	0.101	0.001	0.089
0.001	0.997	0.001	0.001
0.001	0.001	0.001	0.997
0.997	0.001	0.001	0.001
>GTGTGTGTGT	24-GTGTGTGTGT	8.492871	-6.041652	0	T:36.0(2.52%),B:1055.9(1.51%),P:1e-2	Tpos:116.2,Tstd:59.8,Bpos:102.5,Bstd:57.1,StrandBias:-0.8,Multiplicity:1.08
0.151	0.008	0.743	0.098
0.042	0.168	0.035	0.755
0.001	0.001	0.760	0.238
0.131	0.169	0.016	0.684
0.218	0.035	0.556	0.191
0.016	0.154	0.020	0.810
0.212	0.027	0.750	0.011
0.006	0.201	0.046	0.747
0.218	0.079	0.575	0.128
0.119	0.110	0.142	0.629
>TGTGTGTTTG	25-TGTGTGTTTG	10.542128	-5.854816	0	T:30.0(2.10%),B:842.8(1.20%),P:1e-2	Tpos:93.6,Tstd:49.4,Bpos:100.4,Bstd:121.5,StrandBias:0.7,Multiplicity:1.10
0.001	0.050	0.001	0.948
0.073	0.001	0.925	0.001
0.001	0.193	0.001	0.805
0.140	0.078	0.549	0.233
0.001	0.001	0.001	0.997
0.245	0.001	0.753	0.001
0.001	0.001	0.001	0.997
0.001	0.275	0.072	0.652
0.037	0.087	0.001	0.875
0.001	0.059	0.856	0.084
