>ADWTTTTT	1-ADWTTTTT	5.172504	-98.392228	0	T:735.0(51.51%),B:23647.0(33.72%),P:1e-42	Tpos:97.8,Tstd:59.4,Bpos:99.2,Bstd:124.2,StrandBias:0.0,Multiplicity:1.17
0.490	0.187	0.139	0.184
0.268	0.085	0.336	0.311
0.432	0.060	0.090	0.417
0.184	0.042	0.170	0.604
0.161	0.001	0.032	0.806
0.001	0.166	0.009	0.824
0.140	0.121	0.067	0.672
0.229	0.228	0.163	0.381
>AAAAATWT	2-AAAAATWT	6.331526	-81.447035	0	T:648.0(45.41%),B:20817.7(29.68%),P:1e-35	Tpos:98.8,Tstd:55.5,Bpos:99.5,Bstd:131.1,StrandBias:-0.0,Multiplicity:1.52
0.507	0.168	0.256	0.069
0.837	0.001	0.161	0.001
0.997	0.001	0.001	0.001
0.876	0.001	0.001	0.122
0.632	0.089	0.001	0.278
0.368	0.071	0.001	0.560
0.544	0.038	0.001	0.417
0.171	0.001	0.108	0.720
>CVAAATTT	3-CVAAATTT	5.868891	-81.418565	0	T:783.0(54.87%),B:26989.2(38.48%),P:1e-35	Tpos:98.9,Tstd:56.8,Bpos:100.8,Bstd:113.2,StrandBias:0.1,Multiplicity:1.36
0.002	0.722	0.001	0.275
0.358	0.273	0.282	0.086
0.997	0.001	0.001	0.001
0.997	0.001	0.001	0.001
0.591	0.207	0.052	0.150
0.043	0.189	0.068	0.700
0.116	0.001	0.001	0.882
0.091	0.003	0.075	0.831
>SATATTTC	4-SATATTTC	5.305676	-66.970539	0	T:807.0(56.55%),B:29217.0(41.66%),P:1e-29	Tpos:103.1,Tstd:56.9,Bpos:99.3,Bstd:106.5,StrandBias:-0.1,Multiplicity:1.34
0.166	0.338	0.405	0.091
0.855	0.072	0.030	0.043
0.011	0.001	0.144	0.844
0.614	0.042	0.052	0.292
0.044	0.010	0.031	0.915
0.045	0.211	0.063	0.681
0.260	0.043	0.135	0.562
0.085	0.614	0.258	0.043
>AAAAATAA	5-AAAAATAA	8.698054	-38.216584	0	T:242.0(16.96%),B:6833.8(9.74%),P:1e-16	Tpos:107.1,Tstd:55.1,Bpos:103.4,Bstd:131.4,StrandBias:0.2,Multiplicity:1.04
0.638	0.344	0.017	0.001
0.886	0.001	0.112	0.001
0.957	0.004	0.008	0.031
0.958	0.040	0.001	0.001
0.478	0.178	0.020	0.324
0.001	0.001	0.001	0.997
0.997	0.001	0.001	0.001
0.997	0.001	0.001	0.001
>ACGAAATR	6-ACGAAATR	4.616043	-37.173891	0	T:385.0(26.98%),B:12675.2(18.07%),P:1e-16	Tpos:102.6,Tstd:55.6,Bpos:100.5,Bstd:97.2,StrandBias:0.1,Multiplicity:1.13
0.439	0.104	0.204	0.253
0.203	0.526	0.152	0.119
0.094	0.180	0.542	0.184
0.740	0.109	0.089	0.062
0.578	0.093	0.096	0.233
0.521	0.070	0.226	0.183
0.187	0.092	0.086	0.635
0.385	0.204	0.264	0.147
>ATCTCGAA	7-ATCTCGAA	5.990726	-31.523219	0	T:187.0(13.10%),B:5146.0(7.34%),P:1e-13	Tpos:91.8,Tstd:55.0,Bpos:101.3,Bstd:94.8,StrandBias:-0.2,Multiplicity:1.07
0.873	0.062	0.049	0.016
0.065	0.066	0.066	0.803
0.001	0.997	0.001	0.001
0.083	0.043	0.001	0.873
0.166	0.763	0.036	0.035
0.001	0.001	0.943	0.055
0.846	0.038	0.063	0.053
0.896	0.001	0.102	0.001
>GAAATTCG	8-GAAATTCG	6.237500	-30.359164	0	T:233.0(16.33%),B:6983.7(9.96%),P:1e-13	Tpos:107.2,Tstd:52.6,Bpos:100.9,Bstd:97.6,StrandBias:-0.0,Multiplicity:1.07
0.001	0.030	0.956	0.013
0.946	0.001	0.020	0.033
0.933	0.024	0.001	0.042
0.709	0.001	0.001	0.289
0.027	0.067	0.001	0.905
0.001	0.032	0.048	0.919
0.001	0.893	0.084	0.022
0.167	0.001	0.831	0.001
>ACTTTAAG	9-ACTTTAAG	7.403762	-29.369419	0	T:157.0(11.00%),B:4157.5(5.93%),P:1e-12	Tpos:107.8,Tstd:57.3,Bpos:98.6,Bstd:103.8,StrandBias:0.5,Multiplicity:1.02
0.909	0.001	0.001	0.089
0.104	0.701	0.080	0.115
0.001	0.111	0.048	0.840
0.001	0.001	0.001	0.997
0.140	0.101	0.112	0.647
0.826	0.001	0.001	0.172
0.788	0.001	0.210	0.001
0.001	0.021	0.977	0.001
>GGGGGGGG	10-GGGGGGGG	7.648284	-28.330319	0	T:36.0(2.52%),B:401.6(0.57%),P:1e-12	Tpos:96.4,Tstd:58.7,Bpos:101.8,Bstd:60.3,StrandBias:-0.3,Multiplicity:1.19
0.021	0.078	0.827	0.074
0.001	0.053	0.931	0.015
0.014	0.001	0.984	0.001
0.001	0.001	0.997	0.001
0.024	0.001	0.974	0.001
0.019	0.001	0.972	0.008
0.008	0.001	0.968	0.023
0.013	0.020	0.812	0.155
>ATCTTGSD	11-ATCTTGSD	5.745488	-27.995748	0	T:305.0(21.37%),B:10084.7(14.38%),P:1e-12	Tpos:97.0,Tstd:57.4,Bpos:101.0,Bstd:88.7,StrandBias:0.1,Multiplicity:1.10
0.511	0.103	0.130	0.256
0.001	0.001	0.001	0.997
0.230	0.480	0.289	0.001
0.001	0.001	0.362	0.636
0.278	0.105	0.001	0.616
0.001	0.421	0.577	0.001
0.001	0.548	0.450	0.001
0.431	0.001	0.281	0.287
>TAGGCGTA	12-TAGGCGTA	7.735733	-24.994883	0	T:48.0(3.36%),B:753.6(1.07%),P:1e-10	Tpos:109.7,Tstd:54.9,Bpos:97.7,Bstd:78.4,StrandBias:0.3,Multiplicity:1.05
0.001	0.397	0.001	0.601
0.923	0.075	0.001	0.001
0.001	0.169	0.714	0.116
0.001	0.115	0.883	0.001
0.001	0.997	0.001	0.001
0.001	0.327	0.578	0.094
0.082	0.001	0.005	0.912
0.727	0.190	0.082	0.001
>CTTGCTGC	13-CTTGCTGC	6.114747	-20.385954	0	T:150.0(10.51%),B:4433.8(6.32%),P:1e-8	Tpos:99.6,Tstd:57.7,Bpos:100.0,Bstd:79.0,StrandBias:-0.2,Multiplicity:1.09
0.001	0.812	0.120	0.067
0.056	0.039	0.007	0.898
0.059	0.001	0.001	0.939
0.026	0.020	0.906	0.048
0.035	0.817	0.110	0.038
0.032	0.064	0.122	0.782
0.042	0.112	0.845	0.001
0.001	0.997	0.001	0.001
>CGATAACT	14-CGATAACT	6.694329	-19.746720	0	T:127.0(8.90%),B:3599.1(5.13%),P:1e-8	Tpos:103.3,Tstd:58.7,Bpos:97.6,Bstd:90.2,StrandBias:-0.5,Multiplicity:1.05
0.018	0.836	0.040	0.106
0.001	0.244	0.754	0.001
0.963	0.001	0.001	0.035
0.031	0.025	0.001	0.943
0.952	0.021	0.026	0.001
0.844	0.069	0.067	0.020
0.090	0.890	0.019	0.001
0.082	0.001	0.001	0.916
>CTCAGATT	15-CTCAGATT	8.908503	-18.363898	0	T:45.0(3.15%),B:839.0(1.20%),P:1e-7	Tpos:96.6,Tstd:57.7,Bpos:99.7,Bstd:73.7,StrandBias:0.3,Multiplicity:1.03
0.001	0.997	0.001	0.001
0.001	0.001	0.001	0.997
0.001	0.997	0.001	0.001
0.863	0.001	0.135	0.001
0.001	0.001	0.997	0.001
0.997	0.001	0.001	0.001
0.147	0.001	0.001	0.851
0.001	0.001	0.001	0.997
>CGATTGGA	16-CGATTGGA	8.186866	-15.103705	0	T:45.0(3.15%),B:942.1(1.34%),P:1e-6	Tpos:109.4,Tstd:56.5,Bpos:102.7,Bstd:73.2,StrandBias:-0.2,Multiplicity:1.02
0.001	0.893	0.105	0.001
0.001	0.001	0.997	0.001
0.789	0.001	0.072	0.138
0.001	0.001	0.001	0.997
0.079	0.001	0.001	0.919
0.001	0.001	0.997	0.001
0.001	0.001	0.997	0.001
0.997	0.001	0.001	0.001
>GCAGTTTC	17-GCAGTTTC	8.712759	-13.223710	0	T:77.0(5.40%),B:2135.3(3.04%),P:1e-5	Tpos:98.0,Tstd:60.1,Bpos:101.4,Bstd:84.6,StrandBias:-0.2,Multiplicity:1.07
0.174	0.111	0.714	0.001
0.001	0.851	0.001	0.147
0.997	0.001	0.001	0.001
0.001	0.001	0.997	0.001
0.001	0.001	0.001	0.997
0.001	0.001	0.001	0.997
0.001	0.001	0.001	0.997
0.001	0.997	0.001	0.001
>KAGAKAGA	18-KAGAKAGA	8.021977	-11.797158	0	T:156.0(10.93%),B:5387.0(7.68%),P:1e-5	Tpos:102.8,Tstd:57.5,Bpos:98.2,Bstd:104.7,StrandBias:0.2,Multiplicity:1.36
0.001	0.001	0.440	0.558
0.997	0.001	0.001	0.001
0.001	0.001	0.576	0.422
0.997	0.001	0.001	0.001
0.001	0.001	0.440	0.558
0.997	0.001	0.001	0.001
0.001	0.001	0.576	0.422
0.997	0.001	0.001	0.001
>GATGATGA	19-GATGATGA	8.314806	-10.832137	0	T:89.0(6.24%),B:2754.9(3.93%),P:1e-4	Tpos:100.7,Tstd:58.0,Bpos:90.4,Bstd:108.5,StrandBias:-0.2,Multiplicity:1.16
0.001	0.001	0.883	0.115
0.997	0.001	0.001	0.001
0.124	0.001	0.001	0.874
0.001	0.001	0.997	0.001
0.884	0.001	0.114	0.001
0.001	0.067	0.001	0.931
0.001	0.001	0.997	0.001
0.899	0.099	0.001	0.001
>GGGTTAGG	20-GGGTTAGG	9.059407	-9.070188	0	T:16.0(1.12%),B:258.5(0.37%),P:1e-3	Tpos:99.6,Tstd:62.1,Bpos:102.4,Bstd:71.4,StrandBias:-1.2,Multiplicity:1.93
0.001	0.001	0.997	0.001
0.001	0.001	0.997	0.001
0.001	0.001	0.997	0.001
0.001	0.001	0.134	0.864
0.001	0.001	0.001	0.997
0.997	0.001	0.001	0.001
0.001	0.001	0.997	0.001
0.001	0.001	0.997	0.001
>ATACATAC	21-ATACATAC	8.236954	-6.130165	0	T:34.0(2.38%),B:974.3(1.39%),P:1e-2	Tpos:90.9,Tstd:63.2,Bpos:100.0,Bstd:114.9,StrandBias:-1.4,Multiplicity:4.48
0.700	0.100	0.100	0.100
0.100	0.100	0.100	0.700
0.700	0.100	0.100	0.100
0.100	0.700	0.100	0.100
0.700	0.100	0.100	0.100
0.100	0.100	0.100	0.700
0.700	0.100	0.100	0.100
0.100	0.700	0.100	0.100
>ATTATTAT	22-ATTATTAT	9.966702	-5.195821	0	T:93.0(6.52%),B:3483.1(4.97%),P:1e-2	Tpos:107.4,Tstd:57.8,Bpos:107.9,Bstd:138.2,StrandBias:0.2,Multiplicity:1.09
0.997	0.001	0.001	0.001
0.001	0.001	0.001	0.997
0.001	0.001	0.001	0.997
0.666	0.001	0.001	0.332
0.001	0.001	0.001	0.997
0.001	0.001	0.001	0.997
0.997	0.001	0.001	0.001
0.001	0.001	0.001	0.997
>TCATATCA	23-TCATATCA	8.236954	-3.913761	0	T:27.0(1.89%),B:859.4(1.23%),P:1e-1	Tpos:76.2,Tstd:43.8,Bpos:99.5,Bstd:108.2,StrandBias:1.6,Multiplicity:1.86
0.100	0.100	0.100	0.700
0.100	0.700	0.100	0.100
0.700	0.100	0.100	0.100
0.100	0.100	0.100	0.700
0.700	0.100	0.100	0.100
0.100	0.100	0.100	0.700
0.100	0.700	0.100	0.100
0.700	0.100	0.100	0.100
>ACAGACAG	24-ACAGACAG	8.236954	-1.567582	0	T:23.0(1.61%),B:936.9(1.34%),P:1e0	Tpos:103.5,Tstd:56.1,Bpos:103.3,Bstd:81.2,StrandBias:0.6,Multiplicity:2.09
0.700	0.100	0.100	0.100
0.100	0.700	0.100	0.100
0.700	0.100	0.100	0.100
0.100	0.100	0.700	0.100
0.700	0.100	0.100	0.100
0.100	0.700	0.100	0.100
0.700	0.100	0.100	0.100
0.100	0.100	0.700	0.100
>GTTGTTGT	25-GTTGTTGT	8.236954	-0.520368	0	T:23.0(1.61%),B:1170.1(1.67%),P:1e0	Tpos:70.9,Tstd:41.1,Bpos:99.4,Bstd:69.2,StrandBias:1.2,Multiplicity:1.17
0.100	0.100	0.700	0.100
0.100	0.100	0.100	0.700
0.100	0.100	0.100	0.700
0.100	0.100	0.700	0.100
0.100	0.100	0.100	0.700
0.100	0.100	0.100	0.700
0.100	0.100	0.700	0.100
0.100	0.100	0.100	0.700
