Orthogroup	CAPO3	BRAFL
OG0000003	CAPO301945	bflo_08943, bflo_09100, bflo_09110, bflo_26615, bflo_04790, bflo_02237, bflo_26614, bflo_26996, bflo_01321, bflo_23600, bflo_24207, bflo_19873, bflo_26986, bflo_08714, bflo_26737, bflo_26114, bflo_26682, bflo_26930, bflo_19434, bflo_27269, bflo_15766, bflo_22230, bflo_24151, bflo_26929, bflo_27439, bflo_09845, bflo_26599, bflo_26600, bflo_26598, bflo_26004, bflo_02645, bflo_18522, bflo_19532
OG0000005	CAPO308356, CAPO307946	bflo_16145, bflo_16762, bflo_16144, bflo_15993, bflo_16755, bflo_04838, bflo_00488, bflo_17720, bflo_17905, bflo_09935, bflo_16770, bflo_26492, bflo_15967, bflo_15868, bflo_16776, bflo_21372, bflo_13407, bflo_07266, bflo_08461, bflo_08460, bflo_07020, bflo_07656, bflo_07021, bflo_13613, bflo_13706, bflo_13036, bflo_00914, bflo_00505, bflo_00504, bflo_00482, bflo_00815, bflo_19551, bflo_26509, bflo_10917
OG0000006	CAPO302620	bflo_10980
OG0000007	CAPO304209	bflo_12369, bflo_21087, bflo_23309
OG0000007	CAPO303284	bflo_23091
OG0000007	CAPO300935	bflo_24497
OG0000007	CAPO305123	bflo_11392
OG0000012	CAPO302923, CAPO302931	bflo_10914, bflo_11151, bflo_12368, bflo_25561, bflo_24862, bflo_04680, bflo_21369, bflo_21286, bflo_18299, bflo_13503, bflo_03860, bflo_20457, bflo_22922, bflo_23585, bflo_22923, bflo_21880, bflo_18018, bflo_03629, bflo_05980, bflo_05981, bflo_05336, bflo_21370, bflo_00214, bflo_03201, bflo_12089, bflo_03151, bflo_14493, bflo_14233, bflo_14492, bflo_14491, bflo_15468, bflo_23300, bflo_13550, bflo_14004, bflo_13556, bflo_22373, bflo_23580, bflo_22924, bflo_13858, bflo_23041, bflo_08994, bflo_08989, bflo_13492, bflo_13855, bflo_27094, bflo_13060, bflo_15354, bflo_14447, bflo_14731, bflo_13607, bflo_24594, bflo_16244, bflo_17650, bflo_27278, bflo_23543
OG0000015	CAPO302521	bflo_11749, bflo_12200, bflo_12395, bflo_12178, bflo_08868, bflo_08913, bflo_09485, bflo_09837, bflo_09947, bflo_12135, bflo_12473, bflo_11972, bflo_10460, bflo_14872, bflo_14874, bflo_24142, bflo_23928, bflo_13822, bflo_22604, bflo_21321, bflo_22116, bflo_21512, bflo_22110, bflo_22066, bflo_22701, bflo_24955, bflo_17773, bflo_17747, bflo_17701, bflo_14970
OG0000016	CAPO304360	bflo_22718, bflo_13606, bflo_23097, bflo_23092
OG0000016	CAPO306803	bflo_22486, bflo_01469, bflo_09907, bflo_10149, bflo_21276, bflo_24737
OG0000016	CAPO303259	bflo_12769
OG0000016	CAPO300936	bflo_02107, bflo_22757, bflo_23260, bflo_02738, bflo_02096, bflo_02737, bflo_02551, bflo_26656, bflo_01790, bflo_20387
OG0000023	CAPO307690	bflo_10816, bflo_10061, bflo_25079, bflo_24815, bflo_00728, bflo_26486, bflo_18293, bflo_17225, bflo_17512, bflo_20456, bflo_03801, bflo_20063, bflo_12134, bflo_20667, bflo_16641, bflo_17014, bflo_22812, bflo_03971, bflo_03972, bflo_00874, bflo_06832, bflo_14042, bflo_20896, bflo_10033, bflo_02724, bflo_02807, bflo_02853, bflo_20954
OG0000029	CAPO307131	bflo_00003, bflo_25831, bflo_00316, bflo_26576, bflo_00742, bflo_13634, bflo_26557, bflo_21595, bflo_21596, bflo_08663, bflo_08664, bflo_03929, bflo_00132, bflo_10187, bflo_00840, bflo_00865, bflo_12518, bflo_00853, bflo_00841, bflo_00854, bflo_00848, bflo_00836, bflo_11153, bflo_10901, bflo_25901, bflo_24407
OG0000030	CAPO300110	bflo_08323, bflo_05230
OG0000030	CAPO305356, CAPO301638, CAPO307563	bflo_21886, bflo_25955, bflo_23616, bflo_02525, bflo_05555, bflo_23730, bflo_21367, bflo_09678, bflo_10382, bflo_09719, bflo_22462
OG0000031	CAPO303729	bflo_06369
OG0000031	CAPO302122	bflo_11397
OG0000035	CAPO307346, CAPO308354	bflo_02157, bflo_10387, bflo_26954, bflo_10385, bflo_09462, bflo_10324, bflo_10556, bflo_09279, bflo_10372, bflo_09995, bflo_09994, bflo_08803, bflo_09280, bflo_10711, bflo_09767, bflo_09277, bflo_10386
OG0000039	CAPO302254	bflo_02223, bflo_02227, bflo_03136, bflo_27317, bflo_19899, bflo_03164, bflo_20754, bflo_03799, bflo_03159, bflo_03174, bflo_20755, bflo_19898, bflo_16202, bflo_02225, bflo_27318, bflo_00568, bflo_03800
OG0000041	CAPO308025, CAPO306861	bflo_00106, bflo_13477, bflo_00582, bflo_00913, bflo_10831, bflo_18111, bflo_17887, bflo_18216, bflo_16501, bflo_17380, bflo_17886, bflo_08425, bflo_05530, bflo_18780, bflo_09009, bflo_26911, bflo_03344, bflo_12945, bflo_18109, bflo_01738, bflo_05956
OG0000043	CAPO308256	bflo_21607, bflo_03333, bflo_03334, bflo_21606, bflo_22480, bflo_21604, bflo_03332, bflo_20396, bflo_20397, bflo_26387, bflo_26388, bflo_26390, bflo_26385, bflo_26389, bflo_26386, bflo_01851, bflo_26391, bflo_26228, bflo_17461, bflo_25593, bflo_25594, bflo_25592, bflo_23222, bflo_23223, bflo_23219, bflo_23220, bflo_23221, bflo_23218, bflo_23236, bflo_18646, bflo_23211, bflo_07587, bflo_23226, bflo_23242, bflo_23238, bflo_23225, bflo_23224
OG0000048	CAPO305301	bflo_15152
OG0000048	CAPO304823	bflo_12849
OG0000049	CAPO304018	bflo_20713, bflo_17665, bflo_12099, bflo_12470, bflo_11081, bflo_24254, bflo_25115, bflo_17113, bflo_17536, bflo_20711, bflo_20926, bflo_27352, bflo_20712, bflo_17096, bflo_11847
OG0000051	CAPO307809, CAPO301249	bflo_10647, bflo_09149, bflo_08177, bflo_07909, bflo_07908, bflo_08424, bflo_08234, bflo_08120, bflo_08121, bflo_08122, bflo_02540, bflo_02589, bflo_02539, bflo_08374, bflo_10741, bflo_06938, bflo_08542, bflo_07135, bflo_08711, bflo_18195, bflo_17371
OG0000054	CAPO303213, CAPO305653	bflo_16354, bflo_16689
OG0000054	CAPO302015	bflo_04388
OG0000054	CAPO303797	bflo_20488, bflo_15707, bflo_15703, bflo_15905, bflo_15752, bflo_23344, bflo_22720, bflo_19106, bflo_09085, bflo_09133, bflo_05501, bflo_06007, bflo_03912, bflo_17229, bflo_17691, bflo_18295, bflo_18294, bflo_26044, bflo_24306, bflo_10355, bflo_13684, bflo_13746, bflo_10411, bflo_13726, bflo_13740, bflo_13675, bflo_13693, bflo_25983, bflo_26141, bflo_25284, bflo_15164
OG0000055	CAPO301479, CAPO301432	bflo_23239, bflo_23195, bflo_23241, bflo_23237
OG0000056	CAPO305974, CAPO306012, CAPO306941	bflo_12398, bflo_25516, bflo_08200, bflo_07902, bflo_08069, bflo_08326, bflo_07804, bflo_22104, bflo_25681, bflo_15952, bflo_15237, bflo_22428
OG0000058	CAPO305595	bflo_24517, bflo_05358, bflo_09194
OG0000058	CAPO307225	bflo_23140
OG0000060	CAPO305373	bflo_01659, bflo_06661, bflo_25984, bflo_26009, bflo_26723, bflo_02982, bflo_03812, bflo_03632, bflo_12626, bflo_02984, bflo_03589, bflo_02972, bflo_03696, bflo_03780, bflo_15133, bflo_15228, bflo_04988, bflo_15129, bflo_15134, bflo_15132, bflo_15227, bflo_01835, bflo_00757, bflo_01800, bflo_15783, bflo_09093, bflo_01709, bflo_01384, bflo_09821, bflo_09833, bflo_09838, bflo_09482
OG0000062	CAPO300910	bflo_17250, bflo_01624, bflo_13529, bflo_00246
OG0000063	CAPO300270	bflo_25923, bflo_11558, bflo_26060, bflo_25147, bflo_26112, bflo_25384, bflo_25322, bflo_25330, bflo_25162, bflo_25268, bflo_25241, bflo_25374, bflo_05397, bflo_25266, bflo_25753
OG0000066	CAPO308057	bflo_26507, bflo_06316, bflo_00475, bflo_00473, bflo_00474, bflo_05790, bflo_06779, bflo_06781, bflo_00120, bflo_10919, bflo_00979, bflo_20628, bflo_19878, bflo_04762, bflo_24133, bflo_04761, bflo_11842, bflo_01779, bflo_01780, bflo_03911, bflo_17245, bflo_19059, bflo_20701, bflo_20080, bflo_20702, bflo_02867, bflo_09989, bflo_19880, bflo_26636, bflo_22827
OG0000069	CAPO302182	bflo_20543, bflo_20542, bflo_20541, bflo_27333
OG0000069	CAPO301523, CAPO305173	bflo_05168, bflo_23210
OG0000079	CAPO302518	bflo_04787, bflo_15789, bflo_21965, bflo_10278, bflo_21970, bflo_21968
OG0000082	CAPO304738	bflo_15900
OG0000082	CAPO306626	bflo_04889
OG0000082	CAPO300843	bflo_00187
OG0000082	CAPO306232	bflo_13856
OG0000085	CAPO303061	bflo_00992, bflo_20461, bflo_20147, bflo_05617
OG0000085	CAPO303047	bflo_12569, bflo_17482, bflo_20149, bflo_20825, bflo_18272, bflo_18210
OG0000089	CAPO300386, CAPO300810, CAPO302098	bflo_02193, bflo_05485, bflo_04536, bflo_25331, bflo_08302, bflo_01704, bflo_02380, bflo_07198, bflo_24284, bflo_27461, bflo_24333, bflo_05569, bflo_17128, bflo_12545, bflo_05487, bflo_17962, bflo_17832, bflo_01283, bflo_21188
OG0000090	CAPO304635, CAPO304845, CAPO301336	bflo_01678
OG0000091	CAPO301134	bflo_24376, bflo_24373, bflo_24374, bflo_18056, bflo_18055, bflo_18057, bflo_27165, bflo_18268, bflo_05649, bflo_27146, bflo_06396, bflo_21154, bflo_01995, bflo_01717, bflo_21558, bflo_12883, bflo_00479, bflo_26528, bflo_26529, bflo_00481, bflo_00480, bflo_15837, bflo_17845, bflo_25328, bflo_15820, bflo_15823
OG0000095	CAPO301288, CAPO306046	bflo_25489, bflo_01865, bflo_25182, bflo_11841, bflo_01804, bflo_01739, bflo_17156, bflo_03512
OG0000096	CAPO301431	bflo_11038
OG0000096	CAPO307955	bflo_17838
OG0000096	CAPO300294	bflo_24085, bflo_09131
OG0000096	CAPO307017	bflo_03032, bflo_18893
OG0000101	CAPO306858	bflo_10195, bflo_22103, bflo_06854, bflo_05084, bflo_22415, bflo_05083, bflo_05081, bflo_22031, bflo_21326, bflo_22414, bflo_22046, bflo_05082, bflo_21328, bflo_21327, bflo_18450, bflo_07765, bflo_07393, bflo_18261, bflo_09088, bflo_24291, bflo_00022, bflo_08232, bflo_08101, bflo_08348, bflo_06024, bflo_18190, bflo_18188
OG0000103	CAPO302453	bflo_00032, bflo_11180, bflo_11085, bflo_11875, bflo_11184, bflo_11179, bflo_11874, bflo_25842, bflo_00020, bflo_18284, bflo_20618, bflo_18283, bflo_17924, bflo_17758, bflo_00063, bflo_17754, bflo_17756, bflo_17751, bflo_17755, bflo_17752, bflo_00064, bflo_17757, bflo_17750, bflo_17749, bflo_23149, bflo_23791
OG0000106	CAPO300017	bflo_13898, bflo_13906, bflo_13902, bflo_13905, bflo_13959, bflo_21022, bflo_22434, bflo_24648, bflo_24024, bflo_24023
OG0000107	CAPO301524	bflo_26398
OG0000110	CAPO300387	bflo_00375, bflo_13869, bflo_25534, bflo_09017, bflo_25934, bflo_26322, bflo_24970, bflo_24083, bflo_09015, bflo_26087, bflo_23445, bflo_05644, bflo_25083, bflo_24963
OG0000116	CAPO305622	bflo_05410, bflo_25141
OG0000119	CAPO304642	bflo_07858, bflo_19358, bflo_19300, bflo_19582, bflo_19602, bflo_19603, bflo_19479, bflo_18609, bflo_17613, bflo_19352
OG0000122	CAPO307824	bflo_02060, bflo_02098, bflo_02745, bflo_02079
OG0000124	CAPO304324	bflo_12150, bflo_12152, bflo_22917
OG0000124	CAPO302553	bflo_24557
OG0000126	CAPO301836	bflo_09507
OG0000126	CAPO302484	bflo_21252
OG0000126	CAPO300572	bflo_14089, bflo_04718
OG0000128	CAPO306991, CAPO304956	bflo_25056, bflo_06196, bflo_05801, bflo_04928, bflo_06174, bflo_04919, bflo_08083, bflo_11997, bflo_11531, bflo_11996, bflo_11513, bflo_13695, bflo_14518, bflo_14769, bflo_20024, bflo_10688
OG0000129	CAPO303361	bflo_20410, bflo_10761, bflo_09267, bflo_24123, bflo_24146, bflo_21811, bflo_16345, bflo_20193
OG0000137	CAPO305369	bflo_09259, bflo_06365, bflo_20235, bflo_02070, bflo_04279, bflo_15519, bflo_14495, bflo_03009, bflo_18504, bflo_17184, bflo_22195, bflo_08835, bflo_10584, bflo_17627, bflo_17554, bflo_17629, bflo_17769
OG0000142	CAPO302031, CAPO302030	bflo_03118, bflo_25749, bflo_08776
OG0000147	CAPO308132	bflo_01706
OG0000147	CAPO304230	bflo_09430
OG0000149	CAPO305206, CAPO306214	bflo_07000, bflo_07018, bflo_07764, bflo_07398, bflo_13976, bflo_13431, bflo_02277, bflo_07407, bflo_07834
OG0000157	CAPO305956	bflo_08074
OG0000157	CAPO302981	bflo_23373
OG0000157	CAPO305824	bflo_10928, bflo_12452, bflo_13284
OG0000160	CAPO301680	bflo_01705
OG0000167	CAPO301364, CAPO303476	bflo_06660, bflo_06634, bflo_00939, bflo_07169, bflo_21989, bflo_00867
OG0000171	CAPO304813	bflo_20303, bflo_21876, bflo_20611, bflo_20254, bflo_09581, bflo_14570, bflo_10289, bflo_09991, bflo_03045, bflo_02518, bflo_17344, bflo_07453
OG0000174	CAPO304629	bflo_06008, bflo_06009, bflo_00753, bflo_12996, bflo_07672, bflo_00899, bflo_08123, bflo_10447
OG0000175	CAPO303920	bflo_13246, bflo_27066, bflo_13038
OG0000179	CAPO300694	bflo_08207, bflo_09019, bflo_09021
OG0000179	CAPO303342	bflo_26285, bflo_26298, bflo_13642, bflo_13826
OG0000181	CAPO301108	bflo_18642
OG0000181	CAPO302034	bflo_10985
OG0000181	CAPO307692	bflo_08690
OG0000181	CAPO300374	bflo_05297
OG0000183	CAPO305638	bflo_07655
OG0000183	CAPO302591	bflo_23164
OG0000183	CAPO305829	bflo_10143
OG0000184	CAPO304928	bflo_00050, bflo_00051, bflo_04054, bflo_15781
OG0000186	CAPO301875	bflo_22026, bflo_22016
OG0000192	CAPO300533	bflo_12888
OG0000192	CAPO301980	bflo_22744
OG0000193	CAPO302628	bflo_26043, bflo_25943, bflo_25868, bflo_26133, bflo_09355, bflo_20086, bflo_20903
OG0000194	CAPO305195	bflo_21202, bflo_21234, bflo_21437, bflo_25298, bflo_22596, bflo_13875, bflo_04521, bflo_09655, bflo_21442, bflo_16208, bflo_22482, bflo_21915, bflo_13415
OG0000195	CAPO305454	bflo_12247, bflo_11387, bflo_11071, bflo_22055, bflo_06670, bflo_06671, bflo_06263, bflo_21166
OG0000201	CAPO307729	bflo_22807
OG0000201	CAPO300462	bflo_20635
OG0000203	CAPO302139	bflo_18229, bflo_01170, bflo_25089, bflo_24339, bflo_24029, bflo_24028, bflo_24027, bflo_25088, bflo_24026, bflo_11704
OG0000204	CAPO303090	bflo_24561, bflo_03215, bflo_03487, bflo_03064
OG0000207	CAPO304105, CAPO304106, CAPO304714	bflo_18047, bflo_16828, bflo_15604, bflo_27157, bflo_15737, bflo_21694, bflo_15609, bflo_15622, bflo_13202
OG0000211	CAPO306209	bflo_12798, bflo_24378, bflo_09336, bflo_12040, bflo_25935, bflo_18019, bflo_09637, bflo_14216, bflo_06051, bflo_25629, bflo_06787
OG0000218	CAPO300559	bflo_03730, bflo_03990, bflo_03994, bflo_12836, bflo_00660, bflo_12835, bflo_20676, bflo_04003, bflo_04004, bflo_12871, bflo_08530, bflo_09464
OG0000220	CAPO306780, CAPO307695	bflo_07899, bflo_05704, bflo_07651
OG0000221	CAPO300247	bflo_02108, bflo_18535, bflo_18534, bflo_24796, bflo_00282
OG0000222	CAPO304211	bflo_14099, bflo_07131, bflo_00039, bflo_14098, bflo_15183, bflo_14097, bflo_00040, bflo_14514, bflo_24486, bflo_24255, bflo_05542
OG0000223	CAPO308126	bflo_26185, bflo_06096, bflo_21357, bflo_09246, bflo_10307, bflo_21359, bflo_21358
OG0000225	CAPO305347	bflo_11467, bflo_12198
OG0000226	CAPO306934	bflo_12072, bflo_17738
OG0000226	CAPO303463	bflo_20217, bflo_01950, bflo_20215, bflo_20642, bflo_01174
OG0000234	CAPO301359	bflo_07045, bflo_04797
OG0000238	CAPO305428	bflo_23355, bflo_22808
OG0000239	CAPO302089	bflo_02548, bflo_05968, bflo_02152
OG0000240	CAPO303214	bflo_04930
OG0000240	CAPO303372	bflo_08297, bflo_08298
OG0000242	CAPO304847	bflo_12023
OG0000244	CAPO301556	bflo_12462, bflo_13161, bflo_26804, bflo_05824
OG0000246	CAPO303496	bflo_18308, bflo_04734, bflo_17998, bflo_02064, bflo_02119, bflo_00811, bflo_01094, bflo_01324, bflo_01096, bflo_00005, bflo_00017, bflo_04772
OG0000248	CAPO307635, CAPO302481, CAPO302487	bflo_17506, bflo_17504, bflo_00059, bflo_17505, bflo_17510, bflo_17509, bflo_17511, bflo_17358
OG0000250	CAPO305827	bflo_14740
OG0000255	CAPO306632	bflo_20253
OG0000255	CAPO301531	bflo_25398, bflo_21759
OG0000255	CAPO300499	bflo_02995, bflo_03545, bflo_03501, bflo_09026, bflo_10822, bflo_26943, bflo_10188
OG0000256	CAPO307884	bflo_15939
OG0000256	CAPO306483	bflo_05770, bflo_15447, bflo_15439, bflo_16355, bflo_06565, bflo_06704, bflo_05769, bflo_05771, bflo_02366
OG0000257	CAPO300414	bflo_06086, bflo_05561, bflo_05804, bflo_18300, bflo_06543, bflo_20393
OG0000258	CAPO301106	bflo_22962
OG0000258	CAPO301746	bflo_12243, bflo_27029, bflo_09846
OG0000260	CAPO300399	bflo_11239
OG0000265	CAPO306126	bflo_15782
OG0000265	CAPO306540	bflo_11416
OG0000271	CAPO304641	bflo_08829, bflo_18695, bflo_18719, bflo_05948, bflo_05145, bflo_03702, bflo_08830
OG0000273	CAPO305109	bflo_25314
OG0000273	CAPO300804	bflo_20358
OG0000273	CAPO306869	bflo_01441, bflo_15082
OG0000277	CAPO303621	bflo_21003
OG0000277	CAPO301295	bflo_08414, bflo_08390
OG0000277	CAPO300254	bflo_05976
OG0000278	CAPO300620	bflo_05819
OG0000278	CAPO305822	bflo_14160
OG0000278	CAPO302023	bflo_07463
OG0000282	CAPO308183	bflo_18668, bflo_10082, bflo_16486, bflo_09504
OG0000284	CAPO305695	bflo_05726, bflo_25543
OG0000285	CAPO303377	bflo_18439, bflo_18219, bflo_09827, bflo_17238, bflo_09824, bflo_09850, bflo_24883, bflo_24881, bflo_02754, bflo_20355, bflo_06179, bflo_17153, bflo_09825, bflo_08255, bflo_13934, bflo_09883, bflo_20356, bflo_20983, bflo_14693, bflo_09985
OG0000288	CAPO305142	bflo_24635, bflo_23387, bflo_01422, bflo_26633, bflo_01668, bflo_01426
OG0000289	CAPO307835	bflo_06472, bflo_25546, bflo_09861, bflo_09862
OG0000295	CAPO302113, CAPO302799	bflo_15031, bflo_15027, bflo_15026, bflo_05281, bflo_12069, bflo_22289, bflo_22293, bflo_22290, bflo_21639, bflo_22292, bflo_23384
OG0000299	CAPO306599	bflo_05834
OG0000305	CAPO307183	bflo_00776
OG0000306	CAPO308212	bflo_26863, bflo_07664
OG0000308	CAPO304037	bflo_21090, bflo_19079
OG0000308	CAPO303083	bflo_23683
OG0000310	CAPO305978	bflo_21799, bflo_21828, bflo_21878, bflo_21890, bflo_21800, bflo_21316, bflo_21317, bflo_11809, bflo_11498, bflo_22698
OG0000312	CAPO304557	bflo_02438, bflo_02608
OG0000312	CAPO302691	bflo_14984
OG0000313	CAPO307072	bflo_07081, bflo_24346
OG0000313	CAPO301348	bflo_11036
OG0000314	CAPO304303	bflo_14662, bflo_25178, bflo_14280, bflo_06129
OG0000315	CAPO307611	bflo_19863
OG0000315	CAPO308167	bflo_11459
OG0000317	CAPO306620	bflo_27179, bflo_16112
OG0000319	CAPO303225	bflo_00251, bflo_19186, bflo_00198, bflo_07017, bflo_19159
OG0000320	CAPO304008	bflo_02185, bflo_02809, bflo_02811, bflo_02563, bflo_02182
OG0000321	CAPO307156	bflo_24234
OG0000322	CAPO306406	bflo_26971, bflo_08922, bflo_08920, bflo_15138
OG0000326	CAPO308358, CAPO307947	bflo_24771
OG0000326	CAPO303322	bflo_24244, bflo_18099, bflo_05436, bflo_02499, bflo_17884, bflo_00946, bflo_00937, bflo_00010, bflo_00928, bflo_00963, bflo_15022
OG0000327	CAPO308120	bflo_09079, bflo_08966, bflo_02571
OG0000335	CAPO307753	bflo_13943, bflo_13416, bflo_12614
OG0000338	CAPO304735	bflo_20075, bflo_21195, bflo_13201
OG0000339	CAPO305264	bflo_12910, bflo_12916, bflo_12912, bflo_12913, bflo_20893
OG0000343	CAPO306429	bflo_17341
OG0000345	CAPO300769	bflo_10887, bflo_01446
OG0000352	CAPO300356	bflo_25258, bflo_17369, bflo_04494
OG0000357	CAPO301487	bflo_12361
OG0000359	CAPO305417	bflo_23810
OG0000359	CAPO301540	bflo_20615, bflo_21858, bflo_21418, bflo_21948, bflo_11427, bflo_22311, bflo_01605
OG0000359	CAPO306866	bflo_14379
OG0000360	CAPO300757	bflo_20148, bflo_14730, bflo_14063, bflo_11395
OG0000364	CAPO301330, CAPO300908	bflo_14291, bflo_14100, bflo_14716, bflo_14231, bflo_14483, bflo_14714, bflo_14717, bflo_04062, bflo_04061, bflo_01643
OG0000367	CAPO301272	bflo_12373, bflo_12346, bflo_01421
OG0000371	CAPO307503	bflo_00380, bflo_00387, bflo_05979, bflo_00717, bflo_00558, bflo_00557, bflo_12841, bflo_13645, bflo_22030, bflo_00233
OG0000372	CAPO307553	bflo_24061, bflo_15126, bflo_06799
OG0000373	CAPO301744	bflo_20268, bflo_20832
OG0000385	CAPO300182, CAPO305781, CAPO305517	bflo_19604, bflo_18599
OG0000390	CAPO301433, CAPO301477	bflo_20343
OG0000390	CAPO307000	bflo_25891, bflo_26408, bflo_26409, bflo_25447, bflo_25163, bflo_18345, bflo_26258, bflo_25303, bflo_25449, bflo_25448, bflo_13087, bflo_12207, bflo_12214, bflo_11201, bflo_20666, bflo_21189
OG0000392	CAPO300351	bflo_25334
OG0000393	CAPO307627	bflo_09981, bflo_03395, bflo_12314, bflo_10658, bflo_09983, bflo_13075, bflo_09730, bflo_12974
OG0000397	CAPO304372	bflo_09318
OG0000399	CAPO302781	bflo_18860, bflo_06800, bflo_08038
OG0000402	CAPO300999	bflo_10632, bflo_09977, bflo_13338, bflo_13171
OG0000405	CAPO300636	bflo_06572
OG0000412	CAPO306116	bflo_00225
OG0000412	CAPO307159	bflo_08591, bflo_05972, bflo_16322
OG0000413	CAPO302663	bflo_14739
OG0000413	CAPO304678	bflo_21427
OG0000416	CAPO300647, CAPO303519	bflo_04749, bflo_04759, bflo_04753, bflo_04751, bflo_23726, bflo_04750, bflo_13638, bflo_04314, bflo_21859, bflo_20431, bflo_03943, bflo_03733, bflo_03953, bflo_04315, bflo_05100, bflo_04313, bflo_03960, bflo_18679
OG0000416	CAPO305980	bflo_16885
OG0000419	CAPO304227	bflo_07379
OG0000420	CAPO307162	bflo_17746, bflo_20236, bflo_23413, bflo_23958, bflo_23642, bflo_23570, bflo_23412, bflo_07686, bflo_23569, bflo_23414, bflo_07685
OG0000422	CAPO301071	bflo_20982, bflo_11502, bflo_05277, bflo_15253, bflo_03122, bflo_12339, bflo_12202, bflo_03208, bflo_03583, bflo_03582, bflo_09071, bflo_09073, bflo_09072, bflo_10694, bflo_10695, bflo_10366, bflo_13454, bflo_25701, bflo_13455, bflo_20656, bflo_06464, bflo_06521, bflo_06519, bflo_05957, bflo_26338, bflo_02718, bflo_06687, bflo_01841
OG0000424	CAPO302770, CAPO306814	bflo_07069, bflo_07072, bflo_03509, bflo_03507
OG0000426	CAPO306829	bflo_10409, bflo_22865
OG0000427	CAPO303813	bflo_09135
OG0000431	CAPO304684	bflo_21622
OG0000433	CAPO304838, CAPO302573	bflo_17648
OG0000434	CAPO304471	bflo_06489, bflo_26431, bflo_06673, bflo_06457, bflo_06459
OG0000435	CAPO308080	bflo_17533, bflo_00433, bflo_09468
OG0000436	CAPO305799	bflo_26554, bflo_00824
OG0000437	CAPO300952	bflo_16797, bflo_13738, bflo_16390, bflo_13496
OG0000442	CAPO302753, CAPO302633	bflo_17568
OG0000444	CAPO305423	bflo_10204
OG0000444	CAPO301239	bflo_10684
OG0000445	CAPO301584	bflo_24863, bflo_01964, bflo_05054, bflo_18289, bflo_00589, bflo_06262, bflo_07278
OG0000447	CAPO300691	bflo_14311
OG0000450	CAPO307586, CAPO307446	bflo_20906
OG0000453	CAPO305025	bflo_05750, bflo_12764, bflo_12115, bflo_07044, bflo_11775, bflo_17995, bflo_20915, bflo_11283, bflo_15292, bflo_21781, bflo_02998, bflo_07650
OG0000454	CAPO301952	bflo_06561
OG0000461	CAPO303645, CAPO304085, CAPO303531	bflo_07181, bflo_00203
OG0000461	CAPO307456	bflo_20096
OG0000467	CAPO302214	bflo_11110
OG0000468	CAPO302003, CAPO303185	bflo_03275, bflo_03654, bflo_03645, bflo_03264, bflo_03637, bflo_12349, bflo_09961, bflo_09959, bflo_09520, bflo_23431
OG0000469	CAPO306584, CAPO302277	bflo_11324
OG0000470	CAPO307521	bflo_08491
OG0000475	CAPO303779	bflo_02919
OG0000476	CAPO306104	bflo_06569, bflo_06568, bflo_06570
OG0000479	CAPO303549	bflo_17734
OG0000479	CAPO304267	bflo_20950
OG0000480	CAPO307201	bflo_24500, bflo_24748
OG0000481	CAPO300053	bflo_20169, bflo_20171
OG0000481	CAPO304800	bflo_15712
OG0000481	CAPO304355	bflo_07346
OG0000484	CAPO304750	bflo_25251
OG0000485	CAPO303224, CAPO303026	bflo_18606, bflo_25560, bflo_16150
OG0000486	CAPO306048, CAPO306972	bflo_25698, bflo_15799, bflo_16994, bflo_13974, bflo_02817, bflo_07531
OG0000488	CAPO305871	bflo_26845, bflo_07048
OG0000494	CAPO300277	bflo_21012
OG0000505	CAPO303790, CAPO306121	bflo_07767
OG0000506	CAPO304587	bflo_22129
OG0000508	CAPO303408, CAPO307945	bflo_18835
OG0000508	CAPO302590	bflo_00915
OG0000510	CAPO303128, CAPO305095	bflo_00250
OG0000511	CAPO301322	bflo_17465, bflo_18144, bflo_11858, bflo_11715, bflo_17885, bflo_17189, bflo_04922, bflo_18145, bflo_18143
OG0000514	CAPO307292	bflo_04358
OG0000516	CAPO302072	bflo_04958, bflo_04964, bflo_04978, bflo_04972, bflo_04974, bflo_04979, bflo_04981, bflo_04962, bflo_04969, bflo_04966, bflo_04961, bflo_04983, bflo_04986, bflo_04976, bflo_04732, bflo_03764, bflo_22939, bflo_13085, bflo_13506
OG0000519	CAPO300709	bflo_04746, bflo_19841
OG0000520	CAPO304720	bflo_23733, bflo_07206
OG0000522	CAPO306204	bflo_10022, bflo_10021
OG0000528	CAPO300417	bflo_24671, bflo_03193, bflo_02141, bflo_02200, bflo_07977, bflo_08060
OG0000530	CAPO306919	bflo_25160
OG0000532	CAPO301913	bflo_01721, bflo_17770
OG0000548	CAPO307253, CAPO307370	bflo_09374, bflo_10945, bflo_11390
OG0000549	CAPO305341	bflo_01736, bflo_06860, bflo_06875, bflo_06867, bflo_06869, bflo_06873, bflo_08772, bflo_09508, bflo_08773, bflo_17976, bflo_10802, bflo_09069, bflo_07906
OG0000551	CAPO305700	bflo_12938, bflo_07425, bflo_12554
OG0000552	CAPO302805	bflo_07608, bflo_14381, bflo_22570, bflo_14667
OG0000553	CAPO302261	bflo_01191, bflo_23301
OG0000554	CAPO300205	bflo_16926, bflo_02569, bflo_04899, bflo_10796, bflo_02002
OG0000556	CAPO305079	bflo_04590, bflo_27152, bflo_04594, bflo_04578, bflo_04602, bflo_04580, bflo_26760, bflo_04569, bflo_04581, bflo_14127, bflo_14889, bflo_14921, bflo_15340, bflo_14848, bflo_14895, bflo_14908, bflo_15484, bflo_04603, bflo_04605, bflo_04604, bflo_26761, bflo_04608, bflo_04577, bflo_04607, bflo_04609, bflo_14180, bflo_14902, bflo_15488, bflo_14896, bflo_14893, bflo_18541, bflo_14888, bflo_14898, bflo_04598, bflo_04601, bflo_15483, bflo_14455, bflo_15489, bflo_27151, bflo_15480, bflo_15486, bflo_15490, bflo_15481, bflo_20909, bflo_04596, bflo_15491, bflo_04588, bflo_04595, bflo_04614, bflo_04611, bflo_15493, bflo_15496, bflo_14899, bflo_14918, bflo_04612, bflo_14900, bflo_15341, bflo_14912, bflo_14904, bflo_14903, bflo_04618, bflo_14992
OG0000561	CAPO307817, CAPO304686, CAPO304296	bflo_08446, bflo_27388, bflo_22174, bflo_22164
OG0000563	CAPO305151	bflo_03331, bflo_03330, bflo_03146
OG0000566	CAPO306820	bflo_08449, bflo_04927
OG0000567	CAPO300710, CAPO302895	bflo_12141, bflo_11905, bflo_09047, bflo_06558, bflo_10797, bflo_12747, bflo_00564, bflo_26349, bflo_16510
OG0000569	CAPO302672	bflo_11769, bflo_11767, bflo_13475, bflo_16473, bflo_05421, bflo_24200, bflo_01938, bflo_00290, bflo_13737
OG0000572	CAPO302048	bflo_05895, bflo_23930
OG0000573	CAPO301573	bflo_24510
OG0000573	CAPO300482	bflo_06124
OG0000574	CAPO303025	bflo_23185, bflo_23738, bflo_15787
OG0000583	CAPO302594	bflo_18273, bflo_17472
OG0000585	CAPO302010	bflo_12167
OG0000586	CAPO304818	bflo_03607
OG0000587	CAPO304868	bflo_22172
OG0000588	CAPO300701	bflo_18379
OG0000590	CAPO302664	bflo_02465
OG0000590	CAPO307990	bflo_13755
OG0000591	CAPO300885	bflo_23823, bflo_04558
OG0000591	CAPO301508, CAPO306921	bflo_21592, bflo_22417
OG0000592	CAPO302552	bflo_18259, bflo_18186, bflo_18254, bflo_09136
OG0000593	CAPO303950	bflo_23756, bflo_12794
OG0000594	CAPO305185	bflo_12010, bflo_04803, bflo_12009, bflo_11236
OG0000595	CAPO303068, CAPO304997	bflo_11300, bflo_10904, bflo_24314, bflo_25433, bflo_26606, bflo_11185, bflo_03058, bflo_03621, bflo_11216, bflo_04059, bflo_09587, bflo_17178, bflo_24315, bflo_25435, bflo_01855, bflo_02615
OG0000597	CAPO305949	bflo_20762, bflo_20033
OG0000600	CAPO302133	bflo_17807, bflo_17336, bflo_25419
OG0000603	CAPO300286	bflo_04842
OG0000604	CAPO304248	bflo_14466
OG0000609	CAPO306415	bflo_10430, bflo_12331, bflo_11801, bflo_12180, bflo_10255, bflo_10429, bflo_02450, bflo_25757, bflo_26350
OG0000611	CAPO305139	bflo_14598
OG0000611	CAPO302505	bflo_13769
OG0000612	CAPO308174	bflo_10795, bflo_08808
OG0000612	CAPO300901	bflo_13076
OG0000613	CAPO306741, CAPO303985	bflo_01058, bflo_06280
OG0000614	CAPO308097	bflo_13013
OG0000614	CAPO306138, CAPO304207	bflo_05248, bflo_12534, bflo_23560
OG0000616	CAPO301011	bflo_16048
OG0000617	CAPO303200, CAPO307815, CAPO308211, CAPO303926, CAPO303924, CAPO303927, CAPO304126, CAPO307888, CAPO301741, CAPO308289, CAPO303317, CAPO306753, CAPO303212, CAPO302527, CAPO302568, CAPO303584, CAPO303106, CAPO302462, CAPO302437, CAPO308109, CAPO302184, CAPO304957, CAPO303314, CAPO303900, CAPO303931, CAPO306863, CAPO308223, CAPO307383, CAPO303613, CAPO303446, CAPO303410, CAPO308100, CAPO307019, CAPO300335, CAPO305613, CAPO305620, CAPO305570, CAPO308045, CAPO303984, CAPO305289, CAPO307167	bflo_05006
OG0000619	CAPO303580	bflo_22484
OG0000620	CAPO300569	bflo_12692, bflo_13589, bflo_13588, bflo_12693, bflo_19542, bflo_01861, bflo_01862, bflo_01552, bflo_01860, bflo_09127, bflo_09132, bflo_11486, bflo_09658, bflo_09611, bflo_10786, bflo_09612, bflo_09094, bflo_01264, bflo_04002, bflo_03995, bflo_20197, bflo_18495, bflo_15607, bflo_15579, bflo_15582, bflo_15735, bflo_20117, bflo_25212, bflo_15558, bflo_22429, bflo_05409
OG0000623	CAPO306891	bflo_05993
OG0000623	CAPO306678	bflo_18608, bflo_22702
OG0000624	CAPO304034, CAPO304035	bflo_18705
OG0000627	CAPO301912	bflo_11148
OG0000628	CAPO306878	bflo_04338, bflo_04756
OG0000629	CAPO304632	bflo_19152, bflo_03279, bflo_03281
OG0000634	CAPO305866	bflo_23919, bflo_21508, bflo_21507
OG0000636	CAPO300927, CAPO308236	bflo_10717, bflo_05158
OG0000637	CAPO306492	bflo_15742, bflo_18940, bflo_02509, bflo_15987, bflo_13690
OG0000639	CAPO300322	bflo_00204
OG0000639	CAPO305269	bflo_13390
OG0000642	CAPO307461, CAPO301979, CAPO301558, CAPO307468, CAPO303537, CAPO307029, CAPO305272, CAPO302782, CAPO302430	bflo_06990
OG0000643	CAPO301316	bflo_25724, bflo_20210
OG0000645	CAPO306925	bflo_13206
OG0000645	CAPO307784, CAPO304648	bflo_08017
OG0000648	CAPO306715	bflo_12702
OG0000648	CAPO307568	bflo_12700
OG0000650	CAPO302429	bflo_07845, bflo_02924
OG0000651	CAPO301045	bflo_00909
OG0000652	CAPO307163	bflo_12260
OG0000657	CAPO304462	bflo_05126
OG0000660	CAPO304213	bflo_04466
OG0000662	CAPO308235	bflo_09255, bflo_23849
OG0000663	CAPO303713	bflo_00888, bflo_23628, bflo_06338, bflo_09350, bflo_14827, bflo_17699, bflo_17700, bflo_26019, bflo_04171, bflo_19376, bflo_07527, bflo_18187, bflo_21305, bflo_20187, bflo_21950, bflo_22513, bflo_05465, bflo_05466, bflo_00037, bflo_15313, bflo_20650, bflo_04957, bflo_04955, bflo_13482
OG0000664	CAPO305353	bflo_11369
OG0000665	CAPO304505, CAPO304163	bflo_06772
OG0000666	CAPO306172	bflo_11545
OG0000667	CAPO305865	bflo_04093, bflo_25426, bflo_22846
OG0000672	CAPO301072	bflo_21591
OG0000672	CAPO301848	bflo_18607
OG0000674	CAPO303746	bflo_03109, bflo_09819
OG0000676	CAPO304343, CAPO305288	bflo_01208
OG0000676	CAPO300920, CAPO304680	bflo_21661
OG0000683	CAPO304912	bflo_08553
OG0000683	CAPO305392, CAPO303509	bflo_25223
OG0000684	CAPO306227	bflo_13113
OG0000686	CAPO300156	bflo_00607, bflo_04095, bflo_04081, bflo_04128, bflo_14458, bflo_27316, bflo_04130, bflo_04079, bflo_04078, bflo_04080, bflo_04108, bflo_25179, bflo_26179, bflo_26093, bflo_25541, bflo_09058, bflo_11986, bflo_25503, bflo_25504, bflo_13703, bflo_15338, bflo_12005, bflo_11942, bflo_12102, bflo_18972, bflo_04741, bflo_25922, bflo_06347, bflo_08793, bflo_12364, bflo_14690, bflo_14215, bflo_14503, bflo_14960, bflo_14506, bflo_21435, bflo_21436, bflo_14542, bflo_12237, bflo_11382, bflo_11926, bflo_11598, bflo_11948, bflo_25921, bflo_11144
OG0000690	CAPO306653	bflo_00919
OG0000690	CAPO306445	bflo_17423
OG0000690	CAPO304114	bflo_25725
OG0000691	CAPO301028	bflo_13891, bflo_01480
OG0000692	CAPO306980	bflo_25652
OG0000692	CAPO306169	bflo_06417
OG0000693	CAPO300633	bflo_24457
OG0000693	CAPO307538	bflo_15843
OG0000694	CAPO302468	bflo_13584, bflo_22435, bflo_13061, bflo_17901, bflo_16417
OG0000696	CAPO305456	bflo_01530
OG0000696	CAPO301422	bflo_11008
OG0000697	CAPO304466, CAPO306724	bflo_12428
OG0000701	CAPO306727	bflo_10548
OG0000703	CAPO308078	bflo_07565
OG0000706	CAPO301985	bflo_11940, bflo_17788
OG0000708	CAPO302130	bflo_25666
OG0000708	CAPO300640	bflo_11530
OG0000709	CAPO305451	bflo_24062
OG0000711	CAPO304713	bflo_03306, bflo_03574, bflo_02975, bflo_04395
OG0000713	CAPO302804	bflo_21867, bflo_21513, bflo_02677
OG0000715	CAPO305197	bflo_19456
OG0000716	CAPO306457	bflo_18078
OG0000716	CAPO306957	bflo_14976
OG0000717	CAPO302989	bflo_16636
OG0000718	CAPO301597, CAPO306021	bflo_19048
OG0000721	CAPO305154, CAPO301906	bflo_20743, bflo_17766
OG0000724	CAPO300826	bflo_17159
OG0000726	CAPO302910	bflo_19350
OG0000731	CAPO304569	bflo_21630
OG0000732	CAPO304867	bflo_21787
OG0000732	CAPO302445	bflo_25639
OG0000733	CAPO301695	bflo_12810, bflo_07935
OG0000735	CAPO302824	bflo_01496
OG0000736	CAPO306770	bflo_26430, bflo_22395, bflo_00735
OG0000737	CAPO304586	bflo_09049
OG0000743	CAPO306268	bflo_23103, bflo_23390
OG0000748	CAPO301276	bflo_12750, bflo_00355
OG0000751	CAPO302771	bflo_19051, bflo_18792
OG0000751	CAPO304118	bflo_08486
OG0000752	CAPO300507	bflo_17530
OG0000752	CAPO305335	bflo_25764
OG0000753	CAPO301378	bflo_07197
OG0000754	CAPO300911, CAPO306986, CAPO303353	bflo_06526, bflo_13330, bflo_13646, bflo_27064, bflo_19430, bflo_08492, bflo_08619
OG0000755	CAPO300267	bflo_13054
OG0000757	CAPO307096	bflo_20811
OG0000757	CAPO300067	bflo_18826, bflo_04296
OG0000758	CAPO305275	bflo_01097
OG0000759	CAPO300473	bflo_02579, bflo_02659
OG0000761	CAPO305655	bflo_16367
OG0000765	CAPO301853	bflo_08626
OG0000766	CAPO300388	bflo_05997
OG0000767	CAPO305367	bflo_14537, bflo_17883
OG0000768	CAPO306612, CAPO302492, CAPO307738, CAPO305672, CAPO305904	bflo_12288
OG0000772	CAPO304708, CAPO302709	bflo_08683
OG0000774	CAPO306995	bflo_25631, bflo_23899, bflo_11567
OG0000775	CAPO306201	bflo_25667, bflo_18209, bflo_17805, bflo_18208, bflo_16771, bflo_00359, bflo_15150
OG0000776	CAPO307356	bflo_09243, bflo_19338, bflo_21158, bflo_19331, bflo_19332
OG0000779	CAPO305943	bflo_16829
OG0000779	CAPO300301	bflo_05592
OG0000788	CAPO304590	bflo_03223, bflo_02988
OG0000791	CAPO304699	bflo_18766
OG0000792	CAPO305838	bflo_08648, bflo_08645, bflo_26503, bflo_08647, bflo_02568, bflo_20459
OG0000793	CAPO301604	bflo_06217
OG0000794	CAPO304031	bflo_20321, bflo_27324
OG0000797	CAPO307534	bflo_07471
OG0000803	CAPO301668	bflo_09447, bflo_09941, bflo_00518, bflo_08756, bflo_15349
OG0000810	CAPO305098, CAPO306601	bflo_25756, bflo_00231
OG0000813	CAPO300040, CAPO308168	bflo_07088, bflo_08447
OG0000814	CAPO307227	bflo_08334, bflo_04758, bflo_16736, bflo_08551
OG0000815	CAPO300838	bflo_05473, bflo_21696, bflo_02427
OG0000816	CAPO304990	bflo_18431, bflo_07555
OG0000818	CAPO307656	bflo_23425
OG0000820	CAPO303993, CAPO304861, CAPO306914, CAPO301340, CAPO300173, CAPO302332, CAPO305090, CAPO300452	bflo_18733
OG0000824	CAPO303788	bflo_13274
OG0000825	CAPO305165, CAPO306157, CAPO306129	bflo_15210, bflo_08984, bflo_09151, bflo_09150
OG0000826	CAPO306060	bflo_01977, bflo_13774
OG0000827	CAPO304578	bflo_03359, bflo_18876, bflo_03038, bflo_06200, bflo_05865, bflo_25409
OG0000828	CAPO306023	bflo_12837, bflo_12204, bflo_07597
OG0000828	CAPO307153	bflo_20839
OG0000834	CAPO306233	bflo_02857
OG0000836	CAPO306019, CAPO307821	bflo_08676, bflo_07996, bflo_08141, bflo_07459
OG0000837	CAPO308104, CAPO303511	bflo_00035, bflo_12566, bflo_01440, bflo_15081, bflo_01439
OG0000838	CAPO303856	bflo_09519, bflo_10354, bflo_20447, bflo_26407, bflo_21734
OG0000841	CAPO307470	bflo_13469
OG0000844	CAPO306591, CAPO307267	bflo_24153
OG0000845	CAPO303615	bflo_18108, bflo_17447
OG0000847	CAPO301759, CAPO307057	bflo_21169
OG0000847	CAPO308298	bflo_20471
OG0000849	CAPO304492	bflo_02361, bflo_19468
OG0000850	CAPO302141	bflo_25536
OG0000850	CAPO306299	bflo_08991
OG0000851	CAPO304092	bflo_14102
OG0000852	CAPO307622	bflo_13268
OG0000857	CAPO302559	bflo_03314
OG0000858	CAPO302161	bflo_11695
OG0000858	CAPO306693	bflo_03553
OG0000860	CAPO306338	bflo_15791
OG0000871	CAPO300407	bflo_10176
OG0000872	CAPO308293	bflo_03017
OG0000873	CAPO307878	bflo_01487
OG0000875	CAPO303418, CAPO302903	bflo_01017, bflo_19415
OG0000876	CAPO302150	bflo_02085
OG0000877	CAPO304981	bflo_12965, bflo_12968, bflo_13809
OG0000879	CAPO301982	bflo_19083, bflo_24230, bflo_18829, bflo_05186
OG0000881	CAPO301333, CAPO300020	bflo_15605
OG0000881	CAPO308042	bflo_20101
OG0000888	CAPO300320	bflo_05832
OG0000888	CAPO301794	bflo_19321
OG0000889	CAPO302257	bflo_12593
OG0000889	CAPO304144	bflo_21142
OG0000891	CAPO307358	bflo_22727, bflo_25068, bflo_22980, bflo_09591, bflo_22725, bflo_22726, bflo_22981, bflo_17970, bflo_22982
OG0000894	CAPO300968, CAPO300967	bflo_14750
OG0000894	CAPO301227	bflo_23023
OG0000896	CAPO301183	bflo_13131
OG0000896	CAPO304049	bflo_09970
OG0000897	CAPO306059	bflo_11434, bflo_11945, bflo_11590, bflo_11740
OG0000898	CAPO302619	bflo_01661, bflo_27387, bflo_22383, bflo_18644, bflo_18960, bflo_18639, bflo_18641, bflo_02165, bflo_17589, bflo_03891, bflo_03889, bflo_01144, bflo_14148, bflo_11015, bflo_21729, bflo_00527, bflo_15462, bflo_07227, bflo_12625, bflo_26024
OG0000899	CAPO300655	bflo_14337
OG0000904	CAPO305539	bflo_13183
OG0000905	CAPO303384	bflo_26708, bflo_03252
OG0000909	CAPO300878	bflo_18377
OG0000911	CAPO302608	bflo_00891, bflo_00957, bflo_12997
OG0000912	CAPO302397	bflo_09112, bflo_20621
OG0000913	CAPO300255	bflo_14588
OG0000914	CAPO302002	bflo_10973
OG0000915	CAPO306555	bflo_12273
OG0000925	CAPO304563	bflo_09205, bflo_22447
OG0000928	CAPO301245	bflo_05985
OG0000929	CAPO303494	bflo_17125
OG0000931	CAPO303586	bflo_08954
OG0000934	CAPO306946, CAPO300619	bflo_04490
OG0000935	CAPO307401	bflo_19247
OG0000944	CAPO304090	bflo_14426
OG0000952	CAPO300179	bflo_14821, bflo_14818
OG0000954	CAPO303535	bflo_13257
OG0000954	CAPO305800	bflo_23747
OG0000955	CAPO303429	bflo_25651
OG0000955	CAPO301514	bflo_06523
OG0000955	CAPO308190	bflo_14322
OG0000960	CAPO304728	bflo_12512
OG0000963	CAPO303990	bflo_07262, bflo_03565
OG0000965	CAPO305928	bflo_08576, bflo_07554
OG0000965	CAPO302148	bflo_13018
OG0000967	CAPO304786	bflo_07239
OG0000970	CAPO301807	bflo_20773
OG0000974	CAPO306940	bflo_15538, bflo_16572, bflo_01162, bflo_20847
OG0000978	CAPO306307	bflo_13255
OG0000980	CAPO305742	bflo_25440, bflo_02616, bflo_24320, bflo_06775, bflo_03172, bflo_03170, bflo_13595, bflo_25441, bflo_01827, bflo_24710, bflo_26332, bflo_24318, bflo_06780, bflo_25429, bflo_27493
OG0000982	CAPO301371	bflo_07681
OG0000984	CAPO307940	bflo_06233, bflo_15006, bflo_15679
OG0000985	CAPO304864	bflo_07499
OG0000986	CAPO305058	bflo_21122, bflo_07321
OG0000987	CAPO306365	bflo_02033
OG0000992	CAPO308244	bflo_22932, bflo_09287
OG0000993	CAPO303930	bflo_00226, bflo_26569, bflo_00227
OG0000994	CAPO306999	bflo_01641
OG0000996	CAPO304603	bflo_21978
OG0000997	CAPO306501	bflo_15516
OG0000998	CAPO302508	bflo_17960
OG0000999	CAPO303484, CAPO302236	bflo_20871, bflo_03341
OG0001006	CAPO308145	bflo_04350, bflo_22313
OG0001009	CAPO305830	bflo_23339
OG0001015	CAPO304771	bflo_23858
OG0001016	CAPO300038	bflo_19435
OG0001016	CAPO302596	bflo_00910
OG0001018	CAPO303169	bflo_13308
OG0001018	CAPO305732	bflo_23920
OG0001024	CAPO300862	bflo_04903
OG0001033	CAPO305083	bflo_08146
OG0001033	CAPO300376	bflo_20841
OG0001036	CAPO301917	bflo_01100
OG0001039	CAPO305080	bflo_08311, bflo_11607
OG0001042	CAPO301530	bflo_11460, bflo_27000
OG0001045	CAPO300115	bflo_23536, bflo_23550
OG0001046	CAPO304357	bflo_23288
OG0001048	CAPO306868	bflo_07509, bflo_26856
OG0001049	CAPO305769	bflo_24363
OG0001050	CAPO306760	bflo_23753, bflo_21612
OG0001060	CAPO302777	bflo_14877
OG0001062	CAPO300111	bflo_26106
OG0001064	CAPO304594	bflo_16843, bflo_27227, bflo_17908, bflo_17446, bflo_17801, bflo_10560, bflo_10566
OG0001066	CAPO305156	bflo_07352, bflo_18100
OG0001069	CAPO308053, CAPO308048, CAPO303348, CAPO303254, CAPO308055	bflo_05793, bflo_18768
OG0001069	CAPO307874, CAPO301461, CAPO302592, CAPO303735, CAPO304622, CAPO306747, CAPO300713, CAPO305747, CAPO307714, CAPO306417, CAPO302177, CAPO307644, CAPO304040, CAPO307466, CAPO305748, CAPO304623, CAPO308339, CAPO303326, CAPO301213, CAPO304039, CAPO303968, CAPO303309, CAPO303311, CAPO302046, CAPO303310, CAPO301462, CAPO301429, CAPO306024, CAPO303787, CAPO303966, CAPO303967, CAPO304463, CAPO304464, CAPO302889, CAPO304038, CAPO307646, CAPO304401	bflo_16277, bflo_16196
OG0001069	CAPO301006, CAPO306010, CAPO301236, CAPO307600, CAPO303893, CAPO304221, CAPO306089, CAPO305429, CAPO304894, CAPO305587, CAPO303313, CAPO302455, CAPO306118, CAPO302877, CAPO302066, CAPO302758, CAPO303450	bflo_25817
OG0001072	CAPO304331	bflo_20583, bflo_01344
OG0001073	CAPO307880	bflo_14186
OG0001075	CAPO305658	bflo_01789
OG0001076	CAPO306580	bflo_14398
OG0001078	CAPO300211	bflo_10417
OG0001082	CAPO306944	bflo_19096, bflo_00917
OG0001083	CAPO306339	bflo_10562
OG0001085	CAPO305936	bflo_11120
OG0001092	CAPO303664	bflo_15467
OG0001095	CAPO303064	bflo_26605, bflo_00827, bflo_26602
OG0001096	CAPO308143	bflo_20939, bflo_07578, bflo_24946, bflo_25111
OG0001104	CAPO306923	bflo_00423, bflo_01201
OG0001106	CAPO307850	bflo_11873, bflo_06185
OG0001108	CAPO300863	bflo_00378, bflo_22556, bflo_20433
OG0001113	CAPO302840	bflo_14797
OG0001113	CAPO304589	bflo_26422
OG0001120	CAPO300555	bflo_12559
OG0001121	CAPO305030	bflo_24945, bflo_17622, bflo_24293, bflo_04825
OG0001122	CAPO300744	bflo_25445, bflo_21345, bflo_22560, bflo_21222, bflo_22488
OG0001123	CAPO305010	bflo_09074
OG0001124	CAPO307326	bflo_23639, bflo_10476
OG0001125	CAPO304253	bflo_05411, bflo_05381
OG0001126	CAPO301067	bflo_21937
OG0001126	CAPO308119	bflo_12463, bflo_10927
OG0001128	CAPO301710	bflo_09982
OG0001129	CAPO306230	bflo_12819, bflo_13264
OG0001130	CAPO305636	bflo_03852, bflo_06407, bflo_04255, bflo_05983
OG0001132	CAPO303538	bflo_06192
OG0001133	CAPO302577	bflo_17034
OG0001133	CAPO300360	bflo_25491
OG0001134	CAPO304261	bflo_22790
OG0001136	CAPO301949	bflo_06069
OG0001137	CAPO308164	bflo_23646
OG0001139	CAPO300537	bflo_22593, bflo_09826
OG0001140	CAPO308326	bflo_06370
OG0001142	CAPO304790	bflo_01437
OG0001143	CAPO304300	bflo_07319
OG0001144	CAPO307577	bflo_00201
OG0001146	CAPO300511	bflo_25096, bflo_22204, bflo_22177
OG0001147	CAPO306370	bflo_22964, bflo_26119
OG0001148	CAPO302512	bflo_18428, bflo_17694, bflo_17724, bflo_27225, bflo_17202, bflo_17203, bflo_12826, bflo_12827
OG0001149	CAPO305549	bflo_16620, bflo_02962, bflo_01361, bflo_02409, bflo_00024, bflo_02408, bflo_24981, bflo_24690, bflo_09301, bflo_12993, bflo_24100, bflo_02029, bflo_07202, bflo_17094, bflo_13951, bflo_13488, bflo_16513, bflo_16878
OG0001156	CAPO306962	bflo_18549
OG0001157	CAPO304789	bflo_04821, bflo_19940, bflo_20881, bflo_20767, bflo_20880, bflo_16213, bflo_10961, bflo_11394, bflo_12016, bflo_11393, bflo_12015, bflo_24250, bflo_16503, bflo_08909, bflo_02822, bflo_11112, bflo_19937, bflo_20794, bflo_19947, bflo_20768, bflo_19948, bflo_19939, bflo_19935, bflo_19946, bflo_19927, bflo_19870, bflo_02763, bflo_16780
OG0001158	CAPO302639	bflo_13300, bflo_11159
OG0001160	CAPO307697	bflo_14781
OG0001160	CAPO304743	bflo_09781, bflo_25996, bflo_26928, bflo_09780
OG0001161	CAPO301112	bflo_08066
OG0001163	CAPO301684, CAPO307755, CAPO304886	bflo_06913, bflo_07427
OG0001167	CAPO307849	bflo_16326
OG0001168	CAPO301546	bflo_20423, bflo_20474, bflo_13463
OG0001169	CAPO301751	bflo_17729, bflo_06385, bflo_14076, bflo_12639
OG0001170	CAPO302766	bflo_04525, bflo_11360
OG0001171	CAPO300420	bflo_05953
OG0001175	CAPO304133, CAPO306812	bflo_00560, bflo_02898
OG0001179	CAPO303470, CAPO303655	bflo_18406
OG0001179	CAPO300184	bflo_13368, bflo_13513
OG0001181	CAPO301983	bflo_18914
OG0001183	CAPO301096	bflo_19634
OG0001184	CAPO306392	bflo_15772
OG0001185	CAPO303366	bflo_06562
OG0001186	CAPO302303	bflo_12657
OG0001186	CAPO307451	bflo_12919
OG0001188	CAPO300558	bflo_05292
OG0001191	CAPO301625	bflo_04561
OG0001196	CAPO301570	bflo_09773
OG0001199	CAPO305690	bflo_01455, bflo_17249
OG0001201	CAPO302220	bflo_12759
OG0001202	CAPO306186	bflo_02498
OG0001207	CAPO305627	bflo_21743
OG0001207	CAPO302093	bflo_02422
OG0001208	CAPO300830	bflo_25733
OG0001209	CAPO302948	bflo_26894
OG0001210	CAPO300919	bflo_07894
OG0001210	CAPO302732	bflo_24464
OG0001213	CAPO304729	bflo_10680
OG0001213	CAPO303632	bflo_20590
OG0001214	CAPO304780, CAPO303564	bflo_11103
OG0001215	CAPO302583	bflo_00807
OG0001216	CAPO307997	bflo_24683, bflo_13216
OG0001217	CAPO306810	bflo_17953
OG0001218	CAPO307457	bflo_24854
OG0001221	CAPO307765	bflo_13343
OG0001222	CAPO301496, CAPO301391, CAPO303918	bflo_18729, bflo_18730, bflo_18724, bflo_27274, bflo_19111, bflo_18731, bflo_18732, bflo_19546, bflo_27308, bflo_19155
OG0001226	CAPO307936	bflo_18009
OG0001232	CAPO304224	bflo_23877, bflo_23005, bflo_23685
OG0001233	CAPO303591	bflo_18255, bflo_18256, bflo_18257, bflo_18258, bflo_18482, bflo_15064, bflo_14915
OG0001234	CAPO307897	bflo_14036
OG0001241	CAPO303368	bflo_06240
OG0001241	CAPO304888	bflo_21597
OG0001247	CAPO303193, CAPO307423	bflo_12136
OG0001248	CAPO303079	bflo_00177
OG0001249	CAPO306922	bflo_25407, bflo_25542
OG0001250	CAPO302323	bflo_23893
OG0001251	CAPO302019	bflo_13478
OG0001252	CAPO300016	bflo_25844
OG0001253	CAPO306156	bflo_11668, bflo_06734
OG0001254	CAPO307546	bflo_16683
OG0001261	CAPO302839	bflo_27125, bflo_14339
OG0001263	CAPO301777	bflo_07084, bflo_10303
OG0001267	CAPO307578	bflo_14627, bflo_14348, bflo_20420
OG0001268	CAPO303692	bflo_06467, bflo_11029
OG0001270	CAPO306176	bflo_23365
OG0001270	CAPO306096	bflo_11730
OG0001270	CAPO304393	bflo_22891
OG0001271	CAPO302779	bflo_11260, bflo_18970
OG0001272	CAPO305566	bflo_20203
OG0001273	CAPO301889	bflo_00724, bflo_03191
OG0001274	CAPO308194	bflo_15721
OG0001276	CAPO302888	bflo_14135
OG0001278	CAPO306229	bflo_02941, bflo_01205
OG0001279	CAPO302733	bflo_08526
OG0001280	CAPO300326	bflo_05584
OG0001281	CAPO304088, CAPO303543	bflo_06100
OG0001282	CAPO305993, CAPO303595	bflo_26722, bflo_03069
OG0001284	CAPO300970	bflo_19270, bflo_06254
OG0001285	CAPO304179	bflo_10129
OG0001286	CAPO303892	bflo_10170, bflo_26942
OG0001287	CAPO302822, CAPO304538	bflo_14817
OG0001288	CAPO302651	bflo_05097, bflo_05036, bflo_13536, bflo_05095, bflo_05094, bflo_05652, bflo_15808, bflo_06118
OG0001289	CAPO306071	bflo_21364
OG0001290	CAPO302574	bflo_05691
OG0001291	CAPO300695	bflo_08573
OG0001294	CAPO304223	bflo_18510
OG0001295	CAPO306210	bflo_00207
OG0001296	CAPO308260	bflo_12324
OG0001297	CAPO305437	bflo_10353
OG0001300	CAPO300154	bflo_05337, bflo_26790, bflo_20405
OG0001302	CAPO302654	bflo_25165
OG0001302	CAPO302215	bflo_08709
OG0001304	CAPO302419	bflo_13694
OG0001305	CAPO304488	bflo_15741
OG0001308	CAPO300432	bflo_08681
OG0001309	CAPO300871	bflo_25672, bflo_00185, bflo_26471, bflo_05346, bflo_00102, bflo_00238, bflo_26246, bflo_26313, bflo_25742, bflo_26400
OG0001310	CAPO305405	bflo_20260
OG0001310	CAPO300151	bflo_17144
OG0001311	CAPO300585	bflo_00386, bflo_18844
OG0001312	CAPO304811	bflo_17709
OG0001314	CAPO306642	bflo_18178, bflo_15272, bflo_13793
OG0001317	CAPO302225	bflo_16360, bflo_10965, bflo_16409
OG0001318	CAPO306280	bflo_03324
OG0001318	CAPO303315	bflo_04124
OG0001319	CAPO304915	bflo_21304
OG0001320	CAPO307498	bflo_10273
OG0001320	CAPO304958	bflo_05629
OG0001321	CAPO301358	bflo_08721
OG0001322	CAPO302022	bflo_23924
OG0001323	CAPO301735	bflo_19666
OG0001325	CAPO304115	bflo_13293
OG0001327	CAPO305568	bflo_01466, bflo_11384
OG0001330	CAPO304584, CAPO300112	bflo_20123
OG0001332	CAPO305487	bflo_06611, bflo_06610, bflo_25803, bflo_25758
OG0001333	CAPO301191	bflo_09852
OG0001344	CAPO308153	bflo_08238, bflo_05567
OG0001345	CAPO306177	bflo_12252, bflo_11238, bflo_11249
OG0001345	CAPO303460	bflo_12953, bflo_12952
OG0001348	CAPO304908	bflo_21574
OG0001350	CAPO305116, CAPO303054	bflo_25719
OG0001352	CAPO303801	bflo_23166, bflo_23187
OG0001353	CAPO303379	bflo_05764
OG0001355	CAPO307732	bflo_10179
OG0001359	CAPO303726	bflo_25944
OG0001361	CAPO307400	bflo_03320
OG0001364	CAPO307249	bflo_24323
OG0001366	CAPO302707	bflo_19736, bflo_19732
OG0001367	CAPO304628	bflo_16121
OG0001370	CAPO305064	bflo_05809
OG0001370	CAPO306956	bflo_18847
OG0001372	CAPO301063	bflo_25830
OG0001372	CAPO306529	bflo_13574
OG0001373	CAPO300734	bflo_22620
OG0001378	CAPO302717	bflo_08974
OG0001379	CAPO304865	bflo_05155, bflo_21724
OG0001382	CAPO306735	bflo_25739, bflo_10341
OG0001383	CAPO300442	bflo_16647
OG0001386	CAPO305078	bflo_02159
OG0001387	CAPO306110, CAPO306288	bflo_21652
OG0001397	CAPO306119	bflo_10128, bflo_09338
OG0001399	CAPO304148	bflo_21669, bflo_12579
OG0001400	CAPO305841	bflo_02687
OG0001404	CAPO302450	bflo_23159, bflo_24535
OG0001405	CAPO302942	bflo_23990
OG0001406	CAPO305604	bflo_21284
OG0001408	CAPO304468	bflo_17072
OG0001409	CAPO300832	bflo_11307
OG0001410	CAPO304381	bflo_14262
OG0001410	CAPO303461	bflo_13741
OG0001411	CAPO301653	bflo_14652
OG0001412	CAPO304843	bflo_09295, bflo_00729
OG0001413	CAPO300375	bflo_20564
OG0001414	CAPO301834	bflo_22712, bflo_10760
OG0001414	CAPO303273	bflo_10406
OG0001415	CAPO307087	bflo_14008, bflo_20533, bflo_21227
OG0001416	CAPO300753	bflo_24922
OG0001418	CAPO300218	bflo_26213
OG0001420	CAPO304723, CAPO308198, CAPO308234, CAPO305541, CAPO307813	bflo_11291
OG0001422	CAPO308345, CAPO303120	bflo_00253
OG0001423	CAPO301310	bflo_16047
OG0001424	CAPO304776	bflo_06976, bflo_05512, bflo_06259, bflo_05513, bflo_05510, bflo_05506
OG0001425	CAPO302275, CAPO302850	bflo_06116, bflo_05585
OG0001426	CAPO302841	bflo_24890
OG0001427	CAPO302723	bflo_04082, bflo_04073
OG0001428	CAPO303027	bflo_24663
OG0001430	CAPO300562	bflo_10599
OG0001431	CAPO308230	bflo_26459
OG0001437	CAPO304955	bflo_11365, bflo_13730, bflo_13248
OG0001440	CAPO305450	bflo_02819, bflo_14002
OG0001445	CAPO301958	bflo_08938
OG0001446	CAPO304614	bflo_16884, bflo_20296, bflo_20858
OG0001447	CAPO307093	bflo_24721, bflo_02252
OG0001449	CAPO306822	bflo_06102
OG0001451	CAPO300036	bflo_06520, bflo_04723
OG0001452	CAPO301933	bflo_05982
OG0001454	CAPO303806	bflo_14303
OG0001456	CAPO307965	bflo_02658, bflo_03856
OG0001459	CAPO307035	bflo_09086
OG0001460	CAPO300988	bflo_22004, bflo_21995
OG0001460	CAPO305875	bflo_06898
OG0001463	CAPO304054	bflo_15529, bflo_08852, bflo_24681, bflo_24477, bflo_24476
OG0001466	CAPO305831	bflo_04036, bflo_07291
OG0001467	CAPO304882	bflo_06650, bflo_15911, bflo_22950, bflo_11088
OG0001468	CAPO306475	bflo_02942
OG0001469	CAPO306371	bflo_09303
OG0001469	CAPO301724	bflo_14078
OG0001470	CAPO305163	bflo_21111
OG0001472	CAPO300986	bflo_19444
OG0001472	CAPO305311	bflo_09223
OG0001473	CAPO304310	bflo_13907, bflo_23419, bflo_23420
OG0001474	CAPO306191	bflo_23794
OG0001475	CAPO305552	bflo_24732, bflo_24910
OG0001476	CAPO305062	bflo_17228
OG0001478	CAPO303095	bflo_13944
OG0001478	CAPO304965	bflo_23859
OG0001479	CAPO306515	bflo_16721
OG0001482	CAPO307610	bflo_20862
OG0001484	CAPO301411	bflo_12487
OG0001485	CAPO301954	bflo_03776
OG0001486	CAPO302441	bflo_03322
OG0001490	CAPO305433	bflo_06679
OG0001492	CAPO305155	bflo_20319
OG0001495	CAPO302008	bflo_12191
OG0001496	CAPO301356	bflo_22121, bflo_06089, bflo_08665, bflo_18354, bflo_10263, bflo_24592
OG0001500	CAPO300054	bflo_21478
OG0001501	CAPO305474	bflo_17919, bflo_09946
OG0001503	CAPO305666	bflo_06788
OG0001503	CAPO307598	bflo_23876
OG0001504	CAPO307661	bflo_12663, bflo_20928, bflo_13456
OG0001505	CAPO301009	bflo_09444, bflo_09445, bflo_09632, bflo_14121, bflo_24098
OG0001506	CAPO300953	bflo_24347, bflo_24797
OG0001507	CAPO304204	bflo_09479
OG0001511	CAPO306127, CAPO305043	bflo_21400
OG0001512	CAPO301118	bflo_08360
OG0001516	CAPO300345	bflo_25717
OG0001517	CAPO303690	bflo_11766, bflo_25356
OG0001519	CAPO306949	bflo_05680, bflo_06207
OG0001522	CAPO303667	bflo_07703, bflo_06545, bflo_06794
OG0001524	CAPO300996	bflo_09720
OG0001524	CAPO308304	bflo_13114
OG0001525	CAPO303907	bflo_20724
OG0001526	CAPO305679	bflo_16661
OG0001527	CAPO300128	bflo_21123
OG0001527	CAPO307636	bflo_12778
OG0001529	CAPO300593	bflo_18691
OG0001530	CAPO302602	bflo_08670
OG0001532	CAPO300282	bflo_24051
OG0001533	CAPO306032	bflo_02142, bflo_02367, bflo_07087
OG0001534	CAPO304425	bflo_22738
OG0001537	CAPO300641	bflo_23337, bflo_10427, bflo_09547, bflo_10294, bflo_00406, bflo_00656, bflo_15216, bflo_10257, bflo_08812
OG0001545	CAPO300895	bflo_06766
OG0001548	CAPO301500	bflo_05101, bflo_27342
OG0001551	CAPO306604	bflo_11722, bflo_27019
OG0001553	CAPO308172	bflo_07695
OG0001554	CAPO302370	bflo_18473
OG0001557	CAPO304176	bflo_11078
OG0001558	CAPO301132	bflo_05037
OG0001559	CAPO301785	bflo_07493, bflo_13140
OG0001561	CAPO301999	bflo_11585
OG0001563	CAPO306378	bflo_06090, bflo_10722, bflo_05442, bflo_26270
OG0001564	CAPO301061	bflo_21764
OG0001567	CAPO300948	bflo_24470
OG0001568	CAPO301468	bflo_23295
OG0001570	CAPO303364	bflo_25416
OG0001572	CAPO304756	bflo_21964, bflo_07216, bflo_08570
OG0001572	CAPO304137	bflo_12786
OG0001573	CAPO305125, CAPO303819	bflo_26307
OG0001576	CAPO306270	bflo_02643
OG0001578	CAPO300715	bflo_09036
OG0001580	CAPO307900	bflo_12800
OG0001581	CAPO306056	bflo_05146, bflo_18279, bflo_23926, bflo_07277
OG0001582	CAPO307073	bflo_20280
OG0001583	CAPO306289	bflo_09911
OG0001584	CAPO301068	bflo_10874
OG0001589	CAPO303301, CAPO304004	bflo_22654
OG0001590	CAPO302386	bflo_06753, bflo_25342, bflo_06809
OG0001593	CAPO305942	bflo_07353
OG0001594	CAPO307886	bflo_17592, bflo_12242
OG0001597	CAPO302703	bflo_19431
OG0001599	CAPO300887	bflo_22926, bflo_23581
OG0001600	CAPO305994	bflo_05648
OG0001603	CAPO306228	bflo_15819
OG0001604	CAPO303898	bflo_20603
OG0001605	CAPO307473	bflo_13484, bflo_14059
OG0001609	CAPO304683	bflo_21761
OG0001609	CAPO302057	bflo_10966
OG0001610	CAPO301483	bflo_01194
OG0001611	CAPO305038	bflo_16854
OG0001612	CAPO302202	bflo_17732
OG0001614	CAPO303895	bflo_05850
OG0001614	CAPO307630	bflo_23076
OG0001615	CAPO300749	bflo_04085
OG0001617	CAPO302798	bflo_11629
OG0001621	CAPO302875	bflo_14954
OG0001622	CAPO302121	bflo_10214
OG0001634	CAPO305688	bflo_15784
OG0001634	CAPO305614	bflo_11774
OG0001638	CAPO303528	bflo_20506
OG0001641	CAPO303281	bflo_02353
OG0001643	CAPO306838	bflo_14182
OG0001644	CAPO303665	bflo_06394
OG0001652	CAPO302838	bflo_16056
OG0001655	CAPO302812	bflo_15013
OG0001657	CAPO304165, CAPO303952	bflo_20602
OG0001660	CAPO305930	bflo_15018
OG0001661	CAPO302789	bflo_20556
OG0001661	CAPO304920	bflo_02558
OG0001663	CAPO301057	bflo_11604
OG0001664	CAPO303152	bflo_26299
OG0001665	CAPO302331	bflo_23160, bflo_22668
OG0001672	CAPO301880	bflo_00223
OG0001673	CAPO305520	bflo_18854
OG0001674	CAPO301357	bflo_08347
OG0001675	CAPO307574	bflo_06103
OG0001676	CAPO300524	bflo_08180
OG0001676	CAPO305992	bflo_08246
OG0001677	CAPO307978	bflo_20838
OG0001679	CAPO302155, CAPO305784	bflo_10339
OG0001680	CAPO304235, CAPO304477	bflo_13497
OG0001684	CAPO300563	bflo_16609, bflo_07060
OG0001685	CAPO307707	bflo_14264
OG0001686	CAPO307138	bflo_07537, bflo_24461
OG0001687	CAPO302907	bflo_21798, bflo_21375, bflo_21796, bflo_21373
OG0001688	CAPO300133	bflo_14161
OG0001690	CAPO304820	bflo_16304
OG0001691	CAPO307420	bflo_19887
OG0001699	CAPO306472, CAPO300057	bflo_04840, bflo_13814, bflo_13237, bflo_13295, bflo_13641, bflo_00038
OG0001704	CAPO304434	bflo_15432, bflo_14401, bflo_14402, bflo_14619
OG0001706	CAPO301033	bflo_20030
OG0001707	CAPO303836	bflo_01901, bflo_01997, bflo_01998
OG0001708	CAPO303804	bflo_23305, bflo_19700, bflo_03419
OG0001709	CAPO304969	bflo_25854, bflo_14697
OG0001711	CAPO301872	bflo_07326
OG0001713	CAPO308041	bflo_24618
OG0001713	CAPO302278	bflo_01714
OG0001714	CAPO306669	bflo_23316
OG0001714	CAPO300188	bflo_20708
OG0001718	CAPO301559, CAPO301838	bflo_16668
OG0001720	CAPO303957	bflo_20056
OG0001721	CAPO302302	bflo_17395
OG0001723	CAPO308089	bflo_22206
OG0001724	CAPO306474	bflo_17956
OG0001727	CAPO301729	bflo_24508
OG0001730	CAPO303469	bflo_09904
OG0001732	CAPO304710	bflo_21629
OG0001733	CAPO306615	bflo_09429
OG0001734	CAPO306594	bflo_22510
OG0001735	CAPO301389	bflo_18755
OG0001738	CAPO301655	bflo_09831
OG0001739	CAPO304154	bflo_09231
OG0001743	CAPO306128	bflo_16404
OG0001746	CAPO306662	bflo_04112
OG0001750	CAPO304954	bflo_19223
OG0001755	CAPO300413	bflo_09237
OG0001756	CAPO301153	bflo_08900
OG0001756	CAPO306605	bflo_07604
OG0001769	CAPO300754	bflo_07667
OG0001769	CAPO306748	bflo_19246
OG0001770	CAPO304551	bflo_14858
OG0001772	CAPO303731	bflo_08296, bflo_08112, bflo_14589, bflo_22785
OG0001774	CAPO302411	bflo_09728, bflo_11693, bflo_12263
OG0001775	CAPO300385, CAPO303998	bflo_06692
OG0001778	CAPO303585	bflo_13440
OG0001781	CAPO304059	bflo_18622
OG0001781	CAPO306335	bflo_16431
OG0001782	CAPO302329	bflo_05868
OG0001783	CAPO302497	bflo_22073, bflo_22072, bflo_22396
OG0001787	CAPO302384	bflo_17783
OG0001789	CAPO303597	bflo_20646
OG0001792	CAPO305067	bflo_17375
OG0001792	CAPO302146	bflo_06166
OG0001793	CAPO302934	bflo_00631
OG0001793	CAPO300098	bflo_02034
OG0001794	CAPO305037	bflo_20247
OG0001797	CAPO305230	bflo_09902, bflo_05321, bflo_09509, bflo_06180
OG0001799	CAPO307439	bflo_19970
OG0001800	CAPO302099, CAPO301494	bflo_12187
OG0001802	CAPO307992	bflo_23636, bflo_16613, bflo_16591, bflo_23329, bflo_16592, bflo_15724, bflo_15726, bflo_15725, bflo_00054, bflo_26786
OG0001804	CAPO307706	bflo_20294
OG0001805	CAPO301307	bflo_10340
OG0001807	CAPO305640	bflo_05428, bflo_05429, bflo_09269, bflo_02527
OG0001808	CAPO300354	bflo_26290
OG0001809	CAPO307543	bflo_16365
OG0001811	CAPO304043	bflo_00322
OG0001814	CAPO305508	bflo_02460, bflo_24498, bflo_08521
OG0001816	CAPO300431	bflo_25650
OG0001818	CAPO302088	bflo_13837, bflo_20690
OG0001819	CAPO307172	bflo_00271
OG0001820	CAPO300515	bflo_26893, bflo_08538
OG0001822	CAPO301119	bflo_12611
OG0001825	CAPO306238	bflo_05431
OG0001827	CAPO303060	bflo_16284
OG0001828	CAPO305081	bflo_18689
OG0001830	CAPO300316	bflo_06356
OG0001831	CAPO306824	bflo_22941
OG0001832	CAPO300612	bflo_07490
OG0001834	CAPO301512	bflo_18626
OG0001849	CAPO303014	bflo_25586, bflo_18793
OG0001850	CAPO301689	bflo_13727
OG0001851	CAPO303828	bflo_13107
OG0001852	CAPO303604	bflo_05001, bflo_15363
OG0001857	CAPO306766	bflo_02847
OG0001859	CAPO304942	bflo_17915, bflo_18129
OG0001860	CAPO306960	bflo_09180
OG0001861	CAPO303333	bflo_09384, bflo_09386, bflo_09200
OG0001863	CAPO300966	bflo_25890
OG0001864	CAPO300448	bflo_14529
OG0001866	CAPO306683	bflo_17287
OG0001867	CAPO302026	bflo_23811
OG0001870	CAPO303422	bflo_01522
OG0001871	CAPO300664	bflo_14768
OG0001873	CAPO305494	bflo_05374
OG0001875	CAPO303129	bflo_00268
OG0001875	CAPO300770	bflo_08517
OG0001877	CAPO305419	bflo_00391
OG0001878	CAPO300594	bflo_14287
OG0001879	CAPO302675	bflo_20454
OG0001879	CAPO304068	bflo_23721
OG0001882	CAPO302587	bflo_19689, bflo_19803, bflo_21200, bflo_18174, bflo_19087
OG0001883	CAPO304395	bflo_23357
OG0001886	CAPO301013	bflo_15916
OG0001888	CAPO307373	bflo_25627
OG0001894	CAPO305070	bflo_09288
OG0001895	CAPO300178	bflo_13160
OG0001898	CAPO303887	bflo_13244
OG0001900	CAPO306468, CAPO308362	bflo_11006
OG0001901	CAPO302174	bflo_14875
OG0001903	CAPO301651	bflo_18870
OG0001913	CAPO308270	bflo_09229
OG0001914	CAPO308187	bflo_16891, bflo_16307, bflo_23119
OG0001915	CAPO305922	bflo_17895
OG0001916	CAPO304398	bflo_10960, bflo_10963, bflo_10951
OG0001917	CAPO303937	bflo_25567
OG0001919	CAPO305966	bflo_08312
OG0001919	CAPO300799	bflo_07415
OG0001923	CAPO300364	bflo_25894
OG0001926	CAPO308203	bflo_26209
OG0001927	CAPO303832	bflo_10105
OG0001928	CAPO303627	bflo_01203
OG0001930	CAPO301567	bflo_05664, bflo_05709
OG0001931	CAPO306905	bflo_03766
OG0001932	CAPO304653	bflo_21308
OG0001935	CAPO301339	bflo_01494, bflo_22557
OG0001937	CAPO301986	bflo_11989, bflo_11991, bflo_11771, bflo_00912, bflo_04479, bflo_04481
OG0001940	CAPO307447	bflo_20907
OG0001941	CAPO303660	bflo_02167
OG0001943	CAPO304272	bflo_10186
OG0001945	CAPO302125, CAPO302413	bflo_18022
OG0001947	CAPO306182	bflo_11420
OG0001948	CAPO307548	bflo_11056
OG0001949	CAPO303945	bflo_26707, bflo_03251
OG0001951	CAPO305792	bflo_00274
OG0001953	CAPO306993	bflo_22677
OG0001956	CAPO302405	bflo_06948
OG0001957	CAPO307027	bflo_03877
OG0001961	CAPO301591	bflo_02004
OG0001963	CAPO304558	bflo_05240
OG0001963	CAPO304559	bflo_03061
OG0001964	CAPO306144	bflo_21681, bflo_21674
OG0001965	CAPO305377	bflo_23145
OG0001966	CAPO308069	bflo_13716, bflo_26347, bflo_26346, bflo_26253
OG0001968	CAPO303436	bflo_10774, bflo_16081
OG0001969	CAPO301897	bflo_00277
OG0001972	CAPO302726	bflo_24069
OG0001985	CAPO307425	bflo_20379
OG0001988	CAPO301454	bflo_06652
OG0001989	CAPO303699	bflo_08917
OG0001992	CAPO301694	bflo_11647
OG0001994	CAPO307422	bflo_19853
OG0001998	CAPO304168	bflo_20085
OG0001999	CAPO303159	bflo_23004, bflo_03052
OG0002000	CAPO305912	bflo_26217, bflo_07336
OG0002001	CAPO301730, CAPO305766	bflo_00306
OG0002003	CAPO306645	bflo_23282
OG0002004	CAPO305661, CAPO300359	bflo_05932, bflo_19112
OG0002006	CAPO302881	bflo_19600
OG0002007	CAPO301764	bflo_08081, bflo_26871
OG0002009	CAPO305521	bflo_06073
OG0002010	CAPO303286	bflo_23377
OG0002011	CAPO305222	bflo_13963
OG0002014	CAPO305309	bflo_10880
OG0002015	CAPO304377	bflo_23014
OG0002016	CAPO300736, CAPO303360	bflo_26862, bflo_07636
OG0002019	CAPO303943, CAPO301189	bflo_19268
OG0002020	CAPO301809, CAPO306607	bflo_09732
OG0002024	CAPO300776	bflo_16686
OG0002025	CAPO301502	bflo_23452
OG0002026	CAPO307889, CAPO306582	bflo_14327
OG0002027	CAPO307021	bflo_21258
OG0002029	CAPO303181	bflo_17549
OG0002030	CAPO303987	bflo_06088
OG0002031	CAPO300135	bflo_00323
OG0002032	CAPO304689	bflo_06420
OG0002034	CAPO306318	bflo_12863
OG0002042	CAPO300525	bflo_07574, bflo_19730, bflo_07576, bflo_08137
OG0002043	CAPO306649	bflo_06461
OG0002061	CAPO307339	bflo_10018, bflo_06827
OG0002062	CAPO301382	bflo_08319
OG0002063	CAPO302417	bflo_03409, bflo_08057
OG0002066	CAPO300576	bflo_06745
OG0002067	CAPO302721	bflo_23122
OG0002068	CAPO303650	bflo_07817
OG0002069	CAPO306402	bflo_01048
OG0002073	CAPO302333	bflo_05725
OG0002074	CAPO304152	bflo_10251
OG0002076	CAPO303117	bflo_00828
OG0002079	CAPO301402	bflo_15094
OG0002080	CAPO307474, CAPO307552	bflo_04014, bflo_04015
OG0002081	CAPO300584	bflo_15470
OG0002084	CAPO300150	bflo_09360, bflo_09358, bflo_09359
OG0002087	CAPO306536	bflo_16653
OG0002093	CAPO304254	bflo_09224, bflo_09209
OG0002094	CAPO303399	bflo_12213
OG0002097	CAPO302111	bflo_21773
OG0002099	CAPO306675	bflo_19979
OG0002101	CAPO307803	bflo_25619
OG0002103	CAPO305235	bflo_22111, bflo_17829
OG0002106	CAPO300071	bflo_05638
OG0002108	CAPO303834	bflo_06308
OG0002122	CAPO300191	bflo_14388
OG0002123	CAPO303373	bflo_04954
OG0002124	CAPO300980	bflo_10898, bflo_23415, bflo_05475, bflo_08511, bflo_21121, bflo_07625, bflo_09667, bflo_08292
OG0002129	CAPO305068	bflo_14320, bflo_14321
OG0002130	CAPO301943	bflo_24564
OG0002131	CAPO302159	bflo_06125
OG0002135	CAPO300616, CAPO300802	bflo_17481
OG0002136	CAPO300292	bflo_09213
OG0002137	CAPO306593	bflo_06584, bflo_24891, bflo_24894
OG0002138	CAPO304101	bflo_10523
OG0002140	CAPO300489	bflo_03866
OG0002141	CAPO300491	bflo_14247
OG0002144	CAPO308205	bflo_20180
OG0002145	CAPO305963	bflo_10933
OG0002146	CAPO303694	bflo_11049
OG0002148	CAPO301311	bflo_14196
OG0002150	CAPO305991	bflo_07992
OG0002151	CAPO300513	bflo_22969
OG0002152	CAPO305214	bflo_06723
OG0002156	CAPO307789	bflo_15422
OG0002158	CAPO300426	bflo_05978
OG0002159	CAPO301618	bflo_09177, bflo_10589, bflo_05019, bflo_05018
OG0002160	CAPO306354	bflo_22999
OG0002165	CAPO306860	bflo_13721, bflo_13797, bflo_13728
OG0002166	CAPO300536	bflo_20020
OG0002168	CAPO305846	bflo_01491, bflo_26230
OG0002169	CAPO305188, CAPO305186	bflo_10054
OG0002170	CAPO306065	bflo_20964, bflo_23066
OG0002171	CAPO300657	bflo_12782
OG0002172	CAPO300117	bflo_26705, bflo_03089
OG0002173	CAPO300163	bflo_13323, bflo_03271
OG0002177	CAPO303715	bflo_08056
OG0002178	CAPO300762	bflo_23750, bflo_17618
OG0002179	CAPO301344	bflo_09950
OG0002182	CAPO300304	bflo_11055
OG0002184	CAPO302808	bflo_25708, bflo_27502
OG0002185	CAPO306894	bflo_12889
OG0002187	CAPO303260	bflo_15673
OG0002188	CAPO307308	bflo_24734
OG0002189	CAPO302919, CAPO302901	bflo_02190, bflo_25738
OG0002190	CAPO305794	bflo_07986
OG0002191	CAPO306349	bflo_02429
OG0002193	CAPO307827, CAPO303661	bflo_05285
OG0002194	CAPO306073	bflo_15054, bflo_00344, bflo_00882, bflo_18964, bflo_18963, bflo_15051, bflo_26367
OG0002198	CAPO307154	bflo_12000, bflo_11998, bflo_14584, bflo_21238, bflo_13012, bflo_27267, bflo_24707, bflo_21973, bflo_25520, bflo_11204
OG0002198	CAPO303344	bflo_21399, bflo_04066, bflo_04283
OG0002201	CAPO305256	bflo_13691
OG0002213	CAPO301692	bflo_22691
OG0002216	CAPO308083	bflo_18862
OG0002217	CAPO303403	bflo_16001
OG0002219	CAPO301953	bflo_05977, bflo_05666
OG0002222	CAPO300961	bflo_24361
OG0002224	CAPO304952	bflo_07288
OG0002225	CAPO301769	bflo_09171
OG0002226	CAPO307804	bflo_25646
OG0002227	CAPO307820, CAPO307799	bflo_08980
OG0002228	CAPO301630, CAPO300068	bflo_13849, bflo_23702
OG0002229	CAPO308040	bflo_20886
OG0002235	CAPO303035	bflo_14030, bflo_10558, bflo_13241
OG0002237	CAPO306506	bflo_17969
OG0002239	CAPO301966	bflo_06586
OG0002240	CAPO306707	bflo_24002
OG0002241	CAPO303979	bflo_20706
OG0002243	CAPO301335, CAPO300484	bflo_08149
OG0002244	CAPO303840	bflo_15224
OG0002245	CAPO302737	bflo_01128
OG0002246	CAPO301929	bflo_05448
OG0002251	CAPO302537	bflo_09054
OG0002252	CAPO304306	bflo_22997
OG0002255	CAPO301475, CAPO302337	bflo_12727
OG0002257	CAPO303721	bflo_11090
OG0002258	CAPO302229	bflo_20237
OG0002261	CAPO303559	bflo_23458
OG0002263	CAPO304694	bflo_21631
OG0002264	CAPO304810	bflo_17703
OG0002266	CAPO307392	bflo_23114
OG0002270	CAPO302042	bflo_11641
OG0002272	CAPO301905	bflo_03132, bflo_06911
OG0002282	CAPO300014	bflo_15825
OG0002284	CAPO304167	bflo_12122
OG0002285	CAPO305012	bflo_09908
OG0002287	CAPO306430	bflo_04439, bflo_04441, bflo_13154
OG0002288	CAPO306855	bflo_07962
OG0002292	CAPO301471	bflo_09968
OG0002293	CAPO302207	bflo_04454
OG0002294	CAPO300522	bflo_25668
OG0002296	CAPO307746	bflo_26931, bflo_09788
OG0002297	CAPO307845	bflo_19555, bflo_07421, bflo_19556, bflo_18716, bflo_25916, bflo_25367, bflo_26405, bflo_26046
OG0002312	CAPO305339	bflo_10393
OG0002316	CAPO302192	bflo_27221, bflo_17667, bflo_20730
OG0002317	CAPO301129	bflo_03550
OG0002318	CAPO302292	bflo_15753, bflo_04573, bflo_07141
OG0002319	CAPO306342	bflo_21275
OG0002321	CAPO300390	bflo_09188
OG0002322	CAPO300979	bflo_10791, bflo_22947
OG0002324	CAPO301866	bflo_11385, bflo_16549, bflo_19395
OG0002325	CAPO300458	bflo_11703
OG0002326	CAPO302239	bflo_12510
OG0002327	CAPO302954	bflo_11578
OG0002330	CAPO300172	bflo_06994, bflo_21027, bflo_09828
OG0002331	CAPO302246	bflo_13938
OG0002332	CAPO300761	bflo_26840, bflo_06982
OG0002337	CAPO307155	bflo_19851
OG0002340	CAPO307906	bflo_12722
OG0002343	CAPO303889	bflo_03003
OG0002344	CAPO307434	bflo_05342
OG0002346	CAPO307106	bflo_03740
OG0002348	CAPO302095	bflo_14911
OG0002354	CAPO306383	bflo_13214, bflo_13170
OG0002356	CAPO305051	bflo_10383
OG0002357	CAPO302341	bflo_08632
OG0002358	CAPO307788	bflo_10333
OG0002359	CAPO302128	bflo_07659
OG0002361	CAPO304727	bflo_23630, bflo_04272, bflo_17174
OG0002362	CAPO301902	bflo_03211
OG0002363	CAPO302980	bflo_23777
OG0002364	CAPO306488	bflo_12527, bflo_13359, bflo_13507, bflo_13815, bflo_05491, bflo_13395
OG0002367	CAPO304316	bflo_06197
OG0002368	CAPO301447	bflo_07364
OG0002369	CAPO301279	bflo_17338
OG0002370	CAPO303015	bflo_23279
OG0002371	CAPO304426	bflo_22133, bflo_22130, bflo_04827, bflo_04271, bflo_00029
OG0002372	CAPO303540	bflo_20060
OG0002373	CAPO306145	bflo_07066
OG0002374	CAPO302309	bflo_12674
OG0002375	CAPO305178, CAPO300285	bflo_06120, bflo_03734, bflo_21167
OG0002376	CAPO304863	bflo_15696
OG0002377	CAPO301847	bflo_08189
OG0002379	CAPO301214	bflo_22498
OG0002383	CAPO302731	bflo_15792
OG0002384	CAPO305065	bflo_07330, bflo_06047, bflo_06046, bflo_06045
OG0002396	CAPO302410	bflo_15291
OG0002398	CAPO306938	bflo_14682
OG0002405	CAPO300119	bflo_14103
OG0002406	CAPO304138	bflo_24870
OG0002407	CAPO301366	bflo_06998
OG0002409	CAPO301533	bflo_11396
OG0002410	CAPO305170	bflo_05594
OG0002411	CAPO305052	bflo_08287
OG0002413	CAPO307797	bflo_25614
OG0002413	CAPO304716	bflo_00931
OG0002414	CAPO304631	bflo_01680
OG0002415	CAPO305027	bflo_02439
OG0002415	CAPO304905	bflo_07511
OG0002418	CAPO303802	bflo_24092
OG0002419	CAPO303825	bflo_27096, bflo_13212, bflo_01335, bflo_15730, bflo_23511, bflo_27367
OG0002421	CAPO305365	bflo_12659
OG0002422	CAPO302014	bflo_17604
OG0002425	CAPO304491	bflo_16200, bflo_00948, bflo_15829
OG0002426	CAPO303294	bflo_22946
OG0002429	CAPO305260	bflo_13260
OG0002433	CAPO302444	bflo_23332
OG0002435	CAPO304613	bflo_25999
OG0002436	CAPO307054	bflo_20619
OG0002437	CAPO303352	bflo_16671
OG0002439	CAPO302565	bflo_04094
OG0002441	CAPO304429	bflo_18128
OG0002442	CAPO300535	bflo_12847
OG0002443	CAPO301424	bflo_12045
OG0002445	CAPO304782	bflo_18122
OG0002446	CAPO303707	bflo_23291
OG0002448	CAPO308204	bflo_07090
OG0002453	CAPO305834	bflo_12392
OG0002454	CAPO305157	bflo_20017
OG0002466	CAPO305593	bflo_16717
OG0002467	CAPO302869	bflo_05975
OG0002476	CAPO307617	bflo_16460, bflo_12860
OG0002484	CAPO305360	bflo_08394
OG0002486	CAPO303598	bflo_02598
OG0002489	CAPO304231	bflo_09137
OG0002490	CAPO307409, CAPO300849	bflo_12104
OG0002492	CAPO305743	bflo_21795
OG0002494	CAPO307620	bflo_13228
OG0002495	CAPO306559	bflo_02452
OG0002496	CAPO300997	bflo_09729
OG0002497	CAPO301629	bflo_07342
OG0002499	CAPO308309	bflo_25023, bflo_25020
OG0002500	CAPO305159	bflo_20308, bflo_03076, bflo_03356, bflo_03357
OG0002501	CAPO305150	bflo_20143
OG0002502	CAPO304947	bflo_25062
OG0002503	CAPO301024	bflo_14806
OG0002505	CAPO302692	bflo_19738, bflo_19740, bflo_19741, bflo_18505, bflo_19739
OG0002506	CAPO301029	bflo_15908, bflo_05827, bflo_06746
OG0002507	CAPO303215	bflo_25600
OG0002509	CAPO305905, CAPO306732	bflo_13462
OG0002510	CAPO305793	bflo_21793
OG0002511	CAPO303146	bflo_25280
OG0002516	CAPO307569	bflo_09647
OG0002518	CAPO304200	bflo_24581
OG0002519	CAPO302874	bflo_15025
OG0002523	CAPO301008	bflo_03694
OG0002525	CAPO300787	bflo_13844
OG0002526	CAPO303145	bflo_06290
OG0002527	CAPO306066	bflo_15960
OG0002528	CAPO301891	bflo_10783
OG0002529	CAPO301231, CAPO301232	bflo_21754
OG0002531	CAPO304673	bflo_23389
OG0002532	CAPO307265	bflo_23293
OG0002533	CAPO302353	bflo_20865
OG0002534	CAPO302248	bflo_24432
OG0002539	CAPO305908	bflo_13364
OG0002542	CAPO300062	bflo_18845
OG0002543	CAPO306889, CAPO301493	bflo_20301
OG0002548	CAPO303502	bflo_23945
OG0002555	CAPO301095	bflo_08769
OG0002556	CAPO306661	bflo_03204, bflo_03836
OG0002557	CAPO302757	bflo_14058
OG0002558	CAPO301820	bflo_14250
OG0002559	CAPO306363	bflo_14842
OG0002561	CAPO306761	bflo_23744, bflo_23953, bflo_05234
OG0002562	CAPO305283	bflo_25771
OG0002563	CAPO307417	bflo_14809
OG0002564	CAPO307297	bflo_22944
OG0002565	CAPO302611	bflo_10050, bflo_03463, bflo_03428
OG0002566	CAPO303827	bflo_25702
OG0002567	CAPO304319	bflo_14496
OG0002569	CAPO306658	bflo_15249
OG0002570	CAPO307215	bflo_12783, bflo_05242
OG0002578	CAPO301504	bflo_00731
OG0002587	CAPO300512	bflo_12820
OG0002589	CAPO302447	bflo_19855, bflo_14445
OG0002592	CAPO300278	bflo_10812
OG0002594	CAPO304177	bflo_12802
OG0002598	CAPO300566	bflo_25193
OG0002599	CAPO303706	bflo_12467
OG0002600	CAPO305861	bflo_07193, bflo_08088
OG0002601	CAPO300675	bflo_07808
OG0002602	CAPO303637	bflo_23158
OG0002603	CAPO302609	bflo_26047, bflo_25695
OG0002605	CAPO303522	bflo_25240
OG0002608	CAPO303192	bflo_08895
OG0002609	CAPO304999	bflo_02437
OG0002610	CAPO307043	bflo_12575
OG0002611	CAPO302425	bflo_02905
OG0002617	CAPO307606	bflo_15506
OG0002618	CAPO307902	bflo_23718
OG0002620	CAPO300598	bflo_16451
OG0002621	CAPO305708, CAPO305709, CAPO305858	bflo_06768
OG0002624	CAPO307642	bflo_13571
OG0002629	CAPO306781	bflo_16223
OG0002630	CAPO300618	bflo_01551
OG0002631	CAPO302228	bflo_01445
OG0002632	CAPO301605	bflo_06193
OG0002633	CAPO301845	bflo_19216
OG0002634	CAPO303763	bflo_06198, bflo_06187
OG0002636	CAPO302443	bflo_23328
OG0002638	CAPO302461, CAPO301720	bflo_05077
OG0002642	CAPO302887	bflo_19142, bflo_19292, bflo_19141, bflo_23610
OG0002643	CAPO305403	bflo_14725
OG0002644	CAPO300686	bflo_14285
OG0002645	CAPO302012	bflo_12036
OG0002646	CAPO300302	bflo_03490
OG0002651	CAPO307502	bflo_15103
OG0002652	CAPO305413	bflo_13789
OG0002656	CAPO301386	bflo_18782
OG0002657	CAPO301921	bflo_18748
OG0002659	CAPO302308	bflo_01178, bflo_10421
OG0002661	CAPO300165	bflo_09214
OG0002662	CAPO307949	bflo_22699
OG0002663	CAPO308163	bflo_21270
OG0002665	CAPO307055	bflo_20372
OG0002666	CAPO308350	bflo_23259, bflo_23089, bflo_23310
OG0002668	CAPO301754	bflo_12729
OG0002669	CAPO301762	bflo_09775, bflo_15773, bflo_05435
OG0002672	CAPO307527	bflo_05756
OG0002677	CAPO303005	bflo_23067
OG0002682	CAPO301064, CAPO300171	bflo_25626
OG0002683	CAPO303156	bflo_18447
OG0002705	CAPO303959	bflo_20563
OG0002706	CAPO306125	bflo_05236, bflo_23520
OG0002708	CAPO306708	bflo_18080
OG0002710	CAPO301641	bflo_06409
OG0002713	CAPO306909	bflo_21838
OG0002715	CAPO303783	bflo_05173, bflo_10995
OG0002716	CAPO302306	bflo_13388
OG0002717	CAPO307873	bflo_10829
OG0002718	CAPO306705	bflo_24551
OG0002720	CAPO304077	bflo_13227, bflo_09843
OG0002726	CAPO303092	bflo_07500
OG0002728	CAPO304582	bflo_05657
OG0002730	CAPO300185	bflo_17548
OG0002731	CAPO304916	bflo_17066
OG0002732	CAPO305751	bflo_10407
OG0002736	CAPO302364	bflo_17740
OG0002739	CAPO303462	bflo_14092
OG0002740	CAPO303044	bflo_06004
OG0002741	CAPO305001	bflo_06261
OG0002743	CAPO305659	bflo_02901, bflo_19089, bflo_19090
OG0002744	CAPO307532	bflo_15548
OG0002745	CAPO302960	bflo_18797
OG0002746	CAPO301404	bflo_13125
OG0002747	CAPO308121	bflo_16801, bflo_15949
OG0002749	CAPO305516	bflo_06000
OG0002750	CAPO305820	bflo_09572
OG0002751	CAPO300590	bflo_22793
OG0002752	CAPO306571	bflo_14176
OG0002753	CAPO301419	bflo_11820
OG0002755	CAPO303504	bflo_25191, bflo_25194, bflo_25180, bflo_13909
OG0002756	CAPO302206	bflo_11674, bflo_27015, bflo_20777
OG0002757	CAPO301022	bflo_06637, bflo_15038
OG0002758	CAPO302892, CAPO307678	bflo_23311
OG0002760	CAPO306120	bflo_11137
OG0002764	CAPO300451	bflo_24413
OG0002765	CAPO307679	bflo_12629
OG0002766	CAPO300475	bflo_19451, bflo_07699
OG0002767	CAPO302818	bflo_14969
OG0002770	CAPO300723	bflo_09082
OG0002771	CAPO307480	bflo_11925
OG0002772	CAPO301657	bflo_25744
OG0002773	CAPO300783	bflo_22561, bflo_22594
OG0002774	CAPO301900	bflo_03686
OG0002776	CAPO300785	bflo_07637
OG0002779	CAPO306710	bflo_24147
OG0002780	CAPO306806	bflo_22863
OG0002782	CAPO301842	bflo_14421
OG0002785	CAPO300520	bflo_26328
OG0002787	CAPO307667	bflo_13919
OG0002788	CAPO304831	bflo_03434
OG0002790	CAPO302263	bflo_14079
OG0002799	CAPO301814	bflo_20975
OG0002814	CAPO300792	bflo_07071
OG0002815	CAPO305247	bflo_17407
OG0002816	CAPO300822	bflo_25325
OG0002817	CAPO305631	bflo_19433
OG0002818	CAPO300344	bflo_11439
OG0002822	CAPO300505	bflo_23044
OG0002824	CAPO304804	bflo_00260
OG0002825	CAPO303958	bflo_09064
OG0002826	CAPO305161	bflo_10373
OG0002827	CAPO302357	bflo_17660
OG0002828	CAPO302033	bflo_13605, bflo_26191
OG0002831	CAPO303454	bflo_03754
OG0002833	CAPO302961	bflo_23101
OG0002835	CAPO306542	bflo_01169
OG0002836	CAPO301463	bflo_24436
OG0002837	CAPO304096	bflo_14396
OG0002838	CAPO305478	bflo_18418, bflo_04823, bflo_06896
OG0002839	CAPO302420	bflo_02442
OG0002841	CAPO302293	bflo_12441
OG0002842	CAPO300353	bflo_26034, bflo_26300, bflo_27525
OG0002843	CAPO300339	bflo_20383
OG0002844	CAPO306381, CAPO305443	bflo_05002
OG0002845	CAPO305717	bflo_11712, bflo_27024
OG0002847	CAPO307024	bflo_20604
OG0002848	CAPO306888	bflo_05738
OG0002850	CAPO305439	bflo_24019
OG0002851	CAPO304239	bflo_17584
OG0002858	CAPO302020	bflo_14031
OG0002860	CAPO304305	bflo_23715
OG0002864	CAPO303007	bflo_08165
OG0002865	CAPO302058	bflo_13072
OG0002866	CAPO307089	bflo_03313
OG0002868	CAPO307730	bflo_25215
OG0002870	CAPO303935	bflo_17468
OG0002873	CAPO302439	bflo_04366
OG0002875	CAPO302434	bflo_20718
OG0002876	CAPO302622	bflo_04355
OG0002877	CAPO303139	bflo_00643
OG0002878	CAPO304014	bflo_16359, bflo_12870, bflo_12799, bflo_27059, bflo_12792
OG0002883	CAPO300600	bflo_07979, bflo_07556
OG0002884	CAPO306804	bflo_04037
OG0002888	CAPO302979	bflo_22791
OG0002890	CAPO307147	bflo_02459
OG0002894	CAPO307506	bflo_18873
OG0002895	CAPO306767, CAPO303745	bflo_12378
OG0002896	CAPO301218	bflo_21624
OG0002897	CAPO306671	bflo_00347
OG0002899	CAPO306014	bflo_24003
OG0002902	CAPO300125	bflo_05131
OG0002907	CAPO303347	bflo_25401
OG0002908	CAPO301293	bflo_02851, bflo_00264, bflo_02327, bflo_12818
OG0002909	CAPO302801	bflo_10956
OG0002911	CAPO306312	bflo_09390
OG0002913	CAPO307505	bflo_12845
OG0002914	CAPO304158	bflo_08995
OG0002915	CAPO307623	bflo_13226
OG0002916	CAPO307991	bflo_25687
OG0002917	CAPO304597	bflo_21482
OG0002921	CAPO307445	bflo_20845
OG0002922	CAPO305731	bflo_10302
OG0002923	CAPO307207	bflo_22160
OG0002926	CAPO301908	bflo_06182
OG0002927	CAPO307647	bflo_02244
OG0002931	CAPO300557	bflo_08344, bflo_16193
OG0002944	CAPO306630	bflo_01745
OG0002945	CAPO307786	bflo_22945
OG0002946	CAPO302209	bflo_21430, bflo_22798, bflo_11274, bflo_21428
OG0002947	CAPO306510	bflo_08384
OG0002948	CAPO303072	bflo_24612
OG0002949	CAPO305527, CAPO304499	bflo_22993
OG0002950	CAPO302322	bflo_22911
OG0002952	CAPO304062, CAPO304063	bflo_14626
OG0002953	CAPO305937	bflo_11098
OG0002954	CAPO303510	bflo_09804
OG0002955	CAPO305617	bflo_10404
OG0002957	CAPO303846	bflo_21819, bflo_21211
OG0002959	CAPO305557	bflo_24974
OG0002960	CAPO301301	bflo_16007
OG0002961	CAPO306313	bflo_19123
OG0002962	CAPO302937	bflo_23844
OG0002965	CAPO304902	bflo_01675, bflo_07078
OG0002968	CAPO306161	bflo_17865
OG0002969	CAPO301408	bflo_19691, bflo_19692
OG0002973	CAPO301405	bflo_11691
OG0002974	CAPO300358	bflo_12717
OG0002976	CAPO304649	bflo_06168
OG0002977	CAPO306762	bflo_20350
OG0002979	CAPO300623	bflo_18017
OG0002981	CAPO305421	bflo_26562
OG0002982	CAPO306469	bflo_17282
OG0002983	CAPO302346	bflo_04491
OG0002985	CAPO300589	bflo_14855
OG0002987	CAPO306603	bflo_08736
OG0002988	CAPO300003	bflo_14375, bflo_14313, bflo_06455, bflo_18734
OG0002990	CAPO304869	bflo_09319
OG0002991	CAPO300778	bflo_07835
OG0002992	CAPO307180	bflo_00388
OG0002994	CAPO307303	bflo_12787
OG0002997	CAPO307685	bflo_25686
OG0002998	CAPO302958	bflo_21850
OG0003001	CAPO302423	bflo_02143
OG0003002	CAPO304848	bflo_19016
OG0003004	CAPO304489	bflo_10517
OG0003005	CAPO302131	bflo_25599
OG0003005	CAPO302452, CAPO300516	bflo_25044
OG0003006	CAPO302605	bflo_23446
OG0003010	CAPO303642	bflo_04794
OG0003012	CAPO302272	bflo_05326
OG0003014	CAPO304419	bflo_01493
OG0003016	CAPO301025	bflo_14974
OG0003017	CAPO303755	bflo_09191, bflo_09195
OG0003018	CAPO301697	bflo_14657, bflo_17790
OG0003019	CAPO302687	bflo_24520
OG0003019	CAPO307689	bflo_19038
OG0003020	CAPO306543, CAPO306821	bflo_12891
OG0003022	CAPO308155	bflo_21363
OG0003024	CAPO300933	bflo_10487
OG0003025	CAPO306077	bflo_13188, bflo_12224
OG0003026	CAPO304742	bflo_15640
OG0003027	CAPO302145	bflo_01434
OG0003028	CAPO307794	bflo_02463
OG0003029	CAPO301992	bflo_13998
OG0003030	CAPO304737	bflo_01465
OG0003033	CAPO300181	bflo_17532
OG0003034	CAPO300214, CAPO307271	bflo_14512
OG0003037	CAPO305626	bflo_09575, bflo_10932
OG0003038	CAPO300861	bflo_13256
OG0003041	CAPO306033	bflo_05283
OG0003042	CAPO301480	bflo_19071
OG0003043	CAPO304921	bflo_14220
OG0003044	CAPO300082	bflo_20099
OG0003046	CAPO302851	bflo_11903
OG0003048	CAPO300169	bflo_12696
OG0003049	CAPO300501, CAPO307086, CAPO305726	bflo_25818
OG0003053	CAPO305034	bflo_25336
OG0003054	CAPO305605	bflo_22442
OG0003055	CAPO307832	bflo_25637
OG0003056	CAPO300334	bflo_18212
OG0003058	CAPO305219	bflo_01459
OG0003059	CAPO307928	bflo_08502
OG0003060	CAPO300265	bflo_26348
OG0003063	CAPO306091	bflo_11663
OG0003064	CAPO303600	bflo_06964
OG0003065	CAPO305486	bflo_19457
OG0003067	CAPO301062	bflo_04858, bflo_10237
OG0003071	CAPO303765	bflo_14796
OG0003072	CAPO300719	bflo_12228
OG0003073	CAPO300571	bflo_04952, bflo_06059
OG0003074	CAPO305232	bflo_12708
OG0003079	CAPO303732	bflo_06301
OG0003103	CAPO300058	bflo_02914, bflo_02855
OG0003104	CAPO300208	bflo_16005
OG0003106	CAPO300222	bflo_19114
OG0003107	CAPO305408	bflo_12594
OG0003108	CAPO307100	bflo_23281
OG0003110	CAPO302380	bflo_22448
OG0003111	CAPO305398	bflo_02071
OG0003112	CAPO305044	bflo_08398, bflo_09454
OG0003113	CAPO300369	bflo_01744
OG0003114	CAPO305811	bflo_20937
OG0003115	CAPO305328	bflo_02956
OG0003116	CAPO304220	bflo_14734, bflo_18557
OG0003119	CAPO301756	bflo_09328
OG0003120	CAPO301313	bflo_08097
OG0003121	CAPO300078	bflo_05128
OG0003122	CAPO305152	bflo_17079, bflo_11331
OG0003124	CAPO307110	bflo_20947
OG0003125	CAPO308199	bflo_09377
OG0003126	CAPO302418	bflo_25347
OG0003128	CAPO300639	bflo_20579
OG0003130	CAPO308112	bflo_20145
OG0003131	CAPO301104	bflo_20297
OG0003135	CAPO304970	bflo_11156
OG0003136	CAPO303233	bflo_06361
OG0003138	CAPO307798	bflo_18045, bflo_24475
OG0003141	CAPO300915	bflo_24349
OG0003144	CAPO304802	bflo_18077
OG0003145	CAPO301669	bflo_16411
OG0003146	CAPO304953	bflo_01499
OG0003147	CAPO305754	bflo_10687
OG0003149	CAPO303321	bflo_05831, bflo_05830
OG0003150	CAPO304553	bflo_21673
OG0003152	CAPO306395	bflo_23595
OG0003153	CAPO305242	bflo_13277
OG0003154	CAPO308152	bflo_15309, bflo_20484, bflo_01436
OG0003157	CAPO300659	bflo_14340
OG0003158	CAPO304754	bflo_02352
OG0003159	CAPO307514	bflo_18570, bflo_07057
OG0003160	CAPO305734	bflo_09900
OG0003161	CAPO307952, CAPO307190, CAPO305141	bflo_11644
OG0003162	CAPO303406	bflo_06527
OG0003163	CAPO300707, CAPO304931, CAPO305637, CAPO307669, CAPO300284	bflo_25957
OG0003164	CAPO302879	bflo_15147
OG0003165	CAPO302597	bflo_17531
OG0003169	CAPO302137	bflo_05306, bflo_26358
OG0003172	CAPO306984	bflo_19337
OG0003174	CAPO306817	bflo_15477
OG0003175	CAPO306274	bflo_02528, bflo_02529, bflo_02516
OG0003176	CAPO307890	bflo_13138, bflo_13141, bflo_13521
OG0003177	CAPO305441	bflo_04900, bflo_04891
OG0003178	CAPO303283	bflo_21644
OG0003179	CAPO300801	bflo_07971
OG0003181	CAPO304354	bflo_23833
OG0003182	CAPO308003	bflo_13801
OG0003184	CAPO303123	bflo_07007
OG0003185	CAPO301951	bflo_03286
OG0003187	CAPO303479	bflo_06988
OG0003189	CAPO303157	bflo_17966, bflo_17711
OG0003190	CAPO303910	bflo_26454, bflo_00272
OG0003191	CAPO306279	bflo_02395
OG0003193	CAPO301211	bflo_22117
OG0003194	CAPO301882	bflo_16541
OG0003196	CAPO306231	bflo_23488, bflo_13878, bflo_13848
OG0003198	CAPO304417	bflo_15180, bflo_14134, bflo_15182, bflo_09803, bflo_09477
OG0003199	CAPO305890	bflo_11640
OG0003200	CAPO301026	bflo_05796
OG0003202	CAPO307016	bflo_08512
OG0003203	CAPO305085	bflo_00895
OG0003206	CAPO306250	bflo_14678, bflo_27134
OG0003207	CAPO301521	bflo_11574
OG0003210	CAPO303247	bflo_16532
OG0003211	CAPO307771	bflo_12109
OG0003212	CAPO300076	bflo_11237, bflo_11720
OG0003214	CAPO305438	bflo_15011
OG0003215	CAPO305646	bflo_23368
OG0003217	CAPO304366	bflo_13097, bflo_13181
OG0003218	CAPO308113	bflo_21266
OG0003219	CAPO306660	bflo_14338
OG0003220	CAPO304799	bflo_17426
OG0003221	CAPO300283	bflo_01510
OG0003223	CAPO307650	bflo_13052
OG0003225	CAPO303179	bflo_08138
OG0003227	CAPO306597	bflo_09183
OG0003228	CAPO305495	bflo_11373
OG0003230	CAPO301507	bflo_10210
OG0003231	CAPO301890	bflo_05723
OG0003235	CAPO301047	bflo_14854
OG0003238	CAPO305586	bflo_07377
OG0003240	CAPO303081	bflo_07037, bflo_07038
OG0003251	CAPO307251	bflo_12651
OG0003252	CAPO305303	bflo_14795
OG0003254	CAPO307938	bflo_05940
OG0003255	CAPO301338	bflo_08217
OG0003257	CAPO303231	bflo_05917, bflo_05925
OG0003263	CAPO303458	bflo_23703
OG0003264	CAPO306409	bflo_04822
OG0003266	CAPO303168	bflo_10178
OG0003267	CAPO300914	bflo_26847, bflo_07095
OG0003268	CAPO301821	bflo_13173
OG0003269	CAPO304139	bflo_23123
OG0003272	CAPO300665	bflo_14266
OG0003273	CAPO307851	bflo_14432
OG0003277	CAPO306142	bflo_11010
OG0003278	CAPO306053	bflo_16363
OG0003278	CAPO306634	bflo_11050, bflo_18953
OG0003279	CAPO306251	bflo_14292
OG0003282	CAPO305239	bflo_05872
OG0003283	CAPO304400	bflo_27041, bflo_12474
OG0003284	CAPO302648	bflo_02462
OG0003287	CAPO306546	bflo_03086
OG0003288	CAPO307866	bflo_14155
OG0003290	CAPO307662, CAPO300441	bflo_07091
OG0003291	CAPO306657	bflo_04904
OG0003293	CAPO300956	bflo_00129
OG0003294	CAPO303988	bflo_14576
OG0003296	CAPO301282	bflo_21081
OG0003297	CAPO307941	bflo_22943, bflo_27414
OG0003298	CAPO306456	bflo_15165
OG0003300	CAPO307904	bflo_03067, bflo_03066
OG0003301	CAPO300201	bflo_01141
OG0003302	CAPO303848	bflo_07345
OG0003303	CAPO304414	bflo_15649
OG0003306	CAPO303291	bflo_11444, bflo_26999
OG0003309	CAPO301499	bflo_18723
OG0003315	CAPO301649	bflo_01079, bflo_26618, bflo_01077
OG0003316	CAPO300235	bflo_24864
OG0003317	CAPO304285	bflo_23280
OG0003318	CAPO302830	bflo_11452
OG0003320	CAPO303640	bflo_10097
OG0003323	CAPO304122	bflo_15869
OG0003324	CAPO308312	bflo_05150, bflo_22670, bflo_22770
OG0003325	CAPO300972, CAPO304961	bflo_08410
OG0003326	CAPO308259	bflo_09789
OG0003329	CAPO303336, CAPO300711	bflo_06538
OG0003331	CAPO303947	bflo_20334
OG0003332	CAPO307894	bflo_06531
OG0003333	CAPO307836	bflo_03278
OG0003334	CAPO305710	bflo_07602, bflo_08283, bflo_00904, bflo_07126, bflo_07128, bflo_07127
OG0003335	CAPO302255	bflo_16036
OG0003340	CAPO305389	bflo_00966
OG0003341	CAPO301683	bflo_13784
OG0003348	CAPO308059, CAPO308052	bflo_01497
OG0003349	CAPO300780	bflo_08162
OG0003353	CAPO304897	bflo_11091
OG0003354	CAPO300396	bflo_00257
OG0003355	CAPO308186	bflo_07915
OG0003356	CAPO306224	bflo_13961
OG0003357	CAPO307953	bflo_10674
OG0003358	CAPO307281	bflo_11374
OG0003359	CAPO303262, CAPO304527	bflo_09270
OG0003360	CAPO301722	bflo_08028
OG0003361	CAPO301802	bflo_21492
OG0003362	CAPO306572	bflo_15019, bflo_27136, bflo_15047
OG0003364	CAPO301569	bflo_03561
OG0003366	CAPO302011	bflo_23663
OG0003368	CAPO307793	bflo_08973
OG0003369	CAPO305084	bflo_08608
OG0003370	CAPO302725	bflo_05182
OG0003373	CAPO301869	bflo_04729
OG0003374	CAPO305683	bflo_01562
OG0003375	CAPO301633, CAPO305837	bflo_05681
OG0003376	CAPO306560	bflo_05753
OG0003377	CAPO301205	bflo_09240, bflo_09241
OG0003378	CAPO305510	bflo_09811
OG0003379	CAPO301575	bflo_01579
OG0003380	CAPO301115	bflo_20421
OG0003382	CAPO302262	bflo_03233
OG0003383	CAPO305778	bflo_00169
OG0003384	CAPO306617	bflo_10672
OG0003386	CAPO300917	bflo_24755
OG0003388	CAPO302657, CAPO304459, CAPO302957	bflo_08160
OG0003391	CAPO301846	bflo_11495
OG0003392	CAPO304278	bflo_04347
OG0003393	CAPO304102	bflo_04808, bflo_04806
OG0003419	CAPO301040	bflo_19082
OG0003421	CAPO300028	bflo_14823
OG0003422	CAPO300121	bflo_15120
OG0003424	CAPO307323	bflo_22975
OG0003425	CAPO304371	bflo_06597
OG0003426	CAPO301532	bflo_17220
OG0003428	CAPO300586	bflo_15063
OG0003429	CAPO307638	bflo_03695
OG0003430	CAPO305848	bflo_10656
OG0003431	CAPO308284	bflo_18771
OG0003434	CAPO303572	bflo_00872
OG0003435	CAPO300552	bflo_21768
OG0003438	CAPO304548, CAPO305602, CAPO302554	bflo_20074, bflo_20077
OG0003443	CAPO306901, CAPO306924	bflo_23995
OG0003447	CAPO304621, CAPO305856	bflo_11633
OG0003448	CAPO305307	bflo_13876
OG0003449	CAPO304421	bflo_22898
OG0003450	CAPO304313	bflo_14312
OG0003451	CAPO302760	bflo_17722
OG0003453	CAPO304718	bflo_09284
OG0003454	CAPO305798	bflo_18619
OG0003455	CAPO300221	bflo_03202, bflo_03230
OG0003456	CAPO305023	bflo_23918
OG0003457	CAPO307022	bflo_01506
OG0003458	CAPO301287	bflo_05669, bflo_03987
OG0003459	CAPO304210	bflo_13470
OG0003461	CAPO304469	bflo_10235
OG0003462	CAPO306452	bflo_15758
OG0003464	CAPO306136	bflo_22976
OG0003465	CAPO307530	bflo_16970
OG0003467	CAPO306150	bflo_12624
OG0003471	CAPO304216	bflo_23271
OG0003475	CAPO307501	bflo_17402
OG0003476	CAPO306987	bflo_10013
OG0003477	CAPO308122	bflo_05188
OG0003478	CAPO300139	bflo_05169
OG0003479	CAPO302288	bflo_11660
OG0003480	CAPO303582	bflo_13731
OG0003483	CAPO305509	bflo_15095
OG0003486	CAPO304249	bflo_20523
OG0003487	CAPO300925	bflo_10772
OG0003489	CAPO305291	bflo_02309
OG0003491	CAPO304911	bflo_22547
OG0003492	CAPO306303	bflo_06984
OG0003493	CAPO306533	bflo_25210
OG0003497	CAPO305660	bflo_06218
OG0003498	CAPO306898	bflo_01724
OG0003499	CAPO301160	bflo_23661
OG0003500	CAPO304927	bflo_07514, bflo_20102
OG0003501	CAPO303209	bflo_25164
OG0003502	CAPO306906	bflo_20275
OG0003503	CAPO307158	bflo_23296
OG0003504	CAPO304351	bflo_23302
OG0003505	CAPO305207	bflo_12682
OG0003506	CAPO302826	bflo_15168
OG0003507	CAPO303307	bflo_26224
OG0003508	CAPO307911	bflo_14628
OG0003509	CAPO305689	bflo_24353
OG0003511	CAPO307348, CAPO308352	bflo_06537
OG0003512	CAPO303631, CAPO302677, CAPO302168	bflo_21139, bflo_21138
OG0003515	CAPO307211	bflo_14188
OG0003518	CAPO307641	bflo_25746
OG0003519	CAPO307608	bflo_18795
OG0003522	CAPO306659	bflo_23156
OG0003523	CAPO304976	bflo_24396
OG0003525	CAPO305089	bflo_07077, bflo_07153, bflo_07154
OG0003528	CAPO306484	bflo_17528
OG0003531	CAPO300308	bflo_24099
OG0003532	CAPO303744	bflo_09668
OG0003533	CAPO301327	bflo_12390
OG0003537	CAPO301555	bflo_09395
OG0003538	CAPO301093	bflo_15185
OG0003539	CAPO300449	bflo_11094
OG0003541	CAPO300603	bflo_13586
OG0003543	CAPO301989	bflo_03236
OG0003543	CAPO308115	bflo_03111
OG0003544	CAPO300418	bflo_07217
OG0003546	CAPO303583	bflo_16201
OG0003547	CAPO308031	bflo_10227
OG0003550	CAPO300137	bflo_00232
OG0003551	CAPO308286	bflo_25362
OG0003552	CAPO307114	bflo_16108
OG0003554	CAPO301001	bflo_10753, bflo_21018
OG0003556	CAPO302339	bflo_06642
OG0003557	CAPO306086	bflo_15889
OG0003561	CAPO301198	bflo_04334
OG0003562	CAPO303388	bflo_01200
OG0003563	CAPO300808, CAPO301102	bflo_23836, bflo_08114
OG0003564	CAPO300720	bflo_09292
OG0003566	CAPO300164	bflo_03002
OG0003567	CAPO307296	bflo_04792
OG0003568	CAPO303992	bflo_20229
OG0003569	CAPO306390	bflo_11253
OG0003570	CAPO305849	bflo_26249
OG0003573	CAPO300904	bflo_20068
OG0003577	CAPO306764	bflo_00343
OG0003578	CAPO307426	bflo_20566, bflo_14712
OG0003579	CAPO300766	bflo_07074
OG0003582	CAPO302819	bflo_10944
OG0003599	CAPO301420	bflo_06072
OG0003600	CAPO305414	bflo_13340
OG0003607	CAPO301867	bflo_05933
OG0003610	CAPO302401	bflo_01164
OG0003611	CAPO306320	bflo_09170
OG0003612	CAPO304993	bflo_25558
OG0003613	CAPO305029	bflo_12262
OG0003618	CAPO302109	bflo_01473
OG0003619	CAPO304837	bflo_14248
OG0003620	CAPO306673	bflo_25025
OG0003621	CAPO302199	bflo_04483, bflo_26752
OG0003622	CAPO305075	bflo_11800
OG0003624	CAPO303633	bflo_11072
OG0003630	CAPO308012	bflo_20004
OG0003631	CAPO303610	bflo_23468
OG0003633	CAPO300056	bflo_00307
OG0003635	CAPO308133	bflo_07120, bflo_14711
OG0003638	CAPO305555	bflo_17869
OG0003640	CAPO301244	bflo_26670, bflo_02410
OG0003641	CAPO300746	bflo_13272
OG0003644	CAPO304835	bflo_16458
OG0003645	CAPO307108	bflo_14727
OG0003646	CAPO304914	bflo_03551
OG0003648	CAPO302617	bflo_22126
OG0003649	CAPO301930	bflo_06468
OG0003650	CAPO306633	bflo_21715
OG0003651	CAPO305370	bflo_01723
OG0003652	CAPO300427	bflo_17868
OG0003655	CAPO303553	bflo_17616
OG0003656	CAPO301350	bflo_08293
OG0003657	CAPO305783	bflo_00252
OG0003658	CAPO303162	bflo_00698
OG0003661	CAPO300815	bflo_26559, bflo_21119
OG0003664	CAPO305504	bflo_23017, bflo_23489
OG0003666	CAPO300690	bflo_11627, bflo_27012
OG0003667	CAPO303859	bflo_20479
OG0003668	CAPO300260	bflo_06147
OG0003669	CAPO305883	bflo_25341
OG0003671	CAPO308173	bflo_09735
OG0003672	CAPO300582	bflo_23403
OG0003676	CAPO304948	bflo_15747
OG0003677	CAPO300011	bflo_19132
OG0003679	CAPO304696	bflo_02036, bflo_13294
OG0003680	CAPO300884	bflo_01532
OG0003682	CAPO301860	bflo_07489
OG0003684	CAPO302734	bflo_13833
OG0003685	CAPO305996	bflo_07993
OG0003686	CAPO302144	bflo_12834
OG0003687	CAPO301501	bflo_19027
OG0003688	CAPO307252	bflo_24589, bflo_24522
OG0003689	CAPO301215	bflo_19565
OG0003690	CAPO307478	bflo_13292
OG0003693	CAPO302269	bflo_11485
OG0003694	CAPO307654	bflo_07368
OG0003695	CAPO303363	bflo_16279
OG0003696	CAPO304903	bflo_11319
OG0003697	CAPO307718	bflo_23717
OG0003698	CAPO306302	bflo_10629
OG0003700	CAPO304411	bflo_22951
OG0003703	CAPO305764	bflo_03241
OG0003704	CAPO308213	bflo_06360
OG0003710	CAPO301647	bflo_18086
OG0003712	CAPO300556	bflo_23878
OG0003713	CAPO306178	bflo_02056
OG0003716	CAPO303976	bflo_24004
OG0003717	CAPO306282	bflo_01566
OG0003718	CAPO307310	bflo_02164
OG0003719	CAPO300227	bflo_04239
OG0003720	CAPO300371	bflo_16565
OG0003721	CAPO300976, CAPO300975	bflo_09733
OG0003722	CAPO300031	bflo_16670
OG0003724	CAPO308007	bflo_24348
OG0003729	CAPO307394	bflo_02888
OG0003730	CAPO305074	bflo_09786
OG0003731	CAPO304053	bflo_09228
OG0003732	CAPO306498	bflo_21803
OG0003733	CAPO305671	bflo_25583
OG0003734	CAPO305564	bflo_15650
OG0003735	CAPO308150	bflo_17363
OG0003738	CAPO304238	bflo_23509
OG0003739	CAPO300467	bflo_04782, bflo_26767
OG0003740	CAPO307238	bflo_09974
OG0003741	CAPO305770	bflo_10194
OG0003742	CAPO303080	bflo_00933
OG0003743	CAPO302360	bflo_17350
OG0003744	CAPO306491	bflo_11052
OG0003745	CAPO307585	bflo_13758, bflo_07859
OG0003749	CAPO306992	bflo_09949, bflo_09953
OG0003750	CAPO304840	bflo_14314
OG0003752	CAPO306304	bflo_09978
OG0003754	CAPO305643	bflo_10581
OG0003755	CAPO300113	bflo_20955
OG0003756	CAPO307901	bflo_13745
OG0003759	CAPO307476	bflo_25051
OG0003760	CAPO304944	bflo_06355
OG0003761	CAPO301690	bflo_07994
OG0003762	CAPO303010	bflo_23845
OG0003764	CAPO300879	bflo_23348
OG0003767	CAPO301363	bflo_13723, bflo_13725, bflo_13724
OG0003769	CAPO305668	bflo_13838
OG0003770	CAPO300865, CAPO305387	bflo_14290
OG0003771	CAPO300755	bflo_23473
OG0003773	CAPO301706	bflo_23068
OG0003776	CAPO306521	bflo_19353
OG0003778	CAPO302558	bflo_03437
OG0003779	CAPO304919	bflo_10120
OG0003781	CAPO307368	bflo_09426
OG0003798	CAPO300229	bflo_17437
OG0003803	CAPO307540	bflo_25196
OG0003806	CAPO304817	bflo_23190, bflo_00688
OG0003807	CAPO308021	bflo_23696
OG0003808	CAPO308095	bflo_01527
OG0003809	CAPO306197	bflo_07420
OG0003811	CAPO302863	bflo_14145
OG0003812	CAPO300349	bflo_24338
OG0003813	CAPO305053	bflo_08536
OG0003818	CAPO306945	bflo_26938, bflo_10045
OG0003820	CAPO302724	bflo_03485
OG0003823	CAPO305304	bflo_01062
OG0003824	CAPO300109	bflo_01655
OG0003826	CAPO303948	bflo_20813
OG0003827	CAPO302156	bflo_26098, bflo_25484, bflo_25483, bflo_26097
OG0003828	CAPO304442	bflo_16758
OG0003829	CAPO304825	bflo_16298
OG0003831	CAPO301320	bflo_15015
OG0003833	CAPO305448	bflo_15287
OG0003834	CAPO307203	bflo_13313
OG0003835	CAPO300102	bflo_01951
OG0003836	CAPO301610	bflo_14104
OG0003837	CAPO304430	bflo_04359
OG0003838	CAPO304061, CAPO304064	bflo_14249
OG0003839	CAPO300238, CAPO301543, CAPO307066	bflo_15827
OG0003840	CAPO300299	bflo_06986
OG0003843	CAPO301582	bflo_13315
OG0003844	CAPO306235	bflo_05707
OG0003845	CAPO302000	bflo_20330
OG0003846	CAPO300905	bflo_08816
OG0003847	CAPO301495	bflo_18871
OG0003847	CAPO300400	bflo_16688
OG0003848	CAPO305229, CAPO305228	bflo_27156, bflo_15576
OG0003850	CAPO306458	bflo_11358
OG0003851	CAPO301154	bflo_00415, bflo_00554, bflo_00750
OG0003852	CAPO302241	bflo_07596
OG0003853	CAPO308238	bflo_21440
OG0003854	CAPO306385	bflo_02025
OG0003855	CAPO304198	bflo_01488
OG0003856	CAPO308004	bflo_23888
OG0003857	CAPO302185	bflo_23884
OG0003858	CAPO300728	bflo_16889
OG0003859	CAPO306990	bflo_01769
OG0003861	CAPO302754	bflo_18325
OG0003863	CAPO300200	bflo_08746
OG0003864	CAPO300087	bflo_17590
OG0003865	CAPO304904	bflo_02430
OG0003866	CAPO302683	bflo_18467, bflo_18468
OG0003867	CAPO301767	bflo_24398
OG0003868	CAPO306848	bflo_15648
OG0003869	CAPO307094	bflo_18781
OG0003870	CAPO305132	bflo_10490
OG0003871	CAPO304659	bflo_21378
OG0003872	CAPO300319	bflo_16387
OG0003873	CAPO305775	bflo_24827, bflo_16172
OG0003875	CAPO303382	bflo_10585
OG0003876	CAPO307728	bflo_25231
OG0003878	CAPO308329	bflo_11907, bflo_12116
OG0003881	CAPO303685	bflo_12239
OG0003886	CAPO304109	bflo_02594
OG0003887	CAPO307036	bflo_07640
OG0003888	CAPO302764	bflo_27212, bflo_17272
OG0003890	CAPO304707	bflo_14828, bflo_10736
OG0003892	CAPO307708	bflo_11576
OG0003893	CAPO300022	bflo_18061
OG0003894	CAPO302778	bflo_15776
OG0003897	CAPO303759	bflo_24684
OG0003898	CAPO307893, CAPO307749, CAPO306069	bflo_21662
OG0003899	CAPO300674	bflo_04990, bflo_04991
OG0003900	CAPO301714	bflo_22302
OG0003901	CAPO301256	bflo_25007
OG0003903	CAPO305736	bflo_17448
OG0003904	CAPO305947	bflo_13785, bflo_08053
OG0003906	CAPO301369	bflo_04877
OG0003907	CAPO306754	bflo_14277
OG0003909	CAPO301220	bflo_13163
OG0003910	CAPO302786	bflo_17784
OG0003911	CAPO305312	bflo_01450
OG0003912	CAPO307896	bflo_13927
OG0003913	CAPO306587	bflo_25822
OG0003914	CAPO301224	bflo_07842
OG0003915	CAPO304633	bflo_22605
OG0003917	CAPO306797	bflo_14511
OG0003920	CAPO301554	bflo_17349
OG0003921	CAPO300430	bflo_01051
OG0003922	CAPO304241	bflo_24628, bflo_03949
OG0003924	CAPO302790	bflo_08629, bflo_26895
OG0003925	CAPO301662	bflo_24965
OG0003926	CAPO303036	bflo_24571
OG0003927	CAPO304671	bflo_21017, bflo_21016
OG0003929	CAPO303872	bflo_05243
OG0003930	CAPO301599	bflo_03015
OG0003931	CAPO304399	bflo_23064
OG0003932	CAPO300048, CAPO300047	bflo_06821, bflo_04606, bflo_15910
OG0003934	CAPO301204	bflo_25582
OG0003936	CAPO302163	bflo_12653
OG0003938	CAPO305166	bflo_17513
OG0003939	CAPO303853	bflo_25332
OG0003942	CAPO300632	bflo_17261
OG0003944	CAPO300493	bflo_17891
OG0003945	CAPO300812	bflo_23336
OG0003946	CAPO303843	bflo_08890
OG0003947	CAPO306325	bflo_10038, bflo_26937
OG0003950	CAPO307097	bflo_04796
OG0003954	CAPO304758	bflo_06529
OG0003955	CAPO304097	bflo_15067
OG0003959	CAPO304028	bflo_16654
OG0003961	CAPO303890	bflo_01052
OG0003965	CAPO302867	bflo_01681
OG0003966	CAPO301181	bflo_18046
OG0003969	CAPO304197	bflo_11550
OG0003971	CAPO301852	bflo_09929
OG0003972	CAPO308018	bflo_13739
OG0003973	CAPO307513	bflo_07614
OG0003998	CAPO305634	bflo_19399
OG0003999	CAPO306327	bflo_00820
OG0004000	CAPO302913	bflo_02654
OG0004002	CAPO305544	bflo_05675
OG0004005	CAPO302213	bflo_05822
OG0004007	CAPO307105	bflo_25579
OG0004009	CAPO305072	bflo_08409
OG0004010	CAPO303524	bflo_25494
OG0004012	CAPO308011	bflo_10107
OG0004014	CAPO303473	bflo_01604
OG0004015	CAPO305112	bflo_27508, bflo_25882
OG0004016	CAPO303609	bflo_26991, bflo_11062, bflo_02411
OG0004017	CAPO308124	bflo_06408
OG0004023	CAPO307204	bflo_13771, bflo_13445
OG0004027	CAPO301145	bflo_19261
OG0004031	CAPO306218	bflo_16318
OG0004032	CAPO300291	bflo_22471
OG0004033	CAPO304862	bflo_10163
OG0004035	CAPO301995	bflo_13352
OG0004037	CAPO306482	bflo_21736
OG0004038	CAPO307927	bflo_25870
OG0004041	CAPO306646	bflo_06689
OG0004042	CAPO302696	bflo_01092
OG0004044	CAPO300275	bflo_01005
OG0004047	CAPO304083	bflo_07563, bflo_15046, bflo_16184, bflo_14780
OG0004048	CAPO304654	bflo_05759
OG0004050	CAPO308116	bflo_12480
OG0004053	CAPO301919	bflo_06844
OG0004054	CAPO308277	bflo_17321
OG0004056	CAPO306031	bflo_08362
OG0004057	CAPO300969, CAPO301492	bflo_03481
OG0004058	CAPO301904	bflo_03305
OG0004059	CAPO301877	bflo_09431
OG0004063	CAPO300628	bflo_04519
OG0004064	CAPO304453	bflo_06053
OG0004065	CAPO304029	bflo_24951
OG0004067	CAPO301812	bflo_21757
OG0004068	CAPO301030	bflo_04452
OG0004069	CAPO307785	bflo_07987
OG0004070	CAPO302894	bflo_23729
OG0004071	CAPO306388	bflo_16403
OG0004072	CAPO305194	bflo_19459
OG0004075	CAPO308024	bflo_12360
OG0004076	CAPO307967	bflo_06535
OG0004079	CAPO300687	bflo_15451
OG0004080	CAPO305236	bflo_18882
OG0004081	CAPO301069	bflo_21861
OG0004082	CAPO305460	bflo_00978
OG0004083	CAPO304047	bflo_19440
OG0004084	CAPO300193	bflo_14479, bflo_04730
OG0004085	CAPO307782	bflo_21712
OG0004090	CAPO304280	bflo_02550
OG0004091	CAPO307795	bflo_25644, bflo_25537
OG0004092	CAPO301516	bflo_18722
OG0004093	CAPO303612	bflo_10011
OG0004094	CAPO306112	bflo_17070
OG0004095	CAPO302216	bflo_08947
OG0004096	CAPO306070	bflo_25120, bflo_16105, bflo_16136
OG0004097	CAPO300790	bflo_23785
OG0004099	CAPO306437	bflo_23751
OG0004100	CAPO306356	bflo_10859
OG0004101	CAPO303749, CAPO302702	bflo_02365, bflo_02328
OG0004103	CAPO306700	bflo_18116, bflo_01589
OG0004104	CAPO303684	bflo_06763
OG0004105	CAPO308098	bflo_05301
OG0004106	CAPO303386	bflo_23964, bflo_24930
OG0004108	CAPO307282	bflo_14163
OG0004110	CAPO300855	bflo_06903
OG0004112	CAPO304610	bflo_05743
OG0004113	CAPO305835	bflo_11906
OG0004114	CAPO301854	bflo_18466
OG0004115	CAPO306386	bflo_24357
OG0004116	CAPO303186	bflo_14868
OG0004118	CAPO306139	bflo_11032
OG0004119	CAPO303741	bflo_05817
OG0004120	CAPO303757	bflo_06902
OG0004123	CAPO304624	bflo_01120
OG0004124	CAPO302738	bflo_01444
OG0004125	CAPO304359	bflo_02477
OG0004130	CAPO307075	bflo_05927
OG0004131	CAPO301925	bflo_16570
OG0004133	CAPO305598	bflo_21730
OG0004134	CAPO304433	bflo_09300
OG0004136	CAPO307338	bflo_25663, bflo_25662
OG0004140	CAPO307995	bflo_13590
OG0004142	CAPO300440	bflo_11007
OG0004144	CAPO302917	bflo_18803
OG0004148	CAPO301152	bflo_18685
OG0004150	CAPO303497	bflo_09053
OG0004151	CAPO307015	bflo_13322
OG0004153	CAPO305022	bflo_07572, bflo_07571
OG0004154	CAPO308154	bflo_05130, bflo_01086
OG0004156	CAPO307556	bflo_12353
OG0004158	CAPO302219	bflo_02113
OG0004160	CAPO302118	bflo_25508
OG0004164	CAPO306879	bflo_07953
OG0004166	CAPO300703	bflo_10003
OG0004167	CAPO305574	bflo_06366
OG0004168	CAPO303881	bflo_03869
OG0004169	CAPO302967	bflo_23613
OG0004170	CAPO305320	bflo_08931
OG0004171	CAPO305810	bflo_08244
OG0004174	CAPO303644	bflo_25477
OG0004176	CAPO304072	bflo_07261
OG0004179	CAPO304392	bflo_23006
OG0004181	CAPO304353	bflo_14869
OG0004182	CAPO305817	bflo_27213, bflo_17268, bflo_17270, bflo_04774
OG0004183	CAPO301817	bflo_08248
OG0004184	CAPO302251	bflo_17251
OG0004186	CAPO307615	bflo_07573
OG0004187	CAPO301572	bflo_13222
OG0004188	CAPO308209	bflo_11714, bflo_16377
OG0004194	CAPO301460, CAPO301973	bflo_13776, bflo_05208, bflo_11710, bflo_13381, bflo_13229, bflo_22527, bflo_18806, bflo_13592, bflo_13591, bflo_13759
OG0004215	CAPO307025	bflo_20025
OG0004216	CAPO304745	bflo_12603
OG0004217	CAPO300553	bflo_14087
OG0004219	CAPO302642	bflo_02280
OG0004223	CAPO308310	bflo_01727
OG0004226	CAPO301388	bflo_19811
OG0004227	CAPO302252	bflo_25102
OG0004228	CAPO303492	bflo_01224
OG0004230	CAPO305821	bflo_14845
OG0004231	CAPO300312	bflo_05384
OG0004232	CAPO301443	bflo_10173
OG0004235	CAPO306795	bflo_23719
OG0004236	CAPO301760	bflo_07373
OG0004237	CAPO301645	bflo_14843
OG0004239	CAPO304082	bflo_16055
OG0004240	CAPO301736	bflo_14064
OG0004241	CAPO304693	bflo_22009
OG0004243	CAPO302349	bflo_02341
OG0004245	CAPO301120	bflo_10377
OG0004246	CAPO307710	bflo_23079
OG0004247	CAPO306324	bflo_19177, bflo_17721
OG0004248	CAPO306807	bflo_24542, bflo_24543
OG0004249	CAPO302316	bflo_14267
OG0004250	CAPO305518	bflo_20438
OG0004252	CAPO305536	bflo_03055
OG0004254	CAPO304883	bflo_08133
OG0004257	CAPO305171	bflo_01868
OG0004258	CAPO301342	bflo_14122
OG0004259	CAPO301048	bflo_03895
OG0004263	CAPO304844	bflo_18760
OG0004269	CAPO308233	bflo_23956
OG0004270	CAPO303791	bflo_05847
OG0004271	CAPO303178	bflo_11927
OG0004272	CAPO303743	bflo_05950
OG0004278	CAPO303739	bflo_26456
OG0004280	CAPO302169	bflo_05742, bflo_18667
OG0004282	CAPO306035	bflo_01697
OG0004283	CAPO301216	bflo_14369
OG0004284	CAPO303039	bflo_09955, bflo_09499, bflo_10091
OG0004285	CAPO306621	bflo_09644
OG0004286	CAPO300246	bflo_19820
OG0004287	CAPO305534	bflo_22517
OG0004288	CAPO302203	bflo_13055
OG0004289	CAPO307509	bflo_16900
OG0004291	CAPO306696	bflo_09709
OG0004292	CAPO301407	bflo_24769
OG0004295	CAPO300437	bflo_25243
OG0004296	CAPO307058	bflo_08135
OG0004297	CAPO306140	bflo_01520
OG0004299	CAPO307863	bflo_14117
OG0004301	CAPO305855	bflo_21149
OG0004302	CAPO307149	bflo_20299
OG0004303	CAPO306261	bflo_21593
OG0004304	CAPO307407	bflo_10723
OG0004305	CAPO306704	bflo_05913
OG0004307	CAPO306787	bflo_23131
OG0004308	CAPO302385	bflo_17611
OG0004309	CAPO304021	bflo_07674
OG0004310	CAPO306903	bflo_07406
OG0004312	CAPO306752	bflo_18032
OG0004314	CAPO301283	bflo_15802
OG0004315	CAPO307076	bflo_09497
OG0004316	CAPO300656	bflo_24460
OG0004319	CAPO308294	bflo_03033
OG0004320	CAPO300174	bflo_22155
OG0004321	CAPO306639	bflo_07360, bflo_21224
OG0004322	CAPO307895	bflo_04745
OG0004323	CAPO307483	bflo_18175
OG0004324	CAPO300240	bflo_01085
OG0004328	CAPO305261	bflo_01149
OG0004329	CAPO302035	bflo_09988, bflo_02398
OG0004330	CAPO305393	bflo_18848
OG0004331	CAPO305384	bflo_18890
OG0004333	CAPO303439	bflo_01460
OG0004335	CAPO302791	bflo_14442
OG0004337	CAPO300958	bflo_09505
OG0004338	CAPO300828	bflo_14114
OG0004344	CAPO307152	bflo_07396
OG0004345	CAPO306847	bflo_16427
OG0004347	CAPO307703	bflo_20345
OG0004348	CAPO306158	bflo_21350
OG0004349	CAPO308184	bflo_12358
OG0004350	CAPO300994	bflo_18288, bflo_18444
OG0004351	CAPO307239	bflo_24757
OG0004352	CAPO300873	bflo_24539
OG0004353	CAPO306055, CAPO306087	bflo_24646
OG0004354	CAPO307581	bflo_14863
OG0004355	CAPO303478	bflo_16043
OG0004356	CAPO300159	bflo_23965, bflo_24929
OG0004357	CAPO303880	bflo_11494
OG0004358	CAPO301323	bflo_11539
OG0004359	CAPO305703	bflo_15102
OG0004360	CAPO301752	bflo_05338
OG0004361	CAPO308302	bflo_15552
OG0004363	CAPO304580	bflo_04230, bflo_04233
OG0004364	CAPO305213	bflo_13993
OG0004365	CAPO305948	bflo_19418
OG0004368	CAPO306084	bflo_16051
OG0004369	CAPO305592	bflo_16942
OG0004370	CAPO302143	bflo_21301
OG0004372	CAPO304892	bflo_04811
OG0004373	CAPO308311	bflo_06065
OG0004374	CAPO306983	bflo_20012
OG0004375	CAPO305927	bflo_07701
OG0004376	CAPO303203	bflo_20526
OG0004377	CAPO303614	bflo_19356
OG0004378	CAPO303140	bflo_07641
OG0004379	CAPO300162	bflo_09448
OG0004381	CAPO300684	bflo_09247
OG0004382	CAPO308307	bflo_06113
OG0004383	CAPO301688	bflo_27132, bflo_14288, bflo_14991
OG0004385	CAPO306534	bflo_15870
OG0004388	CAPO303742	bflo_05660
OG0004389	CAPO302416	bflo_26325
OG0004390	CAPO300046	bflo_17071
OG0004391	CAPO305468	bflo_08434
OG0004392	CAPO303282	bflo_07121
OG0004394	CAPO305886	bflo_14723
OG0004396	CAPO300955	bflo_24471
OG0004398	CAPO307605	bflo_20532
OG0004399	CAPO301536	bflo_11895
OG0004400	CAPO304368, CAPO302395	bflo_01509
OG0004401	CAPO307684	bflo_00348
OG0004405	CAPO302866	bflo_23675
OG0004406	CAPO305558	bflo_13880
OG0004412	CAPO301515	bflo_26266
OG0004413	CAPO301518	bflo_11285
OG0004417	CAPO302119	bflo_25703
OG0004418	CAPO305208	bflo_09866, bflo_06391
OG0004421	CAPO303320	bflo_10986
OG0004423	CAPO306935	bflo_06771
OG0004425	CAPO302090	bflo_02356
OG0004426	CAPO301784	bflo_13509
OG0004433	CAPO304000	bflo_00839, bflo_12171, bflo_15418, bflo_14637
OG0004459	CAPO300459	bflo_09372
OG0004460	CAPO307206	bflo_12840
OG0004461	CAPO305355	bflo_11262
OG0004462	CAPO302893	bflo_21993
OG0004465	CAPO303487	bflo_05736, bflo_05733
OG0004467	CAPO307496	bflo_20572
OG0004468	CAPO307854	bflo_20382
OG0004472	CAPO303803	bflo_10789
OG0004474	CAPO300829	bflo_14427
OG0004476	CAPO307856	bflo_05841
OG0004479	CAPO303963	bflo_13215
OG0004481	CAPO306702	bflo_26415
OG0004483	CAPO303122	bflo_26479
OG0004484	CAPO302152	bflo_24462
OG0004486	CAPO307639	bflo_12928
OG0004488	CAPO301849	bflo_06230
OG0004489	CAPO305447	bflo_11412
OG0004492	CAPO307196	bflo_20550
OG0004494	CAPO306570	bflo_22629
OG0004495	CAPO306359	bflo_13385
OG0004496	CAPO303733	bflo_15959
OG0004497	CAPO307202	bflo_12550
OG0004498	CAPO305224	bflo_13885
OG0004500	CAPO301850	bflo_06052
OG0004501	CAPO301840	bflo_17400
OG0004502	CAPO301779	bflo_22105
OG0004503	CAPO300332	bflo_14782
OG0004506	CAPO305016	bflo_23062
OG0004507	CAPO301894	bflo_06594
OG0004508	CAPO301654	bflo_09467
OG0004509	CAPO300500	bflo_17080
OG0004511	CAPO303457	bflo_15924
OG0004512	CAPO302842	bflo_23496, bflo_16546
OG0004513	CAPO303104	bflo_08350
OG0004515	CAPO305182	bflo_26975, bflo_10817
OG0004516	CAPO306036, CAPO307859	bflo_04748, bflo_20144
OG0004517	CAPO305332	bflo_23362
OG0004518	CAPO306412	bflo_16710
OG0004519	CAPO307914	bflo_11096
OG0004520	CAPO300090	bflo_21786
OG0004521	CAPO306692	bflo_07182, bflo_10161
OG0004523	CAPO304989	bflo_05747
OG0004525	CAPO303518	bflo_15861
OG0004526	CAPO302498	bflo_15645
OG0004527	CAPO302077	bflo_22761
OG0004529	CAPO306628	bflo_24826
OG0004530	CAPO304739	bflo_14830
OG0004531	CAPO302345, CAPO307115	bflo_15089, bflo_15090
OG0004532	CAPO300005	bflo_22983
OG0004533	CAPO306022	bflo_07628
OG0004535	CAPO307124	bflo_06382
OG0004537	CAPO306837	bflo_08291, bflo_05042
OG0004540	CAPO307351	bflo_02795
OG0004541	CAPO307806	bflo_17993
OG0004542	CAPO306706	bflo_09402
OG0004544	CAPO306563	bflo_12181
OG0004545	CAPO307212	bflo_16418
OG0004546	CAPO306808	bflo_06485
OG0004547	CAPO304852	bflo_11802
OG0004548	CAPO305113	bflo_15915
OG0004551	CAPO301498	bflo_23479
OG0004553	CAPO302768	bflo_04450
OG0004554	CAPO300747	bflo_24473
OG0004555	CAPO301994	bflo_27055, bflo_12751
OG0004556	CAPO305616	bflo_20298
OG0004558	CAPO307355	bflo_24327
OG0004559	CAPO303756	bflo_23454
OG0004561	CAPO304794	bflo_21390, bflo_04768
OG0004563	CAPO303030	bflo_01881
OG0004564	CAPO301873	bflo_09365
OG0004565	CAPO303409	bflo_05792
OG0004569	CAPO303601	bflo_22265, bflo_19832
OG0004572	CAPO302719	bflo_13327, bflo_13783
OG0004573	CAPO305859	bflo_20186
OG0004574	CAPO300276	bflo_03205
OG0004577	CAPO307905	bflo_12511
OG0004578	CAPO307713	bflo_16288
OG0004579	CAPO308171	bflo_11289
OG0004581	CAPO305629	bflo_22410
OG0004582	CAPO304857	bflo_25760, bflo_25502
OG0004583	CAPO301319	bflo_26211
OG0004585	CAPO307959	bflo_13881
OG0004587	CAPO303576	bflo_14705
OG0004588	CAPO307046	bflo_20021
OG0004590	CAPO307910	bflo_20267
OG0004592	CAPO307767	bflo_25813
OG0004593	CAPO306311	bflo_10126
OG0004595	CAPO305901	bflo_00394
OG0004596	CAPO301763, CAPO300672	bflo_08985
OG0004599	CAPO306185	bflo_05807
OG0004600	CAPO306391	bflo_26500
OG0004601	CAPO300529	bflo_15597, bflo_15601, bflo_15569
OG0004602	CAPO307709	bflo_04353
OG0004605	CAPO303013	bflo_23298
OG0004609	CAPO305274	bflo_20965
OG0004610	CAPO308217	bflo_06351
OG0004611	CAPO305879, CAPO305850	bflo_14611
OG0004612	CAPO307176	bflo_00158
OG0004616	CAPO302661, CAPO307774	bflo_02456
OG0004619	CAPO306976	bflo_18891
OG0004621	CAPO301592	bflo_11024
OG0004623	CAPO303271	bflo_06270, bflo_19298
OG0004626	CAPO304074	bflo_13446
OG0004627	CAPO302578	bflo_21441
OG0004628	CAPO300844	bflo_00111
OG0004629	CAPO300874	bflo_16638
OG0004630	CAPO300032	bflo_18024
OG0004633	CAPO306431	bflo_24095
OG0004634	CAPO306443	bflo_24560
OG0004635	CAPO305826	bflo_16335
OG0004638	CAPO300328	bflo_17068
OG0004639	CAPO304960	bflo_17059
OG0004641	CAPO301192	bflo_21448, bflo_22592
OG0004642	CAPO303810	bflo_13877
OG0004643	CAPO303111	bflo_21665
OG0004644	CAPO308177	bflo_11603
OG0004646	CAPO304987	bflo_01898
OG0004648	CAPO306796	bflo_12258
OG0004649	CAPO308035	bflo_20493
OG0004651	CAPO307192	bflo_17981
OG0004652	CAPO307126	bflo_21212, bflo_21245
OG0004654	CAPO304098	bflo_09378
OG0004655	CAPO300932	bflo_09012
OG0004656	CAPO306315	bflo_05812
OG0004657	CAPO300965	bflo_24670
OG0004658	CAPO302853	bflo_17408
OG0004659	CAPO305571	bflo_11250
OG0004663	CAPO307060	bflo_20810
OG0004668	CAPO307032	bflo_04113
OG0004669	CAPO301719	bflo_17570
OG0004670	CAPO301141	bflo_02470
OG0004671	CAPO303199	bflo_20944
OG0004672	CAPO300788	bflo_13004
OG0004673	CAPO305181	bflo_18808
OG0004674	CAPO301298	bflo_05749
OG0004675	CAPO300152	bflo_06236
OG0004676	CAPO305483	bflo_05171
OG0004678	CAPO306062	bflo_15606
OG0004679	CAPO307020	bflo_20009
OG0004682	CAPO302643	bflo_08235
OG0004685	CAPO300514	bflo_05949
OG0004687	CAPO300850	bflo_11035
OG0004690	CAPO302294	bflo_08245
OG0004691	CAPO301832	bflo_11450
OG0004692	CAPO306711	bflo_06997
OG0004694	CAPO302831	bflo_23436
OG0004696	CAPO303339	bflo_07889
OG0004697	CAPO308157	bflo_15191
OG0004699	CAPO305801	bflo_03925
OG0004700	CAPO305394	bflo_22704
OG0004702	CAPO301451, CAPO306323	bflo_21187, bflo_04948
OG0004703	CAPO302281	bflo_02735
OG0004707	CAPO307222	bflo_11466
OG0004708	CAPO302589	bflo_00244
OG0004711	CAPO307614	bflo_15142
OG0004728	CAPO306092	bflo_13486
OG0004732	CAPO303065	bflo_02051
OG0004733	CAPO303723	bflo_06188
OG0004738	CAPO307391	bflo_23674
OG0004739	CAPO305372	bflo_13471
OG0004740	CAPO303587	bflo_10418
OG0004743	CAPO305537	bflo_15127
OG0004744	CAPO307377	bflo_22859
OG0004747	CAPO305266	bflo_12691
OG0004748	CAPO300851	bflo_01673
OG0004749	CAPO303738	bflo_13392
OG0004752	CAPO300189	bflo_23786
OG0004753	CAPO307970	bflo_09370
OG0004756	CAPO300650	bflo_01688
OG0004757	CAPO300079	bflo_09888
OG0004758	CAPO307791	bflo_20306
OG0004759	CAPO301731	bflo_12064
OG0004760	CAPO302986	bflo_01599
OG0004761	CAPO301372	bflo_09055
OG0004762	CAPO306336	bflo_21432, bflo_26205, bflo_24822, bflo_21053
OG0004763	CAPO303189	bflo_20256
OG0004764	CAPO306665	bflo_26083
OG0004765	CAPO300145	bflo_02347, bflo_25288
OG0004766	CAPO300107	bflo_10868
OG0004767	CAPO304258	bflo_23754, bflo_23555
OG0004768	CAPO302814	bflo_14539
OG0004769	CAPO305909	bflo_05382, bflo_15999
OG0004770	CAPO306549	bflo_04459, bflo_03900
OG0004771	CAPO306141	bflo_09410
OG0004774	CAPO302467	bflo_22864
OG0004775	CAPO308292	bflo_03391
OG0004781	CAPO302855	bflo_14399
OG0004784	CAPO300506	bflo_21151
OG0004785	CAPO301223	bflo_19212
OG0004786	CAPO306813	bflo_19673
OG0004787	CAPO300677	bflo_17213
OG0004788	CAPO303606	bflo_20105
OG0004792	CAPO304121, CAPO301355	bflo_18016
OG0004793	CAPO303691	bflo_10046
OG0004794	CAPO302268	bflo_04357
OG0004795	CAPO306522	bflo_20953
OG0004797	CAPO308248	bflo_04765
OG0004798	CAPO306979	bflo_05412, bflo_05413
OG0004801	CAPO301409	bflo_22733
OG0004803	CAPO306090	bflo_22070
OG0004803	CAPO304966	bflo_22349
OG0004805	CAPO301148	bflo_21807
OG0004808	CAPO300921	bflo_24087
OG0004810	CAPO307085	bflo_11005
OG0004811	CAPO304670	bflo_11368
OG0004812	CAPO300913	bflo_01711
OG0004813	CAPO302301	bflo_06335
OG0004814	CAPO305193	bflo_18711
OG0004815	CAPO306099	bflo_10264, bflo_00863, bflo_00118
OG0004817	CAPO300646	bflo_00615
OG0004819	CAPO303489	bflo_01447
OG0004820	CAPO301474	bflo_04335
OG0004822	CAPO303272	bflo_04058
OG0004823	CAPO301131	bflo_03232
OG0004825	CAPO303625	bflo_16544
OG0004826	CAPO302318	bflo_11744
OG0004828	CAPO300795	bflo_07064
OG0004829	CAPO306677	bflo_07190
OG0004830	CAPO304259, CAPO301109	bflo_05687
OG0004831	CAPO302539	bflo_17588
OG0004832	CAPO300644	bflo_26425
OG0004833	CAPO307386, CAPO307385	bflo_07551
OG0004835	CAPO307142	bflo_13560, bflo_20781
OG0004836	CAPO300476	bflo_20378
OG0004837	CAPO306341	bflo_12377
OG0004838	CAPO300483	bflo_06796
OG0004840	CAPO301303	bflo_15568
OG0004841	CAPO301073	bflo_12560
OG0004842	CAPO307208	bflo_06212
OG0004843	CAPO302296	bflo_13843
OG0004844	CAPO308225	bflo_09755
OG0004845	CAPO300244	bflo_16396
OG0004846	CAPO302634	bflo_03239
OG0004849	CAPO302897	bflo_17431
OG0004851	CAPO304052	bflo_05688
OG0004852	CAPO305241	bflo_15961
OG0004853	CAPO306818	bflo_16120
OG0004854	CAPO307677	bflo_14278
OG0004855	CAPO307136	bflo_21051
OG0004856	CAPO307877	bflo_14646
OG0004857	CAPO305126, CAPO301665	bflo_08241
OG0004858	CAPO306514	bflo_20586
OG0004859	CAPO305955	bflo_18513
OG0004861	CAPO300721	bflo_23925
OG0004863	CAPO300215	bflo_10166
OG0004864	CAPO306175	bflo_11500
OG0004869	CAPO301505	bflo_19239
OG0004873	CAPO305056	bflo_24536
OG0004874	CAPO302314	bflo_12683
OG0004875	CAPO305599	bflo_26219
OG0004879	CAPO304570	bflo_21810
OG0004880	CAPO307520	bflo_23275
OG0004881	CAPO301856	bflo_24775
OG0004882	CAPO307657	bflo_27067, bflo_13047
OG0004883	CAPO304269	bflo_22965
OG0004884	CAPO306875	bflo_06067
OG0004886	CAPO304598	bflo_21794
OG0004887	CAPO303252	bflo_05853
OG0004889	CAPO302860	bflo_16517
OG0004892	CAPO308266	bflo_08899
OG0004893	CAPO305797	bflo_05758
OG0004894	CAPO308103	bflo_14171
OG0004895	CAPO301412	bflo_20234
OG0004896	CAPO301146, CAPO308332	bflo_16531
OG0004897	CAPO300624	bflo_08561
OG0004898	CAPO300846	bflo_17464
OG0004899	CAPO304701	bflo_14839
OG0004900	CAPO300509	bflo_20996
OG0004901	CAPO301170	bflo_10471
OG0004902	CAPO305853	bflo_21407
OG0004903	CAPO304775	bflo_05229, bflo_13841
OG0004904	CAPO304100	bflo_14808
OG0004906	CAPO303480	bflo_22225
OG0004907	CAPO307254	bflo_20360
OG0004911	CAPO305750	bflo_15427
OG0004913	CAPO306717	bflo_21278
OG0004914	CAPO301519	bflo_09178
OG0004917	CAPO303374	bflo_00953
OG0004919	CAPO308082	bflo_27472, bflo_24821
OG0004920	CAPO302580	bflo_02542
OG0004922	CAPO306550	bflo_05574
OG0004923	CAPO307943	bflo_20936
OG0004924	CAPO304606	bflo_01184
OG0004927	CAPO304855	bflo_12057
OG0004928	CAPO304691	bflo_00998
OG0004929	CAPO304111	bflo_14724
OG0004932	CAPO306081, CAPO305804	bflo_01088
OG0004934	CAPO305066	bflo_15733
OG0004935	CAPO302835	bflo_27188, bflo_16334
OG0004936	CAPO306298	bflo_21250
OG0004938	CAPO308159	bflo_12383
OG0004943	CAPO306001	bflo_23401, bflo_26832
OG0004944	CAPO302056	bflo_11279
OG0004946	CAPO305515	bflo_21068
OG0004947	CAPO307579	bflo_05551
OG0004948	CAPO305331	bflo_10165
OG0004949	CAPO304026	bflo_10358
OG0004950	CAPO300642	bflo_27252, bflo_18338
OG0004952	CAPO301776	bflo_06593
OG0004953	CAPO306623	bflo_10776, bflo_10549
OG0004954	CAPO303229	bflo_05593
OG0004958	CAPO302197	bflo_05533, bflo_02653
OG0004960	CAPO300258	bflo_03527
OG0004961	CAPO305777	bflo_00860
OG0004962	CAPO301438	bflo_19679
OG0004963	CAPO303805	bflo_02420
OG0004964	CAPO302916	bflo_18959
OG0004969	CAPO303678	bflo_22559
OG0004970	CAPO303748	bflo_18023
OG0004971	CAPO302327	bflo_27226, bflo_17760
OG0004972	CAPO304289	bflo_23204
OG0004973	CAPO305642	bflo_23177
OG0004976	CAPO304478	bflo_14435
OG0004977	CAPO304350	bflo_19613
OG0004978	CAPO308306	bflo_14758
OG0004979	CAPO303118	bflo_18913
OG0004980	CAPO300807	bflo_08613
OG0004981	CAPO306326	bflo_02414
OG0004982	CAPO301351	bflo_15633
OG0004983	CAPO300176	bflo_09221
OG0004985	CAPO304816	bflo_21194
OG0004987	CAPO306240	bflo_08612
OG0004988	CAPO305623	bflo_21103
OG0004989	CAPO300323	bflo_03493
OG0004990	CAPO305712	bflo_11383
OG0004991	CAPO302271	bflo_12465
OG0004993	CAPO302747	bflo_15860, bflo_10624
OG0004997	CAPO300456	bflo_10758
OG0005002	CAPO305114	bflo_01656
OG0005003	CAPO303837	bflo_09023
OG0005006	CAPO301015	bflo_00766
OG0005007	CAPO300658	bflo_22056
OG0005009	CAPO303190	bflo_09320
OG0005010	CAPO304378	bflo_04352
OG0005013	CAPO304066	bflo_08225
OG0005014	CAPO307825	bflo_20632
OG0005015	CAPO300946	bflo_07668
OG0005016	CAPO305499	bflo_22180, bflo_22224
OG0005021	CAPO304690	bflo_21977
OG0005040	CAPO300876	bflo_17923
OG0005044	CAPO307084	bflo_20336
OG0005046	CAPO304846	bflo_12080
OG0005047	CAPO305932	bflo_14126
OG0005048	CAPO300857	bflo_11605
OG0005053	CAPO302547	bflo_19039
OG0005057	CAPO303573	bflo_09215
OG0005058	CAPO306731	bflo_20830
OG0005059	CAPO300063	bflo_16809, bflo_15765
OG0005061	CAPO306602	bflo_24909, bflo_24686
OG0005062	CAPO302106	bflo_02596
OG0005064	CAPO300249	bflo_03950
OG0005067	CAPO302289	bflo_00382
OG0005068	CAPO306513	bflo_24469
OG0005069	CAPO300204	bflo_20052
OG0005071	CAPO305606	bflo_22162
OG0005073	CAPO305547	bflo_01013
OG0005075	CAPO307362	bflo_10879, bflo_10876
OG0005076	CAPO302885	bflo_06311
OG0005077	CAPO302160	bflo_24463, bflo_06961, bflo_07478
OG0005078	CAPO307983	bflo_13091
OG0005081	CAPO307065	bflo_02603
OG0005084	CAPO307421, CAPO301121	bflo_10883
OG0005086	CAPO302959	bflo_11753
OG0005088	CAPO307772	bflo_25735
OG0005089	CAPO303888	bflo_05914
OG0005090	CAPO303909	bflo_23045
OG0005091	CAPO305179	bflo_14710
OG0005092	CAPO301418	bflo_11879
OG0005093	CAPO303716	bflo_03905
OG0005094	CAPO303630	bflo_13863
OG0005095	CAPO301660	bflo_08843
OG0005096	CAPO301964	bflo_23554, bflo_23745
OG0005097	CAPO304365	bflo_23691
OG0005099	CAPO305916	bflo_23378
OG0005100	CAPO306219	bflo_21620
OG0005103	CAPO300625	bflo_17260
OG0005104	CAPO303053	bflo_06265
OG0005106	CAPO301403	bflo_14394
OG0005107	CAPO304194	bflo_03887
OG0005108	CAPO301196	bflo_26306
OG0005109	CAPO301209	bflo_19171
OG0005111	CAPO302727	bflo_24556
OG0005113	CAPO300389	bflo_16466
OG0005114	CAPO305096	bflo_25082
OG0005115	CAPO304298	bflo_16115, bflo_16956
OG0005119	CAPO304215	bflo_10008
OG0005120	CAPO304593	bflo_13473
OG0005121	CAPO301715	bflo_14563, bflo_14565
OG0005124	CAPO305507	bflo_06130
OG0005127	CAPO307277	bflo_27385, bflo_22008
OG0005128	CAPO305144	bflo_18076
OG0005130	CAPO305368	bflo_14332
OG0005132	CAPO300384	bflo_02012
OG0005138	CAPO300009	bflo_17714, bflo_09357
OG0005139	CAPO302205	bflo_17759
OG0005140	CAPO300700, CAPO302173	bflo_08025
OG0005142	CAPO304715	bflo_24616
OG0005143	CAPO304926	bflo_21983
OG0005144	CAPO306416	bflo_26212
OG0005145	CAPO302299	bflo_06310
OG0005146	CAPO303659	bflo_10608
OG0005149	CAPO302171	bflo_07714
OG0005150	CAPO301944	bflo_11515
OG0005151	CAPO302626	bflo_21590
OG0005152	CAPO307737	bflo_08896
OG0005154	CAPO307643	bflo_25581
OG0005155	CAPO304712	bflo_21651
OG0005156	CAPO305254	bflo_02417
OG0005157	CAPO301711	bflo_18814
OG0005158	CAPO300547	bflo_19145
OG0005160	CAPO300741	bflo_19980, bflo_21106
OG0005163	CAPO305704	bflo_15762
OG0005164	CAPO307846	bflo_11167
OG0005168	CAPO306745	bflo_08733
OG0005169	CAPO303886	bflo_22043
OG0005172	CAPO306565	bflo_12562
OG0005175	CAPO305645	bflo_24985
OG0005178	CAPO300199	bflo_15141
OG0005179	CAPO306190	bflo_15145
OG0005180	CAPO308188	bflo_08939
OG0005181	CAPO300793	bflo_13788
OG0005182	CAPO300394	bflo_26207
OG0005183	CAPO304256	bflo_09802
OG0005184	CAPO307619	bflo_15705
OG0005185	CAPO305409	bflo_12982
OG0005187	CAPO300108	bflo_11587
OG0005188	CAPO307366, CAPO308331	bflo_18754
OG0005191	CAPO301264	bflo_25297
OG0005192	CAPO302320	bflo_08221
OG0005193	CAPO300973	bflo_19549
OG0005194	CAPO306243	bflo_10009
OG0005196	CAPO306636	bflo_03354
OG0005200	CAPO307301	bflo_24428
OG0005201	CAPO300421	bflo_12925
OG0005202	CAPO300013	bflo_18640
OG0005203	CAPO304416	bflo_09801
OG0005205	CAPO302576	bflo_19385
OG0005206	CAPO301965	bflo_04884
OG0005208	CAPO303001	bflo_23678
OG0005209	CAPO300492	bflo_23073
OG0005210	CAPO301315	bflo_02094
OG0005212	CAPO300331	bflo_06063
OG0005214	CAPO304556	bflo_21718
OG0005215	CAPO308114	bflo_25677
OG0005216	CAPO304567	bflo_11885, bflo_11437
OG0005217	CAPO303096, CAPO306650	bflo_00873
OG0005221	CAPO306723	bflo_09716
OG0005222	CAPO305567	bflo_13391
OG0005223	CAPO302922	bflo_18930
OG0005224	CAPO300521	bflo_17194
OG0005228	CAPO300902	bflo_08976
OG0005229	CAPO300950	bflo_12272
OG0005230	CAPO305306	bflo_12517
OG0005231	CAPO307526	bflo_25902
OG0005233	CAPO307259	bflo_11596
OG0005234	CAPO306586, CAPO305435	bflo_24415
OG0005237	CAPO300405	bflo_13805
OG0005238	CAPO307942	bflo_16299
OG0005239	CAPO305851	bflo_14013
OG0005240	CAPO302162	bflo_00296
OG0005241	CAPO301367	bflo_22208
OG0005243	CAPO302946	bflo_23333
OG0005244	CAPO301413	bflo_15824
OG0005245	CAPO305774	bflo_00267
OG0005247	CAPO305218	bflo_13263
OG0005249	CAPO306769	bflo_15878
OG0005250	CAPO304032	bflo_18225
OG0005251	CAPO306449	bflo_17377
OG0005253	CAPO307867	bflo_14325
OG0005254	CAPO304356	bflo_22780
OG0005255	CAPO303838, CAPO300416, CAPO307726	bflo_10094
OG0005257	CAPO302797	bflo_07445, bflo_07446
OG0005258	CAPO301990	bflo_11542
OG0005259	CAPO303873	bflo_11376
OG0005261	CAPO305240	bflo_01451
OG0005262	CAPO301884	bflo_24459
OG0005265	CAPO305767	bflo_01972
OG0005267	CAPO300315	bflo_18091
OG0005268	CAPO302457	bflo_10223
OG0005269	CAPO303868	bflo_11556
OG0005271	CAPO303459	bflo_17399, bflo_17598
OG0005272	CAPO300142	bflo_00414, bflo_00384
OG0005273	CAPO302742	bflo_17620
OG0005275	CAPO301557	bflo_11654
OG0005277	CAPO302973, CAPO308033	bflo_25679
OG0005278	CAPO306576, CAPO308328	bflo_01936
OG0005279	CAPO304182	bflo_12822
OG0005280	CAPO306635	bflo_10369
OG0005285	CAPO302006	bflo_20114
OG0005287	CAPO307607	bflo_08470
OG0005289	CAPO304679	bflo_15931
OG0005290	CAPO305632	bflo_26242
OG0005292	CAPO300881	bflo_02485
OG0005293	CAPO303402	bflo_18998
OG0005294	CAPO306913	bflo_25192
OG0005295	CAPO304907	bflo_14346, bflo_27126
OG0005298	CAPO307279	bflo_01725
OG0005299	CAPO304069	bflo_13099
OG0005300	CAPO304452	bflo_12225
OG0005301	CAPO307444	bflo_20520
OG0005303	CAPO304454	bflo_03280
OG0005305	CAPO301003	bflo_13200
OG0005309	CAPO306631	bflo_07061
OG0005312	CAPO307454, CAPO303466	bflo_11601
OG0005314	CAPO302074	bflo_04495
OG0005315	CAPO302427	bflo_27200, bflo_16722
OG0005316	CAPO301704	bflo_12547
OG0005317	CAPO307168	bflo_00009, bflo_05356
OG0005318	CAPO308249	bflo_03376
OG0005319	CAPO302638	bflo_05919
OG0005320	CAPO301023	bflo_08103, bflo_07455, bflo_07980, bflo_07457
OG0005322	CAPO308079	bflo_18573
OG0005323	CAPO307349	bflo_06114
OG0005324	CAPO303901	bflo_16855
OG0005325	CAPO301092	bflo_25785
OG0005326	CAPO303331	bflo_13314
OG0005331	CAPO301923	bflo_01322, bflo_01961, bflo_11158, bflo_11305, bflo_11227
OG0005359	CAPO300630	bflo_23444
OG0005360	CAPO303782	bflo_05676
OG0005364	CAPO300756	bflo_23098
OG0005365	CAPO303866	bflo_07643
OG0005366	CAPO300645	bflo_10337
OG0005367	CAPO304113	bflo_20497
OG0005370	CAPO303423	bflo_06724
OG0005371	CAPO306407	bflo_15479
OG0005373	CAPO302507	bflo_22051
OG0005374	CAPO300609	bflo_18105
OG0005377	CAPO307926	bflo_21067
OG0005378	CAPO301284	bflo_20475, bflo_21021
OG0005379	CAPO303714	bflo_14259
OG0005380	CAPO306791	bflo_18096
OG0005381	CAPO301325	bflo_16003
OG0005384	CAPO300411	bflo_05734
OG0005385	CAPO305502	bflo_21175
OG0005386	CAPO307872	bflo_15002
OG0005388	CAPO301274	bflo_06429
OG0005389	CAPO300599	bflo_14124
OG0005390	CAPO301450	bflo_26118
OG0005391	CAPO302409	bflo_12975
OG0005393	CAPO302465	bflo_09168
OG0005394	CAPO306444	bflo_13791
OG0005395	CAPO302966	bflo_22998
OG0005396	CAPO301185	bflo_22071
OG0005398	CAPO301199	bflo_19232
OG0005399	CAPO306277	bflo_24872
OG0005400	CAPO301149	bflo_14105
OG0005402	CAPO307246	bflo_24097
OG0005403	CAPO303785	bflo_05760
OG0005404	CAPO306644	bflo_00600
OG0005405	CAPO304677	bflo_07417
OG0005406	CAPO301050	bflo_17522
OG0005408	CAPO306656	bflo_10376
OG0005409	CAPO304722	bflo_12612
OG0005410	CAPO300140	bflo_13411
OG0005412	CAPO300143	bflo_00715
OG0005413	CAPO304093	bflo_08015
OG0005414	CAPO301252, CAPO301167	bflo_22724
OG0005417	CAPO302063	bflo_22972
OG0005422	CAPO303205	bflo_10245
OG0005424	CAPO305286	bflo_22108
OG0005425	CAPO300175	bflo_10283
OG0005427	CAPO301444	bflo_19140
OG0005430	CAPO302295	bflo_13697
OG0005431	CAPO304591	bflo_17292
OG0005433	CAPO303786	bflo_06628
OG0005434	CAPO302858	bflo_14305, bflo_14308
OG0005435	CAPO303045	bflo_15687
OG0005437	CAPO308137	bflo_18977
OG0005438	CAPO302494	bflo_20784
OG0005439	CAPO304206	bflo_01173
OG0005440	CAPO303719	bflo_06178
OG0005442	CAPO307582	bflo_05216, bflo_02507
OG0005443	CAPO305021	bflo_04867
OG0005444	CAPO300488	bflo_03875
OG0005446	CAPO300144	bflo_18194
OG0005449	CAPO300543	bflo_23261
OG0005450	CAPO302868	bflo_15512
OG0005451	CAPO300480	bflo_04451
OG0005454	CAPO307132	bflo_01584, bflo_02003, bflo_09942
OG0005455	CAPO301855	bflo_18762
OG0005457	CAPO307831	bflo_13772, bflo_13770
OG0005459	CAPO304164	bflo_03854, bflo_12126
OG0005461	CAPO307668	bflo_18779
OG0005462	CAPO306835	bflo_10216
OG0005463	CAPO303989	bflo_07165
OG0005464	CAPO307986	bflo_12667
OG0005465	CAPO300347	bflo_11359
OG0005466	CAPO300596	bflo_00661
OG0005467	CAPO305986	bflo_20216
OG0005468	CAPO306414	bflo_10615
OG0005469	CAPO301614	bflo_15621
OG0005470	CAPO300654	bflo_13830
OG0005471	CAPO300819	bflo_20304
OG0005474	CAPO304412	bflo_22632
OG0005475	CAPO300271	bflo_12095, bflo_12461
OG0005476	CAPO305577, CAPO305762	bflo_11553
OG0005478	CAPO305209	bflo_13093, bflo_13094
OG0005479	CAPO300550	bflo_13220
OG0005480	CAPO307314	bflo_07094
OG0005481	CAPO306697, CAPO301416	bflo_17610
OG0005482	CAPO307925	bflo_13464
OG0005483	CAPO304067	bflo_03566
OG0005484	CAPO307524	bflo_14983
OG0005486	CAPO300225	bflo_05960
OG0005487	CAPO300444	bflo_01533
OG0005488	CAPO301054	bflo_20426
OG0005489	CAPO305322	bflo_00241
OG0005490	CAPO300839	bflo_00229
OG0005491	CAPO305898	bflo_07042
OG0005493	CAPO304618	bflo_18007, bflo_09722
OG0005494	CAPO308140	bflo_10040
OG0005495	CAPO305673	bflo_22184
OG0005498	CAPO303826	bflo_19580, bflo_19775
OG0005499	CAPO306730	bflo_08537
OG0005500	CAPO306535	bflo_24212
OG0005503	CAPO307437	bflo_01609
OG0005504	CAPO300995	bflo_03183
OG0005505	CAPO307588	bflo_20450
OG0005506	CAPO307275	bflo_25979
OG0005508	CAPO308142	bflo_00696
OG0005509	CAPO300202	bflo_16497
OG0005510	CAPO307083	bflo_20409
OG0005511	CAPO304438	bflo_25632
OG0005514	CAPO305223	bflo_00127, bflo_23773
OG0005516	CAPO305610	bflo_16446
OG0005517	CAPO303557	bflo_05239
OG0005518	CAPO300928	bflo_10334
OG0005524	CAPO307077	bflo_23594
OG0005525	CAPO305745	bflo_23020
OG0005527	CAPO307337	bflo_10343
OG0005528	CAPO302166	bflo_09130
OG0005529	CAPO303996	bflo_09847
OG0005533	CAPO308156	bflo_22419, bflo_27393
OG0005534	CAPO300248	bflo_21720
OG0005535	CAPO306427	bflo_20969
OG0005536	CAPO306899	bflo_06016
OG0005537	CAPO305006	bflo_18040
OG0005539	CAPO300487	bflo_01823
OG0005540	CAPO307739	bflo_25948, bflo_25954, bflo_25988
OG0005541	CAPO302610	bflo_15111, bflo_15284
OG0005545	CAPO307853	bflo_12332
OG0005550	CAPO303338	bflo_26310, bflo_13291, bflo_12590
OG0005553	CAPO308016	bflo_16281
OG0005554	CAPO307360	bflo_12666
OG0005555	CAPO303547, CAPO307135, CAPO303545, CAPO303546, CAPO303548	bflo_24597
OG0005558	CAPO301773	bflo_07358
OG0005559	CAPO302392	bflo_17621
OG0005560	CAPO302459	bflo_12606
OG0005561	CAPO307649	bflo_12688
OG0005562	CAPO300157	bflo_25759
OG0005563	CAPO300985	bflo_14207
OG0005564	CAPO307593	bflo_15757
OG0005566	CAPO308091	bflo_20293
OG0005569	CAPO301394	bflo_10284
OG0005572	CAPO300415	bflo_21740
OG0005574	CAPO305418	bflo_06281
OG0005575	CAPO301354	bflo_04742
OG0005578	CAPO300834	bflo_24558
OG0005580	CAPO308283	bflo_03436
OG0005581	CAPO303973	bflo_20327
OG0005582	CAPO306123	bflo_12804
OG0005583	CAPO303824	bflo_06522
OG0005584	CAPO302871	bflo_01948
OG0005588	CAPO305990	bflo_00280
OG0005589	CAPO305989	bflo_00684
OG0005590	CAPO302905	bflo_02564
OG0005592	CAPO305870	bflo_13207
OG0005593	CAPO302759	bflo_04492
OG0005594	CAPO306885	bflo_12060
OG0005595	CAPO306737	bflo_10007
OG0005597	CAPO301334	bflo_21265
OG0005598	CAPO300035	bflo_00844, bflo_22474
OG0005599	CAPO302061	bflo_13081
OG0005600	CAPO300445	bflo_12389
OG0005603	CAPO303949	bflo_08774
OG0005604	CAPO303855	bflo_09192, bflo_09193
OG0005605	CAPO300782	bflo_07122, bflo_07125
OG0005608	CAPO303058	bflo_22655
OG0005611	CAPO304396	bflo_23695
OG0005613	CAPO301790	bflo_23778, bflo_27436
OG0005614	CAPO306809	bflo_21901
OG0005615	CAPO302186	bflo_03024
OG0005616	CAPO302310	bflo_12767
OG0005617	CAPO300131	bflo_25723
OG0005618	CAPO307702	bflo_25211
OG0005620	CAPO306094	bflo_10989
OG0005621	CAPO308123	bflo_08929
OG0005622	CAPO307903	bflo_17496
OG0005623	CAPO300779	bflo_21024
OG0005624	CAPO300652	bflo_03489
OG0005625	CAPO302221	bflo_10576
OG0005626	CAPO308220	bflo_20808
OG0005629	CAPO302575	bflo_24570
OG0005630	CAPO301786, CAPO307219	bflo_05757
OG0005632	CAPO303472	bflo_08955
OG0005633	CAPO302097	bflo_11568
OG0005636	CAPO302060	bflo_03318
OG0005637	CAPO305600	bflo_21429
OG0005639	CAPO306397	bflo_10156
OG0005641	CAPO302343	bflo_08392
OG0005642	CAPO307460	bflo_11440
OG0005643	CAPO307244	bflo_24139
OG0005644	CAPO303605	bflo_21176
OG0005645	CAPO300279	bflo_15947
OG0005649	CAPO304011	bflo_17804
OG0005651	CAPO301043	bflo_22851
OG0005652	CAPO301437	bflo_04118
OG0005654	CAPO306680	bflo_04043
OG0005655	CAPO300096, CAPO304440	bflo_05654
OG0005656	CAPO306816	bflo_09124
OG0005660	CAPO305277	bflo_20191
OG0005665	CAPO306931	bflo_06605
OG0005681	CAPO302618	bflo_21686
OG0005690	CAPO303792	bflo_21962
OG0005692	CAPO306503	bflo_18368
OG0005694	CAPO302741	bflo_11257
OG0005695	CAPO303401	bflo_08340
OG0005700	CAPO302108	bflo_14810
OG0005701	CAPO304311	bflo_23250
OG0005702	CAPO302394	bflo_14318
OG0005703	CAPO307490	bflo_22631
OG0005707	CAPO303751	bflo_05258
OG0005708	CAPO306478	bflo_02644
OG0005710	CAPO307544	bflo_25296
OG0005712	CAPO302811	bflo_21653
OG0005714	CAPO302016	bflo_16283
OG0005715	CAPO302774	bflo_06959
OG0005717	CAPO303289	bflo_18408
OG0005719	CAPO300934	bflo_24656
OG0005721	CAPO302442	bflo_15921
OG0005723	CAPO301560	bflo_11579
OG0005724	CAPO305737	bflo_24093
OG0005725	CAPO304382	bflo_22672
OG0005726	CAPO306255	bflo_13024
OG0005728	CAPO300070	bflo_13939
OG0005729	CAPO306373	bflo_17597
OG0005731	CAPO304326	bflo_23152
OG0005732	CAPO306509	bflo_23024
OG0005733	CAPO307250	bflo_06910
OG0005734	CAPO307857	bflo_24420
OG0005735	CAPO306353	bflo_16580
OG0005738	CAPO304853	bflo_22321
OG0005739	CAPO308247	bflo_01068
OG0005741	CAPO303042	bflo_19674
OG0005742	CAPO300464, CAPO302075	bflo_19173, bflo_26828, bflo_06481, bflo_06480, bflo_19710
OG0005744	CAPO302669	bflo_02870
OG0005746	CAPO304136	bflo_14800
OG0005747	CAPO300949	bflo_24337
OG0005749	CAPO300768	bflo_10012
OG0005750	CAPO304369	bflo_14613
OG0005751	CAPO302377	bflo_07294
OG0005758	CAPO304832	bflo_21716
OG0005759	CAPO305998	bflo_23779
OG0005762	CAPO307808	bflo_21722
OG0005764	CAPO302285	bflo_18818
OG0005766	CAPO307164	bflo_24662
OG0005769	CAPO301036	bflo_15855
OG0005770	CAPO306340	bflo_13846
OG0005771	CAPO301571	bflo_06517
OG0005774	CAPO303542	bflo_27276, bflo_18752
OG0005775	CAPO306153	bflo_23334
OG0005776	CAPO303568, CAPO307316	bflo_11729
OG0005777	CAPO300042	bflo_17641, bflo_16819
OG0005779	CAPO306436	bflo_23901
OG0005781	CAPO303884	bflo_21690, bflo_21691
OG0005782	CAPO300230	bflo_10056
OG0005783	CAPO303474	bflo_08771
OG0005784	CAPO302307	bflo_09766
OG0005787	CAPO307830	bflo_07600
OG0005788	CAPO300037	bflo_16369
OG0005789	CAPO303327	bflo_12587
OG0005790	CAPO304988	bflo_23345
OG0005792	CAPO301624	bflo_18546
OG0005793	CAPO300669	bflo_03585
OG0005794	CAPO302027	bflo_19296
OG0005795	CAPO305005	bflo_23584, bflo_21923
OG0005796	CAPO305004	bflo_07896
OG0005797	CAPO301712	bflo_09997
OG0005799	CAPO305503	bflo_21046
OG0005800	CAPO306663, CAPO303116	bflo_00199
OG0005801	CAPO305293	bflo_13115
OG0005803	CAPO307068	bflo_03908
OG0005805	CAPO302538	bflo_20164
OG0005807	CAPO304282	bflo_17670
OG0005808	CAPO300610	bflo_17697
OG0005810	CAPO305026	bflo_12736
OG0005811	CAPO304151	bflo_05842
OG0005812	CAPO305500	bflo_05810
OG0005814	CAPO301343	bflo_25361
OG0005815	CAPO306106	bflo_20179
OG0005817	CAPO300290	bflo_21052
OG0005818	CAPO302009	bflo_11299
OG0005819	CAPO301574	bflo_25366
OG0005821	CAPO300824	bflo_16275
OG0005823	CAPO300775	bflo_19986
OG0005824	CAPO303629	bflo_01580
OG0005825	CAPO302227	bflo_04859, bflo_04851
OG0005828	CAPO303954	bflo_19965
OG0005831	CAPO302864	bflo_22635
OG0005832	CAPO302018	bflo_13968
OG0005835	CAPO306285	bflo_02871
OG0005837	CAPO300250	bflo_08105
OG0005838	CAPO302560	bflo_20528
OG0005840	CAPO305424	bflo_01503
OG0005842	CAPO304596	bflo_02495
OG0005843	CAPO307528	bflo_01029
OG0005845	CAPO307070	bflo_12286
OG0005847	CAPO305680	bflo_08147
OG0005848	CAPO307829	bflo_19264
OG0005849	CAPO303230	bflo_26582, bflo_00395
OG0005850	CAPO307194	bflo_26458
OG0005851	CAPO302674	bflo_25343
OG0005852	CAPO306738	bflo_11415
OG0005853	CAPO305397	bflo_24047
OG0005856	CAPO308178	bflo_25005
OG0005857	CAPO301639	bflo_19983
OG0005858	CAPO305203	bflo_22693
OG0005859	CAPO307160	bflo_08018
OG0005860	CAPO300029	bflo_08367
OG0005863	CAPO304301	bflo_23015
OG0005864	CAPO301932	bflo_10798
OG0005865	CAPO303346	bflo_23982
OG0005866	CAPO302021	bflo_17429
OG0005869	CAPO305217	bflo_12796, bflo_12797, bflo_12795
OG0005870	CAPO305120	bflo_25704
OG0005872	CAPO301101	bflo_19557
OG0005874	CAPO301503	bflo_19403
OG0005875	CAPO307256	bflo_22258
OG0005876	CAPO301107	bflo_11263
OG0005877	CAPO303218	bflo_25487
OG0005878	CAPO307565	bflo_09022
OG0005879	CAPO305924	bflo_13062
OG0005880	CAPO303914	bflo_11136
OG0005884	CAPO302326	bflo_10784
OG0005886	CAPO302755	bflo_16494
OG0005887	CAPO307435, CAPO303666	bflo_20064
OG0005888	CAPO305237	bflo_16587
OG0005889	CAPO306476	bflo_18198
OG0005890	CAPO303293	bflo_08222
OG0005892	CAPO304793	bflo_12803
OG0005893	CAPO302656	bflo_14799
OG0005894	CAPO302802	bflo_14185
OG0005897	CAPO306226	bflo_05904
OG0005898	CAPO304352	bflo_23647
OG0005899	CAPO306295	bflo_15965
OG0005901	CAPO307343	bflo_12585
OG0005902	CAPO305014, CAPO305124	bflo_13997
OG0005903	CAPO306042	bflo_21818
OG0005904	CAPO308290	bflo_17457
OG0005907	CAPO306181	bflo_11284
OG0005909	CAPO304980	bflo_06026
OG0005910	CAPO304445	bflo_21903
OG0005914	CAPO304812	bflo_10970
OG0005915	CAPO301830	bflo_04747, bflo_20605, bflo_02581
OG0005918	CAPO304132	bflo_17063
OG0005919	CAPO301677	bflo_15821
OG0005921	CAPO301707	bflo_08095
OG0005922	CAPO301561	bflo_12327
OG0005923	CAPO302607	bflo_21355, bflo_07750
OG0005924	CAPO300900	bflo_13048
OG0005925	CAPO304879	bflo_22499
OG0005926	CAPO306981	bflo_12937
OG0005929	CAPO308208	bflo_26225
OG0005931	CAPO306162	bflo_12193
OG0005932	CAPO300797	bflo_11200
OG0005933	CAPO301858	bflo_17753, bflo_13146
OG0005936	CAPO302424	bflo_12730
OG0005937	CAPO304550	bflo_11517
OG0005938	CAPO300395	bflo_25181
OG0005940	CAPO300232	bflo_14798
OG0005941	CAPO302544	bflo_05690
OG0005942	CAPO305649	bflo_20128
OG0005943	CAPO304448	bflo_19800, bflo_19799
OG0005944	CAPO302321	bflo_05962
OG0005946	CAPO302043	bflo_11046
OG0005947	CAPO308067, CAPO304545	bflo_22452
OG0005949	CAPO305776	bflo_20580
OG0005950	CAPO302730	bflo_04373
OG0005951	CAPO305823	bflo_25186
OG0005952	CAPO302748	bflo_10378
OG0005953	CAPO300018	bflo_05405, bflo_05438
OG0005954	CAPO300472	bflo_26976, bflo_10839
OG0005955	CAPO308169	bflo_26910, bflo_08892
OG0005958	CAPO305231	bflo_17859
OG0005959	CAPO303727	bflo_06675
OG0005960	CAPO306619	bflo_10445
OG0005961	CAPO301401	bflo_10941
OG0005966	CAPO303149	bflo_23330
OG0005967	CAPO304145	bflo_23299
OG0005968	CAPO307899	bflo_13397
OG0005969	CAPO304815	bflo_10882, bflo_26978
OG0005970	CAPO300012	bflo_26194
OG0005972	CAPO306254	bflo_07795
OG0005973	CAPO301806	bflo_20204
OG0005974	CAPO300269	bflo_16420
OG0005975	CAPO301864	bflo_22505
OG0005976	CAPO304330	bflo_14274
OG0005977	CAPO302621	bflo_03367
OG0005978	CAPO302579	bflo_00918
OG0005981	CAPO305244	bflo_15755
OG0005982	CAPO302153	bflo_25805
OG0005983	CAPO305305	bflo_02899, bflo_06853
OG0005984	CAPO303854	bflo_26161
OG0005985	CAPO305361	bflo_07491
OG0005986	CAPO306131	bflo_22207
OG0005987	CAPO307262	bflo_21283
OG0005988	CAPO306075	bflo_14586
OG0005989	CAPO304449	bflo_04801
OG0005991	CAPO304070	bflo_14389
OG0005993	CAPO301813	bflo_19203
OG0005996	CAPO304073	bflo_06368
OG0005997	CAPO307298	bflo_14437
OG0005998	CAPO304281	bflo_04868
OG0006000	CAPO304784	bflo_10974
OG0006001	CAPO300287	bflo_03771
OG0006002	CAPO300104	bflo_10344
OG0006003	CAPO307004	bflo_26268
OG0006005	CAPO300498	bflo_14125
OG0006006	CAPO303456	bflo_07426, bflo_26854, bflo_07567, bflo_07852, bflo_04532, bflo_07568, bflo_07566, bflo_07853
OG0006008	CAPO304325	bflo_22991
OG0006009	CAPO302680	bflo_06215
OG0006011	CAPO305929	bflo_20391
OG0006012	CAPO306003	bflo_06228
OG0006013	CAPO306786	bflo_15984
OG0006037	CAPO301089, CAPO301090, CAPO301088, CAPO306886, CAPO308335, CAPO301085, CAPO308336, CAPO301091, CAPO307497, CAPO301268, CAPO302570, CAPO304181, CAPO305196, CAPO306765, CAPO303928, CAPO303929, CAPO302231, CAPO302181, CAPO303737, CAPO307432, CAPO308341, CAPO303226, CAPO304828, CAPO301168, CAPO303171, CAPO308337	bflo_27182
OG0006059	CAPO306968	bflo_12549
OG0006060	CAPO302999	bflo_22735, bflo_16014, bflo_21735, bflo_22736, bflo_23853, bflo_22737
OG0006062	CAPO305933	bflo_14204
OG0006063	CAPO300774	bflo_08433
OG0006064	CAPO304870	bflo_01207
OG0006065	CAPO301967	bflo_06194
OG0006066	CAPO300852	bflo_15149, bflo_15301
OG0006069	CAPO305608	bflo_23059
OG0006072	CAPO303438	bflo_05952
OG0006073	CAPO303232	bflo_13041
OG0006074	CAPO305192	bflo_04848
OG0006075	CAPO300591	bflo_14335
OG0006079	CAPO300122	bflo_06843
OG0006081	CAPO304015	bflo_09993
OG0006084	CAPO303975	bflo_11203
OG0006085	CAPO306971	bflo_10467
OG0006087	CAPO307633	bflo_13279
OG0006090	CAPO303628	bflo_08182
OG0006094	CAPO301083	bflo_22057
OG0006095	CAPO308333, CAPO301147	bflo_05909
OG0006096	CAPO305316	bflo_20073
OG0006097	CAPO305425	bflo_01181, bflo_00971
OG0006098	CAPO300607	bflo_13460
OG0006101	CAPO301377	bflo_11020
OG0006103	CAPO308138	bflo_17529
OG0006107	CAPO302627	bflo_03883, bflo_03886, bflo_03884, bflo_03885
OG0006108	CAPO302650	bflo_16412
OG0006110	CAPO302693	bflo_14760
OG0006111	CAPO304724	bflo_14276
OG0006113	CAPO307626	bflo_13176
OG0006114	CAPO304178	bflo_09437
OG0006115	CAPO306466	bflo_18472
OG0006116	CAPO304187	bflo_08257
OG0006117	CAPO302456	bflo_02390
OG0006118	CAPO306890	bflo_13945
OG0006119	CAPO305308	bflo_14075
OG0006121	CAPO308090	bflo_25317
OG0006122	CAPO302744	bflo_23070
OG0006124	CAPO304805	bflo_17542
OG0006125	CAPO306355	bflo_12138
OG0006127	CAPO301362	bflo_10573
OG0006128	CAPO301150	bflo_14557
OG0006129	CAPO300938	bflo_18775
OG0006131	CAPO303965	bflo_19826
OG0006132	CAPO307591	bflo_10299
OG0006133	CAPO304297	bflo_01121
OG0006134	CAPO307652	bflo_13339
OG0006135	CAPO307747	bflo_10168
OG0006136	CAPO304577	bflo_01637
OG0006137	CAPO303566	bflo_18124
OG0006139	CAPO301488	bflo_11965
OG0006140	CAPO301396	bflo_18342
OG0006141	CAPO302378	bflo_00269
OG0006144	CAPO307727	bflo_21040
OG0006145	CAPO304370	bflo_25040
OG0006148	CAPO302407	bflo_15811
OG0006149	CAPO301175	bflo_13184
OG0006151	CAPO304128	bflo_21632
OG0006152	CAPO306493	bflo_04414
OG0006153	CAPO305107	bflo_14168, bflo_15221, bflo_14170
OG0006155	CAPO301956	bflo_07610
OG0006156	CAPO304652	bflo_21660
OG0006157	CAPO300095, CAPO303951	bflo_24352
OG0006158	CAPO307937	bflo_09174, bflo_01127
OG0006159	CAPO307030	bflo_22205
OG0006160	CAPO304978	bflo_11696
OG0006161	CAPO301615	bflo_00825
OG0006164	CAPO307640	bflo_13904
OG0006168	CAPO306154	bflo_15636
OG0006169	CAPO305149	bflo_15504
OG0006176	CAPO304797	bflo_10375
OG0006177	CAPO306017	bflo_02434, bflo_02433, bflo_02197
OG0006178	CAPO306742	bflo_09792
OG0006179	CAPO307840	bflo_04520
OG0006180	CAPO308064	bflo_13527
OG0006181	CAPO308207	bflo_20856
OG0006182	CAPO300329	bflo_25676
OG0006183	CAPO306749	bflo_23251
OG0006185	CAPO301640	bflo_05702
OG0006186	CAPO304672	bflo_06017
OG0006187	CAPO303722	bflo_05860
OG0006188	CAPO307979	bflo_26244
OG0006190	CAPO304791	bflo_05580
OG0006191	CAPO301907	bflo_06643
OG0006192	CAPO308099	bflo_18864
OG0006195	CAPO308346, CAPO305489	bflo_20785
OG0006196	CAPO304854	bflo_21380
OG0006198	CAPO306368	bflo_09515
OG0006199	CAPO307861	bflo_18618
OG0006200	CAPO306047	bflo_08595
OG0006202	CAPO307311	bflo_12935
OG0006204	CAPO307074	bflo_21015
OG0006205	CAPO306928	bflo_22797
OG0006206	CAPO308060	bflo_08971
OG0006209	CAPO303208	bflo_06181
OG0006210	CAPO301051	bflo_13106
OG0006211	CAPO305755	bflo_00270
OG0006213	CAPO301176	bflo_02502
OG0006214	CAPO305313	bflo_13485
OG0006216	CAPO304328	bflo_23257
OG0006225	CAPO307529	bflo_05658
OG0006226	CAPO303955	bflo_25780
OG0006227	CAPO304192	bflo_08958
OG0006229	CAPO306729	bflo_15353
OG0006230	CAPO303003	bflo_00871
OG0006233	CAPO307263	bflo_00407
OG0006234	CAPO305546	bflo_26145
OG0006235	CAPO300217	bflo_04738
OG0006237	CAPO302524	bflo_24562
OG0006239	CAPO305262	bflo_12516
OG0006243	CAPO301646	bflo_01150
OG0006244	CAPO306900	bflo_20049
OG0006245	CAPO307777	bflo_08102, bflo_07454
OG0006248	CAPO307601	bflo_10873
OG0006249	CAPO304667	bflo_21979
OG0006250	CAPO301165	bflo_10622
OG0006251	CAPO302342	bflo_20251
OG0006252	CAPO304131	bflo_24544
OG0006253	CAPO307341	bflo_18151
OG0006254	CAPO305073	bflo_23376
OG0006257	CAPO305440	bflo_23181
OG0006258	CAPO300398	bflo_08012
OG0006260	CAPO300587	bflo_11688
OG0006261	CAPO305676	bflo_11759
OG0006262	CAPO307596	bflo_13775
OG0006263	CAPO307994	bflo_13999
OG0006264	CAPO307537	bflo_10775
OG0006264	CAPO304943	bflo_20207, bflo_21988, bflo_21332
OG0006267	CAPO300629	bflo_09297
OG0006268	CAPO305663	bflo_24468
OG0006271	CAPO306714	bflo_04493
OG0006272	CAPO300074	bflo_18786
OG0006275	CAPO304219	bflo_16471
OG0006276	CAPO306041	bflo_07351
OG0006277	CAPO307602	bflo_20538, bflo_20530
OG0006278	CAPO305153	bflo_20053
OG0006279	CAPO307288	bflo_17537
OG0006280	CAPO308182	bflo_04839
OG0006281	CAPO302129	bflo_24466
OG0006284	CAPO301681	bflo_18235
OG0006285	CAPO301258	bflo_16122
OG0006286	CAPO304212	bflo_18971
OG0006287	CAPO302795	bflo_08203
OG0006288	CAPO300129	bflo_20374
OG0006289	CAPO306652	bflo_11685
OG0006291	CAPO308081	bflo_14924
OG0006293	CAPO307067	bflo_20003
OG0006294	CAPO301151	bflo_16221
OG0006295	CAPO307143	bflo_20106
OG0006297	CAPO301937	bflo_11455
OG0006298	CAPO306805	bflo_02661
OG0006301	CAPO306072	bflo_11595
OG0006305	CAPO303850	bflo_08977
OG0006306	CAPO303905	bflo_17978
OG0006309	CAPO304441	bflo_03102
OG0006311	CAPO300748	bflo_19318
OG0006313	CAPO306539	bflo_07043, bflo_10742
OG0006314	CAPO308085, CAPO301326	bflo_07683
OG0006317	CAPO301551	bflo_08654, bflo_04834
OG0006319	CAPO306239	bflo_24488
OG0006320	CAPO303864	bflo_05610
OG0006322	CAPO305971	bflo_12481
OG0006323	CAPO300361	bflo_14271, bflo_14647
OG0006324	CAPO307431	bflo_13519
OG0006329	CAPO306283	bflo_09310
OG0006330	CAPO301590	bflo_06068
OG0006331	CAPO301721	bflo_14428
OG0006332	CAPO306801	bflo_01909
OG0006334	CAPO302140	bflo_25899
OG0006335	CAPO305790	bflo_26558
OG0006338	CAPO300367	bflo_06097
OG0006339	CAPO306751	bflo_20035
OG0006340	CAPO306725	bflo_07116
OG0006341	CAPO303256	bflo_08361
OG0006344	CAPO307345	bflo_00813
OG0006346	CAPO305832	bflo_01146
OG0006347	CAPO305184	bflo_14684, bflo_19080
OG0006349	CAPO304057	bflo_25604
OG0006350	CAPO302433	bflo_08058
OG0006352	CAPO301346	bflo_08289
OG0006353	CAPO301517	bflo_24274
OG0006355	CAPO307129	bflo_12183, bflo_12478
OG0006356	CAPO305164	bflo_20389
OG0006358	CAPO303299	bflo_11381
OG0006359	CAPO300583	bflo_15575
OG0006360	CAPO304103	bflo_03385, bflo_03153
OG0006361	CAPO308070	bflo_05840
OG0006362	CAPO308308	bflo_18189
OG0006363	CAPO301002	bflo_09433
OG0006365	CAPO300671	bflo_14330
OG0006370	CAPO300348	bflo_26334
OG0006371	CAPO302658	bflo_20282, bflo_21165
OG0006372	CAPO304608	bflo_12563
OG0006375	CAPO306256	bflo_23851
OG0006377	CAPO307494	bflo_11135
OG0006378	CAPO304918	bflo_09263
OG0006381	CAPO301472	bflo_11104
OG0006382	CAPO307026	bflo_22436
OG0006383	CAPO303174	bflo_07440
OG0006384	CAPO305941	bflo_03084
OG0006385	CAPO301074	bflo_13000
OG0006386	CAPO303165	bflo_01615
OG0006387	CAPO306319	bflo_17863
OG0006389	CAPO302170	bflo_18130
OG0006390	CAPO308093	bflo_11594
OG0006392	CAPO305806	bflo_17615
OG0006394	CAPO302470	bflo_23411
OG0006395	CAPO300149	bflo_06376
OG0006399	CAPO307228	bflo_20644
OG0006443	CAPO300234	bflo_14515
OG0006447	CAPO302283	bflo_16566
OG0006448	CAPO301094	bflo_19539
OG0006449	CAPO305961	bflo_01188
OG0006456	CAPO300992	bflo_10513
OG0006457	CAPO306648	bflo_01628
OG0006459	CAPO307843	bflo_06293
OG0006460	CAPO308313	bflo_21998
OG0006461	CAPO306350	bflo_11702
OG0006462	CAPO300662	bflo_23860
OG0006464	CAPO307754	bflo_21869
OG0006465	CAPO307052	bflo_19143
OG0006467	CAPO301292	bflo_13935
OG0006468	CAPO303390	bflo_13078
OG0006469	CAPO302486	bflo_23774
OG0006470	CAPO300984	bflo_07907
OG0006471	CAPO303440	bflo_26062
OG0006474	CAPO300155	bflo_20828
OG0006475	CAPO301888	bflo_18753
OG0006476	CAPO300216	bflo_15113
OG0006478	CAPO301079	bflo_25612
OG0006479	CAPO304002	bflo_24039
OG0006480	CAPO300197	bflo_00678
OG0006481	CAPO307580	bflo_06049
OG0006482	CAPO305654	bflo_20797
OG0006485	CAPO307612	bflo_07585
OG0006487	CAPO300649	bflo_11592
OG0006488	CAPO301772	bflo_19816
OG0006490	CAPO301539	bflo_10870, bflo_05896
OG0006491	CAPO300606	bflo_06140
OG0006493	CAPO306548	bflo_21776
OG0006496	CAPO304473	bflo_17077
OG0006498	CAPO301440	bflo_04405
OG0006501	CAPO307734	bflo_17311
OG0006502	CAPO301087	bflo_17569
OG0006503	CAPO304660	bflo_21277
OG0006504	CAPO302154	bflo_20826
OG0006505	CAPO301510	bflo_19259
OG0006507	CAPO301032	bflo_11054
OG0006508	CAPO301635	bflo_20287
OG0006509	CAPO304681	bflo_14958
OG0006510	CAPO300081	bflo_13854
OG0006512	CAPO301701	bflo_23985
OG0006514	CAPO304095	bflo_14347
OG0006515	CAPO306459	bflo_11505
OG0006516	CAPO305607	bflo_10198
OG0006517	CAPO300477	bflo_24897
OG0006519	CAPO308006	bflo_22646
OG0006520	CAPO300668	bflo_14783
OG0006523	CAPO302914	bflo_18015
OG0006526	CAPO303623	bflo_12927, bflo_12926, bflo_12565
OG0006532	CAPO304147	bflo_25565
OG0006533	CAPO305463	bflo_18102
OG0006534	CAPO305714	bflo_09361
OG0006536	CAPO305735	bflo_10319
OG0006538	CAPO305091	bflo_25710
OG0006540	CAPO304760	bflo_21685
OG0006541	CAPO302376, CAPO304688, CAPO300243	bflo_10367
OG0006542	CAPO305168	bflo_14786
OG0006543	CAPO305452	bflo_01627, bflo_01968
OG0006544	CAPO306101	bflo_05615
OG0006545	CAPO307929	bflo_18669
OG0006546	CAPO305234	bflo_24638
OG0006549	CAPO306040	bflo_11330
OG0006550	CAPO307487	bflo_11678
OG0006552	CAPO301957	bflo_05852
OG0006553	CAPO308128	bflo_05354
OG0006554	CAPO306525	bflo_20165
OG0006555	CAPO305951	bflo_00300
OG0006556	CAPO304941	bflo_18303
OG0006557	CAPO300124	bflo_20634
OG0006561	CAPO300890	bflo_16142
OG0006562	CAPO303607	bflo_22495
OG0006566	CAPO303944	bflo_23421
OG0006568	CAPO303043	bflo_05595
OG0006569	CAPO300856	bflo_15213
OG0006570	CAPO302571	bflo_15564
OG0006571	CAPO306740	bflo_06463
OG0006572	CAPO302175	bflo_25786
OG0006573	CAPO306413	bflo_20873
OG0006575	CAPO304950	bflo_13757
OG0006577	CAPO300858	bflo_11522
OG0006578	CAPO303393	bflo_09529
OG0006580	CAPO306179	bflo_02508
OG0006581	CAPO300223	bflo_18745
OG0006582	CAPO305399	bflo_03259
OG0006583	CAPO308147	bflo_17843
OG0006584	CAPO304380	bflo_03876
OG0006586	CAPO300241	bflo_14224
OG0006590	CAPO304634	bflo_10285
OG0006591	CAPO306654	bflo_06635
OG0006592	CAPO302105	bflo_13940
OG0006594	CAPO305352	bflo_20278
OG0006595	CAPO306726	bflo_02350
OG0006596	CAPO305496	bflo_13930
OG0006597	CAPO306143	bflo_15494
OG0006598	CAPO303505	bflo_05586
OG0006600	CAPO300993	bflo_23846
OG0006602	CAPO306545	bflo_17654
OG0006603	CAPO305246	bflo_14044
OG0006604	CAPO301632	bflo_20173
OG0006606	CAPO300627, CAPO305047	bflo_18082
OG0006607	CAPO302836	bflo_05639
OG0006608	CAPO304829	bflo_21845
OG0006610	CAPO305635	bflo_23392
OG0006611	CAPO303370	bflo_19675
OG0006612	CAPO303674	bflo_25815
OG0006613	CAPO305926	bflo_08658
OG0006614	CAPO307923	bflo_25283
OG0006615	CAPO300892	bflo_21623
OG0006616	CAPO302496	bflo_22437, bflo_21296
OG0006617	CAPO304084	bflo_05821
OG0006619	CAPO305225	bflo_06530
OG0006622	CAPO307274	bflo_21805
OG0006625	CAPO304287	bflo_19250
OG0006627	CAPO300634	bflo_17602
OG0006630	CAPO301318	bflo_08331
OG0006631	CAPO302816	bflo_02399
OG0006633	CAPO306794	bflo_24067, bflo_24065
OG0006636	CAPO304383	bflo_23809
OG0006637	CAPO304312	bflo_00907
OG0006638	CAPO302167	bflo_12844
OG0006640	CAPO308241	bflo_07124
OG0006642	CAPO303206	bflo_22844
OG0006646	CAPO308061	bflo_03757
OG0006648	CAPO300638	bflo_17710
OG0006651	CAPO306376	bflo_17634
OG0006655	CAPO306982	bflo_00135
OG0006657	CAPO304665	bflo_04947
OG0006658	CAPO301723	bflo_06383
OG0006662	CAPO305585	bflo_01575
OG0006663	CAPO301399	bflo_14425
OG0006664	CAPO302941	bflo_15928
OG0006666	CAPO301682	bflo_09187
OG0006667	CAPO305573	bflo_26184
OG0006668	CAPO301053	bflo_14166
OG0006669	CAPO301280	bflo_25294
OG0006670	CAPO306366	bflo_16533
OG0006671	CAPO307485	bflo_24607
OG0006673	CAPO302685	bflo_02561
OG0006677	CAPO304250	bflo_23397
OG0006678	CAPO300092	bflo_23848
OG0006680	CAPO301748	bflo_09207
OG0006681	CAPO305354	bflo_19242
OG0006684	CAPO305512	bflo_11878
OG0006686	CAPO307531	bflo_17040, bflo_17043
OG0006690	CAPO302172	bflo_11580
OG0006691	CAPO305670	bflo_19257
OG0006692	CAPO302647	bflo_02897
OG0006693	CAPO302616	bflo_07011
OG0006694	CAPO302438	bflo_18353
OG0006695	CAPO302533	bflo_14487
OG0006698	CAPO305852	bflo_12723
OG0006702	CAPO307269	bflo_01001
OG0006703	CAPO302601	bflo_01171
OG0006704	CAPO305136	bflo_20746
OG0006706	CAPO303773	bflo_16963
OG0006707	CAPO304129	bflo_16382
OG0006708	CAPO304327	bflo_15553
OG0006709	CAPO302993	bflo_19084
OG0006710	CAPO307958	bflo_05942
OG0006712	CAPO307469	bflo_12812, bflo_12813
OG0006714	CAPO301000	bflo_09041
OG0006716	CAPO302196	bflo_23946
OG0006717	CAPO305633	bflo_18859
OG0006718	CAPO306293	bflo_10197
OG0006719	CAPO302454	bflo_22960
OG0006721	CAPO307315	bflo_06291
OG0006722	CAPO304555	bflo_25547
OG0006723	CAPO300019	bflo_24515
OG0006725	CAPO301206	bflo_11101
OG0006726	CAPO303375	bflo_05430
OG0006727	CAPO306447	bflo_00991
OG0006728	CAPO303411	bflo_04467
OG0006729	CAPO302448	bflo_26172
OG0006730	CAPO307696	bflo_03962
OG0006732	CAPO301757	bflo_00438
OG0006733	CAPO306420	bflo_12538
OG0006735	CAPO307764	bflo_07008
OG0006736	CAPO301670	bflo_13100
OG0006737	CAPO302977	bflo_14048
OG0006738	CAPO305285	bflo_18621
OG0006740	CAPO304581	bflo_17055
OG0006741	CAPO306132	bflo_11667
OG0006745	CAPO304913	bflo_21271
OG0006750	CAPO306076	bflo_01070
OG0006751	CAPO305160	bflo_20349
OG0006752	CAPO301753	bflo_14648
OG0006753	CAPO304199	bflo_09892
OG0006754	CAPO307231	bflo_13351
OG0006755	CAPO304099	bflo_14829
OG0006757	CAPO308250	bflo_24956
OG0006758	CAPO303486	bflo_00186
OG0006759	CAPO301178	bflo_09138
OG0006766	CAPO300327	bflo_18339
OG0006769	CAPO304104	bflo_21934
OG0006772	CAPO306103	bflo_10630
OG0006775	CAPO303956	bflo_23577
OG0006776	CAPO307354, CAPO307229	bflo_18625
OG0006777	CAPO308320	bflo_17793, bflo_19104
OG0006791	CAPO302265	bflo_10577
OG0006796	CAPO306698, CAPO305329	bflo_09118, bflo_09119
OG0006826	CAPO306575	bflo_15514
OG0006827	CAPO306579	bflo_26115
OG0006830	CAPO304885	bflo_20502
OG0006833	CAPO307011	bflo_13923
OG0006838	CAPO304346	bflo_22711
OG0006842	CAPO303033	bflo_26032
OG0006843	CAPO301783	bflo_05656
OG0006844	CAPO303858	bflo_02086
OG0006845	CAPO304222	bflo_16282
OG0006846	CAPO305985, CAPO301436	bflo_05424
OG0006848	CAPO302750	bflo_07388
OG0006849	CAPO306709	bflo_23476
OG0006850	CAPO300307	bflo_18002
OG0006856	CAPO306926	bflo_08265
OG0006857	CAPO304592	bflo_22461
OG0006860	CAPO304880	bflo_13831
OG0006862	CAPO306834	bflo_07506
OG0006864	CAPO300266	bflo_14254
OG0006865	CAPO300579	bflo_21505, bflo_21504
OG0006867	CAPO304561	bflo_17074
OG0006868	CAPO304824	bflo_13873
OG0006869	CAPO303718	bflo_11211
OG0006870	CAPO305471	bflo_14756
OG0006872	CAPO305763, CAPO306267	bflo_13623
OG0006874	CAPO303002	bflo_23619
OG0006875	CAPO300245	bflo_24959
OG0006876	CAPO301384	bflo_25862
OG0006877	CAPO303758	bflo_07384
OG0006880	CAPO300637	bflo_22152
OG0006881	CAPO307302	bflo_14289
OG0006886	CAPO308008	bflo_18390
OG0006887	CAPO303330	bflo_19380
OG0006888	CAPO300481	bflo_21809
OG0006889	CAPO305411	bflo_13410
OG0006890	CAPO301774	bflo_10189
OG0006892	CAPO306271	bflo_19210
OG0006893	CAPO308281	bflo_22850
OG0006894	CAPO305493	bflo_23771
OG0006895	CAPO305321	bflo_03293
OG0006897	CAPO305270	bflo_06445
OG0006898	CAPO307616	bflo_12617
OG0006901	CAPO301222	bflo_19215
OG0006904	CAPO301235	bflo_08783
OG0006912	CAPO306387	bflo_16818
OG0006914	CAPO302212	bflo_06676
OG0006915	CAPO305363	bflo_12701, bflo_24776
OG0006916	CAPO306266	bflo_05711
OG0006918	CAPO303362	bflo_06388
OG0006920	CAPO306461	bflo_18393
OG0006923	CAPO303076	bflo_17476
OG0006924	CAPO304320	bflo_14841
OG0006925	CAPO306734	bflo_01234
OG0006926	CAPO303493	bflo_01326
OG0006927	CAPO303700	bflo_25864
OG0006930	CAPO301522	bflo_18159
OG0006931	CAPO300460	bflo_03880
OG0006932	CAPO305813	bflo_23118, bflo_22872
OG0006934	CAPO304656	bflo_22320
OG0006935	CAPO305404	bflo_10058
OG0006936	CAPO301255	bflo_10276, bflo_09616
OG0006937	CAPO300724	bflo_06019
OG0006938	CAPO307064	bflo_11763
OG0006939	CAPO300423	bflo_05623
OG0006940	CAPO308295	bflo_00686
OG0006942	CAPO305131	bflo_16437
OG0006943	CAPO300653	bflo_06674
OG0006944	CAPO301423	bflo_11099
OG0006945	CAPO304257	bflo_18670
OG0006947	CAPO303778	bflo_23439, bflo_10825
OG0006948	CAPO307507	bflo_23320
OG0006949	CAPO300866	bflo_08640
OG0006951	CAPO302915	bflo_02466
OG0006952	CAPO308002	bflo_12669
OG0006953	CAPO302825	bflo_23341
OG0006957	CAPO304410	bflo_08841
OG0006960	CAPO306688	bflo_06033
OG0006962	CAPO307572	bflo_19179
OG0006964	CAPO306352	bflo_18137
OG0006966	CAPO304695	bflo_21938
OG0006967	CAPO303820	bflo_23381
OG0006968	CAPO301435	bflo_12636
OG0006969	CAPO306618	bflo_09435
OG0006970	CAPO304851	bflo_20527
OG0006971	CAPO303658	bflo_20344
OG0006973	CAPO306305	bflo_17571
OG0006975	CAPO306893	bflo_18089
OG0006977	CAPO305268	bflo_11476
OG0006978	CAPO304336	bflo_06276
OG0006979	CAPO300168	bflo_08448
OG0006980	CAPO305562	bflo_24447
OG0006982	CAPO305716	bflo_09169
OG0006983	CAPO300916	bflo_24722
OG0006989	CAPO302679	bflo_04780
OG0006990	CAPO300763	bflo_07372
OG0006991	CAPO303392	bflo_06043
OG0006993	CAPO305954	bflo_22403
OG0006994	CAPO306564	bflo_02112
OG0006995	CAPO306435	bflo_02848
OG0006997	CAPO304873	bflo_11454
OG0006998	CAPO301390	bflo_23590
OG0006999	CAPO303913	bflo_01138
OG0007001	CAPO305444	bflo_03475
OG0007002	CAPO304225	bflo_15746
OG0007003	CAPO302304	bflo_13387
OG0007005	CAPO303654	bflo_20341
OG0007007	CAPO302408	bflo_18247
OG0007009	CAPO305960	bflo_07642
OG0007010	CAPO301780	bflo_14446
OG0007011	CAPO301128	bflo_15254
OG0007012	CAPO304946	bflo_08408
OG0007013	CAPO303300	bflo_22925
OG0007015	CAPO305278	bflo_27330, bflo_20402
OG0007016	CAPO304972	bflo_14032
OG0007017	CAPO301345	bflo_21913
OG0007018	CAPO300889	bflo_23908
OG0007019	CAPO304408	bflo_23063
OG0007020	CAPO303562, CAPO308296	bflo_10034
OG0007021	CAPO306622	bflo_21680
OG0007022	CAPO303253	bflo_18552
OG0007024	CAPO302054	bflo_11367
OG0007025	CAPO302785	bflo_14744
OG0007026	CAPO304159	bflo_09805
OG0007032	CAPO304830	bflo_18346
OG0007033	CAPO305180	bflo_16162
OG0007034	CAPO306932	bflo_19304
OG0007038	CAPO302068	bflo_11762, bflo_11636
OG0007040	CAPO306537	bflo_15748
OG0007042	CAPO307996	bflo_02915
OG0007043	CAPO305780	bflo_10682
OG0007044	CAPO307221	bflo_04989, bflo_15125
OG0007045	CAPO305958	bflo_18005
OG0007046	CAPO305591	bflo_17255
OG0007047	CAPO305693	bflo_15778
OG0007048	CAPO302164	bflo_23058
OG0007049	CAPO305031	bflo_24438
OG0007050	CAPO307898	bflo_09428
OG0007055	CAPO304778	bflo_21171
OG0007057	CAPO304630	bflo_09203
OG0007058	CAPO301734, CAPO304572	bflo_17608
OG0007059	CAPO303590, CAPO303318	bflo_10444
OG0007061	CAPO305340	bflo_10696
OG0007062	CAPO302545	bflo_24989
OG0007063	CAPO308261	bflo_23792
OG0007065	CAPO301537	bflo_10221
OG0007068	CAPO307887	bflo_07102
OG0007069	CAPO307200	bflo_06573
OG0007071	CAPO301761	bflo_09008
OG0007072	CAPO306160	bflo_12921
OG0007073	CAPO302936	bflo_24056
OG0007074	CAPO306910	bflo_04122
OG0007076	CAPO300474	bflo_15859
OG0007081	CAPO305760	bflo_14270
OG0007084	CAPO307673	bflo_12638
OG0007086	CAPO306079	bflo_11245
OG0007089	CAPO300706	bflo_02444
OG0007090	CAPO300368	bflo_25747
OG0007091	CAPO304945	bflo_05854
OG0007092	CAPO304498, CAPO305528	bflo_15232
OG0007093	CAPO308175	bflo_10575
OG0007094	CAPO301835	bflo_18319
OG0007095	CAPO304293	bflo_23010
OG0007097	CAPO302515	bflo_07989
OG0007098	CAPO301993	bflo_13800
OG0007099	CAPO304218	bflo_21945
OG0007100	CAPO302645	bflo_11271
OG0007105	CAPO303780	bflo_21094
OG0007106	CAPO302226	bflo_11280
OG0007112	CAPO303793	bflo_06337
OG0007114	CAPO305243	bflo_14043
OG0007118	CAPO306502	bflo_17782
OG0007119	CAPO303656	bflo_26455
OG0007121	CAPO305337	bflo_21082
OG0007122	CAPO302728	bflo_24072
OG0007124	CAPO307876	bflo_15170
OG0007127	CAPO305077	bflo_00577
OG0007130	CAPO302224	bflo_11677
OG0007131	CAPO304315	bflo_25611
OG0007132	CAPO301608	bflo_05661
OG0007133	CAPO305338	bflo_02382
OG0007134	CAPO302517	bflo_10408
OG0007137	CAPO303287	bflo_22784
OG0007138	CAPO307436	bflo_15711
OG0007139	CAPO302325	bflo_05619
OG0007143	CAPO307276	bflo_01199
OG0007144	CAPO301797	bflo_20069
OG0007145	CAPO305008	bflo_05954, bflo_05366
OG0007146	CAPO306800	bflo_21226
OG0007147	CAPO305032	bflo_24598
OG0007150	CAPO304704	bflo_12859, bflo_09705
OG0007151	CAPO304299	bflo_14436
OG0007154	CAPO302715	bflo_11488
OG0007158	CAPO303011	bflo_12648
OG0007160	CAPO301230	bflo_13912
OG0007162	CAPO305815	bflo_12051
OG0007163	CAPO306908	bflo_05600
OG0007165	CAPO300764	bflo_08764
OG0007166	CAPO301841	bflo_09971
OG0007168	CAPO304836	bflo_18756
OG0007173	CAPO305749, CAPO300679	bflo_24164
OG0007174	CAPO304732	bflo_13932
OG0007175	CAPO300929	bflo_10755
OG0007176	CAPO305825	bflo_11713
OG0007178	CAPO306843	bflo_16205
OG0007181	CAPO302549	bflo_12101
OG0007182	CAPO302258	bflo_21896
OG0007184	CAPO304626	bflo_21975, bflo_21917
OG0007186	CAPO306272	bflo_15420
OG0007191	CAPO307327	bflo_25319
OG0007192	CAPO307148	bflo_19273
OG0007194	CAPO304755	bflo_21637
OG0007201	CAPO305686	bflo_22933
OG0007204	CAPO305874	bflo_25247
OG0007213	CAPO300546	bflo_23133
OG0007248	CAPO305807	bflo_12581
OG0007249	CAPO304279	bflo_09901
OG0007251	CAPO307515	bflo_02716
OG0007254	CAPO300342	bflo_25142
OG0007258	CAPO301895	bflo_05313
OG0007261	CAPO306348	bflo_26189
OG0007266	CAPO305560	bflo_11544
OG0007269	CAPO305691	bflo_11589
OG0007272	CAPO303817, CAPO303673	bflo_24550, bflo_24548
OG0007273	CAPO305134	bflo_03291
OG0007276	CAPO301595	bflo_02810
OG0007279	CAPO302557	bflo_20332
OG0007281	CAPO304423	bflo_23827
OG0007282	CAPO300960	bflo_20472
OG0007283	CAPO304757	bflo_04526
OG0007291	CAPO307621	bflo_13121, bflo_27070
OG0007292	CAPO302024	bflo_16155
OG0007293	CAPO301970	bflo_05427
OG0007297	CAPO305876	bflo_23790
OG0007299	CAPO308254	bflo_10653
OG0007300	CAPO301046	bflo_19110
OG0007301	CAPO301996	bflo_25038
OG0007302	CAPO307174	bflo_14759
OG0007303	CAPO302064	bflo_13169
OG0007304	CAPO306505	bflo_24595
OG0007305	CAPO303443	bflo_22443
OG0007307	CAPO304518, CAPO304185	bflo_10777
OG0007309	CAPO300726	bflo_23700
OG0007313	CAPO302761	bflo_15745
OG0007314	CAPO307151	bflo_08559
OG0007315	CAPO300478	bflo_05903
OG0007317	CAPO306655	bflo_06371
OG0007319	CAPO300742	bflo_09858
OG0007320	CAPO300324	bflo_05418
OG0007321	CAPO307651	bflo_21088
OG0007322	CAPO301300	bflo_21299
OG0007325	CAPO305675	bflo_13977
OG0007326	CAPO304342	bflo_22978
OG0007329	CAPO306408	bflo_16943
OG0007330	CAPO300366	bflo_14343
OG0007335	CAPO304929	bflo_08747
OG0007336	CAPO304895	bflo_18139
OG0007339	CAPO300192	bflo_18665, bflo_27270
OG0007341	CAPO300898	bflo_16524
OG0007342	CAPO300397	bflo_18915
OG0007343	CAPO305744	bflo_07918
OG0007347	CAPO302872	bflo_02081
OG0007348	CAPO307161	bflo_22199
OG0007350	CAPO306078	bflo_23018
OG0007352	CAPO306052	bflo_22987
OG0007353	CAPO302025	bflo_13799
OG0007354	CAPO303485	bflo_00249
OG0007356	CAPO306331	bflo_12334
OG0007357	CAPO304967	bflo_22058
OG0007358	CAPO304741	bflo_05818
OG0007361	CAPO305039	bflo_06202
OG0007363	CAPO304834	bflo_15450
OG0007364	CAPO303075	bflo_14577
OG0007365	CAPO306500	bflo_25863
OG0007366	CAPO305485	bflo_05679
OG0007367	CAPO305088	bflo_25660
OG0007368	CAPO305250	bflo_10256
OG0007371	CAPO305453	bflo_05288
OG0007372	CAPO307960	bflo_12199
OG0007373	CAPO301099	bflo_21841
OG0007376	CAPO302556	bflo_06403
OG0007377	CAPO306927	bflo_17036
OG0007378	CAPO307557	bflo_21755
OG0007379	CAPO305130	bflo_05815
OG0007380	CAPO300141	bflo_12695
OG0007381	CAPO303646	bflo_22930
OG0007382	CAPO305525	bflo_12647
OG0007385	CAPO304120	bflo_09851
OG0007387	CAPO304030	bflo_16313
OG0007388	CAPO306166	bflo_25933
OG0007391	CAPO304827	bflo_10127
OG0007392	CAPO303501	bflo_26122
OG0007393	CAPO301859	bflo_19723
OG0007395	CAPO302788	bflo_23165
OG0007396	CAPO302581	bflo_12995
OG0007397	CAPO300434	bflo_26218
OG0007399	CAPO306050	bflo_24010
OG0007401	CAPO302124	bflo_14612
OG0007402	CAPO306401	bflo_23426
OG0007405	CAPO303800	bflo_20962
OG0007407	CAPO306953	bflo_08514
OG0007408	CAPO303491	bflo_02032
OG0007409	CAPO305402	bflo_02035
OG0007411	CAPO300699	bflo_07704
OG0007412	CAPO302107	bflo_17518
OG0007413	CAPO305882	bflo_18831, bflo_19664
OG0007414	CAPO300363	bflo_25464
OG0007415	CAPO307758, CAPO301270	bflo_02381
OG0007417	CAPO303652	bflo_20677
OG0007418	CAPO300947	bflo_20034
OG0007421	CAPO301566	bflo_12217
OG0007422	CAPO301771	bflo_19655
OG0007424	CAPO304349	bflo_23127
OG0007425	CAPO303896	bflo_14507
OG0007428	CAPO301768	bflo_19134
OG0007431	CAPO304150	bflo_00171
OG0007432	CAPO307504	bflo_24342
OG0007433	CAPO307042	bflo_03234
OG0007439	CAPO300813	bflo_01560
OG0007440	CAPO302516	bflo_12274
OG0007441	CAPO304615	bflo_20302, bflo_15083
OG0007442	CAPO308291	bflo_25641
OG0007446	CAPO303088	bflo_07107
OG0007447	CAPO301482	bflo_15402
OG0007451	CAPO303173	bflo_13811
OG0007455	CAPO303919	bflo_17706
OG0007456	CAPO301020	bflo_01583
OG0007457	CAPO302854	bflo_26814, bflo_06127
OG0007458	CAPO300350	bflo_25670
OG0007459	CAPO304746	bflo_20243
OG0007462	CAPO300088	bflo_18941
OG0007463	CAPO300212	bflo_10590
OG0007466	CAPO300471	bflo_08000
OG0007471	CAPO307438	bflo_13019
OG0007472	CAPO302245	bflo_05935
OG0007476	CAPO303558	bflo_25779
OG0007478	CAPO301266	bflo_20152
OG0007480	CAPO306792	bflo_09770
OG0007482	CAPO307266	bflo_24643
OG0007483	CAPO300503	bflo_05915
OG0007484	CAPO302421	bflo_15769
OG0007488	CAPO308146	bflo_09156
OG0007490	CAPO303421	bflo_01534
OG0007491	CAPO304949	bflo_08894
OG0007494	CAPO300105	bflo_21044
OG0007496	CAPO306996	bflo_02927
OG0007498	CAPO306301	bflo_05937
OG0007499	CAPO302974	bflo_23609
OG0007503	CAPO308251	bflo_22154
OG0007506	CAPO305836	bflo_07456
OG0007508	CAPO306367	bflo_16429
OG0007509	CAPO301428	bflo_25337
OG0007510	CAPO303897	bflo_23353
OG0007513	CAPO308263	bflo_12370
OG0007518	CAPO304172	bflo_12220
OG0007519	CAPO307472	bflo_13950
OG0007524	CAPO306111	bflo_21710
OG0007525	CAPO300836	bflo_25748
OG0007527	CAPO306220	bflo_12687
OG0007529	CAPO307735	bflo_22763
OG0007531	CAPO301562	bflo_06234
OG0007539	CAPO301294	bflo_03346
OG0007541	CAPO301788	bflo_23902, bflo_15686
OG0007546	CAPO301193	bflo_23694
OG0007550	CAPO301421, CAPO302720, CAPO300311, CAPO304075	bflo_12697
OG0007582	CAPO305253	bflo_06722
OG0007588	CAPO306467	bflo_08932
OG0007591	CAPO302671	bflo_06991
OG0007594	CAPO307951	bflo_06134
OG0007597	CAPO302699	bflo_20205
OG0007601	CAPO303119	bflo_22835
OG0007602	CAPO307324	bflo_25731
OG0007603	CAPO301881	bflo_13403
OG0007604	CAPO302471	bflo_13109
OG0007606	CAPO303879	bflo_09037
OG0007607	CAPO304420	bflo_24972
OG0007613	CAPO304725	bflo_05631
OG0007614	CAPO307463	bflo_13306
OG0007615	CAPO302208	bflo_11806
OG0007616	CAPO305524	bflo_05802
OG0007617	CAPO306965	bflo_05912
OG0007619	CAPO307079	bflo_24408
OG0007621	CAPO302700	bflo_25877
OG0007622	CAPO304123	bflo_12432, bflo_11562
OG0007624	CAPO306507	bflo_03915
OG0007629	CAPO306379	bflo_04302
OG0007633	CAPO303133	bflo_00693
OG0007634	CAPO301291	bflo_07145
OG0007646	CAPO303345	bflo_08412
OG0007648	CAPO303467	bflo_17312
OG0007649	CAPO300338	bflo_10016
OG0007653	CAPO304087	bflo_06136
OG0007656	CAPO306133	bflo_11407
OG0007657	CAPO302526	bflo_03371
OG0007660	CAPO308074	bflo_16535
OG0007663	CAPO303269	bflo_17347
OG0007666	CAPO302483	bflo_23297
OG0007673	CAPO306691	bflo_06491
OG0007674	CAPO307516	bflo_23563
OG0007676	CAPO301687	bflo_08407
OG0007677	CAPO302393	bflo_16920
OG0007680	CAPO301892	bflo_17990, bflo_00308
OG0007685	CAPO307242	bflo_10244, bflo_18881
OG0007686	CAPO307006	bflo_13479
OG0007687	CAPO301616	bflo_22973
OG0007690	CAPO306330	bflo_18798
OG0007691	CAPO306763	bflo_20819
OG0007692	CAPO304764	bflo_23407
OG0007694	CAPO300777	bflo_13350
OG0007698	CAPO302218	bflo_25937
OG0007704	CAPO307102	bflo_02614
OG0007708	CAPO302223	bflo_19064
OG0007709	CAPO305895	bflo_07606
OG0007712	CAPO301491	bflo_10106
OG0007713	CAPO305624	bflo_18812
OG0007714	CAPO301857	bflo_15303
OG0007721	CAPO303794	bflo_08960
OG0007722	CAPO300661	bflo_23699
OG0007727	CAPO301122	bflo_19233
OG0007728	CAPO300608	bflo_05034
OG0007729	CAPO302375	bflo_12977
OG0007732	CAPO302232	bflo_08778
OG0007739	CAPO306247	bflo_18458
OG0007741	CAPO305702	bflo_11053
OG0007744	CAPO302276	bflo_26182
OG0007749	CAPO303871	bflo_05007
OG0007751	CAPO306625	bflo_10650, bflo_08743
OG0007752	CAPO303736	bflo_21959
OG0007754	CAPO307268	bflo_26220
OG0007757	CAPO305840	bflo_27501, bflo_25642
OG0007758	CAPO302132	bflo_10877
OG0007759	CAPO304951	bflo_16310
OG0007760	CAPO305618, CAPO303194	bflo_13020
OG0007765	CAPO302630	bflo_13995
OG0007766	CAPO305894	bflo_23712
OG0007767	CAPO304549	bflo_24566
OG0007768	CAPO305420	bflo_24479
OG0007769	CAPO301827	bflo_23531
OG0007770	CAPO306211	bflo_20500
OG0007771	CAPO302978	bflo_11433
OG0007772	CAPO304662	bflo_22115
OG0007773	CAPO302396	bflo_03725
OG0007776	CAPO303389	bflo_06131
OG0007781	CAPO301676	bflo_07603
OG0007782	CAPO301686	bflo_06893
OG0007783	CAPO302092	bflo_23885
OG0007784	CAPO307704	bflo_19072
OG0007786	CAPO302428	bflo_16999
OG0007787	CAPO307455	bflo_12215
OG0007789	CAPO305782	bflo_21102
OG0007791	CAPO305711	bflo_23951
OG0007793	CAPO308075	bflo_25655
OG0007794	CAPO300123	bflo_20585
OG0007801	CAPO304268	bflo_23404
OG0007802	CAPO304335, CAPO304333	bflo_23831
OG0007803	CAPO301792	bflo_06509
OG0007804	CAPO302116	bflo_06653
OG0007807	CAPO300823	bflo_05294
OG0007810	CAPO306480	bflo_10987
OG0007811	CAPO303448	bflo_24096
OG0007813	CAPO300842	bflo_21210
OG0007816	CAPO300570	bflo_24433
OG0007820	CAPO308148	bflo_20895
OG0007823	CAPO300300	bflo_01549
OG0007827	CAPO305582	bflo_06413
OG0007829	CAPO305400	bflo_01959
OG0007830	CAPO300733	bflo_08474
OG0007831	CAPO306309	bflo_08904
OG0007832	CAPO301843	bflo_03510, bflo_19382
OG0007833	CAPO303972	bflo_21063
OG0007835	CAPO300924	bflo_25222
OG0007836	CAPO305319	bflo_00713
OG0007838	CAPO305759	bflo_01372
OG0007840	CAPO301709	bflo_06242
OG0007849	CAPO306245	bflo_11783
OG0007854	CAPO300573	bflo_18378
OG0007858	CAPO306180	bflo_09176
OG0007859	CAPO304922	bflo_19258
OG0007866	CAPO307919	bflo_22935
OG0007879	CAPO305995	bflo_07432
OG0007908	CAPO305292	bflo_20499
OG0007912	CAPO300094	bflo_27328, bflo_20385
OG0007913	CAPO303796	bflo_05599
OG0007917	CAPO301739	bflo_15056
OG0007918	CAPO306768	bflo_15667
OG0007926	CAPO306159	bflo_23868
OG0007929	CAPO305925	bflo_13452
OG0007934	CAPO306627, CAPO304422	bflo_26432
OG0007936	CAPO302586	bflo_01563
OG0007941	CAPO303397	bflo_04799
OG0007943	CAPO303432	bflo_17585
OG0007947	CAPO304390	bflo_22634
OG0007948	CAPO300847	bflo_21118
OG0007952	CAPO304443	bflo_02620
OG0007957	CAPO307185	bflo_00714
OG0007958	CAPO307613	bflo_06296
OG0007961	CAPO300412	bflo_24731
OG0007962	CAPO304291	bflo_15039
OG0007966	CAPO300853	bflo_07594
OG0007967	CAPO303649	bflo_07105
OG0007968	CAPO302503	bflo_06274
OG0007971	CAPO306113	bflo_16346
OG0007973	CAPO303148	bflo_05021
OG0007974	CAPO308066	bflo_24762
OG0007975	CAPO300899	bflo_24764
OG0007978	CAPO300419	bflo_25199, bflo_05322
OG0007979	CAPO301049	bflo_14680
OG0007982	CAPO306558	bflo_02109
OG0007983	CAPO304535, CAPO302820	bflo_04850
OG0007984	CAPO304783	bflo_21333, bflo_21994
OG0007986	CAPO301210	bflo_06825
OG0007988	CAPO307013	bflo_12561
OG0007991	CAPO303503	bflo_12744
OG0007994	CAPO307783	bflo_07557
OG0007996	CAPO301705	bflo_20570
OG0007997	CAPO302071	bflo_20061
OG0007999	CAPO305183	bflo_18850
OG0008000	CAPO303381	bflo_01750
OG0008002	CAPO306531	bflo_26652, bflo_02053
OG0008005	CAPO303144	bflo_27065, bflo_13015
OG0008006	CAPO303383	bflo_22376, bflo_22210
OG0008008	CAPO306044	bflo_23803
OG0008011	CAPO308001	bflo_12071
OG0008012	CAPO301194	bflo_19537
OG0008013	CAPO300786	bflo_18671
OG0008016	CAPO307694	bflo_06044
OG0008017	CAPO306337	bflo_11048
OG0008018	CAPO303249	bflo_10614
OG0008020	CAPO300340	bflo_17017
OG0008025	CAPO300183	bflo_23461
OG0008027	CAPO300126	bflo_05641
OG0008028	CAPO308036	bflo_01481
OG0008030	CAPO303940	bflo_20783
OG0008031	CAPO301663	bflo_15505
OG0008033	CAPO305641, CAPO307763	bflo_09244
OG0008038	CAPO303434	bflo_04254
OG0008041	CAPO304528	bflo_12110
OG0008046	CAPO303942	bflo_12522
OG0008049	CAPO303430	bflo_20285
OG0008050	CAPO301839	bflo_25880
OG0008053	CAPO307475	bflo_10200
OG0008055	CAPO304973	bflo_11673, bflo_11797
OG0008056	CAPO305715	bflo_22457
OG0008060	CAPO301527	bflo_14419
OG0008062	CAPO307985	bflo_01328
OG0008069	CAPO302773	bflo_25318
OG0008071	CAPO303085	bflo_20776
OG0008075	CAPO304938	bflo_14400
OG0008077	CAPO303807	bflo_14852
OG0008079	CAPO305873	bflo_24655
OG0008082	CAPO303589	bflo_04484
OG0008083	CAPO305526	bflo_19745
OG0008085	CAPO306772, CAPO306778	bflo_14047
OG0008088	CAPO303270	bflo_17624
OG0008091	CAPO301577	bflo_20178
OG0008094	CAPO302837	bflo_11003
OG0008098	CAPO301911	bflo_16350
OG0008100	CAPO303437	bflo_06252
OG0008103	CAPO302032	bflo_23153
OG0008104	CAPO303964	bflo_07082
OG0008105	CAPO301825	bflo_24175
OG0008106	CAPO300930	bflo_12352
OG0008109	CAPO302029	bflo_20239
OG0008110	CAPO307398	bflo_09748
OG0008111	CAPO300295	bflo_06012
OG0008113	CAPO306004	bflo_08464
OG0008117	CAPO307273	bflo_16568
OG0008120	CAPO306854	bflo_17432
OG0008122	CAPO306853	bflo_22916
OG0008125	CAPO301486	bflo_11403
OG0008126	CAPO301598	bflo_02173
OG0008136	CAPO306527	bflo_13975
OG0008143	CAPO303100	bflo_14244
OG0008196	CAPO305556	bflo_06636
OG0008201	CAPO303869	bflo_11543
OG0008202	CAPO303070	bflo_17727
OG0008204	CAPO303341	bflo_13587, bflo_13453
OG0008206	CAPO300194	bflo_11270
OG0008208	CAPO301623	bflo_12074
OG0008219	CAPO303960	bflo_23179
OG0008230	CAPO302415	bflo_13174
OG0008234	CAPO303355	bflo_23788
OG0008238	CAPO301578	bflo_25853
OG0008239	CAPO300821	bflo_07315
OG0008244	CAPO305920	bflo_23863
OG0008247	CAPO301105	bflo_18470
OG0008249	CAPO305940	bflo_25552
OG0008251	CAPO306974	bflo_08485
OG0008252	CAPO301636	bflo_05554
OG0008254	CAPO307977	bflo_25097
OG0008256	CAPO302660	bflo_10539
OG0008260	CAPO300752	bflo_13511
OG0008263	CAPO305878	bflo_16405
OG0008266	CAPO300538	bflo_13946
OG0008268	CAPO307500	bflo_06894
OG0008269	CAPO301506	bflo_15790
OG0008270	CAPO300872	bflo_13335
OG0008271	CAPO300716	bflo_14838
OG0008272	CAPO308267	bflo_05825
OG0008273	CAPO300883	bflo_19759
OG0008281	CAPO304839	bflo_19968
OG0008283	CAPO300148	bflo_20787
OG0008295	CAPO301876	bflo_12425
OG0008297	CAPO301044	bflo_14052
OG0008299	CAPO302513	bflo_00726
OG0008304	CAPO304565	bflo_22092
OG0008305	CAPO307576	bflo_02959
OG0008307	CAPO301267	bflo_20544
OG0008308	CAPO301770	bflo_12490
OG0008309	CAPO301941	bflo_03373
OG0008313	CAPO305984	bflo_23105
OG0008318	CAPO308255	bflo_15631
OG0008323	CAPO307881	bflo_22601
OG0008325	CAPO305284	bflo_13382
OG0008327	CAPO305580	bflo_21013
OG0008332	CAPO307922	bflo_09532, bflo_09525
OG0008335	CAPO303407	bflo_26321
OG0008336	CAPO301347	bflo_11246
OG0008337	CAPO300735	bflo_18382
OG0008339	CAPO307257	bflo_01195
OG0008341	CAPO301643	bflo_05713
OG0008343	CAPO302270	bflo_01028, bflo_26613
OG0008345	CAPO301947	bflo_06967
OG0008346	CAPO307261	bflo_16079
OG0008348	CAPO303902	bflo_16901
OG0008349	CAPO301052	bflo_14681
OG0008350	CAPO306988	bflo_23021
OG0008351	CAPO307792	bflo_03945
OG0008354	CAPO304881	bflo_05394
OG0008358	CAPO306438	bflo_13528, bflo_05244
OG0008369	CAPO301896	bflo_20549
OG0008381	CAPO307305	bflo_09299
OG0008386	CAPO306554	bflo_25355
OG0008391	CAPO306819	bflo_16567
OG0008400	CAPO300651	bflo_25665
OG0008401	CAPO304023	bflo_12127
OG0008403	CAPO300621	bflo_17519
OG0008404	CAPO307542	bflo_16793
OG0008406	CAPO304896	bflo_26326
OG0008416	CAPO300816	bflo_13157
OG0008419	CAPO302047	bflo_22615
OG0008422	CAPO301678	bflo_18567
OG0008424	CAPO300325	bflo_04295
OG0008427	CAPO300837	bflo_06302
OG0008432	CAPO301824	bflo_14749
OG0008437	CAPO305258	bflo_00866
OG0008444	CAPO305551	bflo_07626
OG0008448	CAPO302399	bflo_13952
OG0008515	CAPO307779	bflo_04844
OG0008516	CAPO306989	bflo_13080
OG0008519	CAPO303354	bflo_18269
OG0008524	CAPO305854	bflo_20429
OG0008529	CAPO300648	bflo_03906
OG0008532	CAPO305346	bflo_09671
OG0008533	CAPO306433	bflo_18027
OG0008540	CAPO306008	bflo_08478
OG0008542	CAPO303728	bflo_06695
OG0008546	CAPO306328	bflo_13964
OG0008558	CAPO304939	bflo_03229
OG0008570	CAPO306028	bflo_23263
OG0008572	CAPO302769	bflo_04448
OG0008589	CAPO300561	bflo_11133
OG0008596	CAPO303431	bflo_18694
OG0008605	CAPO307450	bflo_10551
OG0008620	CAPO301626	bflo_06625
OG0008626	CAPO305741	bflo_12655
OG0008627	CAPO304143	bflo_14368
OG0008633	CAPO307916	bflo_19269
OG0008638	CAPO302585	bflo_08322
OG0008639	CAPO304406	bflo_18095
OG0008643	CAPO305110	bflo_10943
OG0008654	CAPO302567	bflo_22977
OG0008655	CAPO303594	bflo_11937
OG0008656	CAPO305542	bflo_14876
OG0008658	CAPO302962	bflo_01987
OG0008661	CAPO305739	bflo_10401
OG0008669	CAPO302940	bflo_08972
OG0008672	CAPO301934	bflo_05851
OG0008673	CAPO307917	bflo_16309
OG0008675	CAPO300293	bflo_05167
OG0008676	CAPO303608	bflo_21049
OG0008684	CAPO306544	bflo_00413
OG0008685	CAPO305455	bflo_13111
OG0008696	CAPO301935	bflo_14306
OG0008762	CAPO303477, CAPO307966	bflo_05577
OG0008778	CAPO306085	bflo_06309
OG0008785	CAPO301308	bflo_15566
OG0008792	CAPO303971	bflo_08494
OG0008794	CAPO303046	bflo_14261
OG0008799	CAPO304437	bflo_16333
OG0008804	CAPO302280	bflo_06638
OG0008818	CAPO306967	bflo_09893, bflo_09894
OG0008823	CAPO306173	bflo_20458
OG0008824	CAPO307205	bflo_15812
OG0008829	CAPO303197	bflo_08652
OG0008836	CAPO302250	bflo_20240
OG0008837	CAPO307939	bflo_20413
OG0008840	CAPO300288	bflo_12618
OG0008844	CAPO302017	bflo_13108
OG0008855	CAPO305952	bflo_16617
OG0008856	CAPO301745	bflo_05961
OG0008872	CAPO300021	bflo_25884
OG0008873	CAPO304889	bflo_08253, bflo_13362, bflo_13620, bflo_13779, bflo_25571
OG0008877	CAPO307090	bflo_23290
OG0008879	CAPO302991	bflo_22896
OG0008883	CAPO307045	bflo_20328
OG0008891	CAPO308327, CAPO306577	bflo_09549
OG0008903	CAPO303747	bflo_11258
OG0008910	CAPO301796	bflo_12046
OG0008911	CAPO303875	bflo_12256
OG0008917	CAPO306124	bflo_14279
OG0008923	CAPO301602	bflo_10626
OG0008938	CAPO300696	bflo_09125
OG0008946	CAPO302886	bflo_14917
OG0008955	CAPO308117	bflo_01456
OG0008959	CAPO308005	bflo_05761
OG0008969	CAPO306557	bflo_13370
OG0008977	CAPO303125	bflo_14198
OG0008990	CAPO301077	bflo_02482
OG0009052	CAPO308131	bflo_22515
OG0009066	CAPO303946	bflo_20088
OG0009069	CAPO307868	bflo_16424
OG0009070	CAPO304616	bflo_03472
OG0009082	CAPO307883	bflo_07395
OG0009090	CAPO302052	bflo_11597
OG0009091	CAPO302198	bflo_22641
OG0009096	CAPO307816	bflo_24792
OG0009098	CAPO302843	bflo_11435, bflo_11150, bflo_12475
OG0009102	CAPO300296	bflo_13123, bflo_12698, bflo_13124
OG0009104	CAPO307672	bflo_23359
OG0009105	CAPO307554	bflo_15546
OG0009118	CAPO306907	bflo_25656
OG0009121	CAPO301808	bflo_15028
OG0009131	CAPO302501	bflo_11124
OG0009135	CAPO302523	bflo_24563
OG0009151	CAPO301713	bflo_07484
OG0009152	CAPO303724	bflo_08516
OG0009153	CAPO300987	bflo_20318
OG0009156	CAPO301084	bflo_11234, bflo_11014
OG0009164	CAPO305979	bflo_26176
OG0009165	CAPO303917	bflo_14508
OG0009166	CAPO306637	bflo_01482
OG0009169	CAPO307723	bflo_11409
OG0009172	CAPO303130	bflo_18774
OG0009174	CAPO306369	bflo_10782
OG0009175	CAPO305249	bflo_06260
OG0009176	CAPO302260	bflo_24859
OG0009180	CAPO308017	bflo_21947
OG0009181	CAPO303752	bflo_06599
OG0009188	CAPO303052	bflo_05025, bflo_05023
OG0009193	CAPO304674	bflo_11908
OG0009195	CAPO302713	bflo_05763
OG0009197	CAPO307545	bflo_22512
OG0009199	CAPO305271	bflo_13112, bflo_12265
OG0009225	CAPO300867	bflo_00926
OG0009230	CAPO304005	bflo_24444, bflo_08856
OG0009232	CAPO306362, CAPO300613	bflo_24947
OG0009293	CAPO302359	bflo_25608
OG0009305	CAPO304439	bflo_00876
OG0009307	CAPO305768	bflo_23417
OG0009310	CAPO303191	bflo_25881
OG0009311	CAPO300670	bflo_15286
OG0009314	CAPO303717	bflo_12403
OG0009320	CAPO304806	bflo_17822
OG0009334	CAPO306334	bflo_10587
OG0009336	CAPO301042	bflo_14071
OG0009339	CAPO303020	bflo_01954
OG0009343	CAPO302053	bflo_11599, bflo_11949
OG0009354	CAPO303841	bflo_13067
OG0009358	CAPO307748	bflo_19438, bflo_27301
OG0009360	CAPO305111	bflo_12494
OG0009361	CAPO301081	bflo_02270, bflo_02175
OG0009363	CAPO302266	bflo_19842
OG0009370	CAPO305276	bflo_13910
OG0009372	CAPO307875	bflo_24064, bflo_24063
OG0009374	CAPO307954	bflo_09871
OG0009382	CAPO307453	bflo_16656
OG0009385	CAPO308166	bflo_19985
OG0009388	CAPO304763	bflo_10528
OG0009389	CAPO302985	bflo_22669
OG0009392	CAPO300845	bflo_23448
OG0009394	CAPO306321	bflo_16062
OG0009400	CAPO300534	bflo_21343
OG0009413	CAPO307306	bflo_01834
OG0009415	CAPO304010	bflo_05298
OG0009419	CAPO301909	bflo_06995
OG0009440	CAPO303442, CAPO307150, CAPO308108	bflo_20972
OG0009451	CAPO304190	bflo_08820
OG0009452	CAPO304474	bflo_12856
OG0009472	CAPO304554	bflo_24709
OG0009474	CAPO307974	bflo_00354
OG0009483	CAPO301155	bflo_12506
OG0009486	CAPO304979	bflo_14752, bflo_16016
OG0009489	CAPO302536	bflo_10801, bflo_20057, bflo_02275, bflo_25310, bflo_13842, bflo_13331, bflo_13418, bflo_06694, bflo_13899
OG0009492	CAPO308278, CAPO305357	bflo_26982, bflo_10962, bflo_10964, bflo_10519, bflo_23711, bflo_08865, bflo_14581, bflo_10571, bflo_19794
OG0009543	CAPO302200	bflo_21004
OG0009555	CAPO302201	bflo_02779, bflo_07709
OG0009584	CAPO300268	bflo_09756
OG0009587	CAPO302994	bflo_23034
OG0009590	CAPO302279	bflo_21682
OG0009599	CAPO300676	bflo_18453
OG0009604	CAPO307674	bflo_13472
OG0009610	CAPO306556	bflo_26469
OG0009614	CAPO304376	bflo_23191
OG0009617	CAPO304819	bflo_02913
OG0009620	CAPO303211	bflo_15177
OG0009624	CAPO301434	bflo_00754
OG0009630	CAPO307063	bflo_20168
OG0009639	CAPO302947	bflo_20153
OG0009663	CAPO301430	bflo_11701
OG0009676	CAPO302100	bflo_27044
OG0009677	CAPO301926, CAPO305625	bflo_03287, bflo_26710
OG0009683	CAPO307930	bflo_09098
OG0009695	CAPO305380	bflo_11448
OG0009870	CAPO307177	bflo_09290
OG0009886	CAPO306684	bflo_10767
OG0009887	CAPO304717	bflo_18867
OG0009890	CAPO304901	bflo_00420
OG0009892	CAPO304276	bflo_26816
OG0009899	CAPO305540	bflo_21259, bflo_25050
OG0009903	CAPO304229	bflo_22781, bflo_09939
OG0009911	CAPO305191	bflo_24642
OG0009916	CAPO303534	bflo_24850
OG0009920	CAPO301007	bflo_15972
OG0009921	CAPO301535	bflo_23139
OG0009922	CAPO306699	bflo_08215
OG0009926	CAPO304251	bflo_21179
OG0009957	CAPO304781	bflo_08540
OG0009959	CAPO300346	bflo_17553
OG0010033	CAPO304431	bflo_09264, bflo_08814, bflo_20616
OG0010037	CAPO306122	bflo_03822, bflo_03824, bflo_22128, bflo_02987, bflo_03823, bflo_01882, bflo_03826
OG0010044	CAPO300860	bflo_14258
OG0010047	CAPO303938	bflo_23748, bflo_23749
OG0010048	CAPO302482	bflo_24925
OG0010126	CAPO301111	bflo_08378
OG0010155	CAPO304770	bflo_01148
OG0010163	CAPO302235	bflo_19862
OG0010177	CAPO300963	bflo_24081
OG0010189	CAPO301469	bflo_12185
OG0010213	CAPO301027	bflo_15108
OG0010244	CAPO301765	bflo_22628
OG0010252	CAPO304663	bflo_11471
OG0010254	CAPO307982	bflo_05989
OG0010256	CAPO302740	bflo_21836
OG0010259	CAPO308092	bflo_03427
OG0010276	CAPO303860	bflo_04086
OG0010353	CAPO300261	bflo_08086
OG0010354	CAPO306058	bflo_22333, bflo_22478
OG0010363	CAPO305628, CAPO307284, CAPO307344, CAPO303983, CAPO301922	bflo_02344, bflo_02358, bflo_02370, bflo_22681
OG0010369	CAPO302233	bflo_06542
OG0010372	CAPO307603	bflo_09226
OG0010487	CAPO304418	bflo_26091
OG0010492	CAPO302373	bflo_11765
OG0010499	CAPO301617	bflo_22584
OG0010503	CAPO300209	bflo_14930
OG0010505	CAPO303112	bflo_10271
OG0010525	CAPO303308	bflo_20612
OG0010528	CAPO305757	bflo_17078
OG0010545	CAPO305227	bflo_25606
OG0010563	CAPO300739	bflo_12865
OG0010568	CAPO301174	bflo_01424, bflo_01683
OG0010583	CAPO304585	bflo_13911
OG0010600	CAPO305919	bflo_00295
OG0010601	CAPO308252	bflo_04895
OG0010612	CAPO307121	bflo_03539
OG0010705	CAPO301775	bflo_23126
OG0010713	CAPO304252	bflo_00532
OG0010880	CAPO303091	bflo_21141
OG0010890	CAPO305999	bflo_08041
OG0010927	CAPO307216	bflo_24218, bflo_24219, bflo_24217, bflo_24622, bflo_24735
OG0010930	CAPO302013	bflo_08781
OG0010934	CAPO300554	bflo_14323
OG0010941	CAPO307828	bflo_12382
OG0010958	CAPO300004	bflo_10640, bflo_09670
OG0010974	CAPO301138	bflo_07383
OG0011003	CAPO301580	bflo_11261
OG0011094	CAPO303986	bflo_12673
OG0011205	CAPO300343	bflo_25584
OG0011208	CAPO307220	bflo_18386
OG0011243	CAPO303857	bflo_02583
OG0011256	CAPO307482	bflo_16779
OG0011289	CAPO301065	bflo_01281
OG0011313	CAPO300455	bflo_04992
OG0011346	CAPO301815	bflo_23351
OG0011432	CAPO301246	bflo_01105
OG0011465	CAPO307787	bflo_10079, bflo_03926, bflo_01072, bflo_08730, bflo_17357
OG0011476	CAPO303255	bflo_07083, bflo_10635, bflo_09665
OG0011624	CAPO302976	bflo_17474
OG0011628	CAPO300891	bflo_20833
OG0011673	CAPO303114	bflo_12539
OG0011709	CAPO303019	bflo_22189
OG0011710	CAPO306516	bflo_06613, bflo_12894
OG0011728	CAPO305728	bflo_09452
OG0011794	CAPO306504	bflo_17961
OG0011922	CAPO304910	bflo_18710
OG0011960	CAPO304036, CAPO306291	bflo_04041, bflo_04025
OG0011968	CAPO300180	bflo_12174
OG0011977	CAPO302350	bflo_25909
OG0012160	CAPO301793	bflo_01000
OG0012285	CAPO306739	bflo_10032
OG0012449	CAPO300937	bflo_08403
OG0012482	CAPO306432	bflo_01523
OG0012842	CAPO305650	bflo_23598
OG0013135	CAPO305657	bflo_14169
OG0013224	CAPO305282	bflo_06804
OG0013226	CAPO302528	bflo_09880, bflo_09476, bflo_09820
OG0013673	CAPO303571	bflo_04743
OG0013674	CAPO304274	bflo_23690
OG0013708	CAPO301135	bflo_14194
OG0014103	CAPO300086, CAPO305135	bflo_08252, bflo_17453, bflo_14457
OG0014121	CAPO300732	bflo_13526
OG0014131	CAPO307053	bflo_20449, bflo_21404
OG0014511	CAPO302844	bflo_10140
OG0014625	CAPO305842	bflo_23769
OG0014650	CAPO307171	bflo_23090
OG0014778	CAPO301321	bflo_23867
OG0015807	CAPO302504	bflo_23793
OG0016394	CAPO306374	bflo_06720
OG0016400	CAPO307508	bflo_07807
OG0016405	CAPO306018	bflo_08625
OG0016412	CAPO301596	bflo_10311, bflo_10594
OG0016424	CAPO302234	bflo_12542
OG0016430	CAPO302367	bflo_13466
OG0016438	CAPO307127, CAPO303166	bflo_14543
OG0017330	CAPO307182	bflo_20359
OG0018082	CAPO302374	bflo_02258
OG0018140	CAPO305972	bflo_10131
OG0018164	CAPO300408	bflo_14108, bflo_14123
OG0018182	CAPO300578	bflo_18551
OG0018190	CAPO308179	bflo_19509
OG0018201	CAPO304866	bflo_21789
OG0020397	CAPO300526	bflo_03108
OG0020474	CAPO300893	bflo_11281
OG0020491	CAPO300091	bflo_13575
OG0020533	CAPO300978	bflo_18503
OG0020563	CAPO303693	bflo_23427, bflo_23428
OG0022080	CAPO305819	bflo_10612
OG0023637	CAPO301233	bflo_00419, bflo_00421
OG0023864	CAPO301341	bflo_13818
OG0023885	CAPO300722	bflo_15744
OG0023901	CAPO304807	bflo_17340, bflo_18238
OG0023953	CAPO306799	bflo_21911
OG0023973	CAPO306009	bflo_24691
OG0023985	CAPO302649	bflo_25736
OG0028941	CAPO300678	bflo_26627, bflo_01526
OG0029107	CAPO306259	bflo_07658
OG0029239	CAPO304994	bflo_12208
OG0029375	CAPO303204	bflo_18743
OG0029441	CAPO307112	bflo_21874
