>AAAAAAAAAAAW	2-AAAAAAAAAAAW,BestGuess:PB0116.1_Elf3_2/Jaspar(0.771)	8.251185	-56.874736	0	T:263.0(20.37%),B:7600.4(10.52%),P:1e-24
0.631	0.032	0.101	0.236
0.818	0.001	0.001	0.180
0.736	0.001	0.001	0.262
0.659	0.001	0.001	0.339
0.713	0.001	0.001	0.285
0.592	0.001	0.001	0.406
0.726	0.001	0.001	0.272
0.701	0.005	0.001	0.293
0.653	0.001	0.001	0.345
0.633	0.001	0.001	0.365
0.623	0.001	0.001	0.375
0.514	0.001	0.001	0.484
