>ATTTCAAAAATC	1-ATTTCAAAAATC	8.870788	-57.254630	0	T:114.0(8.83%),B:2053.0(2.84%),P:1e-24
0.815	0.037	0.037	0.111
0.051	0.095	0.061	0.793
0.052	0.001	0.050	0.897
0.035	0.030	0.023	0.912
0.091	0.824	0.023	0.062
0.864	0.062	0.015	0.059
0.817	0.065	0.045	0.073
0.906	0.037	0.040	0.017
0.755	0.084	0.045	0.116
0.763	0.057	0.064	0.116
0.025	0.042	0.035	0.898
0.058	0.760	0.104	0.078
