>WTTTTTTTTTTT	2-AAAAAAAAAAAW	8.251185	-56.874736	0	T:263.0(20.37%),B:7600.4(10.52%),P:1e-24
0.484	0.001	0.001	0.514
0.375	0.001	0.001	0.623
0.365	0.001	0.001	0.633
0.345	0.001	0.001	0.653
0.293	0.001	0.005	0.701
0.272	0.001	0.001	0.726
0.406	0.001	0.001	0.592
0.285	0.001	0.001	0.713
0.339	0.001	0.001	0.659
0.262	0.001	0.001	0.736
0.180	0.001	0.001	0.818
0.236	0.101	0.032	0.631
