>AAAATATGATTT	4-AAAATATGATTT,BestGuess:PHOX2B/MA0681.2/Jaspar(0.650)	8.822862	-47.424444	0	T:126.0(9.76%),B:2737.3(3.79%),P:1e-20
0.854	0.027	0.051	0.068
0.951	0.016	0.012	0.021
0.797	0.047	0.081	0.075
0.810	0.037	0.089	0.064
0.061	0.066	0.070	0.803
0.804	0.037	0.068	0.091
0.058	0.058	0.056	0.828
0.083	0.055	0.815	0.047
0.783	0.062	0.087	0.068
0.120	0.035	0.032	0.813
0.065	0.012	0.018	0.905
0.074	0.032	0.055	0.839
