>GVAAAAATTTTT	5-GVAAAAATTTTT	7.701944	-38.564974	0	T:101.0(7.82%),B:2177.8(3.01%),P:1e-16
0.236	0.106	0.424	0.234
0.243	0.234	0.346	0.176
0.499	0.182	0.127	0.192
0.686	0.162	0.086	0.066
0.707	0.081	0.070	0.142
0.769	0.048	0.057	0.126
0.741	0.087	0.040	0.132
0.297	0.048	0.049	0.606
0.270	0.033	0.046	0.651
0.165	0.060	0.087	0.688
0.108	0.053	0.065	0.774
0.096	0.125	0.160	0.619
