>ACRACWACAACA	19-TGTTGTWGTYGT	11.883809	-11.280982	0	T:9.0(0.70%),B:76.1(0.11%),P:1e-4
0.745	0.088	0.087	0.080
0.058	0.866	0.044	0.032
0.540	0.005	0.454	0.001
0.755	0.058	0.109	0.078
0.216	0.642	0.015	0.127
0.453	0.001	0.001	0.545
0.788	0.058	0.054	0.100
0.084	0.785	0.029	0.102
0.834	0.060	0.077	0.029
0.840	0.058	0.029	0.073
0.032	0.906	0.061	0.001
0.845	0.105	0.021	0.029
