>CCCCCCCCCCCC	10-GGGGGGGGGGGG	9.613338	-25.461465	0	T:26.0(2.01%),B:266.9(0.37%),P:1e-11
0.108	0.710	0.090	0.092
0.114	0.722	0.071	0.093
0.063	0.768	0.065	0.104
0.098	0.756	0.067	0.079
0.074	0.759	0.063	0.104
0.074	0.757	0.068	0.101
0.050	0.820	0.047	0.083
0.060	0.809	0.041	0.090
0.098	0.744	0.035	0.123
0.104	0.727	0.048	0.121
0.101	0.720	0.056	0.123
0.121	0.710	0.059	0.110
