>AAAATCTTAAAA	3-TTTTAAGATTTT	6.851497	-56.157276	0	T:389.0(30.13%),B:13200.3(18.27%),P:1e-24
0.768	0.050	0.112	0.070
0.821	0.046	0.051	0.082
0.737	0.058	0.071	0.134
0.779	0.101	0.042	0.078
0.108	0.080	0.052	0.760
0.108	0.631	0.130	0.131
0.063	0.089	0.076	0.772
0.103	0.111	0.090	0.696
0.744	0.054	0.123	0.079
0.755	0.087	0.090	0.068
0.804	0.041	0.094	0.061
0.735	0.109	0.067	0.089
