>AAATCATATTTT	4-AAAATATGATTT	8.822862	-47.424444	0	T:126.0(9.76%),B:2737.3(3.79%),P:1e-20
0.839	0.055	0.032	0.074
0.905	0.018	0.012	0.065
0.813	0.032	0.035	0.120
0.068	0.087	0.062	0.783
0.047	0.815	0.055	0.083
0.828	0.056	0.058	0.058
0.091	0.068	0.037	0.804
0.803	0.070	0.066	0.061
0.064	0.089	0.037	0.810
0.075	0.081	0.047	0.797
0.021	0.012	0.016	0.951
0.068	0.051	0.027	0.854
