>GGGGGGGGGGGG	10-GGGGGGGGGGGG,BestGuess:PB0097.1_Zfp281_1/Jaspar(0.922)	9.613338	-25.461465	0	T:26.0(2.01%),B:266.9(0.37%),P:1e-11
0.110	0.059	0.710	0.121
0.123	0.056	0.720	0.101
0.121	0.048	0.727	0.104
0.123	0.035	0.744	0.098
0.090	0.041	0.809	0.060
0.083	0.047	0.820	0.050
0.101	0.068	0.757	0.074
0.104	0.063	0.759	0.074
0.079	0.067	0.756	0.098
0.104	0.065	0.768	0.063
0.093	0.071	0.722	0.114
0.092	0.090	0.710	0.108
