>CCATCATCCCGG	1-CCATCATCCCGG	9.382616	-41.406986	0	T:9.0(0.63%),B:1.8(0.01%),P:1e-17	Tpos:75.3,Tstd:34.1,Bpos:111.2,Bstd:57.2,StrandBias:10.0,Multiplicity:1.00
0.001	0.761	0.001	0.237
0.001	0.997	0.001	0.001
0.997	0.001	0.001	0.001
0.001	0.001	0.001	0.997
0.001	0.997	0.001	0.001
0.997	0.001	0.001	0.001
0.001	0.001	0.001	0.997
0.001	0.997	0.001	0.001
0.001	0.997	0.001	0.001
0.001	0.956	0.042	0.001
0.001	0.001	0.997	0.001
0.001	0.152	0.846	0.001
>ATACGGACGAAT	2-ATACGGACGAAT	12.375848	-37.805448	0	T:14.0(0.97%),B:10.6(0.03%),P:1e-16	Tpos:119.5,Tstd:57.1,Bpos:92.1,Bstd:53.4,StrandBias:0.8,Multiplicity:1.00
0.701	0.001	0.001	0.297
0.001	0.001	0.285	0.713
0.997	0.001	0.001	0.001
0.001	0.997	0.001	0.001
0.001	0.001	0.870	0.128
0.001	0.129	0.559	0.311
0.997	0.001	0.001	0.001
0.001	0.997	0.001	0.001
0.128	0.001	0.870	0.001
0.997	0.001	0.001	0.001
0.870	0.001	0.001	0.128
0.012	0.001	0.142	0.845
>RTTACGTAACTA	3-RTTACGTAACTA	7.812932	-32.889411	0	T:102.0(7.09%),B:1028.1(3.00%),P:1e-14	Tpos:97.5,Tstd:53.0,Bpos:92.2,Bstd:57.1,StrandBias:-0.0,Multiplicity:1.02
0.280	0.161	0.374	0.184
0.001	0.001	0.045	0.953
0.069	0.001	0.023	0.907
0.839	0.023	0.046	0.092
0.001	0.784	0.092	0.123
0.018	0.046	0.890	0.046
0.001	0.045	0.001	0.953
0.770	0.092	0.023	0.115
0.953	0.023	0.001	0.023
0.262	0.508	0.207	0.023
0.254	0.161	0.138	0.447
0.595	0.023	0.235	0.147
>AGAGTGTCCGAT	4-AGAGTGTCCGAT	13.857843	-30.524223	0	T:8.0(0.56%),B:2.9(0.01%),P:1e-13	Tpos:58.9,Tstd:47.2,Bpos:73.1,Bstd:7.3,StrandBias:-0.3,Multiplicity:1.12
0.856	0.001	0.001	0.142
0.142	0.001	0.856	0.001
0.997	0.001	0.001	0.001
0.001	0.001	0.856	0.142
0.001	0.001	0.001	0.997
0.001	0.001	0.997	0.001
0.001	0.001	0.001	0.997
0.001	0.997	0.001	0.001
0.001	0.997	0.001	0.001
0.143	0.001	0.713	0.143
0.997	0.001	0.001	0.001
0.001	0.001	0.142	0.856
>AACGSTWTRGYG	5-AACGSTWTRGYG	10.399276	-29.857098	0	T:11.0(0.76%),B:8.5(0.02%),P:1e-12	Tpos:134.1,Tstd:42.8,Bpos:56.5,Bstd:46.8,StrandBias:0.8,Multiplicity:1.00
0.976	0.001	0.022	0.001
0.997	0.001	0.001	0.001
0.022	0.976	0.001	0.001
0.001	0.001	0.997	0.001
0.001	0.432	0.566	0.001
0.001	0.022	0.001	0.976
0.454	0.001	0.001	0.544
0.001	0.001	0.001	0.997
0.544	0.001	0.454	0.001
0.001	0.001	0.997	0.001
0.001	0.432	0.001	0.566
0.001	0.001	0.997	0.001
>AAGTCAGACTTC	6-AAGTCAGACTTC	13.445735	-29.042780	0	T:9.0(0.63%),B:4.6(0.01%),P:1e-12	Tpos:89.7,Tstd:38.7,Bpos:84.3,Bstd:59.8,StrandBias:0.0,Multiplicity:1.00
0.997	0.001	0.001	0.001
0.893	0.105	0.001	0.001
0.235	0.001	0.658	0.106
0.001	0.001	0.054	0.944
0.001	0.997	0.001	0.001
0.764	0.001	0.001	0.234
0.001	0.001	0.997	0.001
0.997	0.001	0.001	0.001
0.001	0.997	0.001	0.001
0.001	0.001	0.001	0.997
0.001	0.001	0.001	0.997
0.001	0.844	0.071	0.084
>CTGGATGTTTGG	7-CTGGATGTTTGG	13.768708	-27.317538	0	T:8.0(0.56%),B:3.8(0.01%),P:1e-11	Tpos:93.1,Tstd:45.6,Bpos:106.0,Bstd:28.7,StrandBias:0.0,Multiplicity:1.00
0.142	0.541	0.316	0.001
0.001	0.001	0.001	0.997
0.142	0.001	0.856	0.001
0.001	0.001	0.997	0.001
0.997	0.001	0.001	0.001
0.001	0.001	0.001	0.997
0.142	0.001	0.856	0.001
0.001	0.001	0.001	0.997
0.001	0.001	0.001	0.997
0.001	0.001	0.001	0.997
0.001	0.001	0.997	0.001
0.001	0.001	0.886	0.112
>ATTTTGGGTGGT	8-ATTTTGGGTGGT	8.987017	-26.847735	0	T:46.0(3.20%),B:321.3(0.94%),P:1e-11	Tpos:86.7,Tstd:58.0,Bpos:104.0,Bstd:57.4,StrandBias:0.5,Multiplicity:1.00
0.835	0.049	0.024	0.092
0.024	0.049	0.063	0.864
0.073	0.001	0.048	0.878
0.073	0.049	0.073	0.805
0.026	0.050	0.024	0.900
0.001	0.024	0.907	0.068
0.099	0.049	0.693	0.159
0.114	0.037	0.791	0.058
0.026	0.049	0.073	0.852
0.081	0.063	0.843	0.013
0.098	0.041	0.811	0.050
0.122	0.048	0.001	0.829
>TATGGTCACAAC	9-TATGGTCACAAC	9.345593	-26.325118	0	T:37.0(2.57%),B:220.3(0.64%),P:1e-11	Tpos:107.1,Tstd:53.2,Bpos:98.6,Bstd:56.0,StrandBias:-0.4,Multiplicity:1.00
0.001	0.123	0.066	0.810
0.837	0.032	0.097	0.034
0.032	0.001	0.064	0.903
0.065	0.097	0.741	0.097
0.001	0.065	0.779	0.155
0.064	0.001	0.032	0.903
0.033	0.812	0.058	0.097
0.871	0.001	0.064	0.064
0.034	0.869	0.032	0.065
0.838	0.032	0.129	0.001
0.934	0.064	0.001	0.001
0.066	0.715	0.129	0.090
>CATTATCTTTGT	10-CATTATCTTTGT	14.806714	-25.653864	0	T:6.0(0.42%),B:2.0(0.01%),P:1e-11	Tpos:83.2,Tstd:52.4,Bpos:98.1,Bstd:71.6,StrandBias:0.0,Multiplicity:1.00
0.001	0.832	0.001	0.166
0.997	0.001	0.001	0.001
0.001	0.001	0.001	0.997
0.001	0.001	0.001	0.997
0.997	0.001	0.001	0.001
0.001	0.001	0.001	0.997
0.001	0.997	0.001	0.001
0.001	0.001	0.001	0.997
0.001	0.001	0.001	0.997
0.001	0.001	0.001	0.997
0.001	0.001	0.997	0.001
0.001	0.001	0.001	0.997
>TCGCTTTGCTTT	11-TCGCTTTGCTTT	14.806714	-25.653864	0	T:6.0(0.42%),B:0.8(0.00%),P:1e-11	Tpos:118.2,Tstd:37.1,Bpos:165.0,Bstd:0.0,StrandBias:-1.0,Multiplicity:1.00
0.001	0.001	0.001	0.997
0.001	0.997	0.001	0.001
0.001	0.001	0.997	0.001
0.001	0.997	0.001	0.001
0.001	0.001	0.001	0.997
0.001	0.001	0.001	0.997
0.166	0.001	0.001	0.832
0.001	0.001	0.997	0.001
0.001	0.997	0.001	0.001
0.001	0.001	0.001	0.997
0.001	0.001	0.001	0.997
0.001	0.001	0.001	0.997
>GTGAACCCGGAT	12-GTGAACCCGGAT	10.732062	-22.815948	0	T:15.0(1.04%),B:37.5(0.11%),P:1e-9	Tpos:87.2,Tstd:49.9,Bpos:89.6,Bstd:53.5,StrandBias:-0.5,Multiplicity:1.13
0.194	0.001	0.611	0.194
0.193	0.001	0.001	0.805
0.001	0.001	0.997	0.001
0.805	0.001	0.097	0.097
0.898	0.100	0.001	0.001
0.001	0.805	0.001	0.193
0.391	0.607	0.001	0.001
0.004	0.898	0.001	0.097
0.001	0.003	0.995	0.001
0.001	0.001	0.902	0.096
0.902	0.001	0.096	0.001
0.106	0.097	0.001	0.796
>TCACGTGACAAC	13-TCACGTGACAAC	10.421132	-21.871636	0	T:38.0(2.64%),B:272.0(0.79%),P:1e-9	Tpos:75.9,Tstd:48.1,Bpos:79.4,Bstd:49.3,StrandBias:-1.1,Multiplicity:1.05
0.026	0.051	0.026	0.897
0.026	0.911	0.012	0.051
0.997	0.001	0.001	0.001
0.139	0.745	0.044	0.072
0.173	0.139	0.687	0.001
0.025	0.001	0.001	0.973
0.051	0.037	0.911	0.001
0.942	0.001	0.001	0.056
0.026	0.713	0.077	0.184
0.756	0.095	0.051	0.098
0.715	0.140	0.060	0.085
0.115	0.755	0.036	0.094
>AGGGGGAGACCC	14-AGGGGGAGACCC	14.257152	-21.530745	0	T:6.0(0.42%),B:2.8(0.01%),P:1e-9	Tpos:91.3,Tstd:68.5,Bpos:67.0,Bstd:64.3,StrandBias:1.3,Multiplicity:1.17
0.997	0.001	0.001	0.001
0.001	0.001	0.997	0.001
0.001	0.001	0.997	0.001
0.001	0.001	0.997	0.001
0.001	0.001	0.799	0.199
0.001	0.001	0.997	0.001
0.799	0.001	0.199	0.001
0.200	0.200	0.599	0.001
0.997	0.001	0.001	0.001
0.001	0.997	0.001	0.001
0.001	0.997	0.001	0.001
0.001	0.997	0.001	0.001
>TATAAGGCAACA	15-TATAAGGCAACA	13.546303	-21.181430	0	T:7.0(0.49%),B:4.2(0.01%),P:1e-9	Tpos:62.9,Tstd:22.3,Bpos:107.8,Bstd:91.7,StrandBias:2.6,Multiplicity:1.00
0.001	0.001	0.001	0.997
0.997	0.001	0.001	0.001
0.001	0.001	0.001	0.997
0.997	0.001	0.001	0.001
0.997	0.001	0.001	0.001
0.001	0.001	0.997	0.001
0.001	0.001	0.997	0.001
0.001	0.997	0.001	0.001
0.997	0.001	0.001	0.001
0.800	0.198	0.001	0.001
0.237	0.761	0.001	0.001
0.997	0.001	0.001	0.001
>TACAGAAAAACG	16-TACAGAAAAACG	12.355432	-20.686251	0	T:5.0(0.35%),B:2.0(0.01%),P:1e-8	Tpos:110.0,Tstd:40.0,Bpos:69.5,Bstd:15.6,StrandBias:2.0,Multiplicity:1.00
0.100	0.100	0.100	0.700
0.700	0.100	0.100	0.100
0.100	0.700	0.100	0.100
0.700	0.100	0.100	0.100
0.100	0.100	0.700	0.100
0.700	0.100	0.100	0.100
0.700	0.100	0.100	0.100
0.700	0.100	0.100	0.100
0.700	0.100	0.100	0.100
0.700	0.100	0.100	0.100
0.100	0.700	0.100	0.100
0.100	0.100	0.700	0.100
>TGTTTTAATCAT	17-TGTTTTAATCAT	12.355432	-20.686251	0	T:5.0(0.35%),B:1.8(0.01%),P:1e-8	Tpos:72.2,Tstd:54.7,Bpos:117.2,Bstd:11.0,StrandBias:-2.0,Multiplicity:1.00
0.100	0.100	0.100	0.700
0.100	0.100	0.700	0.100
0.100	0.100	0.100	0.700
0.100	0.100	0.100	0.700
0.100	0.100	0.100	0.700
0.100	0.100	0.100	0.700
0.700	0.100	0.100	0.100
0.700	0.100	0.100	0.100
0.100	0.100	0.100	0.700
0.100	0.700	0.100	0.100
0.700	0.100	0.100	0.100
0.100	0.100	0.100	0.700
>GAGGATCCAACC	18-GAGGATCCAACC	14.257152	-20.686251	0	T:5.0(0.35%),B:1.2(0.00%),P:1e-8	Tpos:123.6,Tstd:43.1,Bpos:103.0,Bstd:0.0,StrandBias:2.6,Multiplicity:1.40
0.001	0.001	0.997	0.001
0.997	0.001	0.001	0.001
0.001	0.001	0.997	0.001
0.001	0.001	0.799	0.199
0.997	0.001	0.001	0.001
0.200	0.001	0.200	0.599
0.001	0.997	0.001	0.001
0.199	0.799	0.001	0.001
0.997	0.001	0.001	0.001
0.997	0.001	0.001	0.001
0.001	0.997	0.001	0.001
0.001	0.997	0.001	0.001
>GGATKCTGACCT	19-GGATKCTGACCT	11.230033	-17.255296	0	T:5.0(0.35%),B:2.6(0.01%),P:1e-7	Tpos:136.1,Tstd:47.1,Bpos:121.9,Bstd:61.6,StrandBias:10.0,Multiplicity:1.60
0.062	0.063	0.751	0.124
0.063	0.063	0.812	0.062
0.845	0.093	0.031	0.031
0.125	0.001	0.156	0.718
0.032	0.099	0.374	0.495
0.032	0.843	0.093	0.032
0.001	0.032	0.063	0.904
0.032	0.032	0.874	0.062
0.499	0.344	0.124	0.033
0.093	0.752	0.093	0.062
0.125	0.656	0.125	0.094
0.031	0.062	0.001	0.906
>GCTGCGCCTAGA	20-GCTGCGCCTAGA	10.409522	-17.255296	0	T:5.0(0.35%),B:2.3(0.01%),P:1e-7	Tpos:140.8,Tstd:63.8,Bpos:110.9,Bstd:86.3,StrandBias:-2.0,Multiplicity:1.00
0.100	0.100	0.700	0.100
0.100	0.700	0.100	0.100
0.100	0.100	0.100	0.700
0.100	0.100	0.700	0.100
0.100	0.700	0.100	0.100
0.100	0.100	0.700	0.100
0.100	0.700	0.100	0.100
0.100	0.700	0.100	0.100
0.100	0.100	0.100	0.700
0.700	0.100	0.100	0.100
0.100	0.100	0.700	0.100
0.700	0.100	0.100	0.100
>GACAGAGAGAGA	21-GACAGAGAGAGA	9.196018	-14.423914	0	T:55.0(3.82%),B:628.9(1.83%),P:1e-6	Tpos:81.9,Tstd:59.7,Bpos:81.2,Bstd:57.3,StrandBias:-0.3,Multiplicity:1.24
0.083	0.063	0.808	0.046
0.940	0.020	0.004	0.036
0.075	0.705	0.175	0.045
0.888	0.044	0.029	0.039
0.111	0.074	0.786	0.029
0.815	0.074	0.052	0.059
0.059	0.137	0.760	0.044
0.911	0.015	0.015	0.059
0.036	0.094	0.846	0.024
0.898	0.029	0.029	0.044
0.119	0.067	0.746	0.068
0.903	0.033	0.044	0.020
>GGACGGACAGMC	22-GGACGGACAGMC	13.871433	-12.777981	0	T:5.0(0.35%),B:5.1(0.01%),P:1e-5	Tpos:40.0,Tstd:34.9,Bpos:95.2,Bstd:20.8,StrandBias:-0.4,Multiplicity:1.40
0.001	0.001	0.997	0.001
0.001	0.001	0.997	0.001
0.997	0.001	0.001	0.001
0.160	0.838	0.001	0.001
0.001	0.001	0.997	0.001
0.160	0.001	0.838	0.001
0.997	0.001	0.001	0.001
0.001	0.997	0.001	0.001
0.997	0.001	0.001	0.001
0.001	0.001	0.997	0.001
0.356	0.483	0.001	0.161
0.001	0.997	0.001	0.001
>AAAAAAAAAAAA	23-AAAAAAAAAAAA	6.942266	-12.772027	0	T:258.0(17.94%),B:4677.2(13.64%),P:1e-5	Tpos:86.6,Tstd:55.1,Bpos:80.7,Bstd:52.5,StrandBias:-0.7,Multiplicity:1.18
0.669	0.093	0.109	0.129
0.761	0.070	0.049	0.120
0.743	0.068	0.068	0.121
0.800	0.067	0.064	0.069
0.758	0.083	0.077	0.082
0.783	0.095	0.065	0.057
0.794	0.064	0.061	0.081
0.723	0.083	0.102	0.092
0.806	0.058	0.082	0.054
0.740	0.086	0.084	0.090
0.731	0.088	0.069	0.112
0.693	0.114	0.072	0.121
>CACTACGACTTC	24-CACTACGACTTC	12.355432	-11.339396	0	T:3.0(0.21%),B:0.0(0.00%),P:1e-4	Tpos:117.6,Tstd:55.7,Bpos:0.0,Bstd:0.0,StrandBias:10.0,Multiplicity:2.33
0.100	0.700	0.100	0.100
0.700	0.100	0.100	0.100
0.100	0.700	0.100	0.100
0.100	0.100	0.100	0.700
0.700	0.100	0.100	0.100
0.100	0.700	0.100	0.100
0.100	0.100	0.700	0.100
0.700	0.100	0.100	0.100
0.100	0.700	0.100	0.100
0.100	0.100	0.100	0.700
0.100	0.100	0.100	0.700
0.100	0.700	0.100	0.100
>GTGTGTGTGTGY	25-GTGTGTGTGTGY	10.459380	-5.927462	0	T:24.0(1.67%),B:301.3(0.88%),P:1e-2	Tpos:112.4,Tstd:54.3,Bpos:89.1,Bstd:62.9,StrandBias:0.6,Multiplicity:1.13
0.265	0.063	0.671	0.001
0.080	0.001	0.001	0.918
0.001	0.043	0.955	0.001
0.001	0.001	0.001	0.997
0.048	0.030	0.781	0.141
0.001	0.001	0.001	0.997
0.125	0.001	0.703	0.171
0.103	0.023	0.001	0.873
0.001	0.001	0.997	0.001
0.001	0.001	0.001	0.997
0.001	0.001	0.824	0.174
0.106	0.365	0.037	0.492
