>AAGCTTTA	1-AAGCTTTA	6.883629	-24.135985	0	T:158.0(10.99%),B:2180.6(6.36%),P:1e-10	Tpos:100.3,Tstd:55.0,Bpos:101.8,Bstd:57.4,StrandBias:-0.2,Multiplicity:1.05
0.997	0.001	0.001	0.001
0.997	0.001	0.001	0.001
0.001	0.001	0.654	0.344
0.001	0.997	0.001	0.001
0.001	0.001	0.001	0.997
0.001	0.001	0.001	0.997
0.313	0.059	0.001	0.627
0.745	0.001	0.253	0.001
>CTTATATA	2-CTTATATA	8.661740	-20.035962	0	T:91.0(6.33%),B:1103.7(3.22%),P:1e-8	Tpos:83.0,Tstd:52.5,Bpos:86.7,Bstd:58.6,StrandBias:-0.3,Multiplicity:1.04
0.001	0.823	0.001	0.175
0.001	0.001	0.001	0.997
0.001	0.001	0.001	0.997
0.997	0.001	0.001	0.001
0.001	0.001	0.095	0.903
0.853	0.145	0.001	0.001
0.170	0.001	0.001	0.828
0.997	0.001	0.001	0.001
>TACGTMAC	3-TACGTMAC	7.274051	-18.942705	0	T:166.0(11.54%),B:2504.5(7.31%),P:1e-8	Tpos:96.4,Tstd:51.8,Bpos:90.3,Bstd:56.5,StrandBias:0.1,Multiplicity:1.08
0.001	0.066	0.269	0.664
0.850	0.001	0.137	0.012
0.001	0.781	0.001	0.217
0.001	0.093	0.905	0.001
0.006	0.001	0.110	0.883
0.490	0.425	0.001	0.083
0.782	0.001	0.134	0.083
0.003	0.808	0.001	0.188
>ATCNCGTG	4-ATCNCGTG	7.450150	-17.347107	0	T:148.0(10.29%),B:2218.0(6.47%),P:1e-7	Tpos:89.6,Tstd:54.5,Bpos:87.4,Bstd:55.1,StrandBias:-0.0,Multiplicity:1.07
0.668	0.003	0.328	0.001
0.001	0.003	0.020	0.976
0.001	0.997	0.001	0.001
0.331	0.191	0.281	0.196
0.030	0.939	0.030	0.001
0.001	0.285	0.527	0.187
0.029	0.178	0.001	0.792
0.024	0.001	0.972	0.003
>GGCCGCAC	5-GGCCGCAC	8.924075	-14.000257	0	T:26.0(1.81%),B:202.0(0.59%),P:1e-6	Tpos:109.9,Tstd:49.3,Bpos:101.8,Bstd:54.7,StrandBias:0.0,Multiplicity:1.15
0.001	0.001	0.997	0.001
0.001	0.001	0.997	0.001
0.001	0.997	0.001	0.001
0.001	0.997	0.001	0.001
0.182	0.001	0.816	0.001
0.001	0.997	0.001	0.001
0.997	0.001	0.001	0.001
0.001	0.855	0.001	0.143
>ACGACAGG	6-ACGACAGG	7.853689	-13.107347	0	T:69.0(4.80%),B:897.1(2.62%),P:1e-5	Tpos:102.1,Tstd:54.7,Bpos:108.8,Bstd:58.1,StrandBias:0.3,Multiplicity:1.00
0.997	0.001	0.001	0.001
0.001	0.997	0.001	0.001
0.001	0.001	0.905	0.093
0.762	0.236	0.001	0.001
0.001	0.852	0.001	0.146
0.997	0.001	0.001	0.001
0.395	0.001	0.603	0.001
0.001	0.001	0.997	0.001
>GYCGATTT	7-GYCGATTT	6.263102	-12.413200	0	T:208.0(14.46%),B:3647.8(10.64%),P:1e-5	Tpos:102.0,Tstd:58.1,Bpos:106.3,Bstd:56.5,StrandBias:-0.0,Multiplicity:1.10
0.033	0.099	0.867	0.001
0.053	0.333	0.158	0.456
0.039	0.913	0.034	0.014
0.001	0.158	0.785	0.056
0.550	0.192	0.133	0.125
0.045	0.001	0.001	0.953
0.298	0.034	0.100	0.568
0.130	0.109	0.045	0.716
>AGAGGGAG	8-AGAGGGAG	6.906351	-11.042189	0	T:103.0(7.16%),B:1596.2(4.66%),P:1e-4	Tpos:77.8,Tstd:59.0,Bpos:85.2,Bstd:58.4,StrandBias:0.0,Multiplicity:1.10
0.836	0.001	0.001	0.162
0.010	0.046	0.858	0.086
0.836	0.009	0.154	0.001
0.130	0.001	0.868	0.001
0.057	0.001	0.927	0.015
0.001	0.003	0.991	0.005
0.696	0.001	0.136	0.167
0.121	0.024	0.854	0.001
>AAAAAAAA	9-AAAAAAAA	8.602412	-8.964226	0	T:143.0(9.94%),B:2498.9(7.29%),P:1e-3	Tpos:92.1,Tstd:57.7,Bpos:80.0,Bstd:54.1,StrandBias:-0.5,Multiplicity:1.17
0.917	0.081	0.001	0.001
0.872	0.001	0.001	0.126
0.871	0.001	0.001	0.127
0.997	0.001	0.001	0.001
0.997	0.001	0.001	0.001
0.997	0.001	0.001	0.001
0.997	0.001	0.001	0.001
0.828	0.001	0.001	0.170
