>AGTTACGTAA	1-AGTTACGTAA	7.052666	-39.014185	0	T:128.0(8.90%),B:1326.8(3.87%),P:1e-16	Tpos:92.0,Tstd:53.7,Bpos:94.2,Bstd:56.7,StrandBias:0.2,Multiplicity:1.02
0.714	0.093	0.066	0.127
0.058	0.077	0.766	0.099
0.043	0.049	0.043	0.865
0.060	0.056	0.046	0.838
0.836	0.064	0.057	0.043
0.054	0.767	0.125	0.054
0.093	0.088	0.786	0.033
0.048	0.074	0.071	0.807
0.794	0.047	0.084	0.075
0.832	0.063	0.057	0.048
>CATCATCCCG	2-CATCATCCCG	10.296193	-27.317538	0	T:8.0(0.56%),B:3.5(0.01%),P:1e-11	Tpos:76.8,Tstd:35.9,Bpos:117.2,Bstd:58.9,StrandBias:10.0,Multiplicity:1.00
0.100	0.700	0.100	0.100
0.700	0.100	0.100	0.100
0.100	0.100	0.100	0.700
0.100	0.700	0.100	0.100
0.700	0.100	0.100	0.100
0.100	0.100	0.100	0.700
0.100	0.700	0.100	0.100
0.100	0.700	0.100	0.100
0.100	0.700	0.100	0.100
0.100	0.100	0.700	0.100
>GTATATAAGC	3-GTATATAAGC	9.553558	-25.908711	0	T:25.0(1.74%),B:102.2(0.30%),P:1e-11	Tpos:94.0,Tstd:52.3,Bpos:89.8,Bstd:52.6,StrandBias:1.2,Multiplicity:1.00
0.024	0.029	0.863	0.084
0.073	0.001	0.068	0.858
0.965	0.001	0.001	0.033
0.001	0.001	0.040	0.958
0.943	0.001	0.029	0.027
0.041	0.001	0.045	0.913
0.914	0.001	0.051	0.034
0.927	0.031	0.041	0.001
0.001	0.001	0.997	0.001
0.027	0.679	0.270	0.024
>TCTAGGCGCA	4-TCTAGGCGCA	10.296193	-25.653864	0	T:6.0(0.42%),B:0.9(0.00%),P:1e-11	Tpos:122.2,Tstd:71.6,Bpos:46.0,Bstd:0.0,StrandBias:2.3,Multiplicity:1.00
0.100	0.100	0.100	0.700
0.100	0.700	0.100	0.100
0.100	0.100	0.100	0.700
0.700	0.100	0.100	0.100
0.100	0.100	0.700	0.100
0.100	0.100	0.700	0.100
0.100	0.700	0.100	0.100
0.100	0.100	0.700	0.100
0.100	0.700	0.100	0.100
0.700	0.100	0.100	0.100
>TTAKCTGATG	5-TTAKCTGATG	8.576560	-25.466122	0	T:54.0(3.76%),B:439.2(1.28%),P:1e-11	Tpos:95.3,Tstd:53.3,Bpos:95.7,Bstd:55.8,StrandBias:-0.1,Multiplicity:1.02
0.091	0.009	0.001	0.899
0.001	0.010	0.001	0.988
0.997	0.001	0.001	0.001
0.001	0.060	0.455	0.484
0.063	0.929	0.001	0.007
0.001	0.214	0.188	0.597
0.072	0.001	0.608	0.319
0.997	0.001	0.001	0.001
0.012	0.001	0.001	0.986
0.056	0.006	0.839	0.099
>TGTATTGCTA	6-TGTATTGCTA	9.098456	-24.597753	0	T:43.0(2.99%),B:306.5(0.89%),P:1e-10	Tpos:77.8,Tstd:55.4,Bpos:90.5,Bstd:55.3,StrandBias:-1.0,Multiplicity:1.02
0.083	0.035	0.042	0.840
0.028	0.078	0.677	0.217
0.001	0.001	0.045	0.953
0.945	0.026	0.028	0.001
0.031	0.028	0.042	0.899
0.001	0.034	0.001	0.964
0.001	0.041	0.957	0.001
0.001	0.974	0.024	0.001
0.001	0.001	0.001	0.997
0.839	0.025	0.135	0.001
>ACGGTCATTT	7-ACGGTCATTT	9.375635	-21.149819	0	T:48.0(3.34%),B:411.5(1.20%),P:1e-9	Tpos:117.6,Tstd:49.8,Bpos:96.9,Bstd:55.3,StrandBias:-0.4,Multiplicity:1.02
0.997	0.001	0.001	0.001
0.001	0.997	0.001	0.001
0.001	0.269	0.519	0.211
0.001	0.001	0.997	0.001
0.001	0.297	0.001	0.701
0.001	0.997	0.001	0.001
0.867	0.131	0.001	0.001
0.080	0.001	0.330	0.589
0.149	0.001	0.213	0.637
0.001	0.001	0.001	0.997
>CAGGCGACGC	8-CAGGCGACGC	6.792938	-20.671486	0	T:94.0(6.54%),B:1139.7(3.32%),P:1e-8	Tpos:106.2,Tstd:51.6,Bpos:103.9,Bstd:55.6,StrandBias:-0.4,Multiplicity:1.07
0.027	0.878	0.072	0.023
0.788	0.124	0.032	0.056
0.067	0.102	0.765	0.066
0.043	0.057	0.841	0.059
0.077	0.809	0.061	0.053
0.093	0.073	0.793	0.041
0.820	0.042	0.049	0.089
0.086	0.781	0.057	0.076
0.085	0.115	0.722	0.078
0.060	0.807	0.100	0.033
>TCACGTGATA	9-TCACGTGATA	7.162360	-19.913316	0	T:123.0(8.55%),B:1668.3(4.87%),P:1e-8	Tpos:85.7,Tstd:51.1,Bpos:83.5,Bstd:53.2,StrandBias:0.0,Multiplicity:1.05
0.080	0.065	0.119	0.736
0.072	0.839	0.053	0.036
0.846	0.066	0.044	0.044
0.070	0.755	0.098	0.077
0.061	0.054	0.812	0.073
0.065	0.059	0.017	0.859
0.055	0.037	0.850	0.058
0.816	0.051	0.053	0.080
0.059	0.081	0.100	0.760
0.730	0.086	0.097	0.087
>GCGCTAAGTG	10-GCGCTAAGTG	11.918866	-19.655856	0	T:7.0(0.49%),B:5.4(0.02%),P:1e-8	Tpos:123.9,Tstd:38.4,Bpos:120.3,Bstd:43.0,StrandBias:0.4,Multiplicity:1.00
0.001	0.001	0.997	0.001
0.001	0.997	0.001	0.001
0.179	0.001	0.819	0.001
0.001	0.997	0.001	0.001
0.001	0.001	0.001	0.997
0.819	0.001	0.179	0.001
0.997	0.001	0.001	0.001
0.001	0.001	0.997	0.001
0.001	0.001	0.001	0.997
0.001	0.001	0.997	0.001
>ADSGACHYNT	11-ADSGACHYNT	5.983863	-19.514178	0	T:67.0(4.66%),B:720.6(2.10%),P:1e-8	Tpos:91.3,Tstd:51.2,Bpos:101.9,Bstd:56.2,StrandBias:0.0,Multiplicity:1.09
0.750	0.083	0.095	0.072
0.322	0.036	0.251	0.391
0.011	0.528	0.430	0.031
0.030	0.078	0.609	0.283
0.526	0.332	0.070	0.072
0.061	0.502	0.085	0.352
0.282	0.281	0.029	0.407
0.063	0.501	0.065	0.371
0.208	0.307	0.210	0.276
0.328	0.069	0.079	0.524
>GGAACAGGTA	12-GGAACAGGTA	7.045191	-17.666486	0	T:109.0(7.58%),B:1481.1(4.32%),P:1e-7	Tpos:114.8,Tstd:56.6,Bpos:103.8,Bstd:56.2,StrandBias:0.6,Multiplicity:1.04
0.076	0.041	0.842	0.041
0.063	0.065	0.795	0.077
0.781	0.086	0.042	0.091
0.820	0.069	0.011	0.100
0.058	0.814	0.080	0.048
0.815	0.055	0.076	0.054
0.050	0.058	0.806	0.086
0.073	0.117	0.757	0.053
0.050	0.032	0.052	0.866
0.713	0.092	0.091	0.104
>GTCATATCTT	13-GTCATATCTT	9.479412	-17.292546	0	T:18.0(1.25%),B:83.9(0.24%),P:1e-7	Tpos:87.6,Tstd:55.9,Bpos:109.1,Bstd:53.7,StrandBias:-0.2,Multiplicity:1.00
0.001	0.001	0.997	0.001
0.001	0.001	0.073	0.925
0.001	0.892	0.106	0.001
0.997	0.001	0.001	0.001
0.001	0.001	0.001	0.997
0.868	0.001	0.130	0.001
0.001	0.001	0.001	0.997
0.001	0.997	0.001	0.001
0.001	0.001	0.001	0.997
0.001	0.001	0.001	0.997
>GCGGTAAGCA	14-GCGGTAAGCA	10.296193	-17.255296	0	T:5.0(0.35%),B:2.6(0.01%),P:1e-7	Tpos:112.6,Tstd:52.6,Bpos:145.7,Bstd:23.4,StrandBias:2.0,Multiplicity:1.00
0.100	0.100	0.700	0.100
0.100	0.700	0.100	0.100
0.100	0.100	0.700	0.100
0.100	0.100	0.700	0.100
0.100	0.100	0.100	0.700
0.700	0.100	0.100	0.100
0.700	0.100	0.100	0.100
0.100	0.100	0.700	0.100
0.100	0.700	0.100	0.100
0.700	0.100	0.100	0.100
>TGCTGGCGCA	15-TGCTGGCGCA	11.400013	-17.218960	0	T:8.0(0.56%),B:11.2(0.03%),P:1e-7	Tpos:91.2,Tstd:44.0,Bpos:108.5,Bstd:55.7,StrandBias:-0.7,Multiplicity:1.00
0.001	0.001	0.123	0.875
0.001	0.001	0.997	0.001
0.001	0.997	0.001	0.001
0.001	0.001	0.157	0.841
0.001	0.157	0.841	0.001
0.001	0.001	0.997	0.001
0.001	0.997	0.001	0.001
0.001	0.001	0.997	0.001
0.001	0.997	0.001	0.001
0.997	0.001	0.001	0.001
>TTTCAMGGTG	16-TTTCAMGGTG	10.621030	-16.827819	0	T:16.0(1.11%),B:67.8(0.20%),P:1e-7	Tpos:89.9,Tstd:54.6,Bpos:106.3,Bstd:57.0,StrandBias:-0.7,Multiplicity:1.00
0.001	0.001	0.001	0.997
0.001	0.001	0.001	0.997
0.001	0.001	0.001	0.997
0.001	0.997	0.001	0.001
0.997	0.001	0.001	0.001
0.440	0.507	0.052	0.001
0.001	0.001	0.997	0.001
0.001	0.001	0.997	0.001
0.001	0.228	0.001	0.770
0.001	0.001	0.997	0.001
>GACCGAACTA	17-GACCGAACTA	11.319408	-15.956277	0	T:8.0(0.56%),B:13.9(0.04%),P:1e-6	Tpos:92.5,Tstd:39.3,Bpos:100.6,Bstd:50.5,StrandBias:0.7,Multiplicity:1.00
0.001	0.001	0.997	0.001
0.997	0.001	0.001	0.001
0.001	0.997	0.001	0.001
0.100	0.898	0.001	0.001
0.001	0.001	0.997	0.001
0.805	0.001	0.193	0.001
0.997	0.001	0.001	0.001
0.001	0.997	0.001	0.001
0.001	0.001	0.001	0.997
0.997	0.001	0.001	0.001
>GGCCATCYGT	18-GGCCATCYGT	8.118544	-14.287178	0	T:30.0(2.09%),B:251.2(0.73%),P:1e-6	Tpos:87.7,Tstd:54.2,Bpos:105.0,Bstd:53.5,StrandBias:-0.4,Multiplicity:1.00
0.001	0.001	0.997	0.001
0.001	0.122	0.844	0.033
0.001	0.765	0.233	0.001
0.001	0.976	0.006	0.017
0.814	0.184	0.001	0.001
0.001	0.001	0.012	0.986
0.185	0.692	0.001	0.122
0.063	0.498	0.010	0.429
0.078	0.001	0.920	0.001
0.001	0.001	0.001	0.997
>TTTTTTTTTT	19-TTTTTTTTTT	6.649602	-14.286422	0	T:267.0(18.57%),B:4775.1(13.93%),P:1e-6	Tpos:90.9,Tstd:58.3,Bpos:81.7,Bstd:53.5,StrandBias:0.4,Multiplicity:1.16
0.253	0.086	0.154	0.507
0.077	0.006	0.207	0.710
0.081	0.249	0.084	0.586
0.145	0.141	0.007	0.707
0.135	0.003	0.143	0.719
0.155	0.157	0.145	0.543
0.213	0.001	0.088	0.698
0.235	0.001	0.002	0.762
0.027	0.156	0.158	0.659
0.222	0.181	0.154	0.443
>GCGGCTTGCC	20-GCGGCTTGCC	10.296193	-13.162059	0	T:4.0(0.28%),B:2.8(0.01%),P:1e-5	Tpos:141.8,Tstd:16.9,Bpos:55.5,Bstd:57.6,StrandBias:10.0,Multiplicity:1.00
0.100	0.100	0.700	0.100
0.100	0.700	0.100	0.100
0.100	0.100	0.700	0.100
0.100	0.100	0.700	0.100
0.100	0.700	0.100	0.100
0.100	0.100	0.100	0.700
0.100	0.100	0.100	0.700
0.100	0.100	0.700	0.100
0.100	0.700	0.100	0.100
0.100	0.700	0.100	0.100
>TGTCGCCAAT	21-TGTCGCCAAT	10.296193	-12.755885	0	T:6.0(0.42%),B:9.5(0.03%),P:1e-5	Tpos:104.8,Tstd:42.5,Bpos:103.0,Bstd:66.9,StrandBias:0.0,Multiplicity:1.00
0.100	0.100	0.100	0.700
0.100	0.100	0.700	0.100
0.100	0.100	0.100	0.700
0.100	0.700	0.100	0.100
0.100	0.100	0.700	0.100
0.100	0.700	0.100	0.100
0.100	0.700	0.100	0.100
0.700	0.100	0.100	0.100
0.700	0.100	0.100	0.100
0.100	0.100	0.100	0.700
>GTGTGTGTGT	22-GTGTGTGTGT	9.514594	-12.485116	0	T:47.0(3.27%),B:538.2(1.57%),P:1e-5	Tpos:118.4,Tstd:50.8,Bpos:89.5,Bstd:61.8,StrandBias:0.7,Multiplicity:1.09
0.001	0.040	0.958	0.001
0.066	0.001	0.001	0.932
0.126	0.001	0.815	0.058
0.001	0.034	0.019	0.946
0.073	0.001	0.889	0.037
0.001	0.001	0.001	0.997
0.001	0.029	0.914	0.056
0.050	0.062	0.001	0.887
0.012	0.001	0.960	0.027
0.001	0.001	0.030	0.968
>CTCACTTCAA	23-CTCACTTCAA	10.437964	-9.218920	0	T:13.0(0.90%),B:86.3(0.25%),P:1e-4	Tpos:93.7,Tstd:59.8,Bpos:103.3,Bstd:55.9,StrandBias:1.2,Multiplicity:1.54
0.001	0.824	0.001	0.174
0.001	0.001	0.001	0.997
0.121	0.877	0.001	0.001
0.997	0.001	0.001	0.001
0.001	0.997	0.001	0.001
0.001	0.001	0.001	0.997
0.001	0.001	0.001	0.997
0.001	0.997	0.001	0.001
0.952	0.001	0.001	0.046
0.997	0.001	0.001	0.001
>GAGAGAGAGA	24-GAGAGAGAGA	7.263808	-7.454454	0	T:85.0(5.91%),B:1400.7(4.09%),P:1e-3	Tpos:85.8,Tstd:60.8,Bpos:87.0,Bstd:57.5,StrandBias:-0.1,Multiplicity:1.14
0.082	0.098	0.779	0.041
0.825	0.058	0.042	0.075
0.038	0.090	0.823	0.049
0.803	0.060	0.056	0.081
0.046	0.104	0.786	0.064
0.822	0.059	0.075	0.044
0.098	0.045	0.782	0.075
0.822	0.086	0.040	0.052
0.072	0.133	0.715	0.080
0.854	0.051	0.042	0.053
>ACTACGACTT	25-ACTACGACTT	10.296193	-6.635866	0	T:3.0(0.21%),B:6.0(0.02%),P:1e-2	Tpos:117.6,Tstd:55.7,Bpos:67.2,Bstd:66.1,StrandBias:10.0,Multiplicity:2.33
0.700	0.100	0.100	0.100
0.100	0.700	0.100	0.100
0.100	0.100	0.100	0.700
0.700	0.100	0.100	0.100
0.100	0.700	0.100	0.100
0.100	0.100	0.700	0.100
0.700	0.100	0.100	0.100
0.100	0.700	0.100	0.100
0.100	0.100	0.100	0.700
0.100	0.100	0.100	0.700
>CCATCATCCCGG	1-CCATCATCCCGG	9.382616	-41.406986	0	T:9.0(0.63%),B:1.8(0.01%),P:1e-17	Tpos:75.3,Tstd:34.1,Bpos:111.2,Bstd:57.2,StrandBias:10.0,Multiplicity:1.00
0.001	0.761	0.001	0.237
0.001	0.997	0.001	0.001
0.997	0.001	0.001	0.001
0.001	0.001	0.001	0.997
0.001	0.997	0.001	0.001
0.997	0.001	0.001	0.001
0.001	0.001	0.001	0.997
0.001	0.997	0.001	0.001
0.001	0.997	0.001	0.001
0.001	0.956	0.042	0.001
0.001	0.001	0.997	0.001
0.001	0.152	0.846	0.001
>ATACGGACGAAT	2-ATACGGACGAAT	12.375848	-37.805448	0	T:14.0(0.97%),B:10.6(0.03%),P:1e-16	Tpos:119.5,Tstd:57.1,Bpos:92.1,Bstd:53.4,StrandBias:0.8,Multiplicity:1.00
0.701	0.001	0.001	0.297
0.001	0.001	0.285	0.713
0.997	0.001	0.001	0.001
0.001	0.997	0.001	0.001
0.001	0.001	0.870	0.128
0.001	0.129	0.559	0.311
0.997	0.001	0.001	0.001
0.001	0.997	0.001	0.001
0.128	0.001	0.870	0.001
0.997	0.001	0.001	0.001
0.870	0.001	0.001	0.128
0.012	0.001	0.142	0.845
>RTTACGTAACTA	3-RTTACGTAACTA	7.812932	-32.889411	0	T:102.0(7.09%),B:1028.1(3.00%),P:1e-14	Tpos:97.5,Tstd:53.0,Bpos:92.2,Bstd:57.1,StrandBias:-0.0,Multiplicity:1.02
0.280	0.161	0.374	0.184
0.001	0.001	0.045	0.953
0.069	0.001	0.023	0.907
0.839	0.023	0.046	0.092
0.001	0.784	0.092	0.123
0.018	0.046	0.890	0.046
0.001	0.045	0.001	0.953
0.770	0.092	0.023	0.115
0.953	0.023	0.001	0.023
0.262	0.508	0.207	0.023
0.254	0.161	0.138	0.447
0.595	0.023	0.235	0.147
>AGAGTGTCCGAT	4-AGAGTGTCCGAT	13.857843	-30.524223	0	T:8.0(0.56%),B:2.9(0.01%),P:1e-13	Tpos:58.9,Tstd:47.2,Bpos:73.1,Bstd:7.3,StrandBias:-0.3,Multiplicity:1.12
0.856	0.001	0.001	0.142
0.142	0.001	0.856	0.001
0.997	0.001	0.001	0.001
0.001	0.001	0.856	0.142
0.001	0.001	0.001	0.997
0.001	0.001	0.997	0.001
0.001	0.001	0.001	0.997
0.001	0.997	0.001	0.001
0.001	0.997	0.001	0.001
0.143	0.001	0.713	0.143
0.997	0.001	0.001	0.001
0.001	0.001	0.142	0.856
>AACGSTWTRGYG	5-AACGSTWTRGYG	10.399276	-29.857098	0	T:11.0(0.76%),B:8.5(0.02%),P:1e-12	Tpos:134.1,Tstd:42.8,Bpos:56.5,Bstd:46.8,StrandBias:0.8,Multiplicity:1.00
0.976	0.001	0.022	0.001
0.997	0.001	0.001	0.001
0.022	0.976	0.001	0.001
0.001	0.001	0.997	0.001
0.001	0.432	0.566	0.001
0.001	0.022	0.001	0.976
0.454	0.001	0.001	0.544
0.001	0.001	0.001	0.997
0.544	0.001	0.454	0.001
0.001	0.001	0.997	0.001
0.001	0.432	0.001	0.566
0.001	0.001	0.997	0.001
>AAGTCAGACTTC	6-AAGTCAGACTTC	13.445735	-29.042780	0	T:9.0(0.63%),B:4.6(0.01%),P:1e-12	Tpos:89.7,Tstd:38.7,Bpos:84.3,Bstd:59.8,StrandBias:0.0,Multiplicity:1.00
0.997	0.001	0.001	0.001
0.893	0.105	0.001	0.001
0.235	0.001	0.658	0.106
0.001	0.001	0.054	0.944
0.001	0.997	0.001	0.001
0.764	0.001	0.001	0.234
0.001	0.001	0.997	0.001
0.997	0.001	0.001	0.001
0.001	0.997	0.001	0.001
0.001	0.001	0.001	0.997
0.001	0.001	0.001	0.997
0.001	0.844	0.071	0.084
>CTGGATGTTTGG	7-CTGGATGTTTGG	13.768708	-27.317538	0	T:8.0(0.56%),B:3.8(0.01%),P:1e-11	Tpos:93.1,Tstd:45.6,Bpos:106.0,Bstd:28.7,StrandBias:0.0,Multiplicity:1.00
0.142	0.541	0.316	0.001
0.001	0.001	0.001	0.997
0.142	0.001	0.856	0.001
0.001	0.001	0.997	0.001
0.997	0.001	0.001	0.001
0.001	0.001	0.001	0.997
0.142	0.001	0.856	0.001
0.001	0.001	0.001	0.997
0.001	0.001	0.001	0.997
0.001	0.001	0.001	0.997
0.001	0.001	0.997	0.001
0.001	0.001	0.886	0.112
>ATTTTGGGTGGT	8-ATTTTGGGTGGT	8.987017	-26.847735	0	T:46.0(3.20%),B:321.3(0.94%),P:1e-11	Tpos:86.7,Tstd:58.0,Bpos:104.0,Bstd:57.4,StrandBias:0.5,Multiplicity:1.00
0.835	0.049	0.024	0.092
0.024	0.049	0.063	0.864
0.073	0.001	0.048	0.878
0.073	0.049	0.073	0.805
0.026	0.050	0.024	0.900
0.001	0.024	0.907	0.068
0.099	0.049	0.693	0.159
0.114	0.037	0.791	0.058
0.026	0.049	0.073	0.852
0.081	0.063	0.843	0.013
0.098	0.041	0.811	0.050
0.122	0.048	0.001	0.829
>TATGGTCACAAC	9-TATGGTCACAAC	9.345593	-26.325118	0	T:37.0(2.57%),B:220.3(0.64%),P:1e-11	Tpos:107.1,Tstd:53.2,Bpos:98.6,Bstd:56.0,StrandBias:-0.4,Multiplicity:1.00
0.001	0.123	0.066	0.810
0.837	0.032	0.097	0.034
0.032	0.001	0.064	0.903
0.065	0.097	0.741	0.097
0.001	0.065	0.779	0.155
0.064	0.001	0.032	0.903
0.033	0.812	0.058	0.097
0.871	0.001	0.064	0.064
0.034	0.869	0.032	0.065
0.838	0.032	0.129	0.001
0.934	0.064	0.001	0.001
0.066	0.715	0.129	0.090
>CATTATCTTTGT	10-CATTATCTTTGT	14.806714	-25.653864	0	T:6.0(0.42%),B:2.0(0.01%),P:1e-11	Tpos:83.2,Tstd:52.4,Bpos:98.1,Bstd:71.6,StrandBias:0.0,Multiplicity:1.00
0.001	0.832	0.001	0.166
0.997	0.001	0.001	0.001
0.001	0.001	0.001	0.997
0.001	0.001	0.001	0.997
0.997	0.001	0.001	0.001
0.001	0.001	0.001	0.997
0.001	0.997	0.001	0.001
0.001	0.001	0.001	0.997
0.001	0.001	0.001	0.997
0.001	0.001	0.001	0.997
0.001	0.001	0.997	0.001
0.001	0.001	0.001	0.997
>TCGCTTTGCTTT	11-TCGCTTTGCTTT	14.806714	-25.653864	0	T:6.0(0.42%),B:0.8(0.00%),P:1e-11	Tpos:118.2,Tstd:37.1,Bpos:165.0,Bstd:0.0,StrandBias:-1.0,Multiplicity:1.00
0.001	0.001	0.001	0.997
0.001	0.997	0.001	0.001
0.001	0.001	0.997	0.001
0.001	0.997	0.001	0.001
0.001	0.001	0.001	0.997
0.001	0.001	0.001	0.997
0.166	0.001	0.001	0.832
0.001	0.001	0.997	0.001
0.001	0.997	0.001	0.001
0.001	0.001	0.001	0.997
0.001	0.001	0.001	0.997
0.001	0.001	0.001	0.997
>GTGAACCCGGAT	12-GTGAACCCGGAT	10.732062	-22.815948	0	T:15.0(1.04%),B:37.5(0.11%),P:1e-9	Tpos:87.2,Tstd:49.9,Bpos:89.6,Bstd:53.5,StrandBias:-0.5,Multiplicity:1.13
0.194	0.001	0.611	0.194
0.193	0.001	0.001	0.805
0.001	0.001	0.997	0.001
0.805	0.001	0.097	0.097
0.898	0.100	0.001	0.001
0.001	0.805	0.001	0.193
0.391	0.607	0.001	0.001
0.004	0.898	0.001	0.097
0.001	0.003	0.995	0.001
0.001	0.001	0.902	0.096
0.902	0.001	0.096	0.001
0.106	0.097	0.001	0.796
>TCACGTGACAAC	13-TCACGTGACAAC	10.421132	-21.871636	0	T:38.0(2.64%),B:272.0(0.79%),P:1e-9	Tpos:75.9,Tstd:48.1,Bpos:79.4,Bstd:49.3,StrandBias:-1.1,Multiplicity:1.05
0.026	0.051	0.026	0.897
0.026	0.911	0.012	0.051
0.997	0.001	0.001	0.001
0.139	0.745	0.044	0.072
0.173	0.139	0.687	0.001
0.025	0.001	0.001	0.973
0.051	0.037	0.911	0.001
0.942	0.001	0.001	0.056
0.026	0.713	0.077	0.184
0.756	0.095	0.051	0.098
0.715	0.140	0.060	0.085
0.115	0.755	0.036	0.094
>AGGGGGAGACCC	14-AGGGGGAGACCC	14.257152	-21.530745	0	T:6.0(0.42%),B:2.8(0.01%),P:1e-9	Tpos:91.3,Tstd:68.5,Bpos:67.0,Bstd:64.3,StrandBias:1.3,Multiplicity:1.17
0.997	0.001	0.001	0.001
0.001	0.001	0.997	0.001
0.001	0.001	0.997	0.001
0.001	0.001	0.997	0.001
0.001	0.001	0.799	0.199
0.001	0.001	0.997	0.001
0.799	0.001	0.199	0.001
0.200	0.200	0.599	0.001
0.997	0.001	0.001	0.001
0.001	0.997	0.001	0.001
0.001	0.997	0.001	0.001
0.001	0.997	0.001	0.001
>TATAAGGCAACA	15-TATAAGGCAACA	13.546303	-21.181430	0	T:7.0(0.49%),B:4.2(0.01%),P:1e-9	Tpos:62.9,Tstd:22.3,Bpos:107.8,Bstd:91.7,StrandBias:2.6,Multiplicity:1.00
0.001	0.001	0.001	0.997
0.997	0.001	0.001	0.001
0.001	0.001	0.001	0.997
0.997	0.001	0.001	0.001
0.997	0.001	0.001	0.001
0.001	0.001	0.997	0.001
0.001	0.001	0.997	0.001
0.001	0.997	0.001	0.001
0.997	0.001	0.001	0.001
0.800	0.198	0.001	0.001
0.237	0.761	0.001	0.001
0.997	0.001	0.001	0.001
>TACAGAAAAACG	16-TACAGAAAAACG	12.355432	-20.686251	0	T:5.0(0.35%),B:2.0(0.01%),P:1e-8	Tpos:110.0,Tstd:40.0,Bpos:69.5,Bstd:15.6,StrandBias:2.0,Multiplicity:1.00
0.100	0.100	0.100	0.700
0.700	0.100	0.100	0.100
0.100	0.700	0.100	0.100
0.700	0.100	0.100	0.100
0.100	0.100	0.700	0.100
0.700	0.100	0.100	0.100
0.700	0.100	0.100	0.100
0.700	0.100	0.100	0.100
0.700	0.100	0.100	0.100
0.700	0.100	0.100	0.100
0.100	0.700	0.100	0.100
0.100	0.100	0.700	0.100
>TGTTTTAATCAT	17-TGTTTTAATCAT	12.355432	-20.686251	0	T:5.0(0.35%),B:1.8(0.01%),P:1e-8	Tpos:72.2,Tstd:54.7,Bpos:117.2,Bstd:11.0,StrandBias:-2.0,Multiplicity:1.00
0.100	0.100	0.100	0.700
0.100	0.100	0.700	0.100
0.100	0.100	0.100	0.700
0.100	0.100	0.100	0.700
0.100	0.100	0.100	0.700
0.100	0.100	0.100	0.700
0.700	0.100	0.100	0.100
0.700	0.100	0.100	0.100
0.100	0.100	0.100	0.700
0.100	0.700	0.100	0.100
0.700	0.100	0.100	0.100
0.100	0.100	0.100	0.700
>GAGGATCCAACC	18-GAGGATCCAACC	14.257152	-20.686251	0	T:5.0(0.35%),B:1.2(0.00%),P:1e-8	Tpos:123.6,Tstd:43.1,Bpos:103.0,Bstd:0.0,StrandBias:2.6,Multiplicity:1.40
0.001	0.001	0.997	0.001
0.997	0.001	0.001	0.001
0.001	0.001	0.997	0.001
0.001	0.001	0.799	0.199
0.997	0.001	0.001	0.001
0.200	0.001	0.200	0.599
0.001	0.997	0.001	0.001
0.199	0.799	0.001	0.001
0.997	0.001	0.001	0.001
0.997	0.001	0.001	0.001
0.001	0.997	0.001	0.001
0.001	0.997	0.001	0.001
>GGATKCTGACCT	19-GGATKCTGACCT	11.230033	-17.255296	0	T:5.0(0.35%),B:2.6(0.01%),P:1e-7	Tpos:136.1,Tstd:47.1,Bpos:121.9,Bstd:61.6,StrandBias:10.0,Multiplicity:1.60
0.062	0.063	0.751	0.124
0.063	0.063	0.812	0.062
0.845	0.093	0.031	0.031
0.125	0.001	0.156	0.718
0.032	0.099	0.374	0.495
0.032	0.843	0.093	0.032
0.001	0.032	0.063	0.904
0.032	0.032	0.874	0.062
0.499	0.344	0.124	0.033
0.093	0.752	0.093	0.062
0.125	0.656	0.125	0.094
0.031	0.062	0.001	0.906
>GCTGCGCCTAGA	20-GCTGCGCCTAGA	10.409522	-17.255296	0	T:5.0(0.35%),B:2.3(0.01%),P:1e-7	Tpos:140.8,Tstd:63.8,Bpos:110.9,Bstd:86.3,StrandBias:-2.0,Multiplicity:1.00
0.100	0.100	0.700	0.100
0.100	0.700	0.100	0.100
0.100	0.100	0.100	0.700
0.100	0.100	0.700	0.100
0.100	0.700	0.100	0.100
0.100	0.100	0.700	0.100
0.100	0.700	0.100	0.100
0.100	0.700	0.100	0.100
0.100	0.100	0.100	0.700
0.700	0.100	0.100	0.100
0.100	0.100	0.700	0.100
0.700	0.100	0.100	0.100
>GACAGAGAGAGA	21-GACAGAGAGAGA	9.196018	-14.423914	0	T:55.0(3.82%),B:628.9(1.83%),P:1e-6	Tpos:81.9,Tstd:59.7,Bpos:81.2,Bstd:57.3,StrandBias:-0.3,Multiplicity:1.24
0.083	0.063	0.808	0.046
0.940	0.020	0.004	0.036
0.075	0.705	0.175	0.045
0.888	0.044	0.029	0.039
0.111	0.074	0.786	0.029
0.815	0.074	0.052	0.059
0.059	0.137	0.760	0.044
0.911	0.015	0.015	0.059
0.036	0.094	0.846	0.024
0.898	0.029	0.029	0.044
0.119	0.067	0.746	0.068
0.903	0.033	0.044	0.020
>GGACGGACAGMC	22-GGACGGACAGMC	13.871433	-12.777981	0	T:5.0(0.35%),B:5.1(0.01%),P:1e-5	Tpos:40.0,Tstd:34.9,Bpos:95.2,Bstd:20.8,StrandBias:-0.4,Multiplicity:1.40
0.001	0.001	0.997	0.001
0.001	0.001	0.997	0.001
0.997	0.001	0.001	0.001
0.160	0.838	0.001	0.001
0.001	0.001	0.997	0.001
0.160	0.001	0.838	0.001
0.997	0.001	0.001	0.001
0.001	0.997	0.001	0.001
0.997	0.001	0.001	0.001
0.001	0.001	0.997	0.001
0.356	0.483	0.001	0.161
0.001	0.997	0.001	0.001
>AAAAAAAAAAAA	23-AAAAAAAAAAAA	6.942266	-12.772027	0	T:258.0(17.94%),B:4677.2(13.64%),P:1e-5	Tpos:86.6,Tstd:55.1,Bpos:80.7,Bstd:52.5,StrandBias:-0.7,Multiplicity:1.18
0.669	0.093	0.109	0.129
0.761	0.070	0.049	0.120
0.743	0.068	0.068	0.121
0.800	0.067	0.064	0.069
0.758	0.083	0.077	0.082
0.783	0.095	0.065	0.057
0.794	0.064	0.061	0.081
0.723	0.083	0.102	0.092
0.806	0.058	0.082	0.054
0.740	0.086	0.084	0.090
0.731	0.088	0.069	0.112
0.693	0.114	0.072	0.121
>CACTACGACTTC	24-CACTACGACTTC	12.355432	-11.339396	0	T:3.0(0.21%),B:0.0(0.00%),P:1e-4	Tpos:117.6,Tstd:55.7,Bpos:0.0,Bstd:0.0,StrandBias:10.0,Multiplicity:2.33
0.100	0.700	0.100	0.100
0.700	0.100	0.100	0.100
0.100	0.700	0.100	0.100
0.100	0.100	0.100	0.700
0.700	0.100	0.100	0.100
0.100	0.700	0.100	0.100
0.100	0.100	0.700	0.100
0.700	0.100	0.100	0.100
0.100	0.700	0.100	0.100
0.100	0.100	0.100	0.700
0.100	0.100	0.100	0.700
0.100	0.700	0.100	0.100
>GTGTGTGTGTGY	25-GTGTGTGTGTGY	10.459380	-5.927462	0	T:24.0(1.67%),B:301.3(0.88%),P:1e-2	Tpos:112.4,Tstd:54.3,Bpos:89.1,Bstd:62.9,StrandBias:0.6,Multiplicity:1.13
0.265	0.063	0.671	0.001
0.080	0.001	0.001	0.918
0.001	0.043	0.955	0.001
0.001	0.001	0.001	0.997
0.048	0.030	0.781	0.141
0.001	0.001	0.001	0.997
0.125	0.001	0.703	0.171
0.103	0.023	0.001	0.873
0.001	0.001	0.997	0.001
0.001	0.001	0.001	0.997
0.001	0.001	0.824	0.174
0.106	0.365	0.037	0.492
>AAGCTTTA	1-AAGCTTTA	6.883629	-24.135985	0	T:158.0(10.99%),B:2180.6(6.36%),P:1e-10	Tpos:100.3,Tstd:55.0,Bpos:101.8,Bstd:57.4,StrandBias:-0.2,Multiplicity:1.05
0.997	0.001	0.001	0.001
0.997	0.001	0.001	0.001
0.001	0.001	0.654	0.344
0.001	0.997	0.001	0.001
0.001	0.001	0.001	0.997
0.001	0.001	0.001	0.997
0.313	0.059	0.001	0.627
0.745	0.001	0.253	0.001
>CTTATATA	2-CTTATATA	8.661740	-20.035962	0	T:91.0(6.33%),B:1103.7(3.22%),P:1e-8	Tpos:83.0,Tstd:52.5,Bpos:86.7,Bstd:58.6,StrandBias:-0.3,Multiplicity:1.04
0.001	0.823	0.001	0.175
0.001	0.001	0.001	0.997
0.001	0.001	0.001	0.997
0.997	0.001	0.001	0.001
0.001	0.001	0.095	0.903
0.853	0.145	0.001	0.001
0.170	0.001	0.001	0.828
0.997	0.001	0.001	0.001
>TACGTMAC	3-TACGTMAC	7.274051	-18.942705	0	T:166.0(11.54%),B:2504.5(7.31%),P:1e-8	Tpos:96.4,Tstd:51.8,Bpos:90.3,Bstd:56.5,StrandBias:0.1,Multiplicity:1.08
0.001	0.066	0.269	0.664
0.850	0.001	0.137	0.012
0.001	0.781	0.001	0.217
0.001	0.093	0.905	0.001
0.006	0.001	0.110	0.883
0.490	0.425	0.001	0.083
0.782	0.001	0.134	0.083
0.003	0.808	0.001	0.188
>ATCNCGTG	4-ATCNCGTG	7.450150	-17.347107	0	T:148.0(10.29%),B:2218.0(6.47%),P:1e-7	Tpos:89.6,Tstd:54.5,Bpos:87.4,Bstd:55.1,StrandBias:-0.0,Multiplicity:1.07
0.668	0.003	0.328	0.001
0.001	0.003	0.020	0.976
0.001	0.997	0.001	0.001
0.331	0.191	0.281	0.196
0.030	0.939	0.030	0.001
0.001	0.285	0.527	0.187
0.029	0.178	0.001	0.792
0.024	0.001	0.972	0.003
>GGCCGCAC	5-GGCCGCAC	8.924075	-14.000257	0	T:26.0(1.81%),B:202.0(0.59%),P:1e-6	Tpos:109.9,Tstd:49.3,Bpos:101.8,Bstd:54.7,StrandBias:0.0,Multiplicity:1.15
0.001	0.001	0.997	0.001
0.001	0.001	0.997	0.001
0.001	0.997	0.001	0.001
0.001	0.997	0.001	0.001
0.182	0.001	0.816	0.001
0.001	0.997	0.001	0.001
0.997	0.001	0.001	0.001
0.001	0.855	0.001	0.143
>ACGACAGG	6-ACGACAGG	7.853689	-13.107347	0	T:69.0(4.80%),B:897.1(2.62%),P:1e-5	Tpos:102.1,Tstd:54.7,Bpos:108.8,Bstd:58.1,StrandBias:0.3,Multiplicity:1.00
0.997	0.001	0.001	0.001
0.001	0.997	0.001	0.001
0.001	0.001	0.905	0.093
0.762	0.236	0.001	0.001
0.001	0.852	0.001	0.146
0.997	0.001	0.001	0.001
0.395	0.001	0.603	0.001
0.001	0.001	0.997	0.001
>GYCGATTT	7-GYCGATTT	6.263102	-12.413200	0	T:208.0(14.46%),B:3647.8(10.64%),P:1e-5	Tpos:102.0,Tstd:58.1,Bpos:106.3,Bstd:56.5,StrandBias:-0.0,Multiplicity:1.10
0.033	0.099	0.867	0.001
0.053	0.333	0.158	0.456
0.039	0.913	0.034	0.014
0.001	0.158	0.785	0.056
0.550	0.192	0.133	0.125
0.045	0.001	0.001	0.953
0.298	0.034	0.100	0.568
0.130	0.109	0.045	0.716
>AGAGGGAG	8-AGAGGGAG	6.906351	-11.042189	0	T:103.0(7.16%),B:1596.2(4.66%),P:1e-4	Tpos:77.8,Tstd:59.0,Bpos:85.2,Bstd:58.4,StrandBias:0.0,Multiplicity:1.10
0.836	0.001	0.001	0.162
0.010	0.046	0.858	0.086
0.836	0.009	0.154	0.001
0.130	0.001	0.868	0.001
0.057	0.001	0.927	0.015
0.001	0.003	0.991	0.005
0.696	0.001	0.136	0.167
0.121	0.024	0.854	0.001
>AAAAAAAA	9-AAAAAAAA	8.602412	-8.964226	0	T:143.0(9.94%),B:2498.9(7.29%),P:1e-3	Tpos:92.1,Tstd:57.7,Bpos:80.0,Bstd:54.1,StrandBias:-0.5,Multiplicity:1.17
0.917	0.081	0.001	0.001
0.872	0.001	0.001	0.126
0.871	0.001	0.001	0.127
0.997	0.001	0.001	0.001
0.997	0.001	0.001	0.001
0.997	0.001	0.001	0.001
0.997	0.001	0.001	0.001
0.828	0.001	0.001	0.170
