>GGTCATTGACCT	5-AGGTCAATGACC	8.954525	-54.782530	0	T:143.0(3.84%),B:1063.6(1.44%),P:1e-23
0.073	0.046	0.830	0.051
0.022	0.033	0.814	0.131
0.030	0.055	0.059	0.856
0.051	0.900	0.021	0.028
0.867	0.050	0.052	0.031
0.110	0.086	0.114	0.690
0.068	0.045	0.042	0.845
0.085	0.031	0.818	0.066
0.853	0.074	0.018	0.055
0.047	0.893	0.046	0.014
0.085	0.826	0.035	0.054
0.045	0.099	0.047	0.809
