>TATTGTTCCTTT	12-TATTGTTCCTTT,BestGuess:PB0173.1_Sox21_2/Jaspar(0.769)	7.149705	-30.786597	0	T:420.0(11.27%),B:5743.1(7.78%),P:1e-13
0.065	0.064	0.044	0.827
0.825	0.019	0.078	0.078
0.050	0.052	0.065	0.833
0.012	0.031	0.035	0.922
0.075	0.037	0.821	0.067
0.047	0.051	0.073	0.829
0.048	0.097	0.059	0.796
0.062	0.824	0.061	0.053
0.056	0.783	0.082	0.079
0.073	0.071	0.041	0.815
0.063	0.062	0.034	0.841
0.044	0.028	0.038	0.890
