>GTTACGTCACGA	2-GTTACGTCACGA	6.939536	-89.253299	0	T:529.0(14.19%),B:5774.5(7.83%),P:1e-38
0.100	0.072	0.683	0.145
0.085	0.001	0.001	0.913
0.100	0.071	0.197	0.632
0.779	0.018	0.035	0.168
0.089	0.783	0.020	0.108
0.050	0.092	0.824	0.034
0.094	0.145	0.033	0.728
0.157	0.755	0.054	0.034
0.932	0.001	0.011	0.056
0.068	0.729	0.100	0.103
0.213	0.134	0.576	0.077
0.655	0.096	0.123	0.126
