>GGCAATTTGCCA	17-GGCAATTTGCCA,BestGuess:NFIX(var.2)/MA1528.1/Jaspar(0.766)	8.916549	-24.946455	0	T:87.0(2.33%),B:768.4(1.04%),P:1e-10
0.093	0.057	0.792	0.058
0.049	0.011	0.911	0.029
0.085	0.863	0.006	0.046
0.836	0.089	0.046	0.029
0.779	0.068	0.072	0.081
0.092	0.094	0.069	0.745
0.032	0.102	0.046	0.820
0.060	0.023	0.034	0.883
0.087	0.034	0.794	0.085
0.030	0.870	0.045	0.055
0.056	0.887	0.034	0.023
0.828	0.080	0.023	0.069
