>AACAAAAAGGCM	8-AACAAAAAGGCM	7.097892	-41.913340	0	T:787.0(21.12%),B:11538.3(15.64%),P:1e-18
0.787	0.092	0.078	0.043
0.910	0.050	0.001	0.039
0.264	0.622	0.052	0.062
0.937	0.001	0.059	0.003
0.700	0.202	0.051	0.047
0.950	0.001	0.001	0.048
0.855	0.043	0.082	0.020
0.632	0.023	0.192	0.153
0.250	0.045	0.659	0.046
0.118	0.162	0.667	0.053
0.087	0.643	0.212	0.058
0.311	0.449	0.100	0.140
