>AAAACAATGCCA	7-AAAACAATGCCA	9.154461	-43.011502	0	T:317.0(8.51%),B:3692.6(5.01%),P:1e-18
0.791	0.079	0.078	0.052
0.819	0.068	0.056	0.057
0.834	0.071	0.041	0.054
0.850	0.047	0.035	0.068
0.055	0.844	0.053	0.048
0.932	0.029	0.016	0.023
0.883	0.044	0.045	0.028
0.069	0.032	0.072	0.827
0.068	0.025	0.840	0.067
0.086	0.764	0.104	0.046
0.095	0.791	0.059	0.055
0.828	0.052	0.056	0.064
