>AACAAAGAGCAG	21-AACAAAGAGCAG	8.949085	-22.696015	0	T:143.0(3.84%),B:1596.4(2.16%),P:1e-9
0.803	0.042	0.079	0.076
0.882	0.035	0.022	0.061
0.069	0.856	0.038	0.037
0.914	0.031	0.044	0.011
0.848	0.051	0.037	0.064
0.899	0.040	0.022	0.039
0.038	0.086	0.832	0.044
0.812	0.064	0.092	0.032
0.052	0.071	0.814	0.063
0.049	0.800	0.074	0.077
0.827	0.034	0.059	0.080
0.143	0.049	0.718	0.090
