>ATGTTACATAAC	1-ATGTTACATAAC	7.644123	-118.536547	0	T:752.0(20.18%),B:8499.6(11.52%),P:1e-51
0.751	0.058	0.107	0.084
0.098	0.079	0.095	0.728
0.106	0.098	0.753	0.043
0.041	0.001	0.006	0.952
0.103	0.010	0.070	0.817
0.866	0.001	0.099	0.034
0.027	0.850	0.015	0.108
0.865	0.001	0.115	0.019
0.023	0.080	0.003	0.894
0.848	0.070	0.029	0.053
0.971	0.001	0.001	0.027
0.109	0.703	0.083	0.105
