>TGGCAAATTGCC	17-GGCAATTTGCCA	8.916549	-24.946455	0	T:87.0(2.33%),B:768.4(1.04%),P:1e-10
0.069	0.023	0.080	0.828
0.023	0.034	0.887	0.056
0.055	0.045	0.870	0.030
0.085	0.794	0.034	0.087
0.883	0.034	0.023	0.060
0.820	0.046	0.102	0.032
0.745	0.069	0.094	0.092
0.081	0.072	0.068	0.779
0.029	0.046	0.089	0.836
0.046	0.006	0.863	0.085
0.029	0.911	0.011	0.049
0.058	0.792	0.057	0.093
