>ACGTATTATATC	9-GATATAATACGT	9.296353	-40.615014	0	T:78.0(2.09%),B:479.1(0.65%),P:1e-17
0.888	0.016	0.040	0.056
0.044	0.830	0.048	0.078
0.069	0.063	0.782	0.086
0.032	0.047	0.067	0.854
0.852	0.047	0.075	0.026
0.080	0.016	0.016	0.888
0.072	0.032	0.032	0.864
0.798	0.032	0.117	0.053
0.044	0.063	0.016	0.877
0.760	0.054	0.111	0.075
0.063	0.110	0.001	0.826
0.047	0.786	0.063	0.104
