>TTGTATTGTATT	11-TTGTATTGTATT,BestGuess:PB0106.1_Arid5a_2/Jaspar(0.649)	11.349839	-31.176986	0	T:77.0(2.07%),B:562.5(0.76%),P:1e-13
0.051	0.001	0.001	0.947
0.031	0.150	0.043	0.776
0.087	0.022	0.857	0.034
0.105	0.197	0.081	0.617
0.671	0.036	0.136	0.157
0.024	0.051	0.034	0.891
0.051	0.054	0.001	0.894
0.060	0.018	0.868	0.054
0.024	0.204	0.079	0.693
0.708	0.059	0.232	0.001
0.085	0.028	0.026	0.861
0.009	0.085	0.016	0.890
