>AAACCATTCATT	20-AAACCATTCATT	9.002589	-23.087568	0	T:222.0(5.96%),B:2799.2(3.79%),P:1e-10
0.832	0.051	0.075	0.042
0.830	0.027	0.068	0.075
0.809	0.069	0.062	0.060
0.078	0.809	0.059	0.054
0.080	0.788	0.057	0.075
0.802	0.046	0.078	0.074
0.050	0.045	0.048	0.857
0.016	0.052	0.062	0.870
0.062	0.830	0.050	0.058
0.903	0.012	0.001	0.084
0.074	0.069	0.066	0.791
0.017	0.071	0.034	0.878
