>CCGATTATATAA	6-CCGATTATATAA	8.862089	-47.489270	0	T:146.0(3.92%),B:1191.8(1.62%),P:1e-20
0.105	0.814	0.045	0.036
0.122	0.737	0.067	0.074
0.116	0.077	0.716	0.091
0.846	0.034	0.064	0.056
0.069	0.027	0.027	0.877
0.064	0.014	0.096	0.826
0.904	0.041	0.014	0.041
0.036	0.037	0.027	0.900
0.842	0.021	0.073	0.064
0.041	0.069	0.014	0.876
0.825	0.069	0.055	0.051
0.842	0.050	0.023	0.085
