>AGGTCAATGACC	5-AGGTCAATGACC,BestGuess:NR1H4::RXRA/MA1146.1/Jaspar(0.930)	8.954525	-54.782530	0	T:143.0(3.84%),B:1063.6(1.44%),P:1e-23
0.809	0.047	0.099	0.045
0.054	0.035	0.826	0.085
0.014	0.046	0.893	0.047
0.055	0.018	0.074	0.853
0.066	0.818	0.031	0.085
0.845	0.042	0.045	0.068
0.690	0.114	0.086	0.110
0.031	0.052	0.050	0.867
0.028	0.021	0.900	0.051
0.856	0.059	0.055	0.030
0.131	0.814	0.033	0.022
0.051	0.830	0.046	0.073
