>AGAGAGAGAGAG	24-AGAGAGAGAGAG,BestGuess:PRDM1/MA0508.3/Jaspar(0.694)	8.924656	-8.528544	0	T:26.0(0.70%),B:231.2(0.31%),P:1e-3
0.706	0.078	0.098	0.118
0.149	0.136	0.602	0.113
0.720	0.074	0.092	0.114
0.147	0.134	0.612	0.107
0.722	0.071	0.089	0.118
0.155	0.133	0.621	0.091
0.726	0.066	0.093	0.115
0.148	0.125	0.624	0.103
0.729	0.073	0.086	0.112
0.152	0.117	0.625	0.106
0.697	0.070	0.094	0.139
0.148	0.113	0.616	0.123
