>TGTATTAGCTGG	13-TGTATTAGCTGG,BestGuess:DPRX/MA1480.1/Jaspar(0.647)	12.078852	-27.384856	0	T:9.0(0.24%),B:4.4(0.01%),P:1e-11
0.025	0.001	0.050	0.924
0.001	0.050	0.924	0.025
0.082	0.253	0.051	0.614
0.640	0.092	0.101	0.167
0.025	0.001	0.025	0.949
0.101	0.127	0.101	0.671
0.832	0.076	0.025	0.067
0.051	0.064	0.784	0.101
0.076	0.874	0.025	0.025
0.076	0.001	0.051	0.872
0.127	0.077	0.631	0.165
0.133	0.001	0.599	0.267
