>CTTAAAWTTTTD	1-CTTAAAWTTTTD	5.240843	-63.253809	0	T:749.0(60.70%),B:31406.3(45.12%),P:1e-27	Tpos:96.8,Tstd:55.4,Bpos:99.3,Bstd:115.5,StrandBias:0.1,Multiplicity:1.41
0.081	0.482	0.156	0.281
0.068	0.224	0.100	0.608
0.207	0.174	0.138	0.480
0.568	0.108	0.121	0.203
0.765	0.001	0.051	0.183
0.775	0.014	0.038	0.173
0.404	0.174	0.154	0.268
0.252	0.016	0.123	0.609
0.092	0.001	0.065	0.842
0.146	0.124	0.076	0.654
0.163	0.186	0.187	0.464
0.265	0.162	0.262	0.312
>AAATTTTTAAAA	2-AAATTTTTAAAA	6.418069	-59.456670	0	T:496.0(40.19%),B:18290.8(26.28%),P:1e-25	Tpos:100.9,Tstd:53.4,Bpos:100.4,Bstd:129.3,StrandBias:-0.1,Multiplicity:1.45
0.653	0.103	0.098	0.146
0.679	0.080	0.105	0.136
0.688	0.091	0.069	0.152
0.151	0.093	0.086	0.670
0.131	0.090	0.088	0.691
0.111	0.081	0.091	0.717
0.139	0.102	0.095	0.664
0.144	0.098	0.114	0.644
0.609	0.126	0.125	0.140
0.655	0.101	0.122	0.122
0.669	0.092	0.106	0.133
0.663	0.073	0.097	0.167
>AAAATCAAAAAT	3-AAAATCAAAAAT	8.876360	-51.130456	0	T:127.0(10.29%),B:2675.5(3.84%),P:1e-22	Tpos:102.3,Tstd:60.5,Bpos:101.3,Bstd:117.3,StrandBias:0.1,Multiplicity:1.04
0.923	0.001	0.001	0.075
0.846	0.010	0.095	0.049
0.979	0.001	0.019	0.001
0.693	0.105	0.018	0.184
0.011	0.080	0.016	0.893
0.107	0.694	0.198	0.001
0.829	0.050	0.001	0.120
0.663	0.081	0.230	0.026
0.863	0.079	0.040	0.018
0.824	0.009	0.001	0.166
0.833	0.040	0.040	0.087
0.112	0.134	0.037	0.717
>TATATTAAATDT	4-TATATTAAATDT	8.331641	-40.678682	0	T:128.0(10.37%),B:3084.5(4.43%),P:1e-17	Tpos:92.0,Tstd:51.4,Bpos:101.5,Bstd:114.8,StrandBias:0.3,Multiplicity:1.10
0.038	0.001	0.028	0.933
0.844	0.001	0.074	0.081
0.146	0.113	0.014	0.727
0.917	0.001	0.073	0.009
0.007	0.117	0.026	0.850
0.040	0.111	0.001	0.848
0.692	0.149	0.056	0.103
0.793	0.123	0.001	0.083
0.813	0.035	0.127	0.025
0.090	0.119	0.042	0.749
0.352	0.035	0.264	0.349
0.172	0.131	0.017	0.680
>TATATATATATA	5-TATATATATATA	15.080954	-37.317025	0	T:16.0(1.30%),B:39.4(0.06%),P:1e-16	Tpos:109.0,Tstd:64.7,Bpos:101.4,Bstd:144.0,StrandBias:0.0,Multiplicity:1.31
0.001	0.001	0.210	0.788
0.997	0.001	0.001	0.001
0.001	0.001	0.218	0.780
0.997	0.001	0.001	0.001
0.001	0.001	0.219	0.779
0.997	0.001	0.001	0.001
0.001	0.001	0.228	0.770
0.997	0.001	0.001	0.001
0.001	0.001	0.211	0.787
0.997	0.001	0.001	0.001
0.001	0.001	0.232	0.766
0.965	0.001	0.001	0.033
>CCACTTGTGGGG	6-CCACTTGTGGGG	14.097301	-36.786363	0	T:7.0(0.57%),B:2.0(0.00%),P:1e-15	Tpos:100.1,Tstd:67.7,Bpos:151.1,Bstd:36.6,StrandBias:0.4,Multiplicity:1.00
0.001	0.871	0.001	0.127
0.001	0.997	0.001	0.001
0.651	0.174	0.001	0.174
0.001	0.997	0.001	0.001
0.173	0.001	0.001	0.825
0.001	0.001	0.001	0.997
0.001	0.001	0.997	0.001
0.001	0.173	0.001	0.825
0.001	0.001	0.997	0.001
0.001	0.001	0.997	0.001
0.001	0.001	0.997	0.001
0.001	0.001	0.997	0.001
>TGCAAGTAGAAR	7-TGCAAGTAGAAR	11.911521	-29.789332	0	T:15.0(1.22%),B:53.2(0.08%),P:1e-12	Tpos:94.4,Tstd:62.9,Bpos:112.8,Bstd:80.9,StrandBias:0.0,Multiplicity:1.00
0.012	0.001	0.001	0.986
0.001	0.001	0.649	0.349
0.001	0.839	0.159	0.001
0.997	0.001	0.001	0.001
0.817	0.013	0.160	0.010
0.001	0.001	0.997	0.001
0.001	0.001	0.159	0.839
0.679	0.001	0.319	0.001
0.001	0.196	0.802	0.001
0.839	0.001	0.159	0.001
0.997	0.001	0.001	0.001
0.492	0.001	0.506	0.001
>GGGGGGGGGGGG	8-GGGGGGGGGGGG	7.279767	-28.682390	0	T:51.0(4.13%),B:865.1(1.24%),P:1e-12	Tpos:103.4,Tstd:51.5,Bpos:99.6,Bstd:60.0,StrandBias:-1.1,Multiplicity:1.04
0.089	0.078	0.682	0.151
0.095	0.075	0.693	0.137
0.091	0.072	0.747	0.090
0.124	0.048	0.771	0.057
0.110	0.048	0.755	0.087
0.060	0.042	0.812	0.086
0.102	0.036	0.782	0.080
0.072	0.036	0.835	0.057
0.093	0.048	0.753	0.106
0.067	0.020	0.780	0.133
0.114	0.037	0.715	0.134
0.147	0.056	0.677	0.120
>CCGACAGAAGCC	9-CCGACAGAAGCC	14.196107	-26.658830	0	T:6.0(0.49%),B:2.8(0.00%),P:1e-11	Tpos:136.0,Tstd:37.0,Bpos:104.3,Bstd:26.3,StrandBias:-1.3,Multiplicity:1.17
0.419	0.579	0.001	0.001
0.001	0.806	0.001	0.192
0.001	0.001	0.997	0.001
0.997	0.001	0.001	0.001
0.001	0.997	0.001	0.001
0.997	0.001	0.001	0.001
0.001	0.001	0.997	0.001
0.997	0.001	0.001	0.001
0.997	0.001	0.001	0.001
0.192	0.001	0.806	0.001
0.001	0.997	0.001	0.001
0.001	0.997	0.001	0.001
>AACTATTTTGGG	10-AACTATTTTGGG	13.143058	-23.975420	0	T:11.0(0.89%),B:33.3(0.05%),P:1e-10	Tpos:112.5,Tstd:54.7,Bpos:72.8,Bstd:88.5,StrandBias:1.4,Multiplicity:1.00
0.997	0.001	0.001	0.001
0.997	0.001	0.001	0.001
0.001	0.919	0.001	0.079
0.001	0.001	0.108	0.890
0.997	0.001	0.001	0.001
0.373	0.001	0.001	0.625
0.001	0.108	0.001	0.890
0.001	0.001	0.001	0.997
0.001	0.001	0.001	0.997
0.001	0.001	0.890	0.108
0.001	0.001	0.890	0.108
0.001	0.001	0.997	0.001
>TGAGTATTTATT	11-TGAGTATTTATT	14.279694	-19.327756	0	T:4.0(0.32%),B:1.5(0.00%),P:1e-8	Tpos:100.7,Tstd:53.7,Bpos:109.3,Bstd:33.9,StrandBias:-1.8,Multiplicity:2.25
0.001	0.001	0.001	0.997
0.001	0.001	0.997	0.001
0.997	0.001	0.001	0.001
0.001	0.001	0.997	0.001
0.098	0.001	0.001	0.900
0.997	0.001	0.001	0.001
0.001	0.001	0.001	0.997
0.001	0.001	0.001	0.997
0.001	0.001	0.001	0.997
0.997	0.001	0.001	0.001
0.001	0.001	0.001	0.997
0.001	0.001	0.001	0.997
>CGCMCACRCTCA	12-CGCMCACRCTCA	13.062849	-19.327756	0	T:4.0(0.32%),B:1.2(0.00%),P:1e-8	Tpos:77.1,Tstd:49.9,Bpos:110.8,Bstd:13.8,StrandBias:-3.0,Multiplicity:2.25
0.001	0.997	0.001	0.001
0.001	0.001	0.997	0.001
0.001	0.904	0.001	0.094
0.554	0.444	0.001	0.001
0.001	0.997	0.001	0.001
0.997	0.001	0.001	0.001
0.001	0.997	0.001	0.001
0.554	0.001	0.444	0.001
0.001	0.997	0.001	0.001
0.001	0.001	0.001	0.997
0.001	0.997	0.001	0.001
0.997	0.001	0.001	0.001
>AATTTCAAATAT	13-AATTTCAAATAT	14.702650	-17.609123	0	T:7.0(0.57%),B:16.0(0.02%),P:1e-7	Tpos:155.0,Tstd:39.7,Bpos:62.8,Bstd:47.7,StrandBias:1.0,Multiplicity:1.00
0.997	0.001	0.001	0.001
0.997	0.001	0.001	0.001
0.001	0.001	0.001	0.997
0.001	0.001	0.001	0.997
0.001	0.001	0.001	0.997
0.001	0.997	0.001	0.001
0.815	0.001	0.183	0.001
0.997	0.001	0.001	0.001
0.997	0.001	0.001	0.001
0.001	0.001	0.001	0.997
0.815	0.183	0.001	0.001
0.001	0.001	0.001	0.997
>GATGATGATGAT	14-GATGATGATGAT	12.739142	-17.031422	0	T:11.0(0.89%),B:65.3(0.09%),P:1e-7	Tpos:128.5,Tstd:53.9,Bpos:81.0,Bstd:139.5,StrandBias:-0.9,Multiplicity:1.55
0.001	0.001	0.975	0.023
0.903	0.033	0.015	0.049
0.001	0.001	0.032	0.966
0.001	0.001	0.966	0.032
0.940	0.001	0.027	0.032
0.001	0.001	0.001	0.997
0.001	0.001	0.966	0.032
0.966	0.001	0.032	0.001
0.001	0.001	0.001	0.997
0.001	0.001	0.972	0.026
0.896	0.001	0.032	0.071
0.001	0.015	0.001	0.983
>AATTTCATCATC	15-AATTTCATCATC	14.227226	-16.088354	0	T:5.0(0.41%),B:6.6(0.01%),P:1e-6	Tpos:118.4,Tstd:43.2,Bpos:68.9,Bstd:46.4,StrandBias:-1.3,Multiplicity:1.75
0.997	0.001	0.001	0.001
0.867	0.131	0.001	0.001
0.001	0.001	0.001	0.997
0.001	0.001	0.158	0.840
0.001	0.001	0.001	0.997
0.001	0.997	0.001	0.001
0.997	0.001	0.001	0.001
0.158	0.001	0.001	0.840
0.001	0.997	0.001	0.001
0.997	0.001	0.001	0.001
0.001	0.001	0.001	0.997
0.001	0.997	0.001	0.001
>TVTMTSTMTVTM	16-TVTMTSTMTVTM	9.299964	-15.832963	0	T:32.0(2.59%),B:614.1(0.88%),P:1e-6	Tpos:111.9,Tstd:51.5,Bpos:91.4,Bstd:106.9,StrandBias:0.8,Multiplicity:1.19
0.020	0.011	0.049	0.920
0.282	0.395	0.259	0.064
0.051	0.043	0.074	0.832
0.521	0.382	0.001	0.096
0.149	0.084	0.001	0.766
0.207	0.368	0.343	0.081
0.095	0.049	0.005	0.851
0.436	0.382	0.086	0.096
0.171	0.092	0.027	0.710
0.317	0.318	0.302	0.063
0.086	0.082	0.033	0.799
0.451	0.360	0.072	0.117
>TAATGGTCATGA	17-TAATGGTCATGA	14.521169	-14.961545	0	T:4.0(0.32%),B:3.9(0.01%),P:1e-6	Tpos:60.6,Tstd:40.5,Bpos:34.5,Bstd:20.8,StrandBias:0.4,Multiplicity:1.00
0.001	0.001	0.001	0.997
0.997	0.001	0.001	0.001
0.997	0.001	0.001	0.001
0.001	0.001	0.001	0.997
0.001	0.001	0.997	0.001
0.001	0.001	0.852	0.146
0.001	0.001	0.001	0.997
0.001	0.852	0.001	0.146
0.997	0.001	0.001	0.001
0.001	0.001	0.001	0.997
0.001	0.001	0.997	0.001
0.997	0.001	0.001	0.001
>TAATAATAATAA	18-TAATAATAATAA	13.460140	-14.758581	0	T:10.0(0.81%),B:65.0(0.09%),P:1e-6	Tpos:132.5,Tstd:42.9,Bpos:90.3,Bstd:131.7,StrandBias:-1.1,Multiplicity:1.00
0.033	0.001	0.001	0.965
0.926	0.072	0.001	0.001
0.997	0.001	0.001	0.001
0.001	0.001	0.001	0.997
0.861	0.080	0.001	0.058
0.889	0.109	0.001	0.001
0.001	0.001	0.001	0.997
0.997	0.001	0.001	0.001
0.997	0.001	0.001	0.001
0.001	0.001	0.001	0.997
0.926	0.001	0.072	0.001
0.997	0.001	0.001	0.001
>AGACTCCGTAAT	19-AGACTCCGTAAT	14.521169	-13.905477	0	T:3.0(0.24%),B:0.8(0.00%),P:1e-6	Tpos:114.4,Tstd:50.6,Bpos:91.4,Bstd:35.4,StrandBias:2.6,Multiplicity:2.33
0.997	0.001	0.001	0.001
0.146	0.001	0.852	0.001
0.997	0.001	0.001	0.001
0.001	0.997	0.001	0.001
0.001	0.001	0.001	0.997
0.001	0.997	0.001	0.001
0.001	0.997	0.001	0.001
0.001	0.001	0.852	0.146
0.001	0.001	0.001	0.997
0.997	0.001	0.001	0.001
0.997	0.001	0.001	0.001
0.001	0.001	0.001	0.997
>CGCCGCATTCAA	20-CGCCGCATTCAA	9.766274	-13.853386	0	T:17.0(1.38%),B:224.1(0.32%),P:1e-6	Tpos:84.1,Tstd:53.0,Bpos:103.7,Bstd:62.6,StrandBias:-1.6,Multiplicity:1.41
0.001	0.759	0.003	0.237
0.001	0.001	0.970	0.028
0.119	0.622	0.001	0.258
0.122	0.871	0.001	0.006
0.128	0.119	0.622	0.131
0.001	0.639	0.356	0.004
0.994	0.001	0.001	0.004
0.258	0.119	0.001	0.622
0.121	0.001	0.001	0.877
0.001	0.996	0.002	0.001
0.996	0.001	0.002	0.001
0.996	0.001	0.002	0.001
>CCGTCCGTCCGT	21-CCGTCCGTCCGT	10.756587	-12.579914	0	T:9.0(0.73%),B:65.7(0.09%),P:1e-5	Tpos:137.5,Tstd:33.5,Bpos:108.2,Bstd:69.7,StrandBias:1.1,Multiplicity:1.11
0.001	0.751	0.247	0.001
0.229	0.769	0.001	0.001
0.001	0.123	0.753	0.123
0.001	0.001	0.001	0.997
0.001	0.997	0.001	0.001
0.124	0.628	0.124	0.124
0.001	0.123	0.875	0.001
0.001	0.001	0.123	0.875
0.001	0.896	0.102	0.001
0.001	0.750	0.123	0.126
0.123	0.001	0.753	0.123
0.001	0.001	0.001	0.997
>CTGTCTGTCTGT	22-CTGTCTGTCTGT	9.337492	-10.961987	0	T:36.0(2.92%),B:927.0(1.33%),P:1e-4	Tpos:107.7,Tstd:60.2,Bpos:100.0,Bstd:73.4,StrandBias:-0.9,Multiplicity:1.31
0.057	0.764	0.119	0.060
0.031	0.028	0.085	0.856
0.028	0.059	0.912	0.001
0.052	0.012	0.085	0.851
0.108	0.693	0.066	0.133
0.023	0.001	0.001	0.975
0.052	0.021	0.880	0.047
0.094	0.029	0.080	0.797
0.049	0.780	0.023	0.148
0.047	0.028	0.042	0.883
0.071	0.119	0.763	0.047
0.072	0.074	0.001	0.853
>GTAGGTAGGTAG	23-GTAGGTAGGTAG	13.434829	-8.771100	0	T:2.0(0.16%),B:1.9(0.00%),P:1e-3	Tpos:102.4,Tstd:24.4,Bpos:93.0,Bstd:35.4,StrandBias:4.0,Multiplicity:2.00
0.001	0.001	0.997	0.001
0.001	0.001	0.001	0.997
0.997	0.001	0.001	0.001
0.001	0.001	0.997	0.001
0.044	0.001	0.954	0.001
0.001	0.001	0.001	0.997
0.997	0.001	0.001	0.001
0.001	0.001	0.997	0.001
0.001	0.001	0.997	0.001
0.001	0.001	0.044	0.954
0.997	0.001	0.001	0.001
0.001	0.001	0.997	0.001
>YGCGCGYGYGTG	24-YGCGCGYGYGTG	6.635259	-7.007021	0	T:13.0(1.05%),B:258.2(0.37%),P:1e-3	Tpos:129.0,Tstd:60.0,Bpos:105.0,Bstd:44.7,StrandBias:-0.2,Multiplicity:1.00
0.001	0.541	0.001	0.457
0.001	0.001	0.997	0.001
0.001	0.641	0.001	0.357
0.001	0.001	0.997	0.001
0.001	0.686	0.001	0.312
0.001	0.001	0.997	0.001
0.001	0.453	0.001	0.545
0.001	0.001	0.997	0.001
0.001	0.524	0.001	0.474
0.001	0.001	0.997	0.001
0.001	0.358	0.001	0.640
0.001	0.001	0.997	0.001
>GAGCCCAGCTCA	25-GAGCCCAGCTCA	12.355432	-4.041519	0	T:1.0(0.08%),B:0.6(0.00%),P:1e-1	Tpos:87.6,Tstd:56.9,Bpos:46.0,Bstd:0.0,StrandBias:-10.0,Multiplicity:5.00
0.100	0.100	0.700	0.100
0.700	0.100	0.100	0.100
0.100	0.100	0.700	0.100
0.100	0.700	0.100	0.100
0.100	0.700	0.100	0.100
0.100	0.700	0.100	0.100
0.700	0.100	0.100	0.100
0.100	0.100	0.700	0.100
0.100	0.700	0.100	0.100
0.100	0.100	0.100	0.700
0.100	0.700	0.100	0.100
0.700	0.100	0.100	0.100
