>YAAAAATTTT	1-YAAAAATTTT	6.392717	-82.232341	0	T:481.0(38.98%),B:15980.7(22.96%),P:1e-35	Tpos:104.0,Tstd:54.3,Bpos:99.1,Bstd:123.9,StrandBias:0.1,Multiplicity:1.36
0.081	0.394	0.228	0.297
0.444	0.185	0.182	0.189
0.859	0.059	0.064	0.018
0.752	0.070	0.020	0.158
0.995	0.003	0.001	0.001
0.602	0.001	0.041	0.356
0.200	0.051	0.001	0.748
0.152	0.009	0.090	0.749
0.063	0.001	0.093	0.843
0.337	0.001	0.144	0.518
>TCTCGAAATT	2-TCTCGAAATT	6.774372	-50.705460	0	T:181.0(14.67%),B:4665.4(6.70%),P:1e-22	Tpos:98.8,Tstd:59.9,Bpos:97.1,Bstd:92.0,StrandBias:-0.3,Multiplicity:1.06
0.046	0.095	0.061	0.798
0.070	0.783	0.112	0.035
0.110	0.100	0.064	0.726
0.047	0.858	0.051	0.044
0.069	0.047	0.805	0.079
0.825	0.023	0.057	0.095
0.826	0.084	0.021	0.069
0.778	0.093	0.052	0.077
0.064	0.047	0.081	0.808
0.054	0.102	0.048	0.796
>TTTTAAAATT	3-TTTTAAAATT	6.519613	-50.248698	0	T:556.0(45.06%),B:22127.7(31.79%),P:1e-21	Tpos:98.4,Tstd:57.1,Bpos:100.5,Bstd:121.2,StrandBias:0.0,Multiplicity:1.34
0.077	0.001	0.001	0.921
0.070	0.014	0.009	0.907
0.096	0.057	0.116	0.731
0.210	0.222	0.183	0.385
0.631	0.073	0.163	0.133
0.705	0.032	0.128	0.135
0.731	0.014	0.001	0.254
0.613	0.028	0.003	0.356
0.395	0.001	0.001	0.603
0.147	0.064	0.001	0.788
>CTCAAAAATC	4-CTCAAAAATC	6.511753	-43.500308	0	T:117.0(9.48%),B:2584.6(3.71%),P:1e-18	Tpos:96.6,Tstd:55.1,Bpos:102.1,Bstd:100.9,StrandBias:0.0,Multiplicity:1.05
0.247	0.515	0.151	0.087
0.082	0.312	0.134	0.471
0.131	0.631	0.093	0.145
0.560	0.175	0.132	0.133
0.735	0.052	0.103	0.110
0.829	0.079	0.074	0.018
0.561	0.131	0.090	0.218
0.569	0.188	0.093	0.150
0.099	0.105	0.108	0.688
0.093	0.562	0.178	0.167
>TTTCCSAAAT	5-TTTCCSAAAT	6.356737	-39.715482	0	T:146.0(11.83%),B:3804.6(5.47%),P:1e-17	Tpos:107.4,Tstd:53.9,Bpos:98.9,Bstd:107.2,StrandBias:0.4,Multiplicity:1.07
0.078	0.019	0.130	0.773
0.147	0.172	0.053	0.628
0.179	0.107	0.140	0.574
0.153	0.690	0.123	0.034
0.196	0.499	0.202	0.103
0.015	0.321	0.409	0.255
0.529	0.215	0.164	0.092
0.691	0.159	0.038	0.112
0.563	0.117	0.190	0.130
0.087	0.194	0.032	0.687
>GATATATTTC	6-GATATATTTC	6.755863	-33.038367	0	T:224.0(18.15%),B:7456.2(10.71%),P:1e-14	Tpos:105.7,Tstd:53.9,Bpos:98.5,Bstd:110.7,StrandBias:-0.1,Multiplicity:1.10
0.068	0.066	0.823	0.043
0.851	0.045	0.045	0.059
0.067	0.070	0.058	0.805
0.815	0.047	0.084	0.054
0.061	0.076	0.065	0.798
0.784	0.068	0.066	0.082
0.049	0.066	0.025	0.860
0.047	0.072	0.103	0.778
0.087	0.071	0.126	0.716
0.064	0.774	0.072	0.090
>TCAGGAAAAA	7-TCAGGAAAAA	7.252483	-32.523712	0	T:160.0(12.97%),B:4731.1(6.80%),P:1e-14	Tpos:102.3,Tstd:57.0,Bpos:99.9,Bstd:101.6,StrandBias:0.1,Multiplicity:1.04
0.061	0.218	0.219	0.502
0.061	0.735	0.039	0.165
0.734	0.015	0.039	0.212
0.014	0.020	0.913	0.053
0.054	0.038	0.865	0.043
0.814	0.140	0.033	0.013
0.847	0.002	0.050	0.101
0.828	0.043	0.084	0.045
0.881	0.001	0.067	0.051
0.893	0.023	0.075	0.009
>TATGAACTGA	8-TATGAACTGA	8.254452	-30.256293	0	T:53.0(4.29%),B:887.6(1.27%),P:1e-13	Tpos:100.0,Tstd:54.5,Bpos:103.5,Bstd:86.1,StrandBias:-0.2,Multiplicity:1.02
0.001	0.177	0.033	0.789
0.681	0.028	0.107	0.184
0.181	0.032	0.009	0.778
0.219	0.014	0.662	0.105
0.729	0.164	0.001	0.106
0.700	0.029	0.172	0.099
0.036	0.770	0.163	0.031
0.098	0.031	0.001	0.870
0.076	0.236	0.680	0.008
0.506	0.141	0.199	0.154
>TATATATATA	9-TATATATATA	13.062980	-29.193005	0	T:17.0(1.38%),B:80.0(0.11%),P:1e-12	Tpos:109.0,Tstd:65.2,Bpos:98.1,Bstd:139.5,StrandBias:0.0,Multiplicity:1.29
0.001	0.001	0.001	0.997
0.769	0.229	0.001	0.001
0.001	0.001	0.001	0.997
0.997	0.001	0.001	0.001
0.001	0.001	0.001	0.997
0.776	0.222	0.001	0.001
0.001	0.001	0.001	0.997
0.997	0.001	0.001	0.001
0.001	0.001	0.001	0.997
0.769	0.229	0.001	0.001
>CTTACTTGCC	10-CTTACTTGCC	8.987837	-29.057965	0	T:18.0(1.46%),B:94.0(0.14%),P:1e-12	Tpos:106.2,Tstd:62.8,Bpos:89.5,Bstd:52.1,StrandBias:0.0,Multiplicity:1.00
0.142	0.750	0.062	0.046
0.021	0.031	0.065	0.883
0.197	0.040	0.020	0.743
0.626	0.100	0.040	0.234
0.143	0.822	0.017	0.018
0.161	0.026	0.228	0.585
0.054	0.076	0.158	0.712
0.031	0.021	0.612	0.336
0.192	0.556	0.069	0.183
0.179	0.773	0.035	0.013
>AAGTTGCTCC	11-AAGTTGCTCC	7.202308	-28.921627	0	T:65.0(5.27%),B:1295.7(1.86%),P:1e-12	Tpos:109.2,Tstd:59.6,Bpos:99.7,Bstd:79.9,StrandBias:0.4,Multiplicity:1.02
0.846	0.070	0.032	0.052
0.794	0.044	0.067	0.095
0.086	0.033	0.824	0.057
0.066	0.074	0.080	0.780
0.043	0.020	0.060	0.877
0.043	0.055	0.813	0.089
0.051	0.776	0.086	0.087
0.091	0.074	0.069	0.766
0.057	0.761	0.133	0.049
0.042	0.769	0.114	0.075
>ACTTGTGGGG	12-ACTTGTGGGG	10.318285	-23.734333	0	T:12.0(0.97%),B:44.6(0.06%),P:1e-10	Tpos:128.5,Tstd:58.2,Bpos:91.0,Bstd:69.1,StrandBias:-0.2,Multiplicity:1.18
0.898	0.100	0.001	0.001
0.001	0.997	0.001	0.001
0.051	0.001	0.001	0.947
0.001	0.001	0.100	0.898
0.001	0.001	0.997	0.001
0.001	0.121	0.001	0.877
0.001	0.074	0.924	0.001
0.001	0.121	0.877	0.001
0.001	0.001	0.997	0.001
0.001	0.001	0.997	0.001
>DCTHATGTMG	13-DCTHATGTMG	6.711571	-22.645658	0	T:25.0(2.03%),B:283.1(0.41%),P:1e-9	Tpos:94.7,Tstd:52.1,Bpos:102.4,Bstd:68.3,StrandBias:0.3,Multiplicity:1.26
0.342	0.166	0.273	0.218
0.028	0.591	0.141	0.240
0.137	0.280	0.130	0.453
0.238	0.281	0.095	0.386
0.499	0.335	0.094	0.071
0.094	0.290	0.089	0.527
0.097	0.153	0.609	0.141
0.159	0.011	0.141	0.689
0.352	0.448	0.138	0.062
0.001	0.001	0.997	0.001
>TAACCAYTAA	14-TAACCAYTAA	9.624197	-18.912713	0	T:21.0(1.70%),B:243.1(0.35%),P:1e-8	Tpos:86.6,Tstd:57.1,Bpos:101.3,Bstd:106.3,StrandBias:0.0,Multiplicity:1.14
0.001	0.001	0.042	0.956
0.681	0.001	0.203	0.115
0.599	0.399	0.001	0.001
0.171	0.827	0.001	0.001
0.001	0.836	0.162	0.001
0.715	0.200	0.084	0.001
0.009	0.509	0.063	0.419
0.122	0.001	0.001	0.876
0.997	0.001	0.001	0.001
0.686	0.144	0.081	0.089
>GGGGGGGGGG	15-GGGGGGGGGG	6.431466	-18.048230	0	T:62.0(5.02%),B:1585.4(2.28%),P:1e-7	Tpos:101.8,Tstd:51.5,Bpos:100.0,Bstd:61.1,StrandBias:-1.0,Multiplicity:1.15
0.111	0.108	0.658	0.123
0.068	0.082	0.667	0.183
0.085	0.051	0.754	0.110
0.085	0.022	0.860	0.033
0.059	0.022	0.744	0.175
0.077	0.032	0.726	0.165
0.117	0.001	0.735	0.147
0.053	0.012	0.701	0.234
0.154	0.011	0.575	0.260
0.139	0.030	0.579	0.252
>CTGTCTGTCT	16-CTGTCTGTCT	9.120592	-12.746570	0	T:33.0(2.67%),B:746.2(1.07%),P:1e-5	Tpos:114.7,Tstd:60.1,Bpos:100.9,Bstd:93.0,StrandBias:-0.3,Multiplicity:1.20
0.151	0.745	0.014	0.090
0.020	0.001	0.062	0.917
0.001	0.001	0.997	0.001
0.027	0.022	0.032	0.919
0.017	0.933	0.001	0.049
0.021	0.001	0.059	0.919
0.001	0.001	0.989	0.009
0.069	0.024	0.029	0.878
0.011	0.877	0.001	0.111
0.001	0.020	0.001	0.978
>ACTGAGCCCA	17-ACTGAGCCCA	11.712625	-11.419002	0	T:6.0(0.49%),B:27.0(0.04%),P:1e-4	Tpos:91.9,Tstd:56.5,Bpos:96.9,Bstd:29.9,StrandBias:-3.2,Multiplicity:1.67
0.997	0.001	0.001	0.001
0.001	0.997	0.001	0.001
0.001	0.140	0.001	0.858
0.001	0.001	0.997	0.001
0.997	0.001	0.001	0.001
0.001	0.001	0.852	0.146
0.001	0.997	0.001	0.001
0.001	0.997	0.001	0.001
0.001	0.997	0.001	0.001
0.997	0.001	0.001	0.001
>GATGATGATG	18-GATGATGATG	10.568737	-10.786743	0	T:13.0(1.05%),B:174.4(0.25%),P:1e-4	Tpos:129.5,Tstd:53.6,Bpos:90.7,Bstd:137.3,StrandBias:-1.0,Multiplicity:1.46
0.001	0.001	0.997	0.001
0.997	0.001	0.001	0.001
0.001	0.001	0.001	0.997
0.001	0.001	0.997	0.001
0.950	0.001	0.048	0.001
0.001	0.001	0.001	0.997
0.001	0.001	0.997	0.001
0.887	0.040	0.046	0.027
0.001	0.001	0.001	0.997
0.001	0.001	0.997	0.001
>TMTCTMTMTC	19-TMTCTMTMTC	5.996030	-10.771657	0	T:81.0(6.56%),B:2814.3(4.04%),P:1e-4	Tpos:109.6,Tstd:51.4,Bpos:95.2,Bstd:89.3,StrandBias:-0.0,Multiplicity:1.09
0.130	0.241	0.144	0.484
0.346	0.445	0.136	0.073
0.075	0.161	0.194	0.570
0.245	0.533	0.196	0.026
0.144	0.225	0.019	0.612
0.449	0.424	0.121	0.006
0.104	0.130	0.205	0.561
0.388	0.480	0.131	0.001
0.210	0.151	0.001	0.638
0.373	0.572	0.035	0.020
>ACATACAYAC	20-ACATACAYAC	10.566148	-7.905064	0	T:28.0(2.27%),B:766.3(1.10%),P:1e-3	Tpos:111.1,Tstd:62.8,Bpos:103.4,Bstd:93.2,StrandBias:-2.6,Multiplicity:1.18
0.934	0.012	0.027	0.027
0.028	0.954	0.010	0.008
0.656	0.311	0.018	0.015
0.029	0.342	0.125	0.504
0.978	0.001	0.008	0.013
0.010	0.920	0.038	0.032
0.630	0.334	0.020	0.016
0.036	0.357	0.105	0.502
0.951	0.021	0.027	0.001
0.001	0.979	0.011	0.009
>ACCTACCTAC	21-ACCTACCTAC	11.055281	-6.938252	0	T:4.0(0.32%),B:24.2(0.03%),P:1e-3	Tpos:112.2,Tstd:31.1,Bpos:93.9,Bstd:57.1,StrandBias:-2.1,Multiplicity:1.25
0.936	0.062	0.001	0.001
0.001	0.997	0.001	0.001
0.001	0.997	0.001	0.001
0.001	0.001	0.001	0.997
0.997	0.001	0.001	0.001
0.001	0.997	0.001	0.001
0.001	0.997	0.001	0.001
0.001	0.001	0.001	0.997
0.997	0.001	0.001	0.001
0.001	0.997	0.001	0.001
>ACGGACGGAC	22-ACGGACGGAC	11.681737	-6.159577	0	T:3.0(0.24%),B:14.5(0.02%),P:1e-2	Tpos:146.5,Tstd:19.0,Bpos:103.3,Bstd:34.6,StrandBias:-2.5,Multiplicity:1.00
0.997	0.001	0.001	0.001
0.001	0.997	0.001	0.001
0.001	0.001	0.997	0.001
0.001	0.001	0.997	0.001
0.882	0.116	0.001	0.001
0.001	0.997	0.001	0.001
0.001	0.001	0.997	0.001
0.001	0.001	0.997	0.001
0.997	0.001	0.001	0.001
0.001	0.997	0.001	0.001
>TATTACGGAG	23-TATTACGGAG	10.296193	-6.033778	0	T:2.0(0.16%),B:4.2(0.01%),P:1e-2	Tpos:99.0,Tstd:54.0,Bpos:114.5,Bstd:95.8,StrandBias:-2.3,Multiplicity:3.00
0.100	0.100	0.100	0.700
0.700	0.100	0.100	0.100
0.100	0.100	0.100	0.700
0.100	0.100	0.100	0.700
0.700	0.100	0.100	0.100
0.100	0.700	0.100	0.100
0.100	0.100	0.700	0.100
0.100	0.100	0.700	0.100
0.700	0.100	0.100	0.100
0.100	0.100	0.700	0.100
>GTACGAATAA	24-GTACGAATAA	10.296193	-5.965690	0	T:3.0(0.24%),B:15.1(0.02%),P:1e-2	Tpos:91.1,Tstd:51.3,Bpos:97.6,Bstd:44.9,StrandBias:2.8,Multiplicity:2.67
0.100	0.100	0.700	0.100
0.100	0.100	0.100	0.700
0.700	0.100	0.100	0.100
0.100	0.700	0.100	0.100
0.100	0.100	0.700	0.100
0.700	0.100	0.100	0.100
0.700	0.100	0.100	0.100
0.100	0.100	0.100	0.700
0.700	0.100	0.100	0.100
0.700	0.100	0.100	0.100
>TTATTATTAT	25-TTATTATTAT	10.296193	-2.133112	0	T:8.0(0.65%),B:274.3(0.39%),P:1e0	Tpos:130.1,Tstd:31.7,Bpos:114.7,Bstd:138.0,StrandBias:2.2,Multiplicity:1.00
0.100	0.100	0.100	0.700
0.100	0.100	0.100	0.700
0.700	0.100	0.100	0.100
0.100	0.100	0.100	0.700
0.100	0.100	0.100	0.700
0.700	0.100	0.100	0.100
0.100	0.100	0.100	0.700
0.100	0.100	0.100	0.700
0.700	0.100	0.100	0.100
0.100	0.100	0.100	0.700
