>YAAAAATTTT	1-YAAAAATTTT	6.392717	-82.232341	0	T:481.0(38.98%),B:15980.7(22.96%),P:1e-35	Tpos:104.0,Tstd:54.3,Bpos:99.1,Bstd:123.9,StrandBias:0.1,Multiplicity:1.36
0.081	0.394	0.228	0.297
0.444	0.185	0.182	0.189
0.859	0.059	0.064	0.018
0.752	0.070	0.020	0.158
0.995	0.003	0.001	0.001
0.602	0.001	0.041	0.356
0.200	0.051	0.001	0.748
0.152	0.009	0.090	0.749
0.063	0.001	0.093	0.843
0.337	0.001	0.144	0.518
>TCTCGAAATT	2-TCTCGAAATT	6.774372	-50.705460	0	T:181.0(14.67%),B:4665.4(6.70%),P:1e-22	Tpos:98.8,Tstd:59.9,Bpos:97.1,Bstd:92.0,StrandBias:-0.3,Multiplicity:1.06
0.046	0.095	0.061	0.798
0.070	0.783	0.112	0.035
0.110	0.100	0.064	0.726
0.047	0.858	0.051	0.044
0.069	0.047	0.805	0.079
0.825	0.023	0.057	0.095
0.826	0.084	0.021	0.069
0.778	0.093	0.052	0.077
0.064	0.047	0.081	0.808
0.054	0.102	0.048	0.796
>TTTTAAAATT	3-TTTTAAAATT	6.519613	-50.248698	0	T:556.0(45.06%),B:22127.7(31.79%),P:1e-21	Tpos:98.4,Tstd:57.1,Bpos:100.5,Bstd:121.2,StrandBias:0.0,Multiplicity:1.34
0.077	0.001	0.001	0.921
0.070	0.014	0.009	0.907
0.096	0.057	0.116	0.731
0.210	0.222	0.183	0.385
0.631	0.073	0.163	0.133
0.705	0.032	0.128	0.135
0.731	0.014	0.001	0.254
0.613	0.028	0.003	0.356
0.395	0.001	0.001	0.603
0.147	0.064	0.001	0.788
>CTCAAAAATC	4-CTCAAAAATC	6.511753	-43.500308	0	T:117.0(9.48%),B:2584.6(3.71%),P:1e-18	Tpos:96.6,Tstd:55.1,Bpos:102.1,Bstd:100.9,StrandBias:0.0,Multiplicity:1.05
0.247	0.515	0.151	0.087
0.082	0.312	0.134	0.471
0.131	0.631	0.093	0.145
0.560	0.175	0.132	0.133
0.735	0.052	0.103	0.110
0.829	0.079	0.074	0.018
0.561	0.131	0.090	0.218
0.569	0.188	0.093	0.150
0.099	0.105	0.108	0.688
0.093	0.562	0.178	0.167
>TTTCCSAAAT	5-TTTCCSAAAT	6.356737	-39.715482	0	T:146.0(11.83%),B:3804.6(5.47%),P:1e-17	Tpos:107.4,Tstd:53.9,Bpos:98.9,Bstd:107.2,StrandBias:0.4,Multiplicity:1.07
0.078	0.019	0.130	0.773
0.147	0.172	0.053	0.628
0.179	0.107	0.140	0.574
0.153	0.690	0.123	0.034
0.196	0.499	0.202	0.103
0.015	0.321	0.409	0.255
0.529	0.215	0.164	0.092
0.691	0.159	0.038	0.112
0.563	0.117	0.190	0.130
0.087	0.194	0.032	0.687
>GATATATTTC	6-GATATATTTC	6.755863	-33.038367	0	T:224.0(18.15%),B:7456.2(10.71%),P:1e-14	Tpos:105.7,Tstd:53.9,Bpos:98.5,Bstd:110.7,StrandBias:-0.1,Multiplicity:1.10
0.068	0.066	0.823	0.043
0.851	0.045	0.045	0.059
0.067	0.070	0.058	0.805
0.815	0.047	0.084	0.054
0.061	0.076	0.065	0.798
0.784	0.068	0.066	0.082
0.049	0.066	0.025	0.860
0.047	0.072	0.103	0.778
0.087	0.071	0.126	0.716
0.064	0.774	0.072	0.090
>TCAGGAAAAA	7-TCAGGAAAAA	7.252483	-32.523712	0	T:160.0(12.97%),B:4731.1(6.80%),P:1e-14	Tpos:102.3,Tstd:57.0,Bpos:99.9,Bstd:101.6,StrandBias:0.1,Multiplicity:1.04
0.061	0.218	0.219	0.502
0.061	0.735	0.039	0.165
0.734	0.015	0.039	0.212
0.014	0.020	0.913	0.053
0.054	0.038	0.865	0.043
0.814	0.140	0.033	0.013
0.847	0.002	0.050	0.101
0.828	0.043	0.084	0.045
0.881	0.001	0.067	0.051
0.893	0.023	0.075	0.009
>TATGAACTGA	8-TATGAACTGA	8.254452	-30.256293	0	T:53.0(4.29%),B:887.6(1.27%),P:1e-13	Tpos:100.0,Tstd:54.5,Bpos:103.5,Bstd:86.1,StrandBias:-0.2,Multiplicity:1.02
0.001	0.177	0.033	0.789
0.681	0.028	0.107	0.184
0.181	0.032	0.009	0.778
0.219	0.014	0.662	0.105
0.729	0.164	0.001	0.106
0.700	0.029	0.172	0.099
0.036	0.770	0.163	0.031
0.098	0.031	0.001	0.870
0.076	0.236	0.680	0.008
0.506	0.141	0.199	0.154
>TATATATATA	9-TATATATATA	13.062980	-29.193005	0	T:17.0(1.38%),B:80.0(0.11%),P:1e-12	Tpos:109.0,Tstd:65.2,Bpos:98.1,Bstd:139.5,StrandBias:0.0,Multiplicity:1.29
0.001	0.001	0.001	0.997
0.769	0.229	0.001	0.001
0.001	0.001	0.001	0.997
0.997	0.001	0.001	0.001
0.001	0.001	0.001	0.997
0.776	0.222	0.001	0.001
0.001	0.001	0.001	0.997
0.997	0.001	0.001	0.001
0.001	0.001	0.001	0.997
0.769	0.229	0.001	0.001
>CTTACTTGCC	10-CTTACTTGCC	8.987837	-29.057965	0	T:18.0(1.46%),B:94.0(0.14%),P:1e-12	Tpos:106.2,Tstd:62.8,Bpos:89.5,Bstd:52.1,StrandBias:0.0,Multiplicity:1.00
0.142	0.750	0.062	0.046
0.021	0.031	0.065	0.883
0.197	0.040	0.020	0.743
0.626	0.100	0.040	0.234
0.143	0.822	0.017	0.018
0.161	0.026	0.228	0.585
0.054	0.076	0.158	0.712
0.031	0.021	0.612	0.336
0.192	0.556	0.069	0.183
0.179	0.773	0.035	0.013
>AAGTTGCTCC	11-AAGTTGCTCC	7.202308	-28.921627	0	T:65.0(5.27%),B:1295.7(1.86%),P:1e-12	Tpos:109.2,Tstd:59.6,Bpos:99.7,Bstd:79.9,StrandBias:0.4,Multiplicity:1.02
0.846	0.070	0.032	0.052
0.794	0.044	0.067	0.095
0.086	0.033	0.824	0.057
0.066	0.074	0.080	0.780
0.043	0.020	0.060	0.877
0.043	0.055	0.813	0.089
0.051	0.776	0.086	0.087
0.091	0.074	0.069	0.766
0.057	0.761	0.133	0.049
0.042	0.769	0.114	0.075
>ACTTGTGGGG	12-ACTTGTGGGG	10.318285	-23.734333	0	T:12.0(0.97%),B:44.6(0.06%),P:1e-10	Tpos:128.5,Tstd:58.2,Bpos:91.0,Bstd:69.1,StrandBias:-0.2,Multiplicity:1.18
0.898	0.100	0.001	0.001
0.001	0.997	0.001	0.001
0.051	0.001	0.001	0.947
0.001	0.001	0.100	0.898
0.001	0.001	0.997	0.001
0.001	0.121	0.001	0.877
0.001	0.074	0.924	0.001
0.001	0.121	0.877	0.001
0.001	0.001	0.997	0.001
0.001	0.001	0.997	0.001
>DCTHATGTMG	13-DCTHATGTMG	6.711571	-22.645658	0	T:25.0(2.03%),B:283.1(0.41%),P:1e-9	Tpos:94.7,Tstd:52.1,Bpos:102.4,Bstd:68.3,StrandBias:0.3,Multiplicity:1.26
0.342	0.166	0.273	0.218
0.028	0.591	0.141	0.240
0.137	0.280	0.130	0.453
0.238	0.281	0.095	0.386
0.499	0.335	0.094	0.071
0.094	0.290	0.089	0.527
0.097	0.153	0.609	0.141
0.159	0.011	0.141	0.689
0.352	0.448	0.138	0.062
0.001	0.001	0.997	0.001
>TAACCAYTAA	14-TAACCAYTAA	9.624197	-18.912713	0	T:21.0(1.70%),B:243.1(0.35%),P:1e-8	Tpos:86.6,Tstd:57.1,Bpos:101.3,Bstd:106.3,StrandBias:0.0,Multiplicity:1.14
0.001	0.001	0.042	0.956
0.681	0.001	0.203	0.115
0.599	0.399	0.001	0.001
0.171	0.827	0.001	0.001
0.001	0.836	0.162	0.001
0.715	0.200	0.084	0.001
0.009	0.509	0.063	0.419
0.122	0.001	0.001	0.876
0.997	0.001	0.001	0.001
0.686	0.144	0.081	0.089
>GGGGGGGGGG	15-GGGGGGGGGG	6.431466	-18.048230	0	T:62.0(5.02%),B:1585.4(2.28%),P:1e-7	Tpos:101.8,Tstd:51.5,Bpos:100.0,Bstd:61.1,StrandBias:-1.0,Multiplicity:1.15
0.111	0.108	0.658	0.123
0.068	0.082	0.667	0.183
0.085	0.051	0.754	0.110
0.085	0.022	0.860	0.033
0.059	0.022	0.744	0.175
0.077	0.032	0.726	0.165
0.117	0.001	0.735	0.147
0.053	0.012	0.701	0.234
0.154	0.011	0.575	0.260
0.139	0.030	0.579	0.252
>CTGTCTGTCT	16-CTGTCTGTCT	9.120592	-12.746570	0	T:33.0(2.67%),B:746.2(1.07%),P:1e-5	Tpos:114.7,Tstd:60.1,Bpos:100.9,Bstd:93.0,StrandBias:-0.3,Multiplicity:1.20
0.151	0.745	0.014	0.090
0.020	0.001	0.062	0.917
0.001	0.001	0.997	0.001
0.027	0.022	0.032	0.919
0.017	0.933	0.001	0.049
0.021	0.001	0.059	0.919
0.001	0.001	0.989	0.009
0.069	0.024	0.029	0.878
0.011	0.877	0.001	0.111
0.001	0.020	0.001	0.978
>ACTGAGCCCA	17-ACTGAGCCCA	11.712625	-11.419002	0	T:6.0(0.49%),B:27.0(0.04%),P:1e-4	Tpos:91.9,Tstd:56.5,Bpos:96.9,Bstd:29.9,StrandBias:-3.2,Multiplicity:1.67
0.997	0.001	0.001	0.001
0.001	0.997	0.001	0.001
0.001	0.140	0.001	0.858
0.001	0.001	0.997	0.001
0.997	0.001	0.001	0.001
0.001	0.001	0.852	0.146
0.001	0.997	0.001	0.001
0.001	0.997	0.001	0.001
0.001	0.997	0.001	0.001
0.997	0.001	0.001	0.001
>GATGATGATG	18-GATGATGATG	10.568737	-10.786743	0	T:13.0(1.05%),B:174.4(0.25%),P:1e-4	Tpos:129.5,Tstd:53.6,Bpos:90.7,Bstd:137.3,StrandBias:-1.0,Multiplicity:1.46
0.001	0.001	0.997	0.001
0.997	0.001	0.001	0.001
0.001	0.001	0.001	0.997
0.001	0.001	0.997	0.001
0.950	0.001	0.048	0.001
0.001	0.001	0.001	0.997
0.001	0.001	0.997	0.001
0.887	0.040	0.046	0.027
0.001	0.001	0.001	0.997
0.001	0.001	0.997	0.001
>TMTCTMTMTC	19-TMTCTMTMTC	5.996030	-10.771657	0	T:81.0(6.56%),B:2814.3(4.04%),P:1e-4	Tpos:109.6,Tstd:51.4,Bpos:95.2,Bstd:89.3,StrandBias:-0.0,Multiplicity:1.09
0.130	0.241	0.144	0.484
0.346	0.445	0.136	0.073
0.075	0.161	0.194	0.570
0.245	0.533	0.196	0.026
0.144	0.225	0.019	0.612
0.449	0.424	0.121	0.006
0.104	0.130	0.205	0.561
0.388	0.480	0.131	0.001
0.210	0.151	0.001	0.638
0.373	0.572	0.035	0.020
>ACATACAYAC	20-ACATACAYAC	10.566148	-7.905064	0	T:28.0(2.27%),B:766.3(1.10%),P:1e-3	Tpos:111.1,Tstd:62.8,Bpos:103.4,Bstd:93.2,StrandBias:-2.6,Multiplicity:1.18
0.934	0.012	0.027	0.027
0.028	0.954	0.010	0.008
0.656	0.311	0.018	0.015
0.029	0.342	0.125	0.504
0.978	0.001	0.008	0.013
0.010	0.920	0.038	0.032
0.630	0.334	0.020	0.016
0.036	0.357	0.105	0.502
0.951	0.021	0.027	0.001
0.001	0.979	0.011	0.009
>ACCTACCTAC	21-ACCTACCTAC	11.055281	-6.938252	0	T:4.0(0.32%),B:24.2(0.03%),P:1e-3	Tpos:112.2,Tstd:31.1,Bpos:93.9,Bstd:57.1,StrandBias:-2.1,Multiplicity:1.25
0.936	0.062	0.001	0.001
0.001	0.997	0.001	0.001
0.001	0.997	0.001	0.001
0.001	0.001	0.001	0.997
0.997	0.001	0.001	0.001
0.001	0.997	0.001	0.001
0.001	0.997	0.001	0.001
0.001	0.001	0.001	0.997
0.997	0.001	0.001	0.001
0.001	0.997	0.001	0.001
>ACGGACGGAC	22-ACGGACGGAC	11.681737	-6.159577	0	T:3.0(0.24%),B:14.5(0.02%),P:1e-2	Tpos:146.5,Tstd:19.0,Bpos:103.3,Bstd:34.6,StrandBias:-2.5,Multiplicity:1.00
0.997	0.001	0.001	0.001
0.001	0.997	0.001	0.001
0.001	0.001	0.997	0.001
0.001	0.001	0.997	0.001
0.882	0.116	0.001	0.001
0.001	0.997	0.001	0.001
0.001	0.001	0.997	0.001
0.001	0.001	0.997	0.001
0.997	0.001	0.001	0.001
0.001	0.997	0.001	0.001
>TATTACGGAG	23-TATTACGGAG	10.296193	-6.033778	0	T:2.0(0.16%),B:4.2(0.01%),P:1e-2	Tpos:99.0,Tstd:54.0,Bpos:114.5,Bstd:95.8,StrandBias:-2.3,Multiplicity:3.00
0.100	0.100	0.100	0.700
0.700	0.100	0.100	0.100
0.100	0.100	0.100	0.700
0.100	0.100	0.100	0.700
0.700	0.100	0.100	0.100
0.100	0.700	0.100	0.100
0.100	0.100	0.700	0.100
0.100	0.100	0.700	0.100
0.700	0.100	0.100	0.100
0.100	0.100	0.700	0.100
>GTACGAATAA	24-GTACGAATAA	10.296193	-5.965690	0	T:3.0(0.24%),B:15.1(0.02%),P:1e-2	Tpos:91.1,Tstd:51.3,Bpos:97.6,Bstd:44.9,StrandBias:2.8,Multiplicity:2.67
0.100	0.100	0.700	0.100
0.100	0.100	0.100	0.700
0.700	0.100	0.100	0.100
0.100	0.700	0.100	0.100
0.100	0.100	0.700	0.100
0.700	0.100	0.100	0.100
0.700	0.100	0.100	0.100
0.100	0.100	0.100	0.700
0.700	0.100	0.100	0.100
0.700	0.100	0.100	0.100
>TTATTATTAT	25-TTATTATTAT	10.296193	-2.133112	0	T:8.0(0.65%),B:274.3(0.39%),P:1e0	Tpos:130.1,Tstd:31.7,Bpos:114.7,Bstd:138.0,StrandBias:2.2,Multiplicity:1.00
0.100	0.100	0.100	0.700
0.100	0.100	0.100	0.700
0.700	0.100	0.100	0.100
0.100	0.100	0.100	0.700
0.100	0.100	0.100	0.700
0.700	0.100	0.100	0.100
0.100	0.100	0.100	0.700
0.100	0.100	0.100	0.700
0.700	0.100	0.100	0.100
0.100	0.100	0.100	0.700
>CTTAAAWTTTTD	1-CTTAAAWTTTTD	5.240843	-63.253809	0	T:749.0(60.70%),B:31406.3(45.12%),P:1e-27	Tpos:96.8,Tstd:55.4,Bpos:99.3,Bstd:115.5,StrandBias:0.1,Multiplicity:1.41
0.081	0.482	0.156	0.281
0.068	0.224	0.100	0.608
0.207	0.174	0.138	0.480
0.568	0.108	0.121	0.203
0.765	0.001	0.051	0.183
0.775	0.014	0.038	0.173
0.404	0.174	0.154	0.268
0.252	0.016	0.123	0.609
0.092	0.001	0.065	0.842
0.146	0.124	0.076	0.654
0.163	0.186	0.187	0.464
0.265	0.162	0.262	0.312
>AAATTTTTAAAA	2-AAATTTTTAAAA	6.418069	-59.456670	0	T:496.0(40.19%),B:18290.8(26.28%),P:1e-25	Tpos:100.9,Tstd:53.4,Bpos:100.4,Bstd:129.3,StrandBias:-0.1,Multiplicity:1.45
0.653	0.103	0.098	0.146
0.679	0.080	0.105	0.136
0.688	0.091	0.069	0.152
0.151	0.093	0.086	0.670
0.131	0.090	0.088	0.691
0.111	0.081	0.091	0.717
0.139	0.102	0.095	0.664
0.144	0.098	0.114	0.644
0.609	0.126	0.125	0.140
0.655	0.101	0.122	0.122
0.669	0.092	0.106	0.133
0.663	0.073	0.097	0.167
>AAAATCAAAAAT	3-AAAATCAAAAAT	8.876360	-51.130456	0	T:127.0(10.29%),B:2675.5(3.84%),P:1e-22	Tpos:102.3,Tstd:60.5,Bpos:101.3,Bstd:117.3,StrandBias:0.1,Multiplicity:1.04
0.923	0.001	0.001	0.075
0.846	0.010	0.095	0.049
0.979	0.001	0.019	0.001
0.693	0.105	0.018	0.184
0.011	0.080	0.016	0.893
0.107	0.694	0.198	0.001
0.829	0.050	0.001	0.120
0.663	0.081	0.230	0.026
0.863	0.079	0.040	0.018
0.824	0.009	0.001	0.166
0.833	0.040	0.040	0.087
0.112	0.134	0.037	0.717
>TATATTAAATDT	4-TATATTAAATDT	8.331641	-40.678682	0	T:128.0(10.37%),B:3084.5(4.43%),P:1e-17	Tpos:92.0,Tstd:51.4,Bpos:101.5,Bstd:114.8,StrandBias:0.3,Multiplicity:1.10
0.038	0.001	0.028	0.933
0.844	0.001	0.074	0.081
0.146	0.113	0.014	0.727
0.917	0.001	0.073	0.009
0.007	0.117	0.026	0.850
0.040	0.111	0.001	0.848
0.692	0.149	0.056	0.103
0.793	0.123	0.001	0.083
0.813	0.035	0.127	0.025
0.090	0.119	0.042	0.749
0.352	0.035	0.264	0.349
0.172	0.131	0.017	0.680
>TATATATATATA	5-TATATATATATA	15.080954	-37.317025	0	T:16.0(1.30%),B:39.4(0.06%),P:1e-16	Tpos:109.0,Tstd:64.7,Bpos:101.4,Bstd:144.0,StrandBias:0.0,Multiplicity:1.31
0.001	0.001	0.210	0.788
0.997	0.001	0.001	0.001
0.001	0.001	0.218	0.780
0.997	0.001	0.001	0.001
0.001	0.001	0.219	0.779
0.997	0.001	0.001	0.001
0.001	0.001	0.228	0.770
0.997	0.001	0.001	0.001
0.001	0.001	0.211	0.787
0.997	0.001	0.001	0.001
0.001	0.001	0.232	0.766
0.965	0.001	0.001	0.033
>CCACTTGTGGGG	6-CCACTTGTGGGG	14.097301	-36.786363	0	T:7.0(0.57%),B:2.0(0.00%),P:1e-15	Tpos:100.1,Tstd:67.7,Bpos:151.1,Bstd:36.6,StrandBias:0.4,Multiplicity:1.00
0.001	0.871	0.001	0.127
0.001	0.997	0.001	0.001
0.651	0.174	0.001	0.174
0.001	0.997	0.001	0.001
0.173	0.001	0.001	0.825
0.001	0.001	0.001	0.997
0.001	0.001	0.997	0.001
0.001	0.173	0.001	0.825
0.001	0.001	0.997	0.001
0.001	0.001	0.997	0.001
0.001	0.001	0.997	0.001
0.001	0.001	0.997	0.001
>TGCAAGTAGAAR	7-TGCAAGTAGAAR	11.911521	-29.789332	0	T:15.0(1.22%),B:53.2(0.08%),P:1e-12	Tpos:94.4,Tstd:62.9,Bpos:112.8,Bstd:80.9,StrandBias:0.0,Multiplicity:1.00
0.012	0.001	0.001	0.986
0.001	0.001	0.649	0.349
0.001	0.839	0.159	0.001
0.997	0.001	0.001	0.001
0.817	0.013	0.160	0.010
0.001	0.001	0.997	0.001
0.001	0.001	0.159	0.839
0.679	0.001	0.319	0.001
0.001	0.196	0.802	0.001
0.839	0.001	0.159	0.001
0.997	0.001	0.001	0.001
0.492	0.001	0.506	0.001
>GGGGGGGGGGGG	8-GGGGGGGGGGGG	7.279767	-28.682390	0	T:51.0(4.13%),B:865.1(1.24%),P:1e-12	Tpos:103.4,Tstd:51.5,Bpos:99.6,Bstd:60.0,StrandBias:-1.1,Multiplicity:1.04
0.089	0.078	0.682	0.151
0.095	0.075	0.693	0.137
0.091	0.072	0.747	0.090
0.124	0.048	0.771	0.057
0.110	0.048	0.755	0.087
0.060	0.042	0.812	0.086
0.102	0.036	0.782	0.080
0.072	0.036	0.835	0.057
0.093	0.048	0.753	0.106
0.067	0.020	0.780	0.133
0.114	0.037	0.715	0.134
0.147	0.056	0.677	0.120
>CCGACAGAAGCC	9-CCGACAGAAGCC	14.196107	-26.658830	0	T:6.0(0.49%),B:2.8(0.00%),P:1e-11	Tpos:136.0,Tstd:37.0,Bpos:104.3,Bstd:26.3,StrandBias:-1.3,Multiplicity:1.17
0.419	0.579	0.001	0.001
0.001	0.806	0.001	0.192
0.001	0.001	0.997	0.001
0.997	0.001	0.001	0.001
0.001	0.997	0.001	0.001
0.997	0.001	0.001	0.001
0.001	0.001	0.997	0.001
0.997	0.001	0.001	0.001
0.997	0.001	0.001	0.001
0.192	0.001	0.806	0.001
0.001	0.997	0.001	0.001
0.001	0.997	0.001	0.001
>AACTATTTTGGG	10-AACTATTTTGGG	13.143058	-23.975420	0	T:11.0(0.89%),B:33.3(0.05%),P:1e-10	Tpos:112.5,Tstd:54.7,Bpos:72.8,Bstd:88.5,StrandBias:1.4,Multiplicity:1.00
0.997	0.001	0.001	0.001
0.997	0.001	0.001	0.001
0.001	0.919	0.001	0.079
0.001	0.001	0.108	0.890
0.997	0.001	0.001	0.001
0.373	0.001	0.001	0.625
0.001	0.108	0.001	0.890
0.001	0.001	0.001	0.997
0.001	0.001	0.001	0.997
0.001	0.001	0.890	0.108
0.001	0.001	0.890	0.108
0.001	0.001	0.997	0.001
>TGAGTATTTATT	11-TGAGTATTTATT	14.279694	-19.327756	0	T:4.0(0.32%),B:1.5(0.00%),P:1e-8	Tpos:100.7,Tstd:53.7,Bpos:109.3,Bstd:33.9,StrandBias:-1.8,Multiplicity:2.25
0.001	0.001	0.001	0.997
0.001	0.001	0.997	0.001
0.997	0.001	0.001	0.001
0.001	0.001	0.997	0.001
0.098	0.001	0.001	0.900
0.997	0.001	0.001	0.001
0.001	0.001	0.001	0.997
0.001	0.001	0.001	0.997
0.001	0.001	0.001	0.997
0.997	0.001	0.001	0.001
0.001	0.001	0.001	0.997
0.001	0.001	0.001	0.997
>CGCMCACRCTCA	12-CGCMCACRCTCA	13.062849	-19.327756	0	T:4.0(0.32%),B:1.2(0.00%),P:1e-8	Tpos:77.1,Tstd:49.9,Bpos:110.8,Bstd:13.8,StrandBias:-3.0,Multiplicity:2.25
0.001	0.997	0.001	0.001
0.001	0.001	0.997	0.001
0.001	0.904	0.001	0.094
0.554	0.444	0.001	0.001
0.001	0.997	0.001	0.001
0.997	0.001	0.001	0.001
0.001	0.997	0.001	0.001
0.554	0.001	0.444	0.001
0.001	0.997	0.001	0.001
0.001	0.001	0.001	0.997
0.001	0.997	0.001	0.001
0.997	0.001	0.001	0.001
>AATTTCAAATAT	13-AATTTCAAATAT	14.702650	-17.609123	0	T:7.0(0.57%),B:16.0(0.02%),P:1e-7	Tpos:155.0,Tstd:39.7,Bpos:62.8,Bstd:47.7,StrandBias:1.0,Multiplicity:1.00
0.997	0.001	0.001	0.001
0.997	0.001	0.001	0.001
0.001	0.001	0.001	0.997
0.001	0.001	0.001	0.997
0.001	0.001	0.001	0.997
0.001	0.997	0.001	0.001
0.815	0.001	0.183	0.001
0.997	0.001	0.001	0.001
0.997	0.001	0.001	0.001
0.001	0.001	0.001	0.997
0.815	0.183	0.001	0.001
0.001	0.001	0.001	0.997
>GATGATGATGAT	14-GATGATGATGAT	12.739142	-17.031422	0	T:11.0(0.89%),B:65.3(0.09%),P:1e-7	Tpos:128.5,Tstd:53.9,Bpos:81.0,Bstd:139.5,StrandBias:-0.9,Multiplicity:1.55
0.001	0.001	0.975	0.023
0.903	0.033	0.015	0.049
0.001	0.001	0.032	0.966
0.001	0.001	0.966	0.032
0.940	0.001	0.027	0.032
0.001	0.001	0.001	0.997
0.001	0.001	0.966	0.032
0.966	0.001	0.032	0.001
0.001	0.001	0.001	0.997
0.001	0.001	0.972	0.026
0.896	0.001	0.032	0.071
0.001	0.015	0.001	0.983
>AATTTCATCATC	15-AATTTCATCATC	14.227226	-16.088354	0	T:5.0(0.41%),B:6.6(0.01%),P:1e-6	Tpos:118.4,Tstd:43.2,Bpos:68.9,Bstd:46.4,StrandBias:-1.3,Multiplicity:1.75
0.997	0.001	0.001	0.001
0.867	0.131	0.001	0.001
0.001	0.001	0.001	0.997
0.001	0.001	0.158	0.840
0.001	0.001	0.001	0.997
0.001	0.997	0.001	0.001
0.997	0.001	0.001	0.001
0.158	0.001	0.001	0.840
0.001	0.997	0.001	0.001
0.997	0.001	0.001	0.001
0.001	0.001	0.001	0.997
0.001	0.997	0.001	0.001
>TVTMTSTMTVTM	16-TVTMTSTMTVTM	9.299964	-15.832963	0	T:32.0(2.59%),B:614.1(0.88%),P:1e-6	Tpos:111.9,Tstd:51.5,Bpos:91.4,Bstd:106.9,StrandBias:0.8,Multiplicity:1.19
0.020	0.011	0.049	0.920
0.282	0.395	0.259	0.064
0.051	0.043	0.074	0.832
0.521	0.382	0.001	0.096
0.149	0.084	0.001	0.766
0.207	0.368	0.343	0.081
0.095	0.049	0.005	0.851
0.436	0.382	0.086	0.096
0.171	0.092	0.027	0.710
0.317	0.318	0.302	0.063
0.086	0.082	0.033	0.799
0.451	0.360	0.072	0.117
>TAATGGTCATGA	17-TAATGGTCATGA	14.521169	-14.961545	0	T:4.0(0.32%),B:3.9(0.01%),P:1e-6	Tpos:60.6,Tstd:40.5,Bpos:34.5,Bstd:20.8,StrandBias:0.4,Multiplicity:1.00
0.001	0.001	0.001	0.997
0.997	0.001	0.001	0.001
0.997	0.001	0.001	0.001
0.001	0.001	0.001	0.997
0.001	0.001	0.997	0.001
0.001	0.001	0.852	0.146
0.001	0.001	0.001	0.997
0.001	0.852	0.001	0.146
0.997	0.001	0.001	0.001
0.001	0.001	0.001	0.997
0.001	0.001	0.997	0.001
0.997	0.001	0.001	0.001
>TAATAATAATAA	18-TAATAATAATAA	13.460140	-14.758581	0	T:10.0(0.81%),B:65.0(0.09%),P:1e-6	Tpos:132.5,Tstd:42.9,Bpos:90.3,Bstd:131.7,StrandBias:-1.1,Multiplicity:1.00
0.033	0.001	0.001	0.965
0.926	0.072	0.001	0.001
0.997	0.001	0.001	0.001
0.001	0.001	0.001	0.997
0.861	0.080	0.001	0.058
0.889	0.109	0.001	0.001
0.001	0.001	0.001	0.997
0.997	0.001	0.001	0.001
0.997	0.001	0.001	0.001
0.001	0.001	0.001	0.997
0.926	0.001	0.072	0.001
0.997	0.001	0.001	0.001
>AGACTCCGTAAT	19-AGACTCCGTAAT	14.521169	-13.905477	0	T:3.0(0.24%),B:0.8(0.00%),P:1e-6	Tpos:114.4,Tstd:50.6,Bpos:91.4,Bstd:35.4,StrandBias:2.6,Multiplicity:2.33
0.997	0.001	0.001	0.001
0.146	0.001	0.852	0.001
0.997	0.001	0.001	0.001
0.001	0.997	0.001	0.001
0.001	0.001	0.001	0.997
0.001	0.997	0.001	0.001
0.001	0.997	0.001	0.001
0.001	0.001	0.852	0.146
0.001	0.001	0.001	0.997
0.997	0.001	0.001	0.001
0.997	0.001	0.001	0.001
0.001	0.001	0.001	0.997
>CGCCGCATTCAA	20-CGCCGCATTCAA	9.766274	-13.853386	0	T:17.0(1.38%),B:224.1(0.32%),P:1e-6	Tpos:84.1,Tstd:53.0,Bpos:103.7,Bstd:62.6,StrandBias:-1.6,Multiplicity:1.41
0.001	0.759	0.003	0.237
0.001	0.001	0.970	0.028
0.119	0.622	0.001	0.258
0.122	0.871	0.001	0.006
0.128	0.119	0.622	0.131
0.001	0.639	0.356	0.004
0.994	0.001	0.001	0.004
0.258	0.119	0.001	0.622
0.121	0.001	0.001	0.877
0.001	0.996	0.002	0.001
0.996	0.001	0.002	0.001
0.996	0.001	0.002	0.001
>CCGTCCGTCCGT	21-CCGTCCGTCCGT	10.756587	-12.579914	0	T:9.0(0.73%),B:65.7(0.09%),P:1e-5	Tpos:137.5,Tstd:33.5,Bpos:108.2,Bstd:69.7,StrandBias:1.1,Multiplicity:1.11
0.001	0.751	0.247	0.001
0.229	0.769	0.001	0.001
0.001	0.123	0.753	0.123
0.001	0.001	0.001	0.997
0.001	0.997	0.001	0.001
0.124	0.628	0.124	0.124
0.001	0.123	0.875	0.001
0.001	0.001	0.123	0.875
0.001	0.896	0.102	0.001
0.001	0.750	0.123	0.126
0.123	0.001	0.753	0.123
0.001	0.001	0.001	0.997
>CTGTCTGTCTGT	22-CTGTCTGTCTGT	9.337492	-10.961987	0	T:36.0(2.92%),B:927.0(1.33%),P:1e-4	Tpos:107.7,Tstd:60.2,Bpos:100.0,Bstd:73.4,StrandBias:-0.9,Multiplicity:1.31
0.057	0.764	0.119	0.060
0.031	0.028	0.085	0.856
0.028	0.059	0.912	0.001
0.052	0.012	0.085	0.851
0.108	0.693	0.066	0.133
0.023	0.001	0.001	0.975
0.052	0.021	0.880	0.047
0.094	0.029	0.080	0.797
0.049	0.780	0.023	0.148
0.047	0.028	0.042	0.883
0.071	0.119	0.763	0.047
0.072	0.074	0.001	0.853
>GTAGGTAGGTAG	23-GTAGGTAGGTAG	13.434829	-8.771100	0	T:2.0(0.16%),B:1.9(0.00%),P:1e-3	Tpos:102.4,Tstd:24.4,Bpos:93.0,Bstd:35.4,StrandBias:4.0,Multiplicity:2.00
0.001	0.001	0.997	0.001
0.001	0.001	0.001	0.997
0.997	0.001	0.001	0.001
0.001	0.001	0.997	0.001
0.044	0.001	0.954	0.001
0.001	0.001	0.001	0.997
0.997	0.001	0.001	0.001
0.001	0.001	0.997	0.001
0.001	0.001	0.997	0.001
0.001	0.001	0.044	0.954
0.997	0.001	0.001	0.001
0.001	0.001	0.997	0.001
>YGCGCGYGYGTG	24-YGCGCGYGYGTG	6.635259	-7.007021	0	T:13.0(1.05%),B:258.2(0.37%),P:1e-3	Tpos:129.0,Tstd:60.0,Bpos:105.0,Bstd:44.7,StrandBias:-0.2,Multiplicity:1.00
0.001	0.541	0.001	0.457
0.001	0.001	0.997	0.001
0.001	0.641	0.001	0.357
0.001	0.001	0.997	0.001
0.001	0.686	0.001	0.312
0.001	0.001	0.997	0.001
0.001	0.453	0.001	0.545
0.001	0.001	0.997	0.001
0.001	0.524	0.001	0.474
0.001	0.001	0.997	0.001
0.001	0.358	0.001	0.640
0.001	0.001	0.997	0.001
>GAGCCCAGCTCA	25-GAGCCCAGCTCA	12.355432	-4.041519	0	T:1.0(0.08%),B:0.6(0.00%),P:1e-1	Tpos:87.6,Tstd:56.9,Bpos:46.0,Bstd:0.0,StrandBias:-10.0,Multiplicity:5.00
0.100	0.100	0.700	0.100
0.700	0.100	0.100	0.100
0.100	0.100	0.700	0.100
0.100	0.700	0.100	0.100
0.100	0.700	0.100	0.100
0.100	0.700	0.100	0.100
0.700	0.100	0.100	0.100
0.100	0.100	0.700	0.100
0.100	0.700	0.100	0.100
0.100	0.100	0.100	0.700
0.100	0.700	0.100	0.100
0.700	0.100	0.100	0.100
>AAAAATTT	1-AAAAATTT	5.677764	-71.081180	0	T:583.0(47.24%),B:21797.0(31.31%),P:1e-30	Tpos:101.9,Tstd:54.6,Bpos:99.1,Bstd:123.9,StrandBias:-0.0,Multiplicity:1.51
0.808	0.103	0.001	0.088
0.916	0.037	0.046	0.001
0.926	0.037	0.001	0.036
0.997	0.001	0.001	0.001
0.786	0.085	0.061	0.068
0.047	0.031	0.027	0.895
0.100	0.001	0.044	0.855
0.070	0.001	0.071	0.858
>TTAAAAAT	2-TTAAAAAT	5.712509	-60.260541	0	T:644.0(52.19%),B:25886.5(37.19%),P:1e-26	Tpos:100.8,Tstd:55.6,Bpos:100.4,Bstd:113.4,StrandBias:0.1,Multiplicity:1.38
0.096	0.021	0.001	0.882
0.072	0.157	0.113	0.658
0.799	0.092	0.061	0.048
0.974	0.001	0.024	0.001
0.984	0.001	0.014	0.001
0.903	0.001	0.042	0.054
0.845	0.033	0.038	0.084
0.048	0.001	0.001	0.950
>YCAGAWAT	3-YCAGAWAT	5.377161	-50.009200	0	T:372.0(30.15%),B:13001.3(18.68%),P:1e-21	Tpos:102.5,Tstd:58.1,Bpos:99.8,Bstd:101.4,StrandBias:0.0,Multiplicity:1.20
0.235	0.425	0.025	0.315
0.206	0.631	0.054	0.109
0.523	0.296	0.104	0.077
0.154	0.133	0.502	0.211
0.970	0.003	0.008	0.019
0.428	0.153	0.024	0.395
0.719	0.217	0.015	0.049
0.083	0.225	0.099	0.593
>AATTTCGT	4-AATTTCGT	5.487669	-47.378317	0	T:406.0(32.90%),B:14830.5(21.30%),P:1e-20	Tpos:103.5,Tstd:57.1,Bpos:100.6,Bstd:108.8,StrandBias:-0.1,Multiplicity:1.25
0.479	0.084	0.166	0.272
0.452	0.067	0.215	0.266
0.331	0.173	0.001	0.496
0.121	0.001	0.001	0.877
0.001	0.093	0.001	0.905
0.108	0.560	0.185	0.147
0.270	0.058	0.671	0.001
0.137	0.084	0.218	0.561
>ABTTTHWG	5-ABTTTHWG	5.334176	-39.857765	0	T:617.0(50.00%),B:26408.6(37.94%),P:1e-17	Tpos:94.5,Tstd:56.7,Bpos:99.2,Bstd:103.9,StrandBias:-0.1,Multiplicity:1.28
0.761	0.237	0.001	0.001
0.082	0.261	0.308	0.349
0.001	0.001	0.154	0.844
0.164	0.001	0.001	0.834
0.148	0.117	0.070	0.665
0.361	0.365	0.001	0.272
0.305	0.185	0.149	0.362
0.001	0.338	0.536	0.125
>AAAAAATA	6-AAAAAATA	6.688130	-36.716452	0	T:426.0(34.52%),B:16763.4(24.08%),P:1e-15	Tpos:107.6,Tstd:56.6,Bpos:100.7,Bstd:123.3,StrandBias:0.2,Multiplicity:1.13
0.974	0.012	0.008	0.006
0.954	0.008	0.034	0.004
0.674	0.004	0.145	0.177
0.893	0.001	0.007	0.099
0.796	0.154	0.005	0.045
0.793	0.080	0.124	0.003
0.043	0.001	0.001	0.955
0.873	0.078	0.048	0.001
>GCAATATT	7-GCAATATT	7.893208	-27.812491	0	T:129.0(10.45%),B:3724.3(5.35%),P:1e-12	Tpos:95.3,Tstd:53.4,Bpos:101.3,Bstd:105.8,StrandBias:0.1,Multiplicity:1.06
0.062	0.001	0.936	0.001
0.101	0.829	0.001	0.069
0.980	0.001	0.018	0.001
0.964	0.001	0.034	0.001
0.024	0.244	0.026	0.706
0.972	0.026	0.001	0.001
0.078	0.001	0.001	0.920
0.139	0.001	0.135	0.725
>ATGTCGAG	8-ATGTCGAG	6.775805	-27.345525	0	T:138.0(11.18%),B:4120.0(5.92%),P:1e-11	Tpos:94.1,Tstd:55.4,Bpos:98.2,Bstd:86.4,StrandBias:0.2,Multiplicity:1.06
0.851	0.072	0.043	0.034
0.080	0.001	0.021	0.898
0.001	0.001	0.942	0.056
0.026	0.001	0.001	0.972
0.067	0.867	0.001	0.065
0.109	0.001	0.835	0.055
0.881	0.001	0.117	0.001
0.146	0.001	0.750	0.103
>GGGGGGGG	9-GGGGGGGG	6.896342	-24.228030	0	T:48.0(3.89%),B:886.2(1.27%),P:1e-10	Tpos:104.4,Tstd:51.5,Bpos:99.9,Bstd:61.2,StrandBias:-1.0,Multiplicity:1.10
0.101	0.052	0.834	0.013
0.014	0.001	0.974	0.011
0.023	0.008	0.928	0.041
0.001	0.001	0.997	0.001
0.001	0.001	0.997	0.001
0.001	0.014	0.984	0.001
0.001	0.001	0.997	0.001
0.016	0.023	0.828	0.133
>TAKTAAAT	10-TAKTAAAT	4.824428	-23.850147	0	T:175.0(14.18%),B:5952.4(8.55%),P:1e-10	Tpos:98.1,Tstd:54.8,Bpos:100.2,Bstd:113.8,StrandBias:-0.2,Multiplicity:1.09
0.001	0.001	0.001	0.997
0.997	0.001	0.001	0.001
0.001	0.101	0.442	0.456
0.007	0.001	0.001	0.991
0.997	0.001	0.001	0.001
0.997	0.001	0.001	0.001
0.662	0.001	0.336	0.001
0.001	0.001	0.088	0.910
>GATGGAAT	11-GATGGAAT	7.540719	-17.370697	0	T:101.0(8.18%),B:3193.6(4.59%),P:1e-7	Tpos:102.2,Tstd:56.4,Bpos:99.6,Bstd:91.8,StrandBias:-0.2,Multiplicity:1.05
0.001	0.001	0.908	0.090
0.961	0.001	0.001	0.037
0.001	0.015	0.001	0.983
0.001	0.322	0.676	0.001
0.169	0.001	0.829	0.001
0.997	0.001	0.001	0.001
0.839	0.001	0.136	0.024
0.277	0.001	0.001	0.721
>GACCGACA	12-GACCGACA	5.595484	-17.291542	0	T:202.0(16.37%),B:7791.6(11.19%),P:1e-7	Tpos:104.3,Tstd:58.7,Bpos:100.5,Bstd:76.7,StrandBias:-0.0,Multiplicity:1.28
0.035	0.030	0.822	0.113
0.725	0.119	0.049	0.107
0.067	0.742	0.080	0.111
0.062	0.639	0.263	0.036
0.052	0.110	0.791	0.047
0.884	0.029	0.039	0.048
0.071	0.780	0.099	0.050
0.626	0.095	0.165	0.114
>TATATATA	13-TATATATA	8.236954	-14.024878	0	T:29.0(2.35%),B:570.7(0.82%),P:1e-6	Tpos:107.9,Tstd:65.6,Bpos:101.5,Bstd:121.7,StrandBias:0.0,Multiplicity:1.28
0.100	0.100	0.100	0.700
0.700	0.100	0.100	0.100
0.100	0.100	0.100	0.700
0.700	0.100	0.100	0.100
0.100	0.100	0.100	0.700
0.700	0.100	0.100	0.100
0.100	0.100	0.100	0.700
0.700	0.100	0.100	0.100
>GAGAGAGA	14-GAGAGAGA	6.510798	-11.539336	0	T:133.0(10.78%),B:5132.9(7.37%),P:1e-5	Tpos:109.3,Tstd:51.4,Bpos:98.3,Bstd:100.0,StrandBias:-0.1,Multiplicity:1.08
0.001	0.001	0.757	0.241
0.997	0.001	0.001	0.001
0.001	0.001	0.764	0.234
0.997	0.001	0.001	0.001
0.001	0.001	0.757	0.241
0.997	0.001	0.001	0.001
0.001	0.001	0.764	0.234
0.997	0.001	0.001	0.001
>TGAACTGG	15-TGAACTGG	8.236954	-10.796087	0	T:20.0(1.62%),B:375.3(0.54%),P:1e-4	Tpos:115.5,Tstd:56.0,Bpos:101.7,Bstd:68.5,StrandBias:-0.3,Multiplicity:1.05
0.100	0.100	0.100	0.700
0.100	0.100	0.700	0.100
0.700	0.100	0.100	0.100
0.700	0.100	0.100	0.100
0.100	0.700	0.100	0.100
0.100	0.100	0.100	0.700
0.100	0.100	0.700	0.100
0.100	0.100	0.700	0.100
>GRGCCCRG	16-GRGCCCRG	6.262777	-7.992331	0	T:79.0(6.40%),B:2979.1(4.28%),P:1e-3	Tpos:100.0,Tstd:53.7,Bpos:101.4,Bstd:61.4,StrandBias:0.1,Multiplicity:1.20
0.001	0.001	0.937	0.061
0.423	0.036	0.540	0.001
0.111	0.316	0.572	0.001
0.001	0.944	0.054	0.001
0.001	0.500	0.196	0.303
0.055	0.643	0.001	0.301
0.459	0.015	0.525	0.001
0.005	0.004	0.662	0.329
>TGATGATG	17-TGATGATG	8.236954	-6.308522	0	T:30.0(2.43%),B:937.2(1.35%),P:1e-2	Tpos:123.6,Tstd:51.5,Bpos:93.5,Bstd:93.0,StrandBias:-0.6,Multiplicity:1.25
0.100	0.100	0.100	0.700
0.100	0.100	0.700	0.100
0.700	0.100	0.100	0.100
0.100	0.100	0.100	0.700
0.100	0.100	0.700	0.100
0.700	0.100	0.100	0.100
0.100	0.100	0.100	0.700
0.100	0.100	0.700	0.100
>GTGYGTGT	18-GTGYGTGT	8.570739	-5.739074	0	T:13.0(1.05%),B:299.6(0.43%),P:1e-2	Tpos:115.8,Tstd:49.9,Bpos:104.3,Bstd:55.6,StrandBias:0.2,Multiplicity:1.00
0.001	0.001	0.887	0.111
0.153	0.239	0.001	0.607
0.001	0.001	0.997	0.001
0.001	0.511	0.001	0.487
0.001	0.001	0.865	0.133
0.001	0.407	0.001	0.591
0.153	0.177	0.669	0.001
0.001	0.140	0.001	0.858
>CCTACCTA	19-CCTACCTA	8.236954	-3.146361	0	T:6.0(0.49%),B:142.8(0.21%),P:1e-1	Tpos:106.6,Tstd:34.2,Bpos:101.8,Bstd:56.3,StrandBias:-1.8,Multiplicity:3.83
0.100	0.700	0.100	0.100
0.100	0.700	0.100	0.100
0.100	0.100	0.100	0.700
0.700	0.100	0.100	0.100
0.100	0.700	0.100	0.100
0.100	0.700	0.100	0.100
0.100	0.100	0.100	0.700
0.700	0.100	0.100	0.100
>ATACATAC	20-ATACATAC	8.236954	-3.141233	0	T:26.0(2.11%),B:1015.8(1.46%),P:1e-1	Tpos:104.7,Tstd:57.6,Bpos:100.3,Bstd:121.4,StrandBias:-4.6,Multiplicity:4.92
0.700	0.100	0.100	0.100
0.100	0.100	0.100	0.700
0.700	0.100	0.100	0.100
0.100	0.700	0.100	0.100
0.700	0.100	0.100	0.100
0.100	0.100	0.100	0.700
0.700	0.100	0.100	0.100
0.100	0.700	0.100	0.100
>TGTGTGTG	21-TGTGTGTG	8.236954	-1.358718	0	T:25.0(2.03%),B:1218.9(1.75%),P:1e0	Tpos:124.2,Tstd:66.7,Bpos:99.3,Bstd:71.3,StrandBias:1.2,Multiplicity:1.00
0.100	0.100	0.100	0.700
0.100	0.100	0.700	0.100
0.100	0.100	0.100	0.700
0.100	0.100	0.700	0.100
0.100	0.100	0.100	0.700
0.100	0.100	0.700	0.100
0.100	0.100	0.100	0.700
0.100	0.100	0.700	0.100
