>AAAAATTT	1-AAAAATTT	5.677764	-71.081180	0	T:583.0(47.24%),B:21797.0(31.31%),P:1e-30	Tpos:101.9,Tstd:54.6,Bpos:99.1,Bstd:123.9,StrandBias:-0.0,Multiplicity:1.51
0.808	0.103	0.001	0.088
0.916	0.037	0.046	0.001
0.926	0.037	0.001	0.036
0.997	0.001	0.001	0.001
0.786	0.085	0.061	0.068
0.047	0.031	0.027	0.895
0.100	0.001	0.044	0.855
0.070	0.001	0.071	0.858
>TTAAAAAT	2-TTAAAAAT	5.712509	-60.260541	0	T:644.0(52.19%),B:25886.5(37.19%),P:1e-26	Tpos:100.8,Tstd:55.6,Bpos:100.4,Bstd:113.4,StrandBias:0.1,Multiplicity:1.38
0.096	0.021	0.001	0.882
0.072	0.157	0.113	0.658
0.799	0.092	0.061	0.048
0.974	0.001	0.024	0.001
0.984	0.001	0.014	0.001
0.903	0.001	0.042	0.054
0.845	0.033	0.038	0.084
0.048	0.001	0.001	0.950
>YCAGAWAT	3-YCAGAWAT	5.377161	-50.009200	0	T:372.0(30.15%),B:13001.3(18.68%),P:1e-21	Tpos:102.5,Tstd:58.1,Bpos:99.8,Bstd:101.4,StrandBias:0.0,Multiplicity:1.20
0.235	0.425	0.025	0.315
0.206	0.631	0.054	0.109
0.523	0.296	0.104	0.077
0.154	0.133	0.502	0.211
0.970	0.003	0.008	0.019
0.428	0.153	0.024	0.395
0.719	0.217	0.015	0.049
0.083	0.225	0.099	0.593
>AATTTCGT	4-AATTTCGT	5.487669	-47.378317	0	T:406.0(32.90%),B:14830.5(21.30%),P:1e-20	Tpos:103.5,Tstd:57.1,Bpos:100.6,Bstd:108.8,StrandBias:-0.1,Multiplicity:1.25
0.479	0.084	0.166	0.272
0.452	0.067	0.215	0.266
0.331	0.173	0.001	0.496
0.121	0.001	0.001	0.877
0.001	0.093	0.001	0.905
0.108	0.560	0.185	0.147
0.270	0.058	0.671	0.001
0.137	0.084	0.218	0.561
>ABTTTHWG	5-ABTTTHWG	5.334176	-39.857765	0	T:617.0(50.00%),B:26408.6(37.94%),P:1e-17	Tpos:94.5,Tstd:56.7,Bpos:99.2,Bstd:103.9,StrandBias:-0.1,Multiplicity:1.28
0.761	0.237	0.001	0.001
0.082	0.261	0.308	0.349
0.001	0.001	0.154	0.844
0.164	0.001	0.001	0.834
0.148	0.117	0.070	0.665
0.361	0.365	0.001	0.272
0.305	0.185	0.149	0.362
0.001	0.338	0.536	0.125
>AAAAAATA	6-AAAAAATA	6.688130	-36.716452	0	T:426.0(34.52%),B:16763.4(24.08%),P:1e-15	Tpos:107.6,Tstd:56.6,Bpos:100.7,Bstd:123.3,StrandBias:0.2,Multiplicity:1.13
0.974	0.012	0.008	0.006
0.954	0.008	0.034	0.004
0.674	0.004	0.145	0.177
0.893	0.001	0.007	0.099
0.796	0.154	0.005	0.045
0.793	0.080	0.124	0.003
0.043	0.001	0.001	0.955
0.873	0.078	0.048	0.001
>GCAATATT	7-GCAATATT	7.893208	-27.812491	0	T:129.0(10.45%),B:3724.3(5.35%),P:1e-12	Tpos:95.3,Tstd:53.4,Bpos:101.3,Bstd:105.8,StrandBias:0.1,Multiplicity:1.06
0.062	0.001	0.936	0.001
0.101	0.829	0.001	0.069
0.980	0.001	0.018	0.001
0.964	0.001	0.034	0.001
0.024	0.244	0.026	0.706
0.972	0.026	0.001	0.001
0.078	0.001	0.001	0.920
0.139	0.001	0.135	0.725
>ATGTCGAG	8-ATGTCGAG	6.775805	-27.345525	0	T:138.0(11.18%),B:4120.0(5.92%),P:1e-11	Tpos:94.1,Tstd:55.4,Bpos:98.2,Bstd:86.4,StrandBias:0.2,Multiplicity:1.06
0.851	0.072	0.043	0.034
0.080	0.001	0.021	0.898
0.001	0.001	0.942	0.056
0.026	0.001	0.001	0.972
0.067	0.867	0.001	0.065
0.109	0.001	0.835	0.055
0.881	0.001	0.117	0.001
0.146	0.001	0.750	0.103
>GGGGGGGG	9-GGGGGGGG	6.896342	-24.228030	0	T:48.0(3.89%),B:886.2(1.27%),P:1e-10	Tpos:104.4,Tstd:51.5,Bpos:99.9,Bstd:61.2,StrandBias:-1.0,Multiplicity:1.10
0.101	0.052	0.834	0.013
0.014	0.001	0.974	0.011
0.023	0.008	0.928	0.041
0.001	0.001	0.997	0.001
0.001	0.001	0.997	0.001
0.001	0.014	0.984	0.001
0.001	0.001	0.997	0.001
0.016	0.023	0.828	0.133
>TAKTAAAT	10-TAKTAAAT	4.824428	-23.850147	0	T:175.0(14.18%),B:5952.4(8.55%),P:1e-10	Tpos:98.1,Tstd:54.8,Bpos:100.2,Bstd:113.8,StrandBias:-0.2,Multiplicity:1.09
0.001	0.001	0.001	0.997
0.997	0.001	0.001	0.001
0.001	0.101	0.442	0.456
0.007	0.001	0.001	0.991
0.997	0.001	0.001	0.001
0.997	0.001	0.001	0.001
0.662	0.001	0.336	0.001
0.001	0.001	0.088	0.910
>GATGGAAT	11-GATGGAAT	7.540719	-17.370697	0	T:101.0(8.18%),B:3193.6(4.59%),P:1e-7	Tpos:102.2,Tstd:56.4,Bpos:99.6,Bstd:91.8,StrandBias:-0.2,Multiplicity:1.05
0.001	0.001	0.908	0.090
0.961	0.001	0.001	0.037
0.001	0.015	0.001	0.983
0.001	0.322	0.676	0.001
0.169	0.001	0.829	0.001
0.997	0.001	0.001	0.001
0.839	0.001	0.136	0.024
0.277	0.001	0.001	0.721
>GACCGACA	12-GACCGACA	5.595484	-17.291542	0	T:202.0(16.37%),B:7791.6(11.19%),P:1e-7	Tpos:104.3,Tstd:58.7,Bpos:100.5,Bstd:76.7,StrandBias:-0.0,Multiplicity:1.28
0.035	0.030	0.822	0.113
0.725	0.119	0.049	0.107
0.067	0.742	0.080	0.111
0.062	0.639	0.263	0.036
0.052	0.110	0.791	0.047
0.884	0.029	0.039	0.048
0.071	0.780	0.099	0.050
0.626	0.095	0.165	0.114
>TATATATA	13-TATATATA	8.236954	-14.024878	0	T:29.0(2.35%),B:570.7(0.82%),P:1e-6	Tpos:107.9,Tstd:65.6,Bpos:101.5,Bstd:121.7,StrandBias:0.0,Multiplicity:1.28
0.100	0.100	0.100	0.700
0.700	0.100	0.100	0.100
0.100	0.100	0.100	0.700
0.700	0.100	0.100	0.100
0.100	0.100	0.100	0.700
0.700	0.100	0.100	0.100
0.100	0.100	0.100	0.700
0.700	0.100	0.100	0.100
>GAGAGAGA	14-GAGAGAGA	6.510798	-11.539336	0	T:133.0(10.78%),B:5132.9(7.37%),P:1e-5	Tpos:109.3,Tstd:51.4,Bpos:98.3,Bstd:100.0,StrandBias:-0.1,Multiplicity:1.08
0.001	0.001	0.757	0.241
0.997	0.001	0.001	0.001
0.001	0.001	0.764	0.234
0.997	0.001	0.001	0.001
0.001	0.001	0.757	0.241
0.997	0.001	0.001	0.001
0.001	0.001	0.764	0.234
0.997	0.001	0.001	0.001
>TGAACTGG	15-TGAACTGG	8.236954	-10.796087	0	T:20.0(1.62%),B:375.3(0.54%),P:1e-4	Tpos:115.5,Tstd:56.0,Bpos:101.7,Bstd:68.5,StrandBias:-0.3,Multiplicity:1.05
0.100	0.100	0.100	0.700
0.100	0.100	0.700	0.100
0.700	0.100	0.100	0.100
0.700	0.100	0.100	0.100
0.100	0.700	0.100	0.100
0.100	0.100	0.100	0.700
0.100	0.100	0.700	0.100
0.100	0.100	0.700	0.100
>GRGCCCRG	16-GRGCCCRG	6.262777	-7.992331	0	T:79.0(6.40%),B:2979.1(4.28%),P:1e-3	Tpos:100.0,Tstd:53.7,Bpos:101.4,Bstd:61.4,StrandBias:0.1,Multiplicity:1.20
0.001	0.001	0.937	0.061
0.423	0.036	0.540	0.001
0.111	0.316	0.572	0.001
0.001	0.944	0.054	0.001
0.001	0.500	0.196	0.303
0.055	0.643	0.001	0.301
0.459	0.015	0.525	0.001
0.005	0.004	0.662	0.329
>TGATGATG	17-TGATGATG	8.236954	-6.308522	0	T:30.0(2.43%),B:937.2(1.35%),P:1e-2	Tpos:123.6,Tstd:51.5,Bpos:93.5,Bstd:93.0,StrandBias:-0.6,Multiplicity:1.25
0.100	0.100	0.100	0.700
0.100	0.100	0.700	0.100
0.700	0.100	0.100	0.100
0.100	0.100	0.100	0.700
0.100	0.100	0.700	0.100
0.700	0.100	0.100	0.100
0.100	0.100	0.100	0.700
0.100	0.100	0.700	0.100
>GTGYGTGT	18-GTGYGTGT	8.570739	-5.739074	0	T:13.0(1.05%),B:299.6(0.43%),P:1e-2	Tpos:115.8,Tstd:49.9,Bpos:104.3,Bstd:55.6,StrandBias:0.2,Multiplicity:1.00
0.001	0.001	0.887	0.111
0.153	0.239	0.001	0.607
0.001	0.001	0.997	0.001
0.001	0.511	0.001	0.487
0.001	0.001	0.865	0.133
0.001	0.407	0.001	0.591
0.153	0.177	0.669	0.001
0.001	0.140	0.001	0.858
>CCTACCTA	19-CCTACCTA	8.236954	-3.146361	0	T:6.0(0.49%),B:142.8(0.21%),P:1e-1	Tpos:106.6,Tstd:34.2,Bpos:101.8,Bstd:56.3,StrandBias:-1.8,Multiplicity:3.83
0.100	0.700	0.100	0.100
0.100	0.700	0.100	0.100
0.100	0.100	0.100	0.700
0.700	0.100	0.100	0.100
0.100	0.700	0.100	0.100
0.100	0.700	0.100	0.100
0.100	0.100	0.100	0.700
0.700	0.100	0.100	0.100
>ATACATAC	20-ATACATAC	8.236954	-3.141233	0	T:26.0(2.11%),B:1015.8(1.46%),P:1e-1	Tpos:104.7,Tstd:57.6,Bpos:100.3,Bstd:121.4,StrandBias:-4.6,Multiplicity:4.92
0.700	0.100	0.100	0.100
0.100	0.100	0.100	0.700
0.700	0.100	0.100	0.100
0.100	0.700	0.100	0.100
0.700	0.100	0.100	0.100
0.100	0.100	0.100	0.700
0.700	0.100	0.100	0.100
0.100	0.700	0.100	0.100
>TGTGTGTG	21-TGTGTGTG	8.236954	-1.358718	0	T:25.0(2.03%),B:1218.9(1.75%),P:1e0	Tpos:124.2,Tstd:66.7,Bpos:99.3,Bstd:71.3,StrandBias:1.2,Multiplicity:1.00
0.100	0.100	0.100	0.700
0.100	0.100	0.700	0.100
0.100	0.100	0.100	0.700
0.100	0.100	0.700	0.100
0.100	0.100	0.100	0.700
0.100	0.100	0.700	0.100
0.100	0.100	0.100	0.700
0.100	0.100	0.700	0.100
