>AAAAATTT	1-AAAAATTT	6.278011	-79.441382	0	T:615.0(44.96%),B:20275.7(29.16%),P:1e-34	Tpos:105.1,Tstd:53.7,Bpos:99.5,Bstd:136.7,StrandBias:-0.1,Multiplicity:1.44
0.531	0.249	0.118	0.102
0.997	0.001	0.001	0.001
0.997	0.001	0.001	0.001
0.997	0.001	0.001	0.001
0.654	0.107	0.080	0.159
0.218	0.001	0.001	0.780
0.169	0.001	0.001	0.829
0.086	0.054	0.123	0.737
>CAAGATTT	2-CAAGATTT	5.242719	-68.231090	0	T:661.0(48.32%),B:23200.0(33.36%),P:1e-29	Tpos:100.7,Tstd:55.3,Bpos:100.3,Bstd:97.5,StrandBias:-0.0,Multiplicity:1.25
0.051	0.786	0.084	0.079
0.693	0.103	0.107	0.097
0.726	0.156	0.039	0.079
0.145	0.041	0.774	0.040
0.826	0.033	0.050	0.091
0.134	0.124	0.053	0.689
0.170	0.062	0.135	0.633
0.022	0.065	0.036	0.877
>HBAAAWWT	3-HBAAAWWT	4.490497	-64.363429	0	T:992.0(72.51%),B:40399.1(58.09%),P:1e-27	Tpos:100.3,Tstd:56.5,Bpos:98.4,Bstd:115.7,StrandBias:-0.1,Multiplicity:1.41
0.368	0.240	0.113	0.280
0.168	0.244	0.366	0.222
0.635	0.187	0.098	0.080
0.689	0.068	0.072	0.171
0.751	0.088	0.060	0.101
0.324	0.070	0.191	0.416
0.313	0.155	0.103	0.428
0.072	0.117	0.089	0.722
>ATTTTTWT	4-ATTTTTWT	6.969414	-59.909580	0	T:600.0(43.86%),B:20983.8(30.17%),P:1e-26	Tpos:100.8,Tstd:54.6,Bpos:99.4,Bstd:135.5,StrandBias:0.0,Multiplicity:1.32
0.667	0.001	0.001	0.331
0.001	0.001	0.001	0.997
0.232	0.001	0.001	0.766
0.001	0.001	0.001	0.997
0.139	0.001	0.001	0.859
0.001	0.001	0.075	0.923
0.324	0.206	0.049	0.422
0.317	0.001	0.036	0.646
>AATTTCAG	5-AATTTCAG	5.462468	-37.508174	0	T:585.0(42.76%),B:22257.3(32.00%),P:1e-16	Tpos:97.3,Tstd:57.8,Bpos:100.2,Bstd:109.9,StrandBias:0.1,Multiplicity:1.24
0.740	0.109	0.065	0.086
0.714	0.047	0.096	0.143
0.122	0.112	0.036	0.730
0.102	0.076	0.038	0.784
0.011	0.024	0.084	0.881
0.105	0.759	0.081	0.055
0.710	0.017	0.105	0.168
0.108	0.034	0.690	0.168
>KHARAACT	6-KHARAACT	5.994834	-34.930841	0	T:440.0(32.16%),B:15788.7(22.70%),P:1e-15	Tpos:102.7,Tstd:59.2,Bpos:99.2,Bstd:99.9,StrandBias:-0.1,Multiplicity:1.18
0.009	0.012	0.422	0.557
0.311	0.380	0.001	0.308
0.786	0.019	0.194	0.001
0.453	0.001	0.545	0.001
0.808	0.001	0.190	0.001
0.871	0.127	0.001	0.001
0.001	0.641	0.353	0.005
0.008	0.001	0.213	0.778
>GTCATTTT	7-GTCATTTT	6.573236	-33.387378	0	T:257.0(18.79%),B:8002.8(11.51%),P:1e-14	Tpos:102.4,Tstd:56.1,Bpos:98.6,Bstd:96.9,StrandBias:0.1,Multiplicity:1.04
0.001	0.001	0.997	0.001
0.097	0.001	0.001	0.901
0.057	0.941	0.001	0.001
0.915	0.001	0.083	0.001
0.001	0.001	0.114	0.884
0.089	0.001	0.001	0.909
0.001	0.001	0.001	0.997
0.001	0.180	0.001	0.818
>GGGGGGGG	8-GGGGGGGG	7.232005	-29.668343	0	T:47.0(3.44%),B:655.7(0.94%),P:1e-12	Tpos:90.5,Tstd:54.5,Bpos:100.9,Bstd:60.7,StrandBias:-1.2,Multiplicity:1.32
0.068	0.050	0.827	0.055
0.022	0.010	0.951	0.017
0.030	0.001	0.968	0.001
0.027	0.001	0.971	0.001
0.001	0.001	0.997	0.001
0.038	0.001	0.951	0.010
0.018	0.001	0.971	0.010
0.011	0.064	0.776	0.149
>TTCGAAAT	9-TTCGAAAT	6.627213	-26.494675	0	T:233.0(17.03%),B:7520.0(10.81%),P:1e-11	Tpos:99.9,Tstd:56.9,Bpos:101.6,Bstd:101.3,StrandBias:0.1,Multiplicity:1.08
0.001	0.098	0.001	0.900
0.001	0.001	0.024	0.974
0.087	0.824	0.088	0.001
0.128	0.001	0.841	0.030
0.772	0.153	0.051	0.024
0.997	0.001	0.001	0.001
0.960	0.038	0.001	0.001
0.149	0.024	0.001	0.826
>ATCCCCCC	10-ATCCCCCC	4.743065	-22.065134	0	T:69.0(5.04%),B:1506.0(2.17%),P:1e-9	Tpos:110.6,Tstd:52.2,Bpos:103.9,Bstd:77.1,StrandBias:-0.9,Multiplicity:1.67
0.997	0.001	0.001	0.001
0.001	0.010	0.001	0.988
0.001	0.997	0.001	0.001
0.001	0.997	0.001	0.001
0.363	0.635	0.001	0.001
0.072	0.647	0.001	0.280
0.001	0.997	0.001	0.001
0.001	0.997	0.001	0.001
>TGTASTTG	11-TGTASTTG	8.431248	-17.551374	0	T:117.0(8.55%),B:3479.1(5.00%),P:1e-7	Tpos:103.6,Tstd:57.4,Bpos:99.9,Bstd:101.1,StrandBias:-0.3,Multiplicity:1.05
0.001	0.001	0.001	0.997
0.230	0.084	0.516	0.170
0.058	0.001	0.001	0.940
0.981	0.001	0.001	0.017
0.001	0.452	0.546	0.001
0.001	0.001	0.001	0.997
0.001	0.001	0.001	0.997
0.001	0.001	0.997	0.001
>CGCAGATG	12-CGCAGATG	6.862476	-16.895406	0	T:105.0(7.68%),B:3055.4(4.39%),P:1e-7	Tpos:94.5,Tstd:60.1,Bpos:101.6,Bstd:77.1,StrandBias:-0.2,Multiplicity:1.05
0.181	0.817	0.001	0.001
0.065	0.047	0.793	0.095
0.001	0.940	0.001	0.058
0.797	0.064	0.001	0.138
0.039	0.047	0.876	0.038
0.893	0.001	0.013	0.093
0.020	0.001	0.047	0.932
0.048	0.001	0.950	0.001
>TATATATA	13-TATATATA	8.236954	-13.323446	0	T:30.0(2.19%),B:562.6(0.81%),P:1e-5	Tpos:113.6,Tstd:56.8,Bpos:101.1,Bstd:125.4,StrandBias:0.0,Multiplicity:1.17
0.100	0.100	0.100	0.700
0.700	0.100	0.100	0.100
0.100	0.100	0.100	0.700
0.700	0.100	0.100	0.100
0.100	0.100	0.100	0.700
0.700	0.100	0.100	0.100
0.100	0.100	0.100	0.700
0.700	0.100	0.100	0.100
>CGTGTGTA	14-CGTGTGTA	8.431678	-12.078692	0	T:39.0(2.85%),B:891.2(1.28%),P:1e-5	Tpos:98.9,Tstd:46.7,Bpos:100.1,Bstd:72.7,StrandBias:-0.4,Multiplicity:1.05
0.001	0.997	0.001	0.001
0.001	0.001	0.997	0.001
0.001	0.123	0.085	0.791
0.001	0.001	0.997	0.001
0.001	0.001	0.001	0.997
0.001	0.001	0.997	0.001
0.001	0.001	0.001	0.997
0.839	0.159	0.001	0.001
>GAGAGAGA	15-GAGAGAGA	8.236954	-11.075330	0	T:37.0(2.70%),B:864.2(1.24%),P:1e-4	Tpos:102.4,Tstd:52.5,Bpos:92.8,Bstd:93.3,StrandBias:0.5,Multiplicity:1.05
0.100	0.100	0.700	0.100
0.700	0.100	0.100	0.100
0.100	0.100	0.700	0.100
0.700	0.100	0.100	0.100
0.100	0.100	0.700	0.100
0.700	0.100	0.100	0.100
0.100	0.100	0.700	0.100
0.700	0.100	0.100	0.100
>ATATATGG	16-ATATATGG	7.124612	-10.753205	0	T:138.0(10.09%),B:4910.5(7.06%),P:1e-4	Tpos:100.0,Tstd:56.9,Bpos:101.0,Bstd:128.7,StrandBias:-0.0,Multiplicity:1.17
0.883	0.001	0.115	0.001
0.102	0.001	0.015	0.882
0.933	0.009	0.001	0.057
0.001	0.131	0.001	0.867
0.853	0.001	0.145	0.001
0.001	0.001	0.001	0.997
0.001	0.230	0.768	0.001
0.001	0.001	0.754	0.244
>GACAGACA	17-GACAGACA	7.800646	-9.169851	0	T:62.0(4.53%),B:1895.4(2.73%),P:1e-3	Tpos:86.2,Tstd:59.8,Bpos:103.4,Bstd:82.0,StrandBias:-0.4,Multiplicity:1.26
0.001	0.001	0.997	0.001
0.997	0.001	0.001	0.001
0.001	0.997	0.001	0.001
0.944	0.001	0.054	0.001
0.001	0.001	0.997	0.001
0.997	0.001	0.001	0.001
0.001	0.843	0.155	0.001
0.831	0.001	0.167	0.001
>CCTACCTA	18-CCTACCTA	8.236954	-7.799312	0	T:10.0(0.73%),B:134.1(0.19%),P:1e-3	Tpos:65.4,Tstd:36.7,Bpos:101.3,Bstd:52.8,StrandBias:2.2,Multiplicity:1.70
0.100	0.700	0.100	0.100
0.100	0.700	0.100	0.100
0.100	0.100	0.100	0.700
0.700	0.100	0.100	0.100
0.100	0.700	0.100	0.100
0.100	0.700	0.100	0.100
0.100	0.100	0.100	0.700
0.700	0.100	0.100	0.100
>GGGTTGGG	19-GGGTTGGG	8.492300	-7.108904	0	T:23.0(1.68%),B:551.4(0.79%),P:1e-3	Tpos:116.3,Tstd:52.9,Bpos:106.7,Bstd:77.3,StrandBias:1.1,Multiplicity:1.48
0.001	0.001	0.997	0.001
0.001	0.001	0.997	0.001
0.001	0.001	0.997	0.001
0.001	0.001	0.001	0.997
0.001	0.001	0.001	0.997
0.281	0.001	0.642	0.076
0.001	0.001	0.997	0.001
0.001	0.001	0.997	0.001
>TAATAATA	20-TAATAATA	8.236954	-7.009371	0	T:47.0(3.44%),B:1457.1(2.10%),P:1e-3	Tpos:112.4,Tstd:63.0,Bpos:109.8,Bstd:135.1,StrandBias:-0.2,Multiplicity:1.18
0.100	0.100	0.100	0.700
0.700	0.100	0.100	0.100
0.700	0.100	0.100	0.100
0.100	0.100	0.100	0.700
0.700	0.100	0.100	0.100
0.700	0.100	0.100	0.100
0.100	0.100	0.100	0.700
0.700	0.100	0.100	0.100
>GTTGTSGT	21-GTTGTSGT	3.306228	-6.426156	0	T:162.0(11.84%),B:6543.5(9.41%),P:1e-2	Tpos:101.6,Tstd:55.9,Bpos:101.1,Bstd:84.2,StrandBias:-0.2,Multiplicity:1.08
0.001	0.001	0.997	0.001
0.062	0.001	0.001	0.936
0.142	0.005	0.001	0.852
0.001	0.001	0.997	0.001
0.001	0.001	0.001	0.997
0.008	0.457	0.474	0.061
0.001	0.001	0.997	0.001
0.001	0.001	0.001	0.997
>ATGATGAT	22-ATGATGAT	8.236954	-5.138419	0	T:32.0(2.34%),B:997.5(1.43%),P:1e-2	Tpos:81.8,Tstd:48.1,Bpos:92.0,Bstd:119.3,StrandBias:-0.2,Multiplicity:1.28
0.700	0.100	0.100	0.100
0.100	0.100	0.100	0.700
0.100	0.100	0.700	0.100
0.700	0.100	0.100	0.100
0.100	0.100	0.100	0.700
0.100	0.100	0.700	0.100
0.700	0.100	0.100	0.100
0.100	0.100	0.100	0.700
>GTGTGTGT	23-GTGTGTGT	8.236954	-3.177540	0	T:28.0(2.05%),B:996.0(1.43%),P:1e-1	Tpos:77.3,Tstd:42.6,Bpos:101.1,Bstd:63.0,StrandBias:-1.3,Multiplicity:1.25
0.100	0.100	0.700	0.100
0.100	0.100	0.100	0.700
0.100	0.100	0.700	0.100
0.100	0.100	0.100	0.700
0.100	0.100	0.700	0.100
0.100	0.100	0.100	0.700
0.100	0.100	0.700	0.100
0.100	0.100	0.100	0.700
>GATAGATA	24-GATAGATA	8.236954	-2.717957	0	T:14.0(1.02%),B:450.2(0.65%),P:1e-1	Tpos:133.9,Tstd:50.0,Bpos:106.3,Bstd:125.9,StrandBias:-1.5,Multiplicity:2.43
0.100	0.100	0.700	0.100
0.700	0.100	0.100	0.100
0.100	0.100	0.100	0.700
0.700	0.100	0.100	0.100
0.100	0.100	0.700	0.100
0.700	0.100	0.100	0.100
0.100	0.100	0.100	0.700
0.700	0.100	0.100	0.100
>ATACATAC	25-ATACATAC	8.236954	-2.474720	0	T:27.0(1.97%),B:1028.6(1.48%),P:1e-1	Tpos:102.0,Tstd:48.1,Bpos:100.9,Bstd:126.3,StrandBias:3.8,Multiplicity:7.70
0.700	0.100	0.100	0.100
0.100	0.100	0.100	0.700
0.700	0.100	0.100	0.100
0.100	0.700	0.100	0.100
0.700	0.100	0.100	0.100
0.100	0.100	0.100	0.700
0.700	0.100	0.100	0.100
0.100	0.700	0.100	0.100
