>TTTTTAAAATTT	1-TTTTTAAAATTT	6.500359	-74.397154	0	T:583.0(42.62%),B:19161.2(27.55%),P:1e-32	Tpos:101.3,Tstd:53.0,Bpos:99.9,Bstd:137.9,StrandBias:0.2,Multiplicity:1.45
0.155	0.121	0.083	0.641
0.125	0.074	0.008	0.793
0.083	0.137	0.008	0.772
0.064	0.117	0.021	0.798
0.155	0.159	0.126	0.560
0.702	0.098	0.121	0.079
0.761	0.022	0.092	0.125
0.785	0.014	0.046	0.155
0.598	0.052	0.024	0.326
0.088	0.098	0.068	0.746
0.072	0.085	0.063	0.780
0.055	0.095	0.087	0.763
>AAAATTTATTTC	2-AAAATTTATTTC	8.450472	-55.599746	0	T:166.0(12.13%),B:3500.7(5.03%),P:1e-24	Tpos:103.3,Tstd:54.0,Bpos:100.5,Bstd:155.4,StrandBias:0.2,Multiplicity:1.08
0.797	0.047	0.104	0.052
0.912	0.026	0.037	0.025
0.823	0.068	0.027	0.082
0.817	0.066	0.058	0.059
0.103	0.045	0.035	0.817
0.104	0.036	0.061	0.799
0.100	0.064	0.038	0.798
0.824	0.068	0.058	0.050
0.064	0.053	0.042	0.841
0.092	0.033	0.030	0.845
0.038	0.006	0.036	0.920
0.058	0.811	0.052	0.079
>GGGGGGGTCACC	3-GGGGGGGTCACC	14.059780	-42.071253	0	T:8.0(0.58%),B:1.4(0.00%),P:1e-18	Tpos:69.4,Tstd:43.0,Bpos:105.2,Bstd:33.1,StrandBias:2.8,Multiplicity:1.60
0.001	0.001	0.997	0.001
0.001	0.001	0.854	0.144
0.001	0.001	0.997	0.001
0.104	0.001	0.894	0.001
0.001	0.001	0.997	0.001
0.001	0.001	0.997	0.001
0.144	0.001	0.854	0.001
0.001	0.001	0.001	0.997
0.001	0.997	0.001	0.001
0.997	0.001	0.001	0.001
0.001	0.709	0.145	0.145
0.001	0.997	0.001	0.001
>CATAGAGTTAAC	4-CATAGAGTTAAC	10.709690	-39.283684	0	T:21.0(1.54%),B:73.4(0.11%),P:1e-17	Tpos:89.4,Tstd:61.2,Bpos:99.2,Bstd:90.2,StrandBias:0.7,Multiplicity:1.00
0.001	0.598	0.252	0.149
0.997	0.001	0.001	0.001
0.001	0.073	0.001	0.925
0.656	0.089	0.254	0.001
0.154	0.089	0.756	0.001
0.727	0.001	0.099	0.173
0.074	0.001	0.824	0.101
0.073	0.001	0.001	0.925
0.001	0.001	0.088	0.910
0.910	0.001	0.001	0.088
0.821	0.001	0.089	0.089
0.001	0.934	0.001	0.064
>CAAGATTCACTG	5-CAAGATTCACTG	13.246572	-36.543454	0	T:8.0(0.58%),B:2.9(0.00%),P:1e-15	Tpos:94.4,Tstd:40.2,Bpos:89.2,Bstd:27.0,StrandBias:-1.6,Multiplicity:1.00
0.001	0.997	0.001	0.001
0.997	0.001	0.001	0.001
0.997	0.001	0.001	0.001
0.001	0.001	0.997	0.001
0.997	0.001	0.001	0.001
0.001	0.001	0.001	0.997
0.001	0.001	0.001	0.997
0.001	0.825	0.001	0.173
0.997	0.001	0.001	0.001
0.001	0.997	0.001	0.001
0.001	0.201	0.001	0.797
0.001	0.001	0.997	0.001
>GACAAACTTTGG	6-GACAAACTTTGG	8.629633	-34.839768	0	T:62.0(4.53%),B:940.5(1.35%),P:1e-15	Tpos:89.3,Tstd:49.5,Bpos:104.5,Bstd:86.0,StrandBias:-0.0,Multiplicity:1.02
0.074	0.149	0.727	0.050
0.846	0.064	0.001	0.089
0.091	0.834	0.025	0.050
0.860	0.039	0.051	0.050
0.871	0.054	0.050	0.025
0.929	0.001	0.001	0.069
0.070	0.775	0.043	0.112
0.136	0.067	0.001	0.796
0.025	0.026	0.025	0.924
0.025	0.038	0.051	0.886
0.045	0.050	0.858	0.047
0.058	0.100	0.694	0.148
>TCTAACAGTTTT	7-TCTAACAGTTTT	13.038231	-33.485914	0	T:12.0(0.88%),B:17.5(0.03%),P:1e-14	Tpos:115.6,Tstd:56.3,Bpos:109.5,Bstd:56.3,StrandBias:-0.3,Multiplicity:1.00
0.160	0.001	0.160	0.679
0.001	0.839	0.001	0.159
0.353	0.001	0.001	0.645
0.997	0.001	0.001	0.001
0.679	0.001	0.319	0.001
0.001	0.993	0.001	0.005
0.997	0.001	0.001	0.001
0.001	0.159	0.839	0.001
0.001	0.159	0.001	0.839
0.159	0.001	0.001	0.839
0.001	0.001	0.001	0.997
0.001	0.001	0.001	0.997
>TTTTTATTCTTG	8-TTTTTATTCTTG	14.430925	-33.317107	0	T:8.0(0.58%),B:3.7(0.01%),P:1e-14	Tpos:133.0,Tstd:47.9,Bpos:69.3,Bstd:52.7,StrandBias:0.0,Multiplicity:1.00
0.001	0.001	0.001	0.997
0.001	0.001	0.001	0.997
0.001	0.001	0.001	0.997
0.001	0.001	0.001	0.997
0.114	0.001	0.001	0.884
0.997	0.001	0.001	0.001
0.001	0.001	0.001	0.997
0.001	0.001	0.001	0.997
0.001	0.997	0.001	0.001
0.001	0.001	0.001	0.997
0.001	0.001	0.001	0.997
0.001	0.001	0.997	0.001
>CAYATATAYAYA	9-CAYATATAYAYA	12.179577	-31.377511	0	T:33.0(2.41%),B:312.7(0.45%),P:1e-13	Tpos:112.7,Tstd:52.5,Bpos:102.4,Bstd:130.7,StrandBias:0.7,Multiplicity:1.42
0.001	0.581	0.089	0.329
0.960	0.001	0.001	0.038
0.001	0.483	0.038	0.477
0.997	0.001	0.001	0.001
0.001	0.341	0.001	0.657
0.979	0.001	0.001	0.019
0.001	0.366	0.046	0.587
0.952	0.001	0.001	0.046
0.001	0.466	0.062	0.472
0.952	0.001	0.001	0.046
0.001	0.450	0.001	0.548
0.965	0.001	0.001	0.033
>TACATTTATGGC	10-TACATTTATGGC	13.328750	-30.795408	0	T:9.0(0.66%),B:7.6(0.01%),P:1e-13	Tpos:92.3,Tstd:60.2,Bpos:97.7,Bstd:71.0,StrandBias:0.7,Multiplicity:1.44
0.001	0.001	0.001	0.997
0.997	0.001	0.001	0.001
0.001	0.997	0.001	0.001
0.997	0.001	0.001	0.001
0.001	0.001	0.001	0.997
0.064	0.001	0.001	0.934
0.001	0.098	0.001	0.900
0.900	0.001	0.001	0.098
0.001	0.001	0.001	0.997
0.098	0.001	0.900	0.001
0.098	0.001	0.900	0.001
0.001	0.559	0.099	0.341
>AGACATATTTST	11-AGACATATTTST	8.679620	-29.917415	0	T:94.0(6.87%),B:2039.6(2.93%),P:1e-12	Tpos:90.3,Tstd:54.2,Bpos:103.9,Bstd:115.9,StrandBias:0.5,Multiplicity:1.05
0.789	0.021	0.014	0.176
0.022	0.001	0.821	0.156
0.703	0.067	0.091	0.139
0.021	0.818	0.065	0.096
0.961	0.001	0.001	0.037
0.138	0.021	0.024	0.817
0.706	0.021	0.042	0.231
0.041	0.001	0.020	0.938
0.107	0.038	0.021	0.834
0.058	0.074	0.036	0.832
0.042	0.417	0.286	0.255
0.164	0.042	0.056	0.738
>AATGCGCCTCGG	12-AATGCGCCTCGG	9.711353	-29.869973	0	T:21.0(1.54%),B:119.3(0.17%),P:1e-12	Tpos:93.4,Tstd:56.6,Bpos:102.6,Bstd:64.2,StrandBias:-0.7,Multiplicity:1.00
0.912	0.056	0.001	0.031
0.940	0.001	0.058	0.001
0.056	0.115	0.056	0.773
0.111	0.001	0.887	0.001
0.001	0.886	0.056	0.057
0.170	0.056	0.773	0.001
0.056	0.886	0.002	0.056
0.001	0.775	0.112	0.112
0.058	0.056	0.001	0.885
0.056	0.832	0.056	0.056
0.056	0.112	0.776	0.056
0.256	0.001	0.687	0.056
>GGGGGGGGGGGG	13-GGGGGGGGGGGG	8.172547	-28.990069	0	T:42.0(3.07%),B:544.8(0.78%),P:1e-12	Tpos:82.6,Tstd:53.8,Bpos:100.1,Bstd:59.0,StrandBias:-1.5,Multiplicity:1.10
0.158	0.077	0.656	0.109
0.185	0.050	0.608	0.157
0.094	0.077	0.677	0.152
0.235	0.068	0.626	0.071
0.060	0.068	0.724	0.148
0.094	0.034	0.783	0.089
0.034	0.017	0.851	0.098
0.034	0.001	0.783	0.182
0.068	0.009	0.740	0.183
0.131	0.034	0.699	0.136
0.157	0.043	0.536	0.264
0.144	0.083	0.561	0.212
>TTATTTATTTAT	14-TTATTTATTTAT	12.639165	-28.077975	0	T:14.0(1.02%),B:44.4(0.06%),P:1e-12	Tpos:102.3,Tstd:57.7,Bpos:72.9,Bstd:97.6,StrandBias:-0.7,Multiplicity:1.00
0.001	0.001	0.001	0.997
0.001	0.001	0.001	0.997
0.997	0.001	0.001	0.001
0.001	0.001	0.001	0.997
0.001	0.001	0.001	0.997
0.001	0.001	0.001	0.997
0.997	0.001	0.001	0.001
0.001	0.001	0.001	0.997
0.001	0.001	0.001	0.997
0.001	0.001	0.001	0.997
0.950	0.019	0.001	0.030
0.001	0.001	0.001	0.997
>GCTTCAAAATGA	15-GCTTCAAAATGA	12.355432	-26.036483	0	T:6.0(0.44%),B:2.7(0.00%),P:1e-11	Tpos:87.3,Tstd:48.0,Bpos:54.3,Bstd:6.4,StrandBias:0.0,Multiplicity:1.00
0.100	0.100	0.700	0.100
0.100	0.700	0.100	0.100
0.100	0.100	0.100	0.700
0.100	0.100	0.100	0.700
0.100	0.700	0.100	0.100
0.700	0.100	0.100	0.100
0.700	0.100	0.100	0.100
0.700	0.100	0.100	0.100
0.700	0.100	0.100	0.100
0.100	0.100	0.100	0.700
0.100	0.100	0.700	0.100
0.700	0.100	0.100	0.100
>KAKAKAKAKAKA	16-KAKAKAKAKAKA	8.076892	-23.885478	0	T:28.0(2.05%),B:302.6(0.44%),P:1e-10	Tpos:106.0,Tstd:51.3,Bpos:91.8,Bstd:97.0,StrandBias:0.3,Multiplicity:1.11
0.089	0.201	0.379	0.331
0.760	0.040	0.065	0.135
0.128	0.161	0.414	0.297
0.699	0.104	0.104	0.093
0.090	0.173	0.389	0.347
0.685	0.145	0.160	0.010
0.180	0.124	0.353	0.343
0.666	0.045	0.102	0.187
0.133	0.139	0.414	0.315
0.740	0.053	0.009	0.198
0.163	0.188	0.351	0.298
0.638	0.113	0.171	0.078
>CTACTAHTACTA	17-CTACTAHTACTA	10.050919	-22.955330	0	T:31.0(2.27%),B:383.9(0.55%),P:1e-9	Tpos:102.8,Tstd:68.4,Bpos:99.9,Bstd:123.0,StrandBias:0.3,Multiplicity:1.07
0.001	0.512	0.129	0.358
0.032	0.001	0.001	0.966
0.997	0.001	0.001	0.001
0.063	0.564	0.001	0.372
0.246	0.116	0.001	0.637
0.803	0.002	0.002	0.193
0.325	0.348	0.002	0.324
0.001	0.127	0.127	0.745
0.997	0.001	0.001	0.001
0.178	0.681	0.001	0.140
0.001	0.001	0.001	0.997
0.900	0.001	0.001	0.098
>ATCATCATCATC	18-ATCATCATCATC	9.579591	-19.155021	0	T:35.0(2.56%),B:557.1(0.80%),P:1e-8	Tpos:86.7,Tstd:49.4,Bpos:91.2,Bstd:113.3,StrandBias:0.1,Multiplicity:1.37
0.869	0.001	0.075	0.055
0.087	0.109	0.026	0.778
0.070	0.779	0.040	0.111
0.895	0.001	0.038	0.066
0.065	0.029	0.027	0.879
0.017	0.893	0.052	0.038
0.909	0.001	0.033	0.057
0.118	0.124	0.011	0.747
0.043	0.861	0.042	0.054
0.874	0.033	0.066	0.027
0.075	0.135	0.045	0.745
0.037	0.776	0.086	0.101
>GTTGTTGTTGTT	19-GTTGTTGTTGTT	12.829163	-15.267737	0	T:12.0(0.88%),B:86.1(0.12%),P:1e-6	Tpos:126.3,Tstd:52.9,Bpos:98.6,Bstd:58.6,StrandBias:0.2,Multiplicity:1.17
0.001	0.001	0.997	0.001
0.029	0.029	0.001	0.941
0.001	0.001	0.001	0.997
0.001	0.001	0.997	0.001
0.001	0.001	0.001	0.997
0.034	0.037	0.001	0.928
0.001	0.001	0.997	0.001
0.033	0.001	0.001	0.965
0.046	0.001	0.001	0.952
0.001	0.001	0.997	0.001
0.021	0.001	0.001	0.977
0.031	0.031	0.001	0.937
>TGTTTGTTTGTT	20-TGTTTGTTTGTT	12.654138	-14.037526	0	T:17.0(1.24%),B:199.1(0.29%),P:1e-6	Tpos:96.8,Tstd:58.6,Bpos:95.2,Bstd:147.4,StrandBias:-0.1,Multiplicity:1.12
0.001	0.001	0.001	0.997
0.001	0.001	0.997	0.001
0.001	0.001	0.001	0.997
0.001	0.001	0.001	0.997
0.001	0.001	0.001	0.997
0.051	0.001	0.947	0.001
0.001	0.021	0.036	0.942
0.001	0.001	0.034	0.964
0.001	0.001	0.001	0.997
0.001	0.001	0.997	0.001
0.001	0.001	0.001	0.997
0.001	0.001	0.001	0.997
>CCTAACCCTAAC	21-CCTAACCCTAAC	14.140100	-13.414331	0	T:4.0(0.29%),B:4.6(0.01%),P:1e-5	Tpos:144.7,Tstd:43.5,Bpos:93.8,Bstd:42.7,StrandBias:-1.7,Multiplicity:3.25
0.001	0.997	0.001	0.001
0.001	0.997	0.001	0.001
0.094	0.094	0.001	0.811
0.997	0.001	0.001	0.001
0.997	0.001	0.001	0.001
0.001	0.904	0.001	0.094
0.001	0.997	0.001	0.001
0.001	0.997	0.001	0.001
0.001	0.001	0.001	0.997
0.997	0.001	0.001	0.001
0.997	0.001	0.001	0.001
0.001	0.997	0.001	0.001
>CCKRCCTASCTR	22-CCKRCCTASCTR	10.880654	-12.964315	0	T:7.0(0.51%),B:29.5(0.04%),P:1e-5	Tpos:35.9,Tstd:36.6,Bpos:79.5,Bstd:44.9,StrandBias:2.8,Multiplicity:1.00
0.001	0.997	0.001	0.001
0.001	0.997	0.001	0.001
0.001	0.001	0.469	0.529
0.493	0.001	0.505	0.001
0.234	0.764	0.001	0.001
0.001	0.997	0.001	0.001
0.003	0.001	0.238	0.758
0.744	0.001	0.254	0.001
0.001	0.529	0.469	0.001
0.001	0.997	0.001	0.001
0.001	0.001	0.001	0.997
0.505	0.001	0.493	0.001
>GTGTGTGTGTGT	23-GTGTGTGTGTGT	10.894804	-10.915987	0	T:26.0(1.90%),B:512.6(0.74%),P:1e-4	Tpos:78.2,Tstd:49.8,Bpos:101.8,Bstd:58.4,StrandBias:-0.4,Multiplicity:1.16
0.076	0.161	0.676	0.087
0.035	0.001	0.001	0.963
0.151	0.150	0.599	0.100
0.169	0.043	0.001	0.787
0.020	0.001	0.847	0.132
0.019	0.001	0.001	0.979
0.046	0.001	0.952	0.001
0.057	0.001	0.001	0.941
0.085	0.029	0.824	0.062
0.001	0.001	0.001	0.997
0.173	0.123	0.647	0.057
0.206	0.001	0.001	0.792
>GGATGGATGGAT	24-GGATGGATGGAT	13.459984	-7.458723	0	T:3.0(0.22%),B:8.2(0.01%),P:1e-3	Tpos:139.7,Tstd:30.2,Bpos:121.4,Bstd:39.2,StrandBias:1.9,Multiplicity:2.00
0.001	0.001	0.997	0.001
0.001	0.001	0.997	0.001
0.580	0.056	0.363	0.001
0.001	0.001	0.001	0.997
0.001	0.001	0.997	0.001
0.001	0.001	0.997	0.001
0.805	0.001	0.193	0.001
0.001	0.001	0.001	0.997
0.001	0.001	0.997	0.001
0.001	0.001	0.997	0.001
0.952	0.001	0.046	0.001
0.001	0.001	0.001	0.997
>ATTCGTTCATTY	25-ATTCGTTCATTY	12.078302	-5.647372	0	T:9.0(0.66%),B:151.0(0.22%),P:1e-2	Tpos:71.2,Tstd:48.3,Bpos:108.9,Bstd:75.0,StrandBias:2.3,Multiplicity:1.00
0.997	0.001	0.001	0.001
0.001	0.151	0.151	0.697
0.001	0.001	0.001	0.997
0.001	0.944	0.001	0.054
0.133	0.001	0.811	0.055
0.001	0.001	0.150	0.848
0.001	0.001	0.001	0.997
0.001	0.997	0.001	0.001
0.644	0.001	0.001	0.354
0.001	0.150	0.001	0.848
0.001	0.001	0.098	0.900
0.001	0.491	0.151	0.357
