>AGATATTTGG	1-AGATATTTGG	6.438948	-78.075824	0	T:345.0(25.22%),B:8986.7(12.92%),P:1e-33	Tpos:101.1,Tstd:56.2,Bpos:101.0,Bstd:114.1,StrandBias:0.2,Multiplicity:1.17
0.607	0.139	0.144	0.110
0.001	0.184	0.578	0.237
0.741	0.055	0.027	0.177
0.069	0.043	0.001	0.887
0.605	0.007	0.134	0.254
0.001	0.168	0.022	0.809
0.196	0.230	0.004	0.570
0.001	0.075	0.104	0.820
0.013	0.141	0.659	0.187
0.218	0.041	0.705	0.036
>TTAAAATTTT	2-TTAAAATTTT	6.237062	-68.497206	0	T:591.0(43.20%),B:19931.1(28.66%),P:1e-29	Tpos:103.2,Tstd:53.5,Bpos:99.2,Bstd:135.2,StrandBias:0.2,Multiplicity:1.46
0.113	0.174	0.057	0.656
0.171	0.155	0.187	0.486
0.538	0.128	0.125	0.209
0.751	0.054	0.024	0.171
0.817	0.019	0.020	0.144
0.696	0.010	0.037	0.257
0.320	0.020	0.049	0.611
0.043	0.004	0.005	0.948
0.118	0.029	0.012	0.841
0.067	0.056	0.105	0.772
>AATTTTGYCS	3-AATTTTGYCS	6.910009	-59.491740	0	T:372.0(27.19%),B:11030.3(15.86%),P:1e-25	Tpos:99.7,Tstd:52.2,Bpos:101.4,Bstd:124.3,StrandBias:0.0,Multiplicity:1.12
0.716	0.001	0.087	0.196
0.690	0.001	0.001	0.308
0.151	0.001	0.001	0.847
0.088	0.234	0.001	0.677
0.001	0.001	0.001	0.997
0.001	0.001	0.001	0.997
0.124	0.001	0.755	0.120
0.168	0.448	0.032	0.352
0.124	0.432	0.212	0.232
0.132	0.298	0.421	0.149
>GATTTTAAAA	4-GATTTTAAAA	6.858823	-52.566270	0	T:375.0(27.41%),B:11585.1(16.66%),P:1e-22	Tpos:95.6,Tstd:55.2,Bpos:100.7,Bstd:111.4,StrandBias:0.0,Multiplicity:1.11
0.126	0.089	0.708	0.077
0.827	0.029	0.078	0.066
0.074	0.055	0.045	0.826
0.065	0.072	0.050	0.813
0.065	0.046	0.029	0.860
0.093	0.052	0.061	0.794
0.757	0.088	0.086	0.069
0.853	0.046	0.063	0.038
0.769	0.059	0.107	0.065
0.796	0.065	0.064	0.075
>TGKCGAAAAT	5-TGKCGAAAAT	7.285081	-48.706901	0	T:181.0(13.23%),B:4266.8(6.14%),P:1e-21	Tpos:102.0,Tstd:55.6,Bpos:102.5,Bstd:99.3,StrandBias:-0.1,Multiplicity:1.08
0.001	0.172	0.111	0.716
0.016	0.001	0.704	0.279
0.231	0.132	0.385	0.253
0.239	0.713	0.001	0.047
0.022	0.001	0.750	0.227
0.821	0.177	0.001	0.001
0.872	0.001	0.126	0.001
0.837	0.084	0.078	0.001
0.573	0.204	0.024	0.199
0.039	0.068	0.036	0.857
>ATTATAAATT	6-ATTATAAATT	8.972637	-35.632766	0	T:85.0(6.21%),B:1573.1(2.26%),P:1e-15	Tpos:103.8,Tstd:58.9,Bpos:106.5,Bstd:129.2,StrandBias:-0.2,Multiplicity:1.02
0.872	0.070	0.001	0.057
0.012	0.025	0.047	0.916
0.092	0.020	0.001	0.887
0.983	0.015	0.001	0.001
0.001	0.043	0.015	0.941
0.942	0.001	0.042	0.015
0.805	0.001	0.048	0.146
0.949	0.017	0.033	0.001
0.075	0.001	0.027	0.897
0.098	0.060	0.023	0.819
>AAATTTTGCT	7-AAATTTTGCT	7.626988	-34.287623	0	T:170.0(12.43%),B:4530.8(6.52%),P:1e-14	Tpos:108.6,Tstd:57.8,Bpos:100.6,Bstd:155.3,StrandBias:-0.3,Multiplicity:1.06
0.707	0.122	0.056	0.115
0.788	0.135	0.076	0.001
0.719	0.150	0.130	0.001
0.018	0.051	0.001	0.930
0.097	0.108	0.064	0.731
0.069	0.001	0.142	0.788
0.061	0.100	0.134	0.705
0.001	0.009	0.989	0.001
0.187	0.658	0.154	0.001
0.001	0.001	0.016	0.982
>ATGCGCCTCG	8-ATGCGCCTCG	7.093944	-28.017716	0	T:53.0(3.87%),B:847.7(1.22%),P:1e-12	Tpos:83.7,Tstd:58.9,Bpos:100.5,Bstd:64.1,StrandBias:-0.4,Multiplicity:1.02
0.810	0.106	0.044	0.040
0.089	0.121	0.044	0.746
0.048	0.040	0.814	0.098
0.078	0.783	0.066	0.073
0.171	0.027	0.769	0.033
0.033	0.779	0.108	0.080
0.034	0.850	0.041	0.075
0.041	0.074	0.041	0.844
0.059	0.795	0.064	0.082
0.034	0.065	0.814	0.087
>TATATATATA	9-TATATATATA	10.296193	-27.956585	0	T:17.0(1.24%),B:77.8(0.11%),P:1e-12	Tpos:115.7,Tstd:55.5,Bpos:97.4,Bstd:143.4,StrandBias:0.0,Multiplicity:1.29
0.100	0.100	0.100	0.700
0.700	0.100	0.100	0.100
0.100	0.100	0.100	0.700
0.700	0.100	0.100	0.100
0.100	0.100	0.100	0.700
0.700	0.100	0.100	0.100
0.100	0.100	0.100	0.700
0.700	0.100	0.100	0.100
0.100	0.100	0.100	0.700
0.700	0.100	0.100	0.100
>GGGGGGGGGG	10-GGGGGGGGGG	6.764401	-26.499205	0	T:51.0(3.73%),B:827.7(1.19%),P:1e-11	Tpos:85.0,Tstd:54.1,Bpos:100.6,Bstd:60.9,StrandBias:-1.3,Multiplicity:1.14
0.114	0.090	0.660	0.136
0.118	0.082	0.698	0.102
0.114	0.086	0.721	0.079
0.115	0.086	0.733	0.066
0.100	0.078	0.703	0.119
0.097	0.076	0.707	0.120
0.073	0.070	0.754	0.103
0.083	0.080	0.704	0.133
0.095	0.088	0.672	0.145
0.121	0.100	0.648	0.131
>TAYTAYTACT	11-TAYTAYTACT	7.240947	-25.984633	0	T:79.0(5.77%),B:1690.4(2.43%),P:1e-11	Tpos:112.8,Tstd:61.5,Bpos:105.1,Bstd:121.5,StrandBias:0.1,Multiplicity:1.07
0.001	0.356	0.078	0.565
0.536	0.108	0.080	0.276
0.211	0.340	0.001	0.448
0.001	0.263	0.190	0.546
0.595	0.018	0.001	0.386
0.001	0.383	0.106	0.510
0.001	0.027	0.318	0.654
0.634	0.205	0.065	0.096
0.066	0.668	0.001	0.265
0.001	0.314	0.001	0.684
>GAGAGAKAGA	12-GAGAGAKAGA	9.179847	-25.909932	0	T:55.0(4.02%),B:954.4(1.37%),P:1e-11	Tpos:101.7,Tstd:53.3,Bpos:93.8,Bstd:92.1,StrandBias:0.3,Multiplicity:1.11
0.001	0.001	0.927	0.071
0.883	0.115	0.001	0.001
0.001	0.240	0.568	0.191
0.775	0.001	0.100	0.124
0.001	0.001	0.864	0.134
0.829	0.096	0.074	0.001
0.001	0.110	0.431	0.458
0.886	0.001	0.001	0.112
0.001	0.001	0.997	0.001
0.873	0.125	0.001	0.001
>ARGGGGGKTC	13-ARGGGGGKTC	9.851735	-23.596854	0	T:20.0(1.46%),B:150.5(0.22%),P:1e-10	Tpos:97.0,Tstd:43.0,Bpos:103.9,Bstd:64.3,StrandBias:-0.1,Multiplicity:1.15
0.660	0.150	0.001	0.189
0.490	0.001	0.508	0.001
0.001	0.001	0.953	0.045
0.001	0.189	0.660	0.150
0.001	0.001	0.997	0.001
0.001	0.001	0.997	0.001
0.001	0.001	0.737	0.261
0.007	0.001	0.538	0.454
0.001	0.001	0.001	0.997
0.001	0.997	0.001	0.001
>CAAACTTTGG	14-CAAACTTTGG	9.458477	-22.246917	0	T:30.0(2.19%),B:371.8(0.53%),P:1e-9	Tpos:93.1,Tstd:54.3,Bpos:105.1,Bstd:87.4,StrandBias:0.1,Multiplicity:1.03
0.101	0.897	0.001	0.001
0.841	0.097	0.061	0.001
0.918	0.047	0.001	0.034
0.957	0.041	0.001	0.001
0.001	0.940	0.058	0.001
0.021	0.044	0.001	0.934
0.034	0.001	0.001	0.964
0.001	0.073	0.073	0.853
0.033	0.029	0.937	0.001
0.013	0.213	0.773	0.001
>AAAYAAMYDA	15-AAAYAAMYDA	8.170867	-19.052715	0	T:32.0(2.34%),B:479.7(0.69%),P:1e-8	Tpos:105.5,Tstd:53.7,Bpos:87.5,Bstd:114.8,StrandBias:0.8,Multiplicity:1.07
0.575	0.040	0.351	0.034
0.728	0.039	0.085	0.148
0.639	0.031	0.310	0.020
0.081	0.393	0.140	0.386
0.787	0.069	0.095	0.049
0.817	0.060	0.035	0.088
0.508	0.370	0.097	0.025
0.165	0.390	0.018	0.426
0.375	0.062	0.299	0.264
0.626	0.028	0.016	0.330
>GATGATGATG	16-GATGATGATG	6.195414	-18.387573	0	T:177.0(12.94%),B:5846.1(8.41%),P:1e-7	Tpos:97.3,Tstd:54.6,Bpos:99.1,Bstd:88.6,StrandBias:-0.3,Multiplicity:1.16
0.001	0.001	0.997	0.001
0.760	0.001	0.238	0.001
0.001	0.229	0.001	0.769
0.001	0.035	0.963	0.001
0.789	0.057	0.153	0.001
0.171	0.073	0.095	0.661
0.041	0.074	0.884	0.001
0.763	0.001	0.166	0.070
0.042	0.042	0.095	0.821
0.307	0.001	0.626	0.066
>ACMTACATAC	17-ACMTACATAC	10.047536	-16.503879	0	T:23.0(1.68%),B:300.2(0.43%),P:1e-7	Tpos:100.1,Tstd:48.8,Bpos:99.9,Bstd:126.8,StrandBias:4.3,Multiplicity:1.22
0.878	0.064	0.001	0.057
0.001	0.925	0.049	0.025
0.362	0.453	0.054	0.131
0.001	0.001	0.041	0.957
0.792	0.181	0.001	0.026
0.044	0.908	0.047	0.001
0.568	0.293	0.111	0.028
0.001	0.001	0.049	0.949
0.745	0.167	0.026	0.062
0.001	0.948	0.001	0.050
>GATGTTGTTG	18-GATGTTGTTG	9.205154	-16.233857	0	T:34.0(2.49%),B:600.4(0.86%),P:1e-7	Tpos:110.0,Tstd:58.8,Bpos:98.4,Bstd:61.8,StrandBias:0.1,Multiplicity:1.03
0.001	0.026	0.972	0.001
0.800	0.022	0.001	0.177
0.001	0.001	0.140	0.858
0.001	0.001	0.990	0.008
0.001	0.001	0.001	0.997
0.091	0.001	0.001	0.907
0.001	0.001	0.997	0.001
0.085	0.185	0.001	0.729
0.188	0.225	0.113	0.474
0.001	0.001	0.997	0.001
>GGTTAGGCTT	19-GGTTAGGCTT	10.756825	-15.897135	0	T:9.0(0.66%),B:39.8(0.06%),P:1e-6	Tpos:140.2,Tstd:40.6,Bpos:93.1,Bstd:60.4,StrandBias:2.4,Multiplicity:2.11
0.079	0.167	0.693	0.061
0.001	0.001	0.997	0.001
0.001	0.001	0.001	0.997
0.096	0.001	0.001	0.902
0.881	0.001	0.117	0.001
0.001	0.001	0.997	0.001
0.001	0.001	0.997	0.001
0.097	0.616	0.286	0.001
0.001	0.361	0.082	0.556
0.001	0.001	0.001	0.997
>GCTTCAAAAT	20-GCTTCAAAAT	10.296193	-12.520055	0	T:9.0(0.66%),B:59.9(0.09%),P:1e-5	Tpos:88.5,Tstd:44.5,Bpos:64.8,Bstd:79.1,StrandBias:0.0,Multiplicity:1.00
0.100	0.100	0.700	0.100
0.100	0.700	0.100	0.100
0.100	0.100	0.100	0.700
0.100	0.100	0.100	0.700
0.100	0.700	0.100	0.100
0.700	0.100	0.100	0.100
0.700	0.100	0.100	0.100
0.700	0.100	0.100	0.100
0.700	0.100	0.100	0.100
0.100	0.100	0.100	0.700
>CGAGCCATCC	21-CGAGCCATCC	10.589391	-8.969936	0	T:6.0(0.44%),B:38.0(0.05%),P:1e-3	Tpos:134.1,Tstd:34.9,Bpos:116.2,Bstd:70.8,StrandBias:-1.5,Multiplicity:1.50
0.001	0.997	0.001	0.001
0.001	0.201	0.797	0.001
0.997	0.001	0.001	0.001
0.001	0.001	0.805	0.193
0.001	0.997	0.001	0.001
0.001	0.997	0.001	0.001
0.997	0.001	0.001	0.001
0.001	0.001	0.001	0.997
0.001	0.997	0.001	0.001
0.001	0.997	0.001	0.001
>GTGTGTGTGT	22-GTGTGTGTGT	8.623955	-8.805042	0	T:57.0(4.17%),B:1724.4(2.48%),P:1e-3	Tpos:90.4,Tstd:51.0,Bpos:101.2,Bstd:69.7,StrandBias:-0.6,Multiplicity:1.21
0.044	0.036	0.895	0.025
0.059	0.081	0.062	0.798
0.055	0.086	0.694	0.165
0.071	0.089	0.175	0.665
0.037	0.036	0.891	0.036
0.043	0.043	0.055	0.859
0.021	0.034	0.777	0.168
0.059	0.045	0.180	0.716
0.025	0.042	0.886	0.047
0.063	0.061	0.046	0.830
>GGCAGGCAGG	23-GGCAGGCAGG	9.328865	-4.152925	0	T:4.0(0.29%),B:48.8(0.07%),P:1e-1	Tpos:31.8,Tstd:43.2,Bpos:95.5,Bstd:45.7,StrandBias:-3.6,Multiplicity:1.00
0.001	0.001	0.997	0.001
0.001	0.001	0.997	0.001
0.001	0.765	0.117	0.117
0.997	0.001	0.001	0.001
0.001	0.001	0.997	0.001
0.001	0.001	0.997	0.001
0.001	0.904	0.001	0.094
0.997	0.001	0.001	0.001
0.001	0.001	0.997	0.001
0.001	0.001	0.997	0.001
>ATTCATTCAT	24-ATTCATTCAT	10.284818	-2.103224	0	T:18.0(1.32%),B:673.6(0.97%),P:1e0	Tpos:86.4,Tstd:56.0,Bpos:102.9,Bstd:85.0,StrandBias:2.0,Multiplicity:1.11
0.997	0.001	0.001	0.001
0.001	0.001	0.036	0.962
0.001	0.001	0.066	0.932
0.001	0.997	0.001	0.001
0.881	0.001	0.117	0.001
0.001	0.001	0.001	0.997
0.001	0.001	0.001	0.997
0.001	0.997	0.001	0.001
0.997	0.001	0.001	0.001
0.001	0.001	0.036	0.962
>CATTCATGCA	25-CATTCATGCA	12.053323	-1.931426	0	T:6.0(0.44%),B:179.1(0.26%),P:1e0	Tpos:67.1,Tstd:47.2,Bpos:105.1,Bstd:58.2,StrandBias:-1.3,Multiplicity:1.00
0.001	0.997	0.001	0.001
0.997	0.001	0.001	0.001
0.001	0.001	0.001	0.997
0.001	0.001	0.349	0.649
0.123	0.875	0.001	0.001
0.771	0.227	0.001	0.001
0.001	0.001	0.001	0.997
0.001	0.001	0.708	0.290
0.001	0.997	0.001	0.001
0.997	0.001	0.001	0.001
