>AGATATTTGG	1-AGATATTTGG	6.438948	-78.075824	0	T:345.0(25.22%),B:8986.7(12.92%),P:1e-33	Tpos:101.1,Tstd:56.2,Bpos:101.0,Bstd:114.1,StrandBias:0.2,Multiplicity:1.17
0.607	0.139	0.144	0.110
0.001	0.184	0.578	0.237
0.741	0.055	0.027	0.177
0.069	0.043	0.001	0.887
0.605	0.007	0.134	0.254
0.001	0.168	0.022	0.809
0.196	0.230	0.004	0.570
0.001	0.075	0.104	0.820
0.013	0.141	0.659	0.187
0.218	0.041	0.705	0.036
>TTAAAATTTT	2-TTAAAATTTT	6.237062	-68.497206	0	T:591.0(43.20%),B:19931.1(28.66%),P:1e-29	Tpos:103.2,Tstd:53.5,Bpos:99.2,Bstd:135.2,StrandBias:0.2,Multiplicity:1.46
0.113	0.174	0.057	0.656
0.171	0.155	0.187	0.486
0.538	0.128	0.125	0.209
0.751	0.054	0.024	0.171
0.817	0.019	0.020	0.144
0.696	0.010	0.037	0.257
0.320	0.020	0.049	0.611
0.043	0.004	0.005	0.948
0.118	0.029	0.012	0.841
0.067	0.056	0.105	0.772
>AATTTTGYCS	3-AATTTTGYCS	6.910009	-59.491740	0	T:372.0(27.19%),B:11030.3(15.86%),P:1e-25	Tpos:99.7,Tstd:52.2,Bpos:101.4,Bstd:124.3,StrandBias:0.0,Multiplicity:1.12
0.716	0.001	0.087	0.196
0.690	0.001	0.001	0.308
0.151	0.001	0.001	0.847
0.088	0.234	0.001	0.677
0.001	0.001	0.001	0.997
0.001	0.001	0.001	0.997
0.124	0.001	0.755	0.120
0.168	0.448	0.032	0.352
0.124	0.432	0.212	0.232
0.132	0.298	0.421	0.149
>GATTTTAAAA	4-GATTTTAAAA	6.858823	-52.566270	0	T:375.0(27.41%),B:11585.1(16.66%),P:1e-22	Tpos:95.6,Tstd:55.2,Bpos:100.7,Bstd:111.4,StrandBias:0.0,Multiplicity:1.11
0.126	0.089	0.708	0.077
0.827	0.029	0.078	0.066
0.074	0.055	0.045	0.826
0.065	0.072	0.050	0.813
0.065	0.046	0.029	0.860
0.093	0.052	0.061	0.794
0.757	0.088	0.086	0.069
0.853	0.046	0.063	0.038
0.769	0.059	0.107	0.065
0.796	0.065	0.064	0.075
>TGKCGAAAAT	5-TGKCGAAAAT	7.285081	-48.706901	0	T:181.0(13.23%),B:4266.8(6.14%),P:1e-21	Tpos:102.0,Tstd:55.6,Bpos:102.5,Bstd:99.3,StrandBias:-0.1,Multiplicity:1.08
0.001	0.172	0.111	0.716
0.016	0.001	0.704	0.279
0.231	0.132	0.385	0.253
0.239	0.713	0.001	0.047
0.022	0.001	0.750	0.227
0.821	0.177	0.001	0.001
0.872	0.001	0.126	0.001
0.837	0.084	0.078	0.001
0.573	0.204	0.024	0.199
0.039	0.068	0.036	0.857
>ATTATAAATT	6-ATTATAAATT	8.972637	-35.632766	0	T:85.0(6.21%),B:1573.1(2.26%),P:1e-15	Tpos:103.8,Tstd:58.9,Bpos:106.5,Bstd:129.2,StrandBias:-0.2,Multiplicity:1.02
0.872	0.070	0.001	0.057
0.012	0.025	0.047	0.916
0.092	0.020	0.001	0.887
0.983	0.015	0.001	0.001
0.001	0.043	0.015	0.941
0.942	0.001	0.042	0.015
0.805	0.001	0.048	0.146
0.949	0.017	0.033	0.001
0.075	0.001	0.027	0.897
0.098	0.060	0.023	0.819
>AAATTTTGCT	7-AAATTTTGCT	7.626988	-34.287623	0	T:170.0(12.43%),B:4530.8(6.52%),P:1e-14	Tpos:108.6,Tstd:57.8,Bpos:100.6,Bstd:155.3,StrandBias:-0.3,Multiplicity:1.06
0.707	0.122	0.056	0.115
0.788	0.135	0.076	0.001
0.719	0.150	0.130	0.001
0.018	0.051	0.001	0.930
0.097	0.108	0.064	0.731
0.069	0.001	0.142	0.788
0.061	0.100	0.134	0.705
0.001	0.009	0.989	0.001
0.187	0.658	0.154	0.001
0.001	0.001	0.016	0.982
>ATGCGCCTCG	8-ATGCGCCTCG	7.093944	-28.017716	0	T:53.0(3.87%),B:847.7(1.22%),P:1e-12	Tpos:83.7,Tstd:58.9,Bpos:100.5,Bstd:64.1,StrandBias:-0.4,Multiplicity:1.02
0.810	0.106	0.044	0.040
0.089	0.121	0.044	0.746
0.048	0.040	0.814	0.098
0.078	0.783	0.066	0.073
0.171	0.027	0.769	0.033
0.033	0.779	0.108	0.080
0.034	0.850	0.041	0.075
0.041	0.074	0.041	0.844
0.059	0.795	0.064	0.082
0.034	0.065	0.814	0.087
>TATATATATA	9-TATATATATA	10.296193	-27.956585	0	T:17.0(1.24%),B:77.8(0.11%),P:1e-12	Tpos:115.7,Tstd:55.5,Bpos:97.4,Bstd:143.4,StrandBias:0.0,Multiplicity:1.29
0.100	0.100	0.100	0.700
0.700	0.100	0.100	0.100
0.100	0.100	0.100	0.700
0.700	0.100	0.100	0.100
0.100	0.100	0.100	0.700
0.700	0.100	0.100	0.100
0.100	0.100	0.100	0.700
0.700	0.100	0.100	0.100
0.100	0.100	0.100	0.700
0.700	0.100	0.100	0.100
>GGGGGGGGGG	10-GGGGGGGGGG	6.764401	-26.499205	0	T:51.0(3.73%),B:827.7(1.19%),P:1e-11	Tpos:85.0,Tstd:54.1,Bpos:100.6,Bstd:60.9,StrandBias:-1.3,Multiplicity:1.14
0.114	0.090	0.660	0.136
0.118	0.082	0.698	0.102
0.114	0.086	0.721	0.079
0.115	0.086	0.733	0.066
0.100	0.078	0.703	0.119
0.097	0.076	0.707	0.120
0.073	0.070	0.754	0.103
0.083	0.080	0.704	0.133
0.095	0.088	0.672	0.145
0.121	0.100	0.648	0.131
>TAYTAYTACT	11-TAYTAYTACT	7.240947	-25.984633	0	T:79.0(5.77%),B:1690.4(2.43%),P:1e-11	Tpos:112.8,Tstd:61.5,Bpos:105.1,Bstd:121.5,StrandBias:0.1,Multiplicity:1.07
0.001	0.356	0.078	0.565
0.536	0.108	0.080	0.276
0.211	0.340	0.001	0.448
0.001	0.263	0.190	0.546
0.595	0.018	0.001	0.386
0.001	0.383	0.106	0.510
0.001	0.027	0.318	0.654
0.634	0.205	0.065	0.096
0.066	0.668	0.001	0.265
0.001	0.314	0.001	0.684
>GAGAGAKAGA	12-GAGAGAKAGA	9.179847	-25.909932	0	T:55.0(4.02%),B:954.4(1.37%),P:1e-11	Tpos:101.7,Tstd:53.3,Bpos:93.8,Bstd:92.1,StrandBias:0.3,Multiplicity:1.11
0.001	0.001	0.927	0.071
0.883	0.115	0.001	0.001
0.001	0.240	0.568	0.191
0.775	0.001	0.100	0.124
0.001	0.001	0.864	0.134
0.829	0.096	0.074	0.001
0.001	0.110	0.431	0.458
0.886	0.001	0.001	0.112
0.001	0.001	0.997	0.001
0.873	0.125	0.001	0.001
>ARGGGGGKTC	13-ARGGGGGKTC	9.851735	-23.596854	0	T:20.0(1.46%),B:150.5(0.22%),P:1e-10	Tpos:97.0,Tstd:43.0,Bpos:103.9,Bstd:64.3,StrandBias:-0.1,Multiplicity:1.15
0.660	0.150	0.001	0.189
0.490	0.001	0.508	0.001
0.001	0.001	0.953	0.045
0.001	0.189	0.660	0.150
0.001	0.001	0.997	0.001
0.001	0.001	0.997	0.001
0.001	0.001	0.737	0.261
0.007	0.001	0.538	0.454
0.001	0.001	0.001	0.997
0.001	0.997	0.001	0.001
>CAAACTTTGG	14-CAAACTTTGG	9.458477	-22.246917	0	T:30.0(2.19%),B:371.8(0.53%),P:1e-9	Tpos:93.1,Tstd:54.3,Bpos:105.1,Bstd:87.4,StrandBias:0.1,Multiplicity:1.03
0.101	0.897	0.001	0.001
0.841	0.097	0.061	0.001
0.918	0.047	0.001	0.034
0.957	0.041	0.001	0.001
0.001	0.940	0.058	0.001
0.021	0.044	0.001	0.934
0.034	0.001	0.001	0.964
0.001	0.073	0.073	0.853
0.033	0.029	0.937	0.001
0.013	0.213	0.773	0.001
>AAAYAAMYDA	15-AAAYAAMYDA	8.170867	-19.052715	0	T:32.0(2.34%),B:479.7(0.69%),P:1e-8	Tpos:105.5,Tstd:53.7,Bpos:87.5,Bstd:114.8,StrandBias:0.8,Multiplicity:1.07
0.575	0.040	0.351	0.034
0.728	0.039	0.085	0.148
0.639	0.031	0.310	0.020
0.081	0.393	0.140	0.386
0.787	0.069	0.095	0.049
0.817	0.060	0.035	0.088
0.508	0.370	0.097	0.025
0.165	0.390	0.018	0.426
0.375	0.062	0.299	0.264
0.626	0.028	0.016	0.330
>GATGATGATG	16-GATGATGATG	6.195414	-18.387573	0	T:177.0(12.94%),B:5846.1(8.41%),P:1e-7	Tpos:97.3,Tstd:54.6,Bpos:99.1,Bstd:88.6,StrandBias:-0.3,Multiplicity:1.16
0.001	0.001	0.997	0.001
0.760	0.001	0.238	0.001
0.001	0.229	0.001	0.769
0.001	0.035	0.963	0.001
0.789	0.057	0.153	0.001
0.171	0.073	0.095	0.661
0.041	0.074	0.884	0.001
0.763	0.001	0.166	0.070
0.042	0.042	0.095	0.821
0.307	0.001	0.626	0.066
>ACMTACATAC	17-ACMTACATAC	10.047536	-16.503879	0	T:23.0(1.68%),B:300.2(0.43%),P:1e-7	Tpos:100.1,Tstd:48.8,Bpos:99.9,Bstd:126.8,StrandBias:4.3,Multiplicity:1.22
0.878	0.064	0.001	0.057
0.001	0.925	0.049	0.025
0.362	0.453	0.054	0.131
0.001	0.001	0.041	0.957
0.792	0.181	0.001	0.026
0.044	0.908	0.047	0.001
0.568	0.293	0.111	0.028
0.001	0.001	0.049	0.949
0.745	0.167	0.026	0.062
0.001	0.948	0.001	0.050
>GATGTTGTTG	18-GATGTTGTTG	9.205154	-16.233857	0	T:34.0(2.49%),B:600.4(0.86%),P:1e-7	Tpos:110.0,Tstd:58.8,Bpos:98.4,Bstd:61.8,StrandBias:0.1,Multiplicity:1.03
0.001	0.026	0.972	0.001
0.800	0.022	0.001	0.177
0.001	0.001	0.140	0.858
0.001	0.001	0.990	0.008
0.001	0.001	0.001	0.997
0.091	0.001	0.001	0.907
0.001	0.001	0.997	0.001
0.085	0.185	0.001	0.729
0.188	0.225	0.113	0.474
0.001	0.001	0.997	0.001
>GGTTAGGCTT	19-GGTTAGGCTT	10.756825	-15.897135	0	T:9.0(0.66%),B:39.8(0.06%),P:1e-6	Tpos:140.2,Tstd:40.6,Bpos:93.1,Bstd:60.4,StrandBias:2.4,Multiplicity:2.11
0.079	0.167	0.693	0.061
0.001	0.001	0.997	0.001
0.001	0.001	0.001	0.997
0.096	0.001	0.001	0.902
0.881	0.001	0.117	0.001
0.001	0.001	0.997	0.001
0.001	0.001	0.997	0.001
0.097	0.616	0.286	0.001
0.001	0.361	0.082	0.556
0.001	0.001	0.001	0.997
>GCTTCAAAAT	20-GCTTCAAAAT	10.296193	-12.520055	0	T:9.0(0.66%),B:59.9(0.09%),P:1e-5	Tpos:88.5,Tstd:44.5,Bpos:64.8,Bstd:79.1,StrandBias:0.0,Multiplicity:1.00
0.100	0.100	0.700	0.100
0.100	0.700	0.100	0.100
0.100	0.100	0.100	0.700
0.100	0.100	0.100	0.700
0.100	0.700	0.100	0.100
0.700	0.100	0.100	0.100
0.700	0.100	0.100	0.100
0.700	0.100	0.100	0.100
0.700	0.100	0.100	0.100
0.100	0.100	0.100	0.700
>CGAGCCATCC	21-CGAGCCATCC	10.589391	-8.969936	0	T:6.0(0.44%),B:38.0(0.05%),P:1e-3	Tpos:134.1,Tstd:34.9,Bpos:116.2,Bstd:70.8,StrandBias:-1.5,Multiplicity:1.50
0.001	0.997	0.001	0.001
0.001	0.201	0.797	0.001
0.997	0.001	0.001	0.001
0.001	0.001	0.805	0.193
0.001	0.997	0.001	0.001
0.001	0.997	0.001	0.001
0.997	0.001	0.001	0.001
0.001	0.001	0.001	0.997
0.001	0.997	0.001	0.001
0.001	0.997	0.001	0.001
>GTGTGTGTGT	22-GTGTGTGTGT	8.623955	-8.805042	0	T:57.0(4.17%),B:1724.4(2.48%),P:1e-3	Tpos:90.4,Tstd:51.0,Bpos:101.2,Bstd:69.7,StrandBias:-0.6,Multiplicity:1.21
0.044	0.036	0.895	0.025
0.059	0.081	0.062	0.798
0.055	0.086	0.694	0.165
0.071	0.089	0.175	0.665
0.037	0.036	0.891	0.036
0.043	0.043	0.055	0.859
0.021	0.034	0.777	0.168
0.059	0.045	0.180	0.716
0.025	0.042	0.886	0.047
0.063	0.061	0.046	0.830
>GGCAGGCAGG	23-GGCAGGCAGG	9.328865	-4.152925	0	T:4.0(0.29%),B:48.8(0.07%),P:1e-1	Tpos:31.8,Tstd:43.2,Bpos:95.5,Bstd:45.7,StrandBias:-3.6,Multiplicity:1.00
0.001	0.001	0.997	0.001
0.001	0.001	0.997	0.001
0.001	0.765	0.117	0.117
0.997	0.001	0.001	0.001
0.001	0.001	0.997	0.001
0.001	0.001	0.997	0.001
0.001	0.904	0.001	0.094
0.997	0.001	0.001	0.001
0.001	0.001	0.997	0.001
0.001	0.001	0.997	0.001
>ATTCATTCAT	24-ATTCATTCAT	10.284818	-2.103224	0	T:18.0(1.32%),B:673.6(0.97%),P:1e0	Tpos:86.4,Tstd:56.0,Bpos:102.9,Bstd:85.0,StrandBias:2.0,Multiplicity:1.11
0.997	0.001	0.001	0.001
0.001	0.001	0.036	0.962
0.001	0.001	0.066	0.932
0.001	0.997	0.001	0.001
0.881	0.001	0.117	0.001
0.001	0.001	0.001	0.997
0.001	0.001	0.001	0.997
0.001	0.997	0.001	0.001
0.997	0.001	0.001	0.001
0.001	0.001	0.036	0.962
>CATTCATGCA	25-CATTCATGCA	12.053323	-1.931426	0	T:6.0(0.44%),B:179.1(0.26%),P:1e0	Tpos:67.1,Tstd:47.2,Bpos:105.1,Bstd:58.2,StrandBias:-1.3,Multiplicity:1.00
0.001	0.997	0.001	0.001
0.997	0.001	0.001	0.001
0.001	0.001	0.001	0.997
0.001	0.001	0.349	0.649
0.123	0.875	0.001	0.001
0.771	0.227	0.001	0.001
0.001	0.001	0.001	0.997
0.001	0.001	0.708	0.290
0.001	0.997	0.001	0.001
0.997	0.001	0.001	0.001
>TTTTTAAAATTT	1-TTTTTAAAATTT	6.500359	-74.397154	0	T:583.0(42.62%),B:19161.2(27.55%),P:1e-32	Tpos:101.3,Tstd:53.0,Bpos:99.9,Bstd:137.9,StrandBias:0.2,Multiplicity:1.45
0.155	0.121	0.083	0.641
0.125	0.074	0.008	0.793
0.083	0.137	0.008	0.772
0.064	0.117	0.021	0.798
0.155	0.159	0.126	0.560
0.702	0.098	0.121	0.079
0.761	0.022	0.092	0.125
0.785	0.014	0.046	0.155
0.598	0.052	0.024	0.326
0.088	0.098	0.068	0.746
0.072	0.085	0.063	0.780
0.055	0.095	0.087	0.763
>AAAATTTATTTC	2-AAAATTTATTTC	8.450472	-55.599746	0	T:166.0(12.13%),B:3500.7(5.03%),P:1e-24	Tpos:103.3,Tstd:54.0,Bpos:100.5,Bstd:155.4,StrandBias:0.2,Multiplicity:1.08
0.797	0.047	0.104	0.052
0.912	0.026	0.037	0.025
0.823	0.068	0.027	0.082
0.817	0.066	0.058	0.059
0.103	0.045	0.035	0.817
0.104	0.036	0.061	0.799
0.100	0.064	0.038	0.798
0.824	0.068	0.058	0.050
0.064	0.053	0.042	0.841
0.092	0.033	0.030	0.845
0.038	0.006	0.036	0.920
0.058	0.811	0.052	0.079
>GGGGGGGTCACC	3-GGGGGGGTCACC	14.059780	-42.071253	0	T:8.0(0.58%),B:1.4(0.00%),P:1e-18	Tpos:69.4,Tstd:43.0,Bpos:105.2,Bstd:33.1,StrandBias:2.8,Multiplicity:1.60
0.001	0.001	0.997	0.001
0.001	0.001	0.854	0.144
0.001	0.001	0.997	0.001
0.104	0.001	0.894	0.001
0.001	0.001	0.997	0.001
0.001	0.001	0.997	0.001
0.144	0.001	0.854	0.001
0.001	0.001	0.001	0.997
0.001	0.997	0.001	0.001
0.997	0.001	0.001	0.001
0.001	0.709	0.145	0.145
0.001	0.997	0.001	0.001
>CATAGAGTTAAC	4-CATAGAGTTAAC	10.709690	-39.283684	0	T:21.0(1.54%),B:73.4(0.11%),P:1e-17	Tpos:89.4,Tstd:61.2,Bpos:99.2,Bstd:90.2,StrandBias:0.7,Multiplicity:1.00
0.001	0.598	0.252	0.149
0.997	0.001	0.001	0.001
0.001	0.073	0.001	0.925
0.656	0.089	0.254	0.001
0.154	0.089	0.756	0.001
0.727	0.001	0.099	0.173
0.074	0.001	0.824	0.101
0.073	0.001	0.001	0.925
0.001	0.001	0.088	0.910
0.910	0.001	0.001	0.088
0.821	0.001	0.089	0.089
0.001	0.934	0.001	0.064
>CAAGATTCACTG	5-CAAGATTCACTG	13.246572	-36.543454	0	T:8.0(0.58%),B:2.9(0.00%),P:1e-15	Tpos:94.4,Tstd:40.2,Bpos:89.2,Bstd:27.0,StrandBias:-1.6,Multiplicity:1.00
0.001	0.997	0.001	0.001
0.997	0.001	0.001	0.001
0.997	0.001	0.001	0.001
0.001	0.001	0.997	0.001
0.997	0.001	0.001	0.001
0.001	0.001	0.001	0.997
0.001	0.001	0.001	0.997
0.001	0.825	0.001	0.173
0.997	0.001	0.001	0.001
0.001	0.997	0.001	0.001
0.001	0.201	0.001	0.797
0.001	0.001	0.997	0.001
>GACAAACTTTGG	6-GACAAACTTTGG	8.629633	-34.839768	0	T:62.0(4.53%),B:940.5(1.35%),P:1e-15	Tpos:89.3,Tstd:49.5,Bpos:104.5,Bstd:86.0,StrandBias:-0.0,Multiplicity:1.02
0.074	0.149	0.727	0.050
0.846	0.064	0.001	0.089
0.091	0.834	0.025	0.050
0.860	0.039	0.051	0.050
0.871	0.054	0.050	0.025
0.929	0.001	0.001	0.069
0.070	0.775	0.043	0.112
0.136	0.067	0.001	0.796
0.025	0.026	0.025	0.924
0.025	0.038	0.051	0.886
0.045	0.050	0.858	0.047
0.058	0.100	0.694	0.148
>TCTAACAGTTTT	7-TCTAACAGTTTT	13.038231	-33.485914	0	T:12.0(0.88%),B:17.5(0.03%),P:1e-14	Tpos:115.6,Tstd:56.3,Bpos:109.5,Bstd:56.3,StrandBias:-0.3,Multiplicity:1.00
0.160	0.001	0.160	0.679
0.001	0.839	0.001	0.159
0.353	0.001	0.001	0.645
0.997	0.001	0.001	0.001
0.679	0.001	0.319	0.001
0.001	0.993	0.001	0.005
0.997	0.001	0.001	0.001
0.001	0.159	0.839	0.001
0.001	0.159	0.001	0.839
0.159	0.001	0.001	0.839
0.001	0.001	0.001	0.997
0.001	0.001	0.001	0.997
>TTTTTATTCTTG	8-TTTTTATTCTTG	14.430925	-33.317107	0	T:8.0(0.58%),B:3.7(0.01%),P:1e-14	Tpos:133.0,Tstd:47.9,Bpos:69.3,Bstd:52.7,StrandBias:0.0,Multiplicity:1.00
0.001	0.001	0.001	0.997
0.001	0.001	0.001	0.997
0.001	0.001	0.001	0.997
0.001	0.001	0.001	0.997
0.114	0.001	0.001	0.884
0.997	0.001	0.001	0.001
0.001	0.001	0.001	0.997
0.001	0.001	0.001	0.997
0.001	0.997	0.001	0.001
0.001	0.001	0.001	0.997
0.001	0.001	0.001	0.997
0.001	0.001	0.997	0.001
>CAYATATAYAYA	9-CAYATATAYAYA	12.179577	-31.377511	0	T:33.0(2.41%),B:312.7(0.45%),P:1e-13	Tpos:112.7,Tstd:52.5,Bpos:102.4,Bstd:130.7,StrandBias:0.7,Multiplicity:1.42
0.001	0.581	0.089	0.329
0.960	0.001	0.001	0.038
0.001	0.483	0.038	0.477
0.997	0.001	0.001	0.001
0.001	0.341	0.001	0.657
0.979	0.001	0.001	0.019
0.001	0.366	0.046	0.587
0.952	0.001	0.001	0.046
0.001	0.466	0.062	0.472
0.952	0.001	0.001	0.046
0.001	0.450	0.001	0.548
0.965	0.001	0.001	0.033
>TACATTTATGGC	10-TACATTTATGGC	13.328750	-30.795408	0	T:9.0(0.66%),B:7.6(0.01%),P:1e-13	Tpos:92.3,Tstd:60.2,Bpos:97.7,Bstd:71.0,StrandBias:0.7,Multiplicity:1.44
0.001	0.001	0.001	0.997
0.997	0.001	0.001	0.001
0.001	0.997	0.001	0.001
0.997	0.001	0.001	0.001
0.001	0.001	0.001	0.997
0.064	0.001	0.001	0.934
0.001	0.098	0.001	0.900
0.900	0.001	0.001	0.098
0.001	0.001	0.001	0.997
0.098	0.001	0.900	0.001
0.098	0.001	0.900	0.001
0.001	0.559	0.099	0.341
>AGACATATTTST	11-AGACATATTTST	8.679620	-29.917415	0	T:94.0(6.87%),B:2039.6(2.93%),P:1e-12	Tpos:90.3,Tstd:54.2,Bpos:103.9,Bstd:115.9,StrandBias:0.5,Multiplicity:1.05
0.789	0.021	0.014	0.176
0.022	0.001	0.821	0.156
0.703	0.067	0.091	0.139
0.021	0.818	0.065	0.096
0.961	0.001	0.001	0.037
0.138	0.021	0.024	0.817
0.706	0.021	0.042	0.231
0.041	0.001	0.020	0.938
0.107	0.038	0.021	0.834
0.058	0.074	0.036	0.832
0.042	0.417	0.286	0.255
0.164	0.042	0.056	0.738
>AATGCGCCTCGG	12-AATGCGCCTCGG	9.711353	-29.869973	0	T:21.0(1.54%),B:119.3(0.17%),P:1e-12	Tpos:93.4,Tstd:56.6,Bpos:102.6,Bstd:64.2,StrandBias:-0.7,Multiplicity:1.00
0.912	0.056	0.001	0.031
0.940	0.001	0.058	0.001
0.056	0.115	0.056	0.773
0.111	0.001	0.887	0.001
0.001	0.886	0.056	0.057
0.170	0.056	0.773	0.001
0.056	0.886	0.002	0.056
0.001	0.775	0.112	0.112
0.058	0.056	0.001	0.885
0.056	0.832	0.056	0.056
0.056	0.112	0.776	0.056
0.256	0.001	0.687	0.056
>GGGGGGGGGGGG	13-GGGGGGGGGGGG	8.172547	-28.990069	0	T:42.0(3.07%),B:544.8(0.78%),P:1e-12	Tpos:82.6,Tstd:53.8,Bpos:100.1,Bstd:59.0,StrandBias:-1.5,Multiplicity:1.10
0.158	0.077	0.656	0.109
0.185	0.050	0.608	0.157
0.094	0.077	0.677	0.152
0.235	0.068	0.626	0.071
0.060	0.068	0.724	0.148
0.094	0.034	0.783	0.089
0.034	0.017	0.851	0.098
0.034	0.001	0.783	0.182
0.068	0.009	0.740	0.183
0.131	0.034	0.699	0.136
0.157	0.043	0.536	0.264
0.144	0.083	0.561	0.212
>TTATTTATTTAT	14-TTATTTATTTAT	12.639165	-28.077975	0	T:14.0(1.02%),B:44.4(0.06%),P:1e-12	Tpos:102.3,Tstd:57.7,Bpos:72.9,Bstd:97.6,StrandBias:-0.7,Multiplicity:1.00
0.001	0.001	0.001	0.997
0.001	0.001	0.001	0.997
0.997	0.001	0.001	0.001
0.001	0.001	0.001	0.997
0.001	0.001	0.001	0.997
0.001	0.001	0.001	0.997
0.997	0.001	0.001	0.001
0.001	0.001	0.001	0.997
0.001	0.001	0.001	0.997
0.001	0.001	0.001	0.997
0.950	0.019	0.001	0.030
0.001	0.001	0.001	0.997
>GCTTCAAAATGA	15-GCTTCAAAATGA	12.355432	-26.036483	0	T:6.0(0.44%),B:2.7(0.00%),P:1e-11	Tpos:87.3,Tstd:48.0,Bpos:54.3,Bstd:6.4,StrandBias:0.0,Multiplicity:1.00
0.100	0.100	0.700	0.100
0.100	0.700	0.100	0.100
0.100	0.100	0.100	0.700
0.100	0.100	0.100	0.700
0.100	0.700	0.100	0.100
0.700	0.100	0.100	0.100
0.700	0.100	0.100	0.100
0.700	0.100	0.100	0.100
0.700	0.100	0.100	0.100
0.100	0.100	0.100	0.700
0.100	0.100	0.700	0.100
0.700	0.100	0.100	0.100
>KAKAKAKAKAKA	16-KAKAKAKAKAKA	8.076892	-23.885478	0	T:28.0(2.05%),B:302.6(0.44%),P:1e-10	Tpos:106.0,Tstd:51.3,Bpos:91.8,Bstd:97.0,StrandBias:0.3,Multiplicity:1.11
0.089	0.201	0.379	0.331
0.760	0.040	0.065	0.135
0.128	0.161	0.414	0.297
0.699	0.104	0.104	0.093
0.090	0.173	0.389	0.347
0.685	0.145	0.160	0.010
0.180	0.124	0.353	0.343
0.666	0.045	0.102	0.187
0.133	0.139	0.414	0.315
0.740	0.053	0.009	0.198
0.163	0.188	0.351	0.298
0.638	0.113	0.171	0.078
>CTACTAHTACTA	17-CTACTAHTACTA	10.050919	-22.955330	0	T:31.0(2.27%),B:383.9(0.55%),P:1e-9	Tpos:102.8,Tstd:68.4,Bpos:99.9,Bstd:123.0,StrandBias:0.3,Multiplicity:1.07
0.001	0.512	0.129	0.358
0.032	0.001	0.001	0.966
0.997	0.001	0.001	0.001
0.063	0.564	0.001	0.372
0.246	0.116	0.001	0.637
0.803	0.002	0.002	0.193
0.325	0.348	0.002	0.324
0.001	0.127	0.127	0.745
0.997	0.001	0.001	0.001
0.178	0.681	0.001	0.140
0.001	0.001	0.001	0.997
0.900	0.001	0.001	0.098
>ATCATCATCATC	18-ATCATCATCATC	9.579591	-19.155021	0	T:35.0(2.56%),B:557.1(0.80%),P:1e-8	Tpos:86.7,Tstd:49.4,Bpos:91.2,Bstd:113.3,StrandBias:0.1,Multiplicity:1.37
0.869	0.001	0.075	0.055
0.087	0.109	0.026	0.778
0.070	0.779	0.040	0.111
0.895	0.001	0.038	0.066
0.065	0.029	0.027	0.879
0.017	0.893	0.052	0.038
0.909	0.001	0.033	0.057
0.118	0.124	0.011	0.747
0.043	0.861	0.042	0.054
0.874	0.033	0.066	0.027
0.075	0.135	0.045	0.745
0.037	0.776	0.086	0.101
>GTTGTTGTTGTT	19-GTTGTTGTTGTT	12.829163	-15.267737	0	T:12.0(0.88%),B:86.1(0.12%),P:1e-6	Tpos:126.3,Tstd:52.9,Bpos:98.6,Bstd:58.6,StrandBias:0.2,Multiplicity:1.17
0.001	0.001	0.997	0.001
0.029	0.029	0.001	0.941
0.001	0.001	0.001	0.997
0.001	0.001	0.997	0.001
0.001	0.001	0.001	0.997
0.034	0.037	0.001	0.928
0.001	0.001	0.997	0.001
0.033	0.001	0.001	0.965
0.046	0.001	0.001	0.952
0.001	0.001	0.997	0.001
0.021	0.001	0.001	0.977
0.031	0.031	0.001	0.937
>TGTTTGTTTGTT	20-TGTTTGTTTGTT	12.654138	-14.037526	0	T:17.0(1.24%),B:199.1(0.29%),P:1e-6	Tpos:96.8,Tstd:58.6,Bpos:95.2,Bstd:147.4,StrandBias:-0.1,Multiplicity:1.12
0.001	0.001	0.001	0.997
0.001	0.001	0.997	0.001
0.001	0.001	0.001	0.997
0.001	0.001	0.001	0.997
0.001	0.001	0.001	0.997
0.051	0.001	0.947	0.001
0.001	0.021	0.036	0.942
0.001	0.001	0.034	0.964
0.001	0.001	0.001	0.997
0.001	0.001	0.997	0.001
0.001	0.001	0.001	0.997
0.001	0.001	0.001	0.997
>CCTAACCCTAAC	21-CCTAACCCTAAC	14.140100	-13.414331	0	T:4.0(0.29%),B:4.6(0.01%),P:1e-5	Tpos:144.7,Tstd:43.5,Bpos:93.8,Bstd:42.7,StrandBias:-1.7,Multiplicity:3.25
0.001	0.997	0.001	0.001
0.001	0.997	0.001	0.001
0.094	0.094	0.001	0.811
0.997	0.001	0.001	0.001
0.997	0.001	0.001	0.001
0.001	0.904	0.001	0.094
0.001	0.997	0.001	0.001
0.001	0.997	0.001	0.001
0.001	0.001	0.001	0.997
0.997	0.001	0.001	0.001
0.997	0.001	0.001	0.001
0.001	0.997	0.001	0.001
>CCKRCCTASCTR	22-CCKRCCTASCTR	10.880654	-12.964315	0	T:7.0(0.51%),B:29.5(0.04%),P:1e-5	Tpos:35.9,Tstd:36.6,Bpos:79.5,Bstd:44.9,StrandBias:2.8,Multiplicity:1.00
0.001	0.997	0.001	0.001
0.001	0.997	0.001	0.001
0.001	0.001	0.469	0.529
0.493	0.001	0.505	0.001
0.234	0.764	0.001	0.001
0.001	0.997	0.001	0.001
0.003	0.001	0.238	0.758
0.744	0.001	0.254	0.001
0.001	0.529	0.469	0.001
0.001	0.997	0.001	0.001
0.001	0.001	0.001	0.997
0.505	0.001	0.493	0.001
>GTGTGTGTGTGT	23-GTGTGTGTGTGT	10.894804	-10.915987	0	T:26.0(1.90%),B:512.6(0.74%),P:1e-4	Tpos:78.2,Tstd:49.8,Bpos:101.8,Bstd:58.4,StrandBias:-0.4,Multiplicity:1.16
0.076	0.161	0.676	0.087
0.035	0.001	0.001	0.963
0.151	0.150	0.599	0.100
0.169	0.043	0.001	0.787
0.020	0.001	0.847	0.132
0.019	0.001	0.001	0.979
0.046	0.001	0.952	0.001
0.057	0.001	0.001	0.941
0.085	0.029	0.824	0.062
0.001	0.001	0.001	0.997
0.173	0.123	0.647	0.057
0.206	0.001	0.001	0.792
>GGATGGATGGAT	24-GGATGGATGGAT	13.459984	-7.458723	0	T:3.0(0.22%),B:8.2(0.01%),P:1e-3	Tpos:139.7,Tstd:30.2,Bpos:121.4,Bstd:39.2,StrandBias:1.9,Multiplicity:2.00
0.001	0.001	0.997	0.001
0.001	0.001	0.997	0.001
0.580	0.056	0.363	0.001
0.001	0.001	0.001	0.997
0.001	0.001	0.997	0.001
0.001	0.001	0.997	0.001
0.805	0.001	0.193	0.001
0.001	0.001	0.001	0.997
0.001	0.001	0.997	0.001
0.001	0.001	0.997	0.001
0.952	0.001	0.046	0.001
0.001	0.001	0.001	0.997
>ATTCGTTCATTY	25-ATTCGTTCATTY	12.078302	-5.647372	0	T:9.0(0.66%),B:151.0(0.22%),P:1e-2	Tpos:71.2,Tstd:48.3,Bpos:108.9,Bstd:75.0,StrandBias:2.3,Multiplicity:1.00
0.997	0.001	0.001	0.001
0.001	0.151	0.151	0.697
0.001	0.001	0.001	0.997
0.001	0.944	0.001	0.054
0.133	0.001	0.811	0.055
0.001	0.001	0.150	0.848
0.001	0.001	0.001	0.997
0.001	0.997	0.001	0.001
0.644	0.001	0.001	0.354
0.001	0.150	0.001	0.848
0.001	0.001	0.098	0.900
0.001	0.491	0.151	0.357
>AAAAATTT	1-AAAAATTT	6.278011	-79.441382	0	T:615.0(44.96%),B:20275.7(29.16%),P:1e-34	Tpos:105.1,Tstd:53.7,Bpos:99.5,Bstd:136.7,StrandBias:-0.1,Multiplicity:1.44
0.531	0.249	0.118	0.102
0.997	0.001	0.001	0.001
0.997	0.001	0.001	0.001
0.997	0.001	0.001	0.001
0.654	0.107	0.080	0.159
0.218	0.001	0.001	0.780
0.169	0.001	0.001	0.829
0.086	0.054	0.123	0.737
>CAAGATTT	2-CAAGATTT	5.242719	-68.231090	0	T:661.0(48.32%),B:23200.0(33.36%),P:1e-29	Tpos:100.7,Tstd:55.3,Bpos:100.3,Bstd:97.5,StrandBias:-0.0,Multiplicity:1.25
0.051	0.786	0.084	0.079
0.693	0.103	0.107	0.097
0.726	0.156	0.039	0.079
0.145	0.041	0.774	0.040
0.826	0.033	0.050	0.091
0.134	0.124	0.053	0.689
0.170	0.062	0.135	0.633
0.022	0.065	0.036	0.877
>HBAAAWWT	3-HBAAAWWT	4.490497	-64.363429	0	T:992.0(72.51%),B:40399.1(58.09%),P:1e-27	Tpos:100.3,Tstd:56.5,Bpos:98.4,Bstd:115.7,StrandBias:-0.1,Multiplicity:1.41
0.368	0.240	0.113	0.280
0.168	0.244	0.366	0.222
0.635	0.187	0.098	0.080
0.689	0.068	0.072	0.171
0.751	0.088	0.060	0.101
0.324	0.070	0.191	0.416
0.313	0.155	0.103	0.428
0.072	0.117	0.089	0.722
>ATTTTTWT	4-ATTTTTWT	6.969414	-59.909580	0	T:600.0(43.86%),B:20983.8(30.17%),P:1e-26	Tpos:100.8,Tstd:54.6,Bpos:99.4,Bstd:135.5,StrandBias:0.0,Multiplicity:1.32
0.667	0.001	0.001	0.331
0.001	0.001	0.001	0.997
0.232	0.001	0.001	0.766
0.001	0.001	0.001	0.997
0.139	0.001	0.001	0.859
0.001	0.001	0.075	0.923
0.324	0.206	0.049	0.422
0.317	0.001	0.036	0.646
>AATTTCAG	5-AATTTCAG	5.462468	-37.508174	0	T:585.0(42.76%),B:22257.3(32.00%),P:1e-16	Tpos:97.3,Tstd:57.8,Bpos:100.2,Bstd:109.9,StrandBias:0.1,Multiplicity:1.24
0.740	0.109	0.065	0.086
0.714	0.047	0.096	0.143
0.122	0.112	0.036	0.730
0.102	0.076	0.038	0.784
0.011	0.024	0.084	0.881
0.105	0.759	0.081	0.055
0.710	0.017	0.105	0.168
0.108	0.034	0.690	0.168
>KHARAACT	6-KHARAACT	5.994834	-34.930841	0	T:440.0(32.16%),B:15788.7(22.70%),P:1e-15	Tpos:102.7,Tstd:59.2,Bpos:99.2,Bstd:99.9,StrandBias:-0.1,Multiplicity:1.18
0.009	0.012	0.422	0.557
0.311	0.380	0.001	0.308
0.786	0.019	0.194	0.001
0.453	0.001	0.545	0.001
0.808	0.001	0.190	0.001
0.871	0.127	0.001	0.001
0.001	0.641	0.353	0.005
0.008	0.001	0.213	0.778
>GTCATTTT	7-GTCATTTT	6.573236	-33.387378	0	T:257.0(18.79%),B:8002.8(11.51%),P:1e-14	Tpos:102.4,Tstd:56.1,Bpos:98.6,Bstd:96.9,StrandBias:0.1,Multiplicity:1.04
0.001	0.001	0.997	0.001
0.097	0.001	0.001	0.901
0.057	0.941	0.001	0.001
0.915	0.001	0.083	0.001
0.001	0.001	0.114	0.884
0.089	0.001	0.001	0.909
0.001	0.001	0.001	0.997
0.001	0.180	0.001	0.818
>GGGGGGGG	8-GGGGGGGG	7.232005	-29.668343	0	T:47.0(3.44%),B:655.7(0.94%),P:1e-12	Tpos:90.5,Tstd:54.5,Bpos:100.9,Bstd:60.7,StrandBias:-1.2,Multiplicity:1.32
0.068	0.050	0.827	0.055
0.022	0.010	0.951	0.017
0.030	0.001	0.968	0.001
0.027	0.001	0.971	0.001
0.001	0.001	0.997	0.001
0.038	0.001	0.951	0.010
0.018	0.001	0.971	0.010
0.011	0.064	0.776	0.149
>TTCGAAAT	9-TTCGAAAT	6.627213	-26.494675	0	T:233.0(17.03%),B:7520.0(10.81%),P:1e-11	Tpos:99.9,Tstd:56.9,Bpos:101.6,Bstd:101.3,StrandBias:0.1,Multiplicity:1.08
0.001	0.098	0.001	0.900
0.001	0.001	0.024	0.974
0.087	0.824	0.088	0.001
0.128	0.001	0.841	0.030
0.772	0.153	0.051	0.024
0.997	0.001	0.001	0.001
0.960	0.038	0.001	0.001
0.149	0.024	0.001	0.826
>ATCCCCCC	10-ATCCCCCC	4.743065	-22.065134	0	T:69.0(5.04%),B:1506.0(2.17%),P:1e-9	Tpos:110.6,Tstd:52.2,Bpos:103.9,Bstd:77.1,StrandBias:-0.9,Multiplicity:1.67
0.997	0.001	0.001	0.001
0.001	0.010	0.001	0.988
0.001	0.997	0.001	0.001
0.001	0.997	0.001	0.001
0.363	0.635	0.001	0.001
0.072	0.647	0.001	0.280
0.001	0.997	0.001	0.001
0.001	0.997	0.001	0.001
>TGTASTTG	11-TGTASTTG	8.431248	-17.551374	0	T:117.0(8.55%),B:3479.1(5.00%),P:1e-7	Tpos:103.6,Tstd:57.4,Bpos:99.9,Bstd:101.1,StrandBias:-0.3,Multiplicity:1.05
0.001	0.001	0.001	0.997
0.230	0.084	0.516	0.170
0.058	0.001	0.001	0.940
0.981	0.001	0.001	0.017
0.001	0.452	0.546	0.001
0.001	0.001	0.001	0.997
0.001	0.001	0.001	0.997
0.001	0.001	0.997	0.001
>CGCAGATG	12-CGCAGATG	6.862476	-16.895406	0	T:105.0(7.68%),B:3055.4(4.39%),P:1e-7	Tpos:94.5,Tstd:60.1,Bpos:101.6,Bstd:77.1,StrandBias:-0.2,Multiplicity:1.05
0.181	0.817	0.001	0.001
0.065	0.047	0.793	0.095
0.001	0.940	0.001	0.058
0.797	0.064	0.001	0.138
0.039	0.047	0.876	0.038
0.893	0.001	0.013	0.093
0.020	0.001	0.047	0.932
0.048	0.001	0.950	0.001
>TATATATA	13-TATATATA	8.236954	-13.323446	0	T:30.0(2.19%),B:562.6(0.81%),P:1e-5	Tpos:113.6,Tstd:56.8,Bpos:101.1,Bstd:125.4,StrandBias:0.0,Multiplicity:1.17
0.100	0.100	0.100	0.700
0.700	0.100	0.100	0.100
0.100	0.100	0.100	0.700
0.700	0.100	0.100	0.100
0.100	0.100	0.100	0.700
0.700	0.100	0.100	0.100
0.100	0.100	0.100	0.700
0.700	0.100	0.100	0.100
>CGTGTGTA	14-CGTGTGTA	8.431678	-12.078692	0	T:39.0(2.85%),B:891.2(1.28%),P:1e-5	Tpos:98.9,Tstd:46.7,Bpos:100.1,Bstd:72.7,StrandBias:-0.4,Multiplicity:1.05
0.001	0.997	0.001	0.001
0.001	0.001	0.997	0.001
0.001	0.123	0.085	0.791
0.001	0.001	0.997	0.001
0.001	0.001	0.001	0.997
0.001	0.001	0.997	0.001
0.001	0.001	0.001	0.997
0.839	0.159	0.001	0.001
>GAGAGAGA	15-GAGAGAGA	8.236954	-11.075330	0	T:37.0(2.70%),B:864.2(1.24%),P:1e-4	Tpos:102.4,Tstd:52.5,Bpos:92.8,Bstd:93.3,StrandBias:0.5,Multiplicity:1.05
0.100	0.100	0.700	0.100
0.700	0.100	0.100	0.100
0.100	0.100	0.700	0.100
0.700	0.100	0.100	0.100
0.100	0.100	0.700	0.100
0.700	0.100	0.100	0.100
0.100	0.100	0.700	0.100
0.700	0.100	0.100	0.100
>ATATATGG	16-ATATATGG	7.124612	-10.753205	0	T:138.0(10.09%),B:4910.5(7.06%),P:1e-4	Tpos:100.0,Tstd:56.9,Bpos:101.0,Bstd:128.7,StrandBias:-0.0,Multiplicity:1.17
0.883	0.001	0.115	0.001
0.102	0.001	0.015	0.882
0.933	0.009	0.001	0.057
0.001	0.131	0.001	0.867
0.853	0.001	0.145	0.001
0.001	0.001	0.001	0.997
0.001	0.230	0.768	0.001
0.001	0.001	0.754	0.244
>GACAGACA	17-GACAGACA	7.800646	-9.169851	0	T:62.0(4.53%),B:1895.4(2.73%),P:1e-3	Tpos:86.2,Tstd:59.8,Bpos:103.4,Bstd:82.0,StrandBias:-0.4,Multiplicity:1.26
0.001	0.001	0.997	0.001
0.997	0.001	0.001	0.001
0.001	0.997	0.001	0.001
0.944	0.001	0.054	0.001
0.001	0.001	0.997	0.001
0.997	0.001	0.001	0.001
0.001	0.843	0.155	0.001
0.831	0.001	0.167	0.001
>CCTACCTA	18-CCTACCTA	8.236954	-7.799312	0	T:10.0(0.73%),B:134.1(0.19%),P:1e-3	Tpos:65.4,Tstd:36.7,Bpos:101.3,Bstd:52.8,StrandBias:2.2,Multiplicity:1.70
0.100	0.700	0.100	0.100
0.100	0.700	0.100	0.100
0.100	0.100	0.100	0.700
0.700	0.100	0.100	0.100
0.100	0.700	0.100	0.100
0.100	0.700	0.100	0.100
0.100	0.100	0.100	0.700
0.700	0.100	0.100	0.100
>GGGTTGGG	19-GGGTTGGG	8.492300	-7.108904	0	T:23.0(1.68%),B:551.4(0.79%),P:1e-3	Tpos:116.3,Tstd:52.9,Bpos:106.7,Bstd:77.3,StrandBias:1.1,Multiplicity:1.48
0.001	0.001	0.997	0.001
0.001	0.001	0.997	0.001
0.001	0.001	0.997	0.001
0.001	0.001	0.001	0.997
0.001	0.001	0.001	0.997
0.281	0.001	0.642	0.076
0.001	0.001	0.997	0.001
0.001	0.001	0.997	0.001
>TAATAATA	20-TAATAATA	8.236954	-7.009371	0	T:47.0(3.44%),B:1457.1(2.10%),P:1e-3	Tpos:112.4,Tstd:63.0,Bpos:109.8,Bstd:135.1,StrandBias:-0.2,Multiplicity:1.18
0.100	0.100	0.100	0.700
0.700	0.100	0.100	0.100
0.700	0.100	0.100	0.100
0.100	0.100	0.100	0.700
0.700	0.100	0.100	0.100
0.700	0.100	0.100	0.100
0.100	0.100	0.100	0.700
0.700	0.100	0.100	0.100
>GTTGTSGT	21-GTTGTSGT	3.306228	-6.426156	0	T:162.0(11.84%),B:6543.5(9.41%),P:1e-2	Tpos:101.6,Tstd:55.9,Bpos:101.1,Bstd:84.2,StrandBias:-0.2,Multiplicity:1.08
0.001	0.001	0.997	0.001
0.062	0.001	0.001	0.936
0.142	0.005	0.001	0.852
0.001	0.001	0.997	0.001
0.001	0.001	0.001	0.997
0.008	0.457	0.474	0.061
0.001	0.001	0.997	0.001
0.001	0.001	0.001	0.997
>ATGATGAT	22-ATGATGAT	8.236954	-5.138419	0	T:32.0(2.34%),B:997.5(1.43%),P:1e-2	Tpos:81.8,Tstd:48.1,Bpos:92.0,Bstd:119.3,StrandBias:-0.2,Multiplicity:1.28
0.700	0.100	0.100	0.100
0.100	0.100	0.100	0.700
0.100	0.100	0.700	0.100
0.700	0.100	0.100	0.100
0.100	0.100	0.100	0.700
0.100	0.100	0.700	0.100
0.700	0.100	0.100	0.100
0.100	0.100	0.100	0.700
>GTGTGTGT	23-GTGTGTGT	8.236954	-3.177540	0	T:28.0(2.05%),B:996.0(1.43%),P:1e-1	Tpos:77.3,Tstd:42.6,Bpos:101.1,Bstd:63.0,StrandBias:-1.3,Multiplicity:1.25
0.100	0.100	0.700	0.100
0.100	0.100	0.100	0.700
0.100	0.100	0.700	0.100
0.100	0.100	0.100	0.700
0.100	0.100	0.700	0.100
0.100	0.100	0.100	0.700
0.100	0.100	0.700	0.100
0.100	0.100	0.100	0.700
>GATAGATA	24-GATAGATA	8.236954	-2.717957	0	T:14.0(1.02%),B:450.2(0.65%),P:1e-1	Tpos:133.9,Tstd:50.0,Bpos:106.3,Bstd:125.9,StrandBias:-1.5,Multiplicity:2.43
0.100	0.100	0.700	0.100
0.700	0.100	0.100	0.100
0.100	0.100	0.100	0.700
0.700	0.100	0.100	0.100
0.100	0.100	0.700	0.100
0.700	0.100	0.100	0.100
0.100	0.100	0.100	0.700
0.700	0.100	0.100	0.100
>ATACATAC	25-ATACATAC	8.236954	-2.474720	0	T:27.0(1.97%),B:1028.6(1.48%),P:1e-1	Tpos:102.0,Tstd:48.1,Bpos:100.9,Bstd:126.3,StrandBias:3.8,Multiplicity:7.70
0.700	0.100	0.100	0.100
0.100	0.100	0.100	0.700
0.700	0.100	0.100	0.100
0.100	0.700	0.100	0.100
0.700	0.100	0.100	0.100
0.100	0.100	0.100	0.700
0.700	0.100	0.100	0.100
0.100	0.700	0.100	0.100
