>GKKGGGGGGGGG	18-GKKGGGGGGGGG	8.071432	-10.261109	0	T:17.0(3.35%),B:740.4(1.04%),P:1e-4
0.046	0.045	0.572	0.337
0.090	0.135	0.435	0.341
0.180	0.183	0.348	0.289
0.273	0.135	0.502	0.090
0.315	0.022	0.662	0.001
0.180	0.022	0.797	0.001
0.137	0.001	0.818	0.044
0.113	0.022	0.823	0.042
0.113	0.090	0.707	0.090
0.090	0.022	0.878	0.010
0.001	0.044	0.888	0.067
0.001	0.090	0.655	0.254
