>AAATTTAATTTT	1-AAATTTAATTTT	9.364138	-39.619200	0	T:52.0(10.24%),B:1715.9(2.42%),P:1e-17
0.877	0.045	0.029	0.049
0.841	0.022	0.057	0.080
0.799	0.124	0.039	0.038
0.031	0.054	0.056	0.859
0.058	0.072	0.077	0.793
0.057	0.034	0.077	0.832
0.686	0.119	0.074	0.121
0.908	0.001	0.032	0.059
0.019	0.077	0.010	0.894
0.053	0.035	0.081	0.831
0.034	0.046	0.066	0.854
0.054	0.028	0.086	0.832
