>RAAGAAGAAGAA	7-RAAGAAGAAGAA	8.514161	-18.731450	0	T:59.0(11.61%),B:3652.1(5.14%),P:1e-8
0.377	0.001	0.390	0.232
0.614	0.091	0.121	0.174
0.794	0.122	0.001	0.083
0.111	0.001	0.791	0.097
0.767	0.116	0.001	0.116
0.683	0.001	0.105	0.211
0.204	0.109	0.473	0.214
0.858	0.084	0.001	0.057
0.726	0.069	0.132	0.073
0.396	0.001	0.602	0.001
0.984	0.001	0.001	0.014
0.807	0.087	0.105	0.001
