>TTTTAAAATTTT	2-TTTTAAAATTTT	8.339805	-39.356323	0	T:86.0(16.93%),B:4289.5(6.04%),P:1e-17
0.001	0.126	0.001	0.872
0.001	0.179	0.001	0.819
0.001	0.001	0.075	0.923
0.001	0.102	0.036	0.861
0.668	0.001	0.213	0.118
0.839	0.001	0.001	0.159
0.838	0.052	0.001	0.109
0.963	0.001	0.001	0.035
0.322	0.001	0.042	0.635
0.104	0.001	0.033	0.862
0.085	0.001	0.001	0.913
0.109	0.001	0.075	0.815
