>AAATAAATAAAC	14-AAATAAATAAAC	11.190151	-13.015746	0	T:10.0(1.97%),B:197.4(0.28%),P:1e-5
0.776	0.095	0.058	0.071
0.814	0.052	0.038	0.096
0.818	0.057	0.036	0.089
0.159	0.109	0.080	0.652
0.735	0.103	0.089	0.073
0.772	0.074	0.042	0.112
0.747	0.076	0.092	0.085
0.110	0.126	0.058	0.706
0.779	0.081	0.060	0.080
0.776	0.090	0.069	0.065
0.760	0.075	0.064	0.101
0.163	0.665	0.068	0.104
