>CAAAATTACAGA	15-CAAAATTACAGA	9.977727	-22.124600	0	T:27.0(4.65%),B:721.4(1.04%),P:1e-9
0.077	0.781	0.068	0.074
0.905	0.001	0.033	0.061
0.876	0.025	0.001	0.098
0.933	0.013	0.001	0.053
0.881	0.040	0.056	0.023
0.042	0.001	0.028	0.929
0.028	0.043	0.044	0.885
0.800	0.085	0.082	0.033
0.116	0.796	0.087	0.001
0.896	0.037	0.001	0.066
0.137	0.106	0.623	0.134
0.706	0.204	0.023	0.067
