>TAAGTAAGTAAG	17-TAAGTAAGTAAG	12.979208	-19.023604	0	T:5.0(0.86%),B:7.4(0.01%),P:1e-8
0.055	0.111	0.001	0.833
0.792	0.001	0.152	0.055
0.943	0.055	0.001	0.001
0.244	0.001	0.754	0.001
0.291	0.055	0.001	0.653
0.740	0.111	0.148	0.001
0.889	0.055	0.001	0.055
0.402	0.001	0.596	0.001
0.001	0.055	0.001	0.943
0.832	0.001	0.166	0.001
0.943	0.055	0.001	0.001
0.001	0.031	0.967	0.001
