>AAAAAAAAAAAW	3-AAAAAAAAAAAW,BestGuess:ZNF384/MA1125.1/Jaspar(0.808)	8.467046	-36.481957	0	T:100.0(17.21%),B:4861.5(7.03%),P:1e-15
0.509	0.001	0.186	0.304
0.709	0.001	0.005	0.285
0.671	0.006	0.033	0.290
0.782	0.001	0.025	0.192
0.735	0.001	0.001	0.263
0.685	0.028	0.015	0.272
0.668	0.049	0.002	0.281
0.673	0.011	0.010	0.306
0.689	0.025	0.030	0.256
0.596	0.020	0.007	0.377
0.609	0.026	0.006	0.359
0.488	0.040	0.010	0.463
