>CCCAAAATTTTC	1-GAAAATTTTGGG	8.769835	-49.750487	0	T:56.0(9.64%),B:1336.5(1.93%),P:1e-21
0.096	0.523	0.062	0.319
0.061	0.644	0.024	0.271
0.001	0.550	0.167	0.282
0.905	0.074	0.020	0.001
0.852	0.068	0.040	0.040
0.889	0.060	0.041	0.010
0.865	0.114	0.020	0.001
0.180	0.001	0.001	0.818
0.065	0.035	0.001	0.899
0.008	0.041	0.104	0.847
0.082	0.291	0.092	0.535
0.210	0.557	0.092	0.141
