>GGGGGGGGGGCC	20-GGGGGGGGGGCC	10.288435	-14.062429	0	T:8.0(1.38%),B:84.3(0.12%),P:1e-6
0.129	0.123	0.685	0.063
0.129	0.102	0.717	0.052
0.173	0.054	0.704	0.069
0.131	0.054	0.751	0.064
0.134	0.064	0.727	0.075
0.118	0.011	0.753	0.118
0.141	0.032	0.655	0.172
0.152	0.070	0.628	0.150
0.086	0.150	0.710	0.054
0.182	0.172	0.581	0.065
0.163	0.548	0.134	0.155
0.216	0.542	0.156	0.086
