>AYACAYAYAYAY	25-AYACAYAYAYAY	9.251317	-4.299746	0	T:20.0(3.44%),B:1371.8(1.98%),P:1e-1
0.864	0.044	0.001	0.091
0.021	0.504	0.043	0.432
0.913	0.043	0.034	0.010
0.022	0.552	0.064	0.362
0.921	0.024	0.034	0.021
0.028	0.425	0.043	0.504
0.911	0.069	0.019	0.001
0.040	0.400	0.034	0.526
0.923	0.017	0.022	0.038
0.041	0.484	0.046	0.430
0.912	0.017	0.070	0.001
0.041	0.434	0.064	0.461
