>ATTTGGCC	1-ATTTGGCC	7.082323	-20.629762	0	T:123.0(8.13%),B:1550.8(4.57%),P:1e-8	Tpos:103.0,Tstd:58.1,Bpos:98.9,Bstd:55.6,StrandBias:0.0,Multiplicity:1.02
0.665	0.119	0.093	0.123
0.001	0.001	0.179	0.819
0.001	0.115	0.001	0.883
0.099	0.001	0.001	0.899
0.001	0.001	0.997	0.001
0.001	0.001	0.954	0.044
0.001	0.789	0.062	0.148
0.056	0.942	0.001	0.001
>CAAGCGCA	2-CAAGCGCA	5.074537	-19.706806	0	T:362.0(23.94%),B:6090.9(17.94%),P:1e-8	Tpos:100.2,Tstd:51.3,Bpos:95.2,Bstd:57.6,StrandBias:-0.1,Multiplicity:1.18
0.122	0.644	0.102	0.132
0.692	0.131	0.086	0.091
0.736	0.042	0.058	0.164
0.055	0.068	0.826	0.051
0.089	0.781	0.055	0.075
0.065	0.082	0.807	0.046
0.070	0.841	0.044	0.045
0.682	0.077	0.115	0.126
>CATGAAGC	3-CATGAAGC	6.120025	-18.917756	0	T:105.0(6.94%),B:1293.5(3.81%),P:1e-8	Tpos:114.7,Tstd:51.3,Bpos:105.5,Bstd:54.9,StrandBias:0.5,Multiplicity:1.05
0.001	0.997	0.001	0.001
0.997	0.001	0.001	0.001
0.048	0.001	0.001	0.950
0.001	0.001	0.997	0.001
0.997	0.001	0.001	0.001
0.765	0.001	0.233	0.001
0.001	0.001	0.997	0.001
0.001	0.630	0.001	0.368
>TTCYCYGT	4-TTCYCYGT	7.202302	-17.971011	0	T:251.0(16.60%),B:3989.8(11.75%),P:1e-7	Tpos:104.5,Tstd:56.0,Bpos:103.1,Bstd:58.6,StrandBias:-0.0,Multiplicity:1.07
0.001	0.001	0.001	0.997
0.001	0.001	0.001	0.997
0.001	0.997	0.001	0.001
0.001	0.547	0.001	0.451
0.001	0.595	0.403	0.001
0.062	0.526	0.026	0.386
0.001	0.308	0.690	0.001
0.001	0.001	0.296	0.702
>ACGTATTA	5-ACGTATTA	6.097219	-17.587891	0	T:128.0(8.47%),B:1724.8(5.08%),P:1e-7	Tpos:102.3,Tstd:55.6,Bpos:96.5,Bstd:59.9,StrandBias:-0.3,Multiplicity:1.05
0.978	0.020	0.001	0.001
0.001	0.985	0.013	0.001
0.001	0.001	0.997	0.001
0.001	0.171	0.001	0.827
0.997	0.001	0.001	0.001
0.164	0.001	0.001	0.834
0.001	0.080	0.001	0.918
0.621	0.377	0.001	0.001
>AAAAGGGG	6-AAAAGGGG	6.998240	-16.369141	0	T:113.0(7.47%),B:1500.8(4.42%),P:1e-7	Tpos:84.1,Tstd:56.3,Bpos:92.0,Bstd:60.2,StrandBias:-0.2,Multiplicity:1.03
0.876	0.033	0.046	0.045
0.890	0.034	0.001	0.075
0.797	0.201	0.001	0.001
0.848	0.078	0.073	0.001
0.001	0.165	0.833	0.001
0.035	0.001	0.914	0.050
0.001	0.129	0.836	0.034
0.001	0.001	0.997	0.001
>CCSTGGCT	7-CCSTGGCT	7.984218	-14.314311	0	T:54.0(3.57%),B:578.2(1.70%),P:1e-6	Tpos:99.0,Tstd:57.8,Bpos:107.6,Bstd:61.9,StrandBias:0.2,Multiplicity:1.04
0.001	0.849	0.001	0.149
0.001	0.997	0.001	0.001
0.001	0.447	0.551	0.001
0.001	0.001	0.120	0.878
0.039	0.001	0.959	0.001
0.278	0.001	0.720	0.001
0.001	0.997	0.001	0.001
0.001	0.001	0.093	0.905
>RTCASSTG	8-RTCASSTG	6.562360	-13.206740	0	T:288.0(19.05%),B:4976.0(14.66%),P:1e-5	Tpos:87.1,Tstd:52.7,Bpos:89.4,Bstd:56.1,StrandBias:-0.2,Multiplicity:1.18
0.485	0.001	0.513	0.001
0.001	0.001	0.001	0.997
0.001	0.856	0.142	0.001
0.853	0.145	0.001	0.001
0.001	0.445	0.303	0.250
0.106	0.432	0.461	0.001
0.001	0.001	0.118	0.880
0.001	0.001	0.997	0.001
>GAGCCAAT	9-GAGCCAAT	9.907770	-12.103788	0	T:44.0(2.91%),B:468.7(1.38%),P:1e-5	Tpos:70.5,Tstd:48.5,Bpos:89.1,Bstd:56.4,StrandBias:0.3,Multiplicity:1.05
0.001	0.313	0.685	0.001
0.997	0.001	0.001	0.001
0.001	0.001	0.997	0.001
0.001	0.997	0.001	0.001
0.001	0.997	0.001	0.001
0.997	0.001	0.001	0.001
0.997	0.001	0.001	0.001
0.001	0.001	0.001	0.997
>TCAGTCAG	10-TCAGTCAG	4.074647	-2.743946	0	T:268.0(17.72%),B:5514.4(16.24%),P:1e-1	Tpos:105.9,Tstd:53.7,Bpos:100.6,Bstd:58.8,StrandBias:0.4,Multiplicity:1.31
0.001	0.001	0.001	0.997
0.001	0.997	0.001	0.001
0.997	0.001	0.001	0.001
0.001	0.001	0.997	0.001
0.001	0.001	0.001	0.997
0.001	0.914	0.001	0.084
0.997	0.001	0.001	0.001
0.001	0.001	0.997	0.001
