>ACCTGCCAAATA	1-ACCTGCCAAATA	13.888152	-40.868882	0	T:9.0(0.60%),B:1.7(0.00%),P:1e-17	Tpos:70.3,Tstd:47.3,Bpos:107.0,Bstd:57.0,StrandBias:-0.3,Multiplicity:1.00
0.856	0.142	0.001	0.001
0.001	0.997	0.001	0.001
0.001	0.856	0.001	0.142
0.001	0.001	0.142	0.856
0.001	0.001	0.997	0.001
0.142	0.856	0.001	0.001
0.001	0.997	0.001	0.001
0.856	0.142	0.001	0.001
0.997	0.001	0.001	0.001
0.997	0.001	0.001	0.001
0.001	0.001	0.001	0.997
0.856	0.001	0.001	0.142
>TGTCTGGACGCA	2-TGTCTGGACGCA	13.679644	-34.670378	0	T:9.0(0.60%),B:2.1(0.01%),P:1e-15	Tpos:134.4,Tstd:47.3,Bpos:140.2,Bstd:5.0,StrandBias:1.8,Multiplicity:1.00
0.001	0.001	0.001	0.997
0.001	0.125	0.749	0.125
0.124	0.001	0.001	0.874
0.001	0.997	0.001	0.001
0.001	0.124	0.001	0.874
0.001	0.001	0.997	0.001
0.125	0.125	0.749	0.001
0.997	0.001	0.001	0.001
0.001	0.997	0.001	0.001
0.001	0.001	0.997	0.001
0.001	0.997	0.001	0.001
0.874	0.001	0.001	0.124
>NGGGGAWTTCCC	3-NGGGGAWTTCCC	8.142078	-33.153144	0	T:65.0(4.30%),B:467.3(1.38%),P:1e-14	Tpos:85.2,Tstd:48.7,Bpos:90.9,Bstd:55.9,StrandBias:-0.0,Multiplicity:1.03
0.254	0.266	0.209	0.270
0.136	0.033	0.557	0.274
0.001	0.032	0.871	0.096
0.016	0.016	0.952	0.016
0.282	0.033	0.653	0.032
0.826	0.045	0.049	0.080
0.464	0.033	0.016	0.488
0.033	0.016	0.068	0.883
0.064	0.065	0.016	0.855
0.064	0.864	0.016	0.056
0.048	0.839	0.032	0.081
0.065	0.880	0.016	0.039
>AAGTTCTTGACA	4-AAGTTCTTGACA	13.422635	-32.298719	0	T:11.0(0.73%),B:7.0(0.02%),P:1e-14	Tpos:103.7,Tstd:52.3,Bpos:60.6,Bstd:29.8,StrandBias:-0.3,Multiplicity:1.00
0.997	0.001	0.001	0.001
0.997	0.001	0.001	0.001
0.001	0.001	0.997	0.001
0.001	0.224	0.101	0.674
0.001	0.001	0.100	0.898
0.001	0.932	0.066	0.001
0.001	0.100	0.001	0.898
0.001	0.001	0.100	0.898
0.001	0.001	0.898	0.100
0.898	0.001	0.001	0.100
0.001	0.997	0.001	0.001
0.997	0.001	0.001	0.001
>ATGAAGTGTCTG	5-ATGAAGTGTCTG	13.418837	-30.643520	0	T:11.0(0.73%),B:7.4(0.02%),P:1e-13	Tpos:109.6,Tstd:50.8,Bpos:83.3,Bstd:36.8,StrandBias:-0.3,Multiplicity:1.00
0.899	0.001	0.001	0.099
0.001	0.001	0.001	0.997
0.001	0.001	0.997	0.001
0.700	0.100	0.100	0.100
0.997	0.001	0.001	0.001
0.001	0.099	0.899	0.001
0.001	0.001	0.001	0.997
0.099	0.001	0.899	0.001
0.001	0.001	0.001	0.997
0.099	0.899	0.001	0.001
0.099	0.001	0.001	0.899
0.099	0.001	0.899	0.001
>GGCTACCTATTG	6-GGCTACCTATTG	14.042917	-30.358241	0	T:7.0(0.46%),B:0.7(0.00%),P:1e-13	Tpos:72.9,Tstd:73.1,Bpos:0.0,Bstd:0.0,StrandBias:-0.4,Multiplicity:1.00
0.001	0.001	0.997	0.001
0.001	0.001	0.997	0.001
0.001	0.997	0.001	0.001
0.001	0.001	0.001	0.997
0.832	0.001	0.001	0.166
0.166	0.667	0.001	0.166
0.166	0.832	0.001	0.001
0.001	0.001	0.001	0.997
0.997	0.001	0.001	0.001
0.001	0.001	0.166	0.832
0.001	0.001	0.001	0.997
0.001	0.001	0.997	0.001
>AGCCACGAATAT	7-AGCCACGAATAT	13.857843	-30.358241	0	T:7.0(0.46%),B:1.8(0.01%),P:1e-13	Tpos:102.4,Tstd:54.3,Bpos:70.3,Bstd:22.1,StrandBias:-1.3,Multiplicity:1.00
0.997	0.001	0.001	0.001
0.001	0.001	0.997	0.001
0.001	0.713	0.143	0.143
0.001	0.856	0.142	0.001
0.997	0.001	0.001	0.001
0.001	0.997	0.001	0.001
0.001	0.001	0.997	0.001
0.997	0.001	0.001	0.001
0.997	0.001	0.001	0.001
0.001	0.001	0.142	0.856
0.856	0.001	0.001	0.142
0.001	0.001	0.142	0.856
>GGAAAGTGCTGG	8-GGAAAGTGCTGG	9.367359	-27.175142	0	T:37.0(2.45%),B:201.5(0.59%),P:1e-11	Tpos:116.9,Tstd:57.1,Bpos:100.3,Bstd:53.8,StrandBias:1.0,Multiplicity:1.00
0.097	0.064	0.743	0.096
0.085	0.128	0.754	0.033
0.839	0.127	0.033	0.001
0.903	0.032	0.033	0.032
0.967	0.031	0.001	0.001
0.065	0.117	0.786	0.032
0.064	0.001	0.032	0.903
0.064	0.001	0.903	0.032
0.149	0.722	0.064	0.065
0.064	0.032	0.032	0.872
0.001	0.064	0.871	0.064
0.138	0.032	0.745	0.085
>GTGGTGTTGCCA	9-GTGGTGTTGCCA	9.839037	-27.036654	0	T:33.0(2.18%),B:162.3(0.48%),P:1e-11	Tpos:93.7,Tstd:53.8,Bpos:103.9,Bstd:55.5,StrandBias:0.1,Multiplicity:1.00
0.001	0.001	0.947	0.051
0.066	0.001	0.066	0.867
0.132	0.066	0.736	0.066
0.132	0.001	0.683	0.184
0.065	0.001	0.001	0.933
0.066	0.001	0.867	0.066
0.001	0.001	0.065	0.933
0.001	0.066	0.132	0.801
0.066	0.066	0.867	0.001
0.001	0.856	0.001	0.142
0.066	0.801	0.132	0.001
0.724	0.143	0.132	0.001
>ACGTAATCAGCT	10-ACGTAATCAGCT	14.083041	-26.844182	0	T:8.0(0.53%),B:3.9(0.01%),P:1e-11	Tpos:110.8,Tstd:59.0,Bpos:160.0,Bstd:0.0,StrandBias:0.7,Multiplicity:1.00
0.997	0.001	0.001	0.001
0.001	0.997	0.001	0.001
0.001	0.166	0.832	0.001
0.166	0.001	0.001	0.832
0.997	0.001	0.001	0.001
0.997	0.001	0.001	0.001
0.166	0.001	0.001	0.832
0.001	0.997	0.001	0.001
0.997	0.001	0.001	0.001
0.001	0.001	0.832	0.166
0.001	0.832	0.166	0.001
0.001	0.001	0.001	0.997
>GGGGGTCAAATC	11-GGGGGTCAAATC	13.702315	-26.844182	0	T:8.0(0.53%),B:3.1(0.01%),P:1e-11	Tpos:70.1,Tstd:34.0,Bpos:132.5,Bstd:57.5,StrandBias:1.6,Multiplicity:1.00
0.124	0.001	0.874	0.001
0.001	0.001	0.874	0.124
0.001	0.124	0.874	0.001
0.001	0.001	0.997	0.001
0.001	0.001	0.997	0.001
0.001	0.001	0.001	0.997
0.001	0.874	0.124	0.001
0.749	0.125	0.125	0.001
0.997	0.001	0.001	0.001
0.997	0.001	0.001	0.001
0.001	0.124	0.001	0.874
0.001	0.997	0.001	0.001
>TTGATATTTAAT	12-TTGATATTTAAT	12.524060	-25.098052	0	T:16.0(1.06%),B:35.4(0.10%),P:1e-10	Tpos:93.6,Tstd:43.6,Bpos:85.8,Bstd:47.1,StrandBias:1.6,Multiplicity:1.00
0.001	0.089	0.001	0.909
0.001	0.001	0.001	0.997
0.060	0.090	0.849	0.001
0.909	0.089	0.001	0.001
0.045	0.001	0.001	0.953
0.997	0.001	0.001	0.001
0.001	0.089	0.001	0.909
0.001	0.001	0.001	0.997
0.001	0.001	0.001	0.997
0.939	0.001	0.001	0.059
0.909	0.001	0.001	0.089
0.001	0.321	0.001	0.677
>ATAAACTGCCCG	13-ATAAACTGCCCG	14.042917	-24.582037	0	T:8.0(0.53%),B:4.2(0.01%),P:1e-10	Tpos:126.9,Tstd:59.3,Bpos:51.5,Bstd:45.4,StrandBias:0.7,Multiplicity:1.00
0.997	0.001	0.001	0.001
0.166	0.166	0.001	0.667
0.997	0.001	0.001	0.001
0.997	0.001	0.001	0.001
0.997	0.001	0.001	0.001
0.001	0.997	0.001	0.001
0.001	0.166	0.001	0.832
0.001	0.001	0.832	0.166
0.001	0.832	0.001	0.166
0.001	0.997	0.001	0.001
0.001	0.997	0.001	0.001
0.001	0.001	0.997	0.001
>ACGCCCAGTATT	14-ACGCCCAGTATT	14.030707	-24.582037	0	T:8.0(0.53%),B:4.7(0.01%),P:1e-10	Tpos:89.9,Tstd:48.8,Bpos:81.8,Bstd:68.2,StrandBias:-0.7,Multiplicity:1.00
0.997	0.001	0.001	0.001
0.001	0.860	0.001	0.138
0.138	0.001	0.860	0.001
0.001	0.997	0.001	0.001
0.138	0.860	0.001	0.001
0.001	0.997	0.001	0.001
0.997	0.001	0.001	0.001
0.138	0.001	0.860	0.001
0.001	0.001	0.001	0.997
0.860	0.001	0.138	0.001
0.001	0.001	0.001	0.997
0.001	0.001	0.001	0.997
>GAGAAGTTACGA	15-GAGAAGTTACGA	9.515876	-22.925295	0	T:29.0(1.92%),B:149.3(0.44%),P:1e-9	Tpos:87.3,Tstd:58.9,Bpos:100.5,Bstd:57.3,StrandBias:0.0,Multiplicity:1.03
0.036	0.037	0.891	0.036
0.927	0.001	0.071	0.001
0.066	0.108	0.790	0.036
0.927	0.001	0.071	0.001
0.927	0.036	0.001	0.036
0.036	0.036	0.892	0.036
0.001	0.073	0.072	0.854
0.072	0.072	0.072	0.784
0.762	0.108	0.001	0.129
0.108	0.755	0.001	0.136
0.138	0.037	0.753	0.072
0.754	0.073	0.036	0.137
>CKRCGKAGAGGK	16-CKRCGKAGAGGK	11.731286	-22.836182	0	T:8.0(0.53%),B:6.0(0.02%),P:1e-9	Tpos:134.0,Tstd:52.3,Bpos:78.4,Bstd:27.8,StrandBias:1.6,Multiplicity:1.00
0.001	0.997	0.001	0.001
0.059	0.073	0.431	0.437
0.562	0.001	0.436	0.001
0.001	0.997	0.001	0.001
0.001	0.001	0.997	0.001
0.001	0.001	0.448	0.550
0.997	0.001	0.001	0.001
0.001	0.001	0.997	0.001
0.997	0.001	0.001	0.001
0.001	0.001	0.997	0.001
0.001	0.005	0.935	0.059
0.001	0.001	0.568	0.430
>GAAACACACCGA	17-GAAACACACCGA	13.549249	-22.432328	0	T:9.0(0.60%),B:8.9(0.03%),P:1e-9	Tpos:140.8,Tstd:33.9,Bpos:107.1,Bstd:55.9,StrandBias:1.0,Multiplicity:1.00
0.001	0.001	0.997	0.001
0.997	0.001	0.001	0.001
0.997	0.001	0.001	0.001
0.997	0.001	0.001	0.001
0.001	0.888	0.001	0.110
0.888	0.001	0.001	0.110
0.001	0.997	0.001	0.001
0.997	0.001	0.001	0.001
0.001	0.777	0.111	0.111
0.001	0.888	0.001	0.110
0.001	0.110	0.888	0.001
0.777	0.111	0.001	0.111
>GCATGCATGCAT	18-GCATGCATGCAT	10.917062	-20.598903	0	T:20.0(1.32%),B:79.9(0.24%),P:1e-8	Tpos:83.1,Tstd:51.0,Bpos:79.7,Bstd:56.9,StrandBias:-0.5,Multiplicity:1.00
0.154	0.001	0.844	0.001
0.120	0.877	0.001	0.002
0.997	0.001	0.001	0.001
0.001	0.001	0.001	0.997
0.222	0.001	0.657	0.120
0.001	0.939	0.001	0.059
0.707	0.001	0.232	0.060
0.060	0.122	0.060	0.758
0.124	0.001	0.706	0.169
0.001	0.816	0.001	0.182
0.879	0.001	0.119	0.001
0.001	0.001	0.001	0.997
>CGATCTACACGG	19-CGATCTACACGG	10.441436	-20.474630	0	T:14.0(0.93%),B:35.5(0.10%),P:1e-8	Tpos:119.2,Tstd:54.7,Bpos:107.9,Bstd:61.8,StrandBias:0.0,Multiplicity:1.00
0.161	0.837	0.001	0.001
0.001	0.081	0.837	0.081
0.831	0.001	0.081	0.087
0.081	0.001	0.162	0.756
0.162	0.669	0.081	0.088
0.001	0.001	0.080	0.918
0.837	0.081	0.081	0.001
0.087	0.831	0.001	0.081
0.997	0.001	0.001	0.001
0.001	0.918	0.080	0.001
0.001	0.001	0.837	0.161
0.001	0.162	0.756	0.081
>AGCGCGTCTGGC	20-AGCGCGTCTGGC	14.323862	-16.959704	0	T:5.0(0.33%),B:2.5(0.01%),P:1e-7	Tpos:92.8,Tstd:48.7,Bpos:135.0,Bstd:21.7,StrandBias:-0.6,Multiplicity:1.00
0.997	0.001	0.001	0.001
0.001	0.001	0.997	0.001
0.001	0.997	0.001	0.001
0.001	0.001	0.997	0.001
0.001	0.997	0.001	0.001
0.001	0.001	0.997	0.001
0.199	0.001	0.001	0.799
0.001	0.799	0.199	0.001
0.001	0.199	0.001	0.799
0.001	0.001	0.997	0.001
0.001	0.199	0.799	0.001
0.001	0.997	0.001	0.001
>GTTCACAGTGTA	21-GTTCACAGTGTA	9.663155	-16.266830	0	T:27.0(1.79%),B:179.5(0.53%),P:1e-7	Tpos:107.5,Tstd:52.3,Bpos:98.8,Bstd:56.2,StrandBias:0.7,Multiplicity:1.31
0.051	0.051	0.897	0.001
0.206	0.001	0.001	0.792
0.001	0.103	0.103	0.793
0.051	0.947	0.001	0.001
0.897	0.001	0.051	0.051
0.001	0.842	0.001	0.156
0.845	0.001	0.103	0.051
0.051	0.103	0.845	0.001
0.051	0.051	0.001	0.897
0.051	0.155	0.793	0.001
0.001	0.207	0.051	0.741
0.740	0.052	0.104	0.104
>AAAGCGCTTTTT	22-AAAGCGCTTTTT	13.584754	-14.735132	0	T:6.0(0.40%),B:6.7(0.02%),P:1e-6	Tpos:63.2,Tstd:34.1,Bpos:112.3,Bstd:72.9,StrandBias:-0.3,Multiplicity:1.00
0.888	0.001	0.110	0.001
0.888	0.001	0.001	0.110
0.888	0.001	0.110	0.001
0.001	0.001	0.888	0.110
0.001	0.997	0.001	0.001
0.001	0.001	0.997	0.001
0.001	0.888	0.001	0.110
0.001	0.110	0.001	0.888
0.001	0.001	0.001	0.997
0.001	0.110	0.001	0.888
0.110	0.001	0.001	0.888
0.001	0.001	0.001	0.997
>TTAATCAACATG	23-TTAATCAACATG	14.685446	-14.735132	0	T:6.0(0.40%),B:6.4(0.02%),P:1e-6	Tpos:96.3,Tstd:34.1,Bpos:75.9,Bstd:34.9,StrandBias:10.0,Multiplicity:1.00
0.001	0.001	0.001	0.997
0.001	0.001	0.001	0.997
0.997	0.001	0.001	0.001
0.997	0.001	0.001	0.001
0.001	0.001	0.001	0.997
0.001	0.819	0.179	0.001
0.997	0.001	0.001	0.001
0.819	0.001	0.001	0.179
0.001	0.997	0.001	0.001
0.997	0.001	0.001	0.001
0.001	0.001	0.001	0.997
0.001	0.001	0.997	0.001
>TTTATTTATTWA	24-TTTATTTATTWA	11.421183	-9.432363	0	T:18.0(1.19%),B:139.3(0.41%),P:1e-4	Tpos:113.5,Tstd:48.8,Bpos:77.9,Bstd:51.7,StrandBias:2.0,Multiplicity:1.17
0.205	0.001	0.001	0.793
0.001	0.001	0.094	0.904
0.001	0.001	0.001	0.997
0.623	0.145	0.069	0.163
0.099	0.001	0.001	0.899
0.001	0.001	0.001	0.997
0.001	0.001	0.001	0.997
0.997	0.001	0.001	0.001
0.001	0.001	0.001	0.997
0.001	0.001	0.074	0.924
0.480	0.001	0.001	0.518
0.997	0.001	0.001	0.001
>TGACTGACTGAC	25-TGACTGACTGAC	-11.056302	-4.593895	0	T:838.0(55.42%),B:17794.5(52.41%),P:1e-1	Tpos:101.0,Tstd:53.7,Bpos:99.2,Bstd:57.6,StrandBias:-0.1,Multiplicity:1.39
0.001	0.001	0.001	0.997
0.001	0.001	0.997	0.001
0.997	0.001	0.001	0.001
0.001	0.997	0.001	0.001
0.001	0.001	0.001	0.997
0.037	0.001	0.961	0.001
0.997	0.001	0.001	0.001
0.001	0.997	0.001	0.001
0.001	0.001	0.001	0.997
0.037	0.001	0.961	0.001
0.997	0.001	0.001	0.001
0.001	0.997	0.001	0.001
