>TAGCGCATCC	1-TAGCGCATCC	10.379896	-30.654181	0	T:14.0(0.93%),B:16.9(0.05%),P:1e-13	Tpos:128.7,Tstd:54.0,Bpos:113.6,Bstd:41.0,StrandBias:0.0,Multiplicity:1.00
0.001	0.001	0.063	0.935
0.737	0.081	0.001	0.181
0.001	0.063	0.935	0.001
0.001	0.997	0.001	0.001
0.185	0.064	0.669	0.082
0.081	0.917	0.001	0.001
0.997	0.001	0.001	0.001
0.001	0.001	0.030	0.968
0.001	0.917	0.001	0.081
0.001	0.997	0.001	0.001
>GTAATCATCM	2-GTAATCATCM	7.313599	-27.227929	0	T:69.0(4.56%),B:588.2(1.73%),P:1e-11	Tpos:100.8,Tstd:53.1,Bpos:109.2,Bstd:53.9,StrandBias:-0.3,Multiplicity:1.00
0.028	0.244	0.576	0.152
0.237	0.033	0.062	0.668
0.824	0.045	0.080	0.051
0.550	0.165	0.201	0.084
0.065	0.054	0.044	0.837
0.067	0.673	0.047	0.213
0.465	0.053	0.250	0.231
0.029	0.297	0.053	0.621
0.054	0.589	0.326	0.031
0.486	0.420	0.038	0.056
>GGGGAATTCC	3-GGGGAATTCC	7.874087	-25.980279	0	T:69.0(4.56%),B:605.3(1.78%),P:1e-11	Tpos:84.9,Tstd:48.2,Bpos:94.7,Bstd:57.1,StrandBias:0.3,Multiplicity:1.00
0.039	0.043	0.762	0.156
0.023	0.018	0.824	0.135
0.052	0.001	0.914	0.033
0.264	0.001	0.700	0.035
0.884	0.001	0.035	0.080
0.738	0.059	0.001	0.202
0.180	0.055	0.033	0.732
0.007	0.182	0.013	0.798
0.001	0.869	0.061	0.069
0.050	0.779	0.115	0.056
>GCGAAGAATA	4-GCGAAGAATA	9.877888	-24.030107	0	T:26.0(1.72%),B:114.3(0.34%),P:1e-10	Tpos:101.2,Tstd:54.8,Bpos:103.9,Bstd:62.7,StrandBias:-0.6,Multiplicity:1.00
0.001	0.044	0.838	0.117
0.065	0.885	0.049	0.001
0.011	0.001	0.987	0.001
0.997	0.001	0.001	0.001
0.879	0.058	0.001	0.062
0.001	0.026	0.933	0.040
0.879	0.025	0.095	0.001
0.776	0.095	0.098	0.031
0.001	0.091	0.012	0.896
0.968	0.001	0.030	0.001
>CTGGCAACCT	5-CTGGCAACCT	10.708080	-23.984843	0	T:17.0(1.12%),B:44.4(0.13%),P:1e-10	Tpos:85.5,Tstd:59.3,Bpos:119.2,Bstd:56.9,StrandBias:0.4,Multiplicity:1.00
0.001	0.887	0.001	0.111
0.001	0.001	0.001	0.997
0.077	0.001	0.921	0.001
0.001	0.001	0.997	0.001
0.001	0.882	0.116	0.001
0.921	0.001	0.001	0.077
0.882	0.001	0.116	0.001
0.001	0.997	0.001	0.001
0.001	0.997	0.001	0.001
0.001	0.116	0.001	0.882
>AACAAGTGGC	6-AACAAGTGGC	9.463346	-22.922358	0	T:34.0(2.25%),B:202.0(0.59%),P:1e-9	Tpos:96.9,Tstd:54.7,Bpos:99.4,Bstd:58.0,StrandBias:0.8,Multiplicity:1.00
0.928	0.040	0.031	0.001
0.997	0.001	0.001	0.001
0.054	0.902	0.043	0.001
0.997	0.001	0.001	0.001
0.840	0.113	0.019	0.028
0.073	0.029	0.897	0.001
0.001	0.001	0.051	0.947
0.153	0.065	0.725	0.057
0.050	0.001	0.948	0.001
0.018	0.903	0.078	0.001
>TGTTTACGAC	7-TGTTTACGAC	8.870186	-22.873476	0	T:51.0(3.37%),B:405.1(1.19%),P:1e-9	Tpos:99.9,Tstd:53.5,Bpos:98.0,Bstd:59.5,StrandBias:0.5,Multiplicity:1.00
0.077	0.223	0.154	0.546
0.001	0.128	0.762	0.109
0.001	0.001	0.001	0.997
0.080	0.001	0.001	0.918
0.001	0.001	0.001	0.997
0.937	0.028	0.034	0.001
0.001	0.621	0.240	0.138
0.076	0.001	0.919	0.004
0.676	0.091	0.116	0.117
0.058	0.598	0.107	0.237
>GAGAAGGTAC	8-GAGAAGGTAC	10.674446	-22.059862	0	T:17.0(1.12%),B:51.0(0.15%),P:1e-9	Tpos:95.1,Tstd:58.2,Bpos:106.9,Bstd:63.8,StrandBias:0.2,Multiplicity:1.00
0.005	0.001	0.993	0.001
0.985	0.001	0.013	0.001
0.001	0.001	0.997	0.001
0.772	0.214	0.001	0.013
0.585	0.007	0.340	0.068
0.146	0.067	0.786	0.001
0.001	0.001	0.621	0.377
0.104	0.022	0.055	0.819
0.850	0.148	0.001	0.001
0.001	0.994	0.001	0.004
>ACCATGACGT	9-ACCATGACGT	9.413940	-21.790069	0	T:45.0(2.98%),B:341.2(1.00%),P:1e-9	Tpos:98.1,Tstd:54.2,Bpos:89.4,Bstd:52.7,StrandBias:0.7,Multiplicity:1.00
0.954	0.001	0.001	0.044
0.071	0.927	0.001	0.001
0.202	0.796	0.001	0.001
0.965	0.001	0.001	0.033
0.001	0.001	0.001	0.997
0.060	0.037	0.863	0.040
0.898	0.001	0.100	0.001
0.110	0.870	0.001	0.019
0.154	0.001	0.844	0.001
0.039	0.037	0.037	0.887
>AGCGTGTAAG	10-AGCGTGTAAG	12.312642	-21.175195	0	T:6.0(0.40%),B:2.8(0.01%),P:1e-9	Tpos:103.8,Tstd:58.2,Bpos:0.0,Bstd:0.0,StrandBias:2.0,Multiplicity:1.00
0.780	0.001	0.218	0.001
0.001	0.001	0.997	0.001
0.001	0.997	0.001	0.001
0.001	0.001	0.997	0.001
0.001	0.001	0.001	0.997
0.001	0.001	0.997	0.001
0.001	0.001	0.001	0.997
0.997	0.001	0.001	0.001
0.997	0.001	0.001	0.001
0.001	0.001	0.997	0.001
>CTCTGTTCAC	11-CTCTGTTCAC	7.130693	-20.594393	0	T:49.0(3.24%),B:407.7(1.20%),P:1e-8	Tpos:90.4,Tstd:52.4,Bpos:99.5,Bstd:59.0,StrandBias:0.3,Multiplicity:1.19
0.022	0.625	0.170	0.183
0.193	0.226	0.029	0.552
0.019	0.582	0.216	0.183
0.178	0.171	0.147	0.504
0.041	0.233	0.695	0.031
0.182	0.031	0.186	0.601
0.166	0.173	0.166	0.495
0.033	0.773	0.159	0.035
0.883	0.032	0.052	0.033
0.218	0.608	0.021	0.153
>GCTTCGAGTG	12-GCTTCGAGTG	12.312642	-20.388508	0	T:5.0(0.33%),B:1.5(0.00%),P:1e-8	Tpos:83.0,Tstd:45.1,Bpos:61.3,Bstd:18.2,StrandBias:2.0,Multiplicity:1.00
0.001	0.001	0.997	0.001
0.001	0.997	0.001	0.001
0.001	0.001	0.001	0.997
0.001	0.001	0.001	0.997
0.001	0.997	0.001	0.001
0.001	0.001	0.997	0.001
0.997	0.001	0.001	0.001
0.001	0.001	0.997	0.001
0.001	0.001	0.218	0.780
0.001	0.001	0.997	0.001
>TAAACGACTG	13-TAAACGACTG	9.632198	-20.162249	0	T:28.0(1.85%),B:158.5(0.47%),P:1e-8	Tpos:93.7,Tstd:55.3,Bpos:94.3,Bstd:62.2,StrandBias:-0.4,Multiplicity:1.00
0.038	0.001	0.038	0.923
0.888	0.059	0.052	0.001
0.939	0.001	0.001	0.059
0.997	0.001	0.001	0.001
0.051	0.947	0.001	0.001
0.001	0.184	0.792	0.023
0.819	0.090	0.090	0.001
0.147	0.851	0.001	0.001
0.045	0.001	0.001	0.953
0.001	0.041	0.924	0.034
>TCTGACACCG	14-TCTGACACCG	12.312642	-19.247048	0	T:7.0(0.46%),B:5.7(0.02%),P:1e-8	Tpos:124.2,Tstd:59.5,Bpos:150.7,Bstd:39.8,StrandBias:0.0,Multiplicity:1.00
0.001	0.001	0.001	0.997
0.001	0.997	0.001	0.001
0.001	0.001	0.001	0.997
0.001	0.001	0.997	0.001
0.997	0.001	0.001	0.001
0.001	0.997	0.001	0.001
0.997	0.001	0.001	0.001
0.001	0.997	0.001	0.001
0.001	0.997	0.001	0.001
0.001	0.218	0.780	0.001
>ATAGATAGAT	15-ATAGATAGAT	9.612089	-18.249278	0	T:27.0(1.79%),B:162.0(0.48%),P:1e-7	Tpos:108.2,Tstd:59.8,Bpos:81.2,Bstd:53.5,StrandBias:-0.1,Multiplicity:1.04
0.613	0.001	0.001	0.385
0.001	0.001	0.001	0.997
0.975	0.012	0.012	0.001
0.001	0.151	0.847	0.001
0.985	0.001	0.001	0.013
0.158	0.001	0.103	0.738
0.942	0.001	0.001	0.056
0.011	0.001	0.784	0.204
0.914	0.001	0.001	0.084
0.001	0.001	0.001	0.997
>TCGGGTGCAC	16-TCGGGTGCAC	8.215814	-16.743888	0	T:21.0(1.39%),B:110.2(0.32%),P:1e-7	Tpos:84.8,Tstd:46.7,Bpos:97.9,Bstd:62.3,StrandBias:1.2,Multiplicity:1.00
0.001	0.001	0.001	0.997
0.301	0.679	0.001	0.019
0.001	0.001	0.997	0.001
0.068	0.005	0.926	0.001
0.300	0.001	0.698	0.001
0.001	0.001	0.001	0.997
0.001	0.001	0.997	0.001
0.001	0.698	0.300	0.001
0.972	0.001	0.026	0.001
0.001	0.997	0.001	0.001
>AGTCACGTGA	17-AGTCACGTGA	6.928627	-15.262127	0	T:161.0(10.65%),B:2402.4(7.08%),P:1e-6	Tpos:84.4,Tstd:52.4,Bpos:82.3,Bstd:54.4,StrandBias:-0.3,Multiplicity:1.11
0.770	0.040	0.066	0.124
0.087	0.072	0.762	0.079
0.062	0.083	0.063	0.792
0.057	0.821	0.073	0.049
0.783	0.077	0.098	0.042
0.057	0.812	0.053	0.078
0.057	0.048	0.810	0.085
0.049	0.053	0.058	0.840
0.019	0.096	0.837	0.048
0.776	0.068	0.108	0.048
>VGCACGCCAN	18-VGCACGCCAN	6.564715	-13.567715	0	T:5.0(0.33%),B:4.0(0.01%),P:1e-5	Tpos:108.0,Tstd:37.6,Bpos:97.5,Bstd:48.0,StrandBias:0.6,Multiplicity:1.00
0.223	0.270	0.334	0.172
0.136	0.152	0.582	0.130
0.134	0.565	0.156	0.145
0.481	0.187	0.180	0.152
0.131	0.582	0.158	0.129
0.114	0.183	0.575	0.128
0.113	0.612	0.157	0.118
0.118	0.550	0.156	0.176
0.486	0.198	0.160	0.156
0.234	0.260	0.275	0.231
>CAGCGCGGGC	19-CAGCGCGGGC	11.978003	-13.084663	0	T:6.0(0.40%),B:8.1(0.02%),P:1e-5	Tpos:112.8,Tstd:46.2,Bpos:94.5,Bstd:64.2,StrandBias:1.0,Multiplicity:1.00
0.001	0.997	0.001	0.001
0.997	0.001	0.001	0.001
0.156	0.001	0.842	0.001
0.001	0.997	0.001	0.001
0.001	0.001	0.997	0.001
0.001	0.997	0.001	0.001
0.001	0.001	0.997	0.001
0.001	0.001	0.997	0.001
0.001	0.001	0.997	0.001
0.001	0.997	0.001	0.001
>TTTTAACCCG	20-TTTTAACCCG	10.296193	-12.926340	0	T:4.0(0.26%),B:2.8(0.01%),P:1e-5	Tpos:66.2,Tstd:16.6,Bpos:54.0,Bstd:49.3,StrandBias:10.0,Multiplicity:1.00
0.100	0.100	0.100	0.700
0.100	0.100	0.100	0.700
0.100	0.100	0.100	0.700
0.100	0.100	0.100	0.700
0.700	0.100	0.100	0.100
0.700	0.100	0.100	0.100
0.100	0.700	0.100	0.100
0.100	0.700	0.100	0.100
0.100	0.700	0.100	0.100
0.100	0.100	0.700	0.100
>GTCTCATGCC	21-GTCTCATGCC	10.296193	-12.926340	0	T:4.0(0.26%),B:2.6(0.01%),P:1e-5	Tpos:89.5,Tstd:57.2,Bpos:137.2,Bstd:50.7,StrandBias:1.6,Multiplicity:1.00
0.100	0.100	0.700	0.100
0.100	0.100	0.100	0.700
0.100	0.700	0.100	0.100
0.100	0.100	0.100	0.700
0.100	0.700	0.100	0.100
0.700	0.100	0.100	0.100
0.100	0.100	0.100	0.700
0.100	0.100	0.700	0.100
0.100	0.700	0.100	0.100
0.100	0.700	0.100	0.100
>ATCCTGGCGA	22-ATCCTGGCGA	10.296193	-12.926340	0	T:4.0(0.26%),B:2.0(0.01%),P:1e-5	Tpos:136.0,Tstd:27.8,Bpos:147.3,Bstd:19.7,StrandBias:-1.6,Multiplicity:1.00
0.700	0.100	0.100	0.100
0.100	0.100	0.100	0.700
0.100	0.700	0.100	0.100
0.100	0.700	0.100	0.100
0.100	0.100	0.100	0.700
0.100	0.100	0.700	0.100
0.100	0.100	0.700	0.100
0.100	0.700	0.100	0.100
0.100	0.100	0.700	0.100
0.700	0.100	0.100	0.100
>CATGCATGCA	23-CATGCATGCA	9.835801	-7.341651	0	T:17.0(1.12%),B:152.2(0.45%),P:1e-3	Tpos:91.2,Tstd:53.9,Bpos:88.8,Bstd:52.2,StrandBias:-0.5,Multiplicity:1.12
0.070	0.928	0.001	0.001
0.958	0.001	0.040	0.001
0.001	0.001	0.001	0.997
0.001	0.001	0.997	0.001
0.001	0.970	0.028	0.001
0.947	0.051	0.001	0.001
0.001	0.001	0.105	0.893
0.141	0.001	0.857	0.001
0.001	0.997	0.001	0.001
0.997	0.001	0.001	0.001
>TMAATAAATA	24-TMAATAAATA	8.736038	-7.067393	0	T:50.0(3.31%),B:694.9(2.05%),P:1e-3	Tpos:113.2,Tstd:51.7,Bpos:84.4,Bstd:54.9,StrandBias:-1.2,Multiplicity:1.13
0.001	0.001	0.137	0.861
0.371	0.455	0.058	0.116
0.909	0.089	0.001	0.001
0.904	0.040	0.001	0.055
0.001	0.001	0.001	0.997
0.997	0.001	0.001	0.001
0.934	0.001	0.024	0.041
0.997	0.001	0.001	0.001
0.021	0.001	0.001	0.977
0.973	0.025	0.001	0.001
>GTCAGTCAGT	25-GTCAGTCAGT	-6.910873	-5.287299	0	T:1147.0(75.86%),B:24756.6(72.92%),P:1e-2	Tpos:101.8,Tstd:54.3,Bpos:101.0,Bstd:58.2,StrandBias:0.1,Multiplicity:1.74
0.001	0.001	0.997	0.001
0.001	0.001	0.001	0.997
0.001	0.997	0.001	0.001
0.997	0.001	0.001	0.001
0.001	0.001	0.997	0.001
0.001	0.001	0.001	0.997
0.001	0.968	0.001	0.030
0.997	0.001	0.001	0.001
0.001	0.001	0.997	0.001
0.001	0.001	0.001	0.997
>ACCTGCCAAATA	1-ACCTGCCAAATA	13.888152	-40.868882	0	T:9.0(0.60%),B:1.7(0.00%),P:1e-17	Tpos:70.3,Tstd:47.3,Bpos:107.0,Bstd:57.0,StrandBias:-0.3,Multiplicity:1.00
0.856	0.142	0.001	0.001
0.001	0.997	0.001	0.001
0.001	0.856	0.001	0.142
0.001	0.001	0.142	0.856
0.001	0.001	0.997	0.001
0.142	0.856	0.001	0.001
0.001	0.997	0.001	0.001
0.856	0.142	0.001	0.001
0.997	0.001	0.001	0.001
0.997	0.001	0.001	0.001
0.001	0.001	0.001	0.997
0.856	0.001	0.001	0.142
>TGTCTGGACGCA	2-TGTCTGGACGCA	13.679644	-34.670378	0	T:9.0(0.60%),B:2.1(0.01%),P:1e-15	Tpos:134.4,Tstd:47.3,Bpos:140.2,Bstd:5.0,StrandBias:1.8,Multiplicity:1.00
0.001	0.001	0.001	0.997
0.001	0.125	0.749	0.125
0.124	0.001	0.001	0.874
0.001	0.997	0.001	0.001
0.001	0.124	0.001	0.874
0.001	0.001	0.997	0.001
0.125	0.125	0.749	0.001
0.997	0.001	0.001	0.001
0.001	0.997	0.001	0.001
0.001	0.001	0.997	0.001
0.001	0.997	0.001	0.001
0.874	0.001	0.001	0.124
>NGGGGAWTTCCC	3-NGGGGAWTTCCC	8.142078	-33.153144	0	T:65.0(4.30%),B:467.3(1.38%),P:1e-14	Tpos:85.2,Tstd:48.7,Bpos:90.9,Bstd:55.9,StrandBias:-0.0,Multiplicity:1.03
0.254	0.266	0.209	0.270
0.136	0.033	0.557	0.274
0.001	0.032	0.871	0.096
0.016	0.016	0.952	0.016
0.282	0.033	0.653	0.032
0.826	0.045	0.049	0.080
0.464	0.033	0.016	0.488
0.033	0.016	0.068	0.883
0.064	0.065	0.016	0.855
0.064	0.864	0.016	0.056
0.048	0.839	0.032	0.081
0.065	0.880	0.016	0.039
>AAGTTCTTGACA	4-AAGTTCTTGACA	13.422635	-32.298719	0	T:11.0(0.73%),B:7.0(0.02%),P:1e-14	Tpos:103.7,Tstd:52.3,Bpos:60.6,Bstd:29.8,StrandBias:-0.3,Multiplicity:1.00
0.997	0.001	0.001	0.001
0.997	0.001	0.001	0.001
0.001	0.001	0.997	0.001
0.001	0.224	0.101	0.674
0.001	0.001	0.100	0.898
0.001	0.932	0.066	0.001
0.001	0.100	0.001	0.898
0.001	0.001	0.100	0.898
0.001	0.001	0.898	0.100
0.898	0.001	0.001	0.100
0.001	0.997	0.001	0.001
0.997	0.001	0.001	0.001
>ATGAAGTGTCTG	5-ATGAAGTGTCTG	13.418837	-30.643520	0	T:11.0(0.73%),B:7.4(0.02%),P:1e-13	Tpos:109.6,Tstd:50.8,Bpos:83.3,Bstd:36.8,StrandBias:-0.3,Multiplicity:1.00
0.899	0.001	0.001	0.099
0.001	0.001	0.001	0.997
0.001	0.001	0.997	0.001
0.700	0.100	0.100	0.100
0.997	0.001	0.001	0.001
0.001	0.099	0.899	0.001
0.001	0.001	0.001	0.997
0.099	0.001	0.899	0.001
0.001	0.001	0.001	0.997
0.099	0.899	0.001	0.001
0.099	0.001	0.001	0.899
0.099	0.001	0.899	0.001
>GGCTACCTATTG	6-GGCTACCTATTG	14.042917	-30.358241	0	T:7.0(0.46%),B:0.7(0.00%),P:1e-13	Tpos:72.9,Tstd:73.1,Bpos:0.0,Bstd:0.0,StrandBias:-0.4,Multiplicity:1.00
0.001	0.001	0.997	0.001
0.001	0.001	0.997	0.001
0.001	0.997	0.001	0.001
0.001	0.001	0.001	0.997
0.832	0.001	0.001	0.166
0.166	0.667	0.001	0.166
0.166	0.832	0.001	0.001
0.001	0.001	0.001	0.997
0.997	0.001	0.001	0.001
0.001	0.001	0.166	0.832
0.001	0.001	0.001	0.997
0.001	0.001	0.997	0.001
>AGCCACGAATAT	7-AGCCACGAATAT	13.857843	-30.358241	0	T:7.0(0.46%),B:1.8(0.01%),P:1e-13	Tpos:102.4,Tstd:54.3,Bpos:70.3,Bstd:22.1,StrandBias:-1.3,Multiplicity:1.00
0.997	0.001	0.001	0.001
0.001	0.001	0.997	0.001
0.001	0.713	0.143	0.143
0.001	0.856	0.142	0.001
0.997	0.001	0.001	0.001
0.001	0.997	0.001	0.001
0.001	0.001	0.997	0.001
0.997	0.001	0.001	0.001
0.997	0.001	0.001	0.001
0.001	0.001	0.142	0.856
0.856	0.001	0.001	0.142
0.001	0.001	0.142	0.856
>GGAAAGTGCTGG	8-GGAAAGTGCTGG	9.367359	-27.175142	0	T:37.0(2.45%),B:201.5(0.59%),P:1e-11	Tpos:116.9,Tstd:57.1,Bpos:100.3,Bstd:53.8,StrandBias:1.0,Multiplicity:1.00
0.097	0.064	0.743	0.096
0.085	0.128	0.754	0.033
0.839	0.127	0.033	0.001
0.903	0.032	0.033	0.032
0.967	0.031	0.001	0.001
0.065	0.117	0.786	0.032
0.064	0.001	0.032	0.903
0.064	0.001	0.903	0.032
0.149	0.722	0.064	0.065
0.064	0.032	0.032	0.872
0.001	0.064	0.871	0.064
0.138	0.032	0.745	0.085
>GTGGTGTTGCCA	9-GTGGTGTTGCCA	9.839037	-27.036654	0	T:33.0(2.18%),B:162.3(0.48%),P:1e-11	Tpos:93.7,Tstd:53.8,Bpos:103.9,Bstd:55.5,StrandBias:0.1,Multiplicity:1.00
0.001	0.001	0.947	0.051
0.066	0.001	0.066	0.867
0.132	0.066	0.736	0.066
0.132	0.001	0.683	0.184
0.065	0.001	0.001	0.933
0.066	0.001	0.867	0.066
0.001	0.001	0.065	0.933
0.001	0.066	0.132	0.801
0.066	0.066	0.867	0.001
0.001	0.856	0.001	0.142
0.066	0.801	0.132	0.001
0.724	0.143	0.132	0.001
>ACGTAATCAGCT	10-ACGTAATCAGCT	14.083041	-26.844182	0	T:8.0(0.53%),B:3.9(0.01%),P:1e-11	Tpos:110.8,Tstd:59.0,Bpos:160.0,Bstd:0.0,StrandBias:0.7,Multiplicity:1.00
0.997	0.001	0.001	0.001
0.001	0.997	0.001	0.001
0.001	0.166	0.832	0.001
0.166	0.001	0.001	0.832
0.997	0.001	0.001	0.001
0.997	0.001	0.001	0.001
0.166	0.001	0.001	0.832
0.001	0.997	0.001	0.001
0.997	0.001	0.001	0.001
0.001	0.001	0.832	0.166
0.001	0.832	0.166	0.001
0.001	0.001	0.001	0.997
>GGGGGTCAAATC	11-GGGGGTCAAATC	13.702315	-26.844182	0	T:8.0(0.53%),B:3.1(0.01%),P:1e-11	Tpos:70.1,Tstd:34.0,Bpos:132.5,Bstd:57.5,StrandBias:1.6,Multiplicity:1.00
0.124	0.001	0.874	0.001
0.001	0.001	0.874	0.124
0.001	0.124	0.874	0.001
0.001	0.001	0.997	0.001
0.001	0.001	0.997	0.001
0.001	0.001	0.001	0.997
0.001	0.874	0.124	0.001
0.749	0.125	0.125	0.001
0.997	0.001	0.001	0.001
0.997	0.001	0.001	0.001
0.001	0.124	0.001	0.874
0.001	0.997	0.001	0.001
>TTGATATTTAAT	12-TTGATATTTAAT	12.524060	-25.098052	0	T:16.0(1.06%),B:35.4(0.10%),P:1e-10	Tpos:93.6,Tstd:43.6,Bpos:85.8,Bstd:47.1,StrandBias:1.6,Multiplicity:1.00
0.001	0.089	0.001	0.909
0.001	0.001	0.001	0.997
0.060	0.090	0.849	0.001
0.909	0.089	0.001	0.001
0.045	0.001	0.001	0.953
0.997	0.001	0.001	0.001
0.001	0.089	0.001	0.909
0.001	0.001	0.001	0.997
0.001	0.001	0.001	0.997
0.939	0.001	0.001	0.059
0.909	0.001	0.001	0.089
0.001	0.321	0.001	0.677
>ATAAACTGCCCG	13-ATAAACTGCCCG	14.042917	-24.582037	0	T:8.0(0.53%),B:4.2(0.01%),P:1e-10	Tpos:126.9,Tstd:59.3,Bpos:51.5,Bstd:45.4,StrandBias:0.7,Multiplicity:1.00
0.997	0.001	0.001	0.001
0.166	0.166	0.001	0.667
0.997	0.001	0.001	0.001
0.997	0.001	0.001	0.001
0.997	0.001	0.001	0.001
0.001	0.997	0.001	0.001
0.001	0.166	0.001	0.832
0.001	0.001	0.832	0.166
0.001	0.832	0.001	0.166
0.001	0.997	0.001	0.001
0.001	0.997	0.001	0.001
0.001	0.001	0.997	0.001
>ACGCCCAGTATT	14-ACGCCCAGTATT	14.030707	-24.582037	0	T:8.0(0.53%),B:4.7(0.01%),P:1e-10	Tpos:89.9,Tstd:48.8,Bpos:81.8,Bstd:68.2,StrandBias:-0.7,Multiplicity:1.00
0.997	0.001	0.001	0.001
0.001	0.860	0.001	0.138
0.138	0.001	0.860	0.001
0.001	0.997	0.001	0.001
0.138	0.860	0.001	0.001
0.001	0.997	0.001	0.001
0.997	0.001	0.001	0.001
0.138	0.001	0.860	0.001
0.001	0.001	0.001	0.997
0.860	0.001	0.138	0.001
0.001	0.001	0.001	0.997
0.001	0.001	0.001	0.997
>GAGAAGTTACGA	15-GAGAAGTTACGA	9.515876	-22.925295	0	T:29.0(1.92%),B:149.3(0.44%),P:1e-9	Tpos:87.3,Tstd:58.9,Bpos:100.5,Bstd:57.3,StrandBias:0.0,Multiplicity:1.03
0.036	0.037	0.891	0.036
0.927	0.001	0.071	0.001
0.066	0.108	0.790	0.036
0.927	0.001	0.071	0.001
0.927	0.036	0.001	0.036
0.036	0.036	0.892	0.036
0.001	0.073	0.072	0.854
0.072	0.072	0.072	0.784
0.762	0.108	0.001	0.129
0.108	0.755	0.001	0.136
0.138	0.037	0.753	0.072
0.754	0.073	0.036	0.137
>CKRCGKAGAGGK	16-CKRCGKAGAGGK	11.731286	-22.836182	0	T:8.0(0.53%),B:6.0(0.02%),P:1e-9	Tpos:134.0,Tstd:52.3,Bpos:78.4,Bstd:27.8,StrandBias:1.6,Multiplicity:1.00
0.001	0.997	0.001	0.001
0.059	0.073	0.431	0.437
0.562	0.001	0.436	0.001
0.001	0.997	0.001	0.001
0.001	0.001	0.997	0.001
0.001	0.001	0.448	0.550
0.997	0.001	0.001	0.001
0.001	0.001	0.997	0.001
0.997	0.001	0.001	0.001
0.001	0.001	0.997	0.001
0.001	0.005	0.935	0.059
0.001	0.001	0.568	0.430
>GAAACACACCGA	17-GAAACACACCGA	13.549249	-22.432328	0	T:9.0(0.60%),B:8.9(0.03%),P:1e-9	Tpos:140.8,Tstd:33.9,Bpos:107.1,Bstd:55.9,StrandBias:1.0,Multiplicity:1.00
0.001	0.001	0.997	0.001
0.997	0.001	0.001	0.001
0.997	0.001	0.001	0.001
0.997	0.001	0.001	0.001
0.001	0.888	0.001	0.110
0.888	0.001	0.001	0.110
0.001	0.997	0.001	0.001
0.997	0.001	0.001	0.001
0.001	0.777	0.111	0.111
0.001	0.888	0.001	0.110
0.001	0.110	0.888	0.001
0.777	0.111	0.001	0.111
>GCATGCATGCAT	18-GCATGCATGCAT	10.917062	-20.598903	0	T:20.0(1.32%),B:79.9(0.24%),P:1e-8	Tpos:83.1,Tstd:51.0,Bpos:79.7,Bstd:56.9,StrandBias:-0.5,Multiplicity:1.00
0.154	0.001	0.844	0.001
0.120	0.877	0.001	0.002
0.997	0.001	0.001	0.001
0.001	0.001	0.001	0.997
0.222	0.001	0.657	0.120
0.001	0.939	0.001	0.059
0.707	0.001	0.232	0.060
0.060	0.122	0.060	0.758
0.124	0.001	0.706	0.169
0.001	0.816	0.001	0.182
0.879	0.001	0.119	0.001
0.001	0.001	0.001	0.997
>CGATCTACACGG	19-CGATCTACACGG	10.441436	-20.474630	0	T:14.0(0.93%),B:35.5(0.10%),P:1e-8	Tpos:119.2,Tstd:54.7,Bpos:107.9,Bstd:61.8,StrandBias:0.0,Multiplicity:1.00
0.161	0.837	0.001	0.001
0.001	0.081	0.837	0.081
0.831	0.001	0.081	0.087
0.081	0.001	0.162	0.756
0.162	0.669	0.081	0.088
0.001	0.001	0.080	0.918
0.837	0.081	0.081	0.001
0.087	0.831	0.001	0.081
0.997	0.001	0.001	0.001
0.001	0.918	0.080	0.001
0.001	0.001	0.837	0.161
0.001	0.162	0.756	0.081
>AGCGCGTCTGGC	20-AGCGCGTCTGGC	14.323862	-16.959704	0	T:5.0(0.33%),B:2.5(0.01%),P:1e-7	Tpos:92.8,Tstd:48.7,Bpos:135.0,Bstd:21.7,StrandBias:-0.6,Multiplicity:1.00
0.997	0.001	0.001	0.001
0.001	0.001	0.997	0.001
0.001	0.997	0.001	0.001
0.001	0.001	0.997	0.001
0.001	0.997	0.001	0.001
0.001	0.001	0.997	0.001
0.199	0.001	0.001	0.799
0.001	0.799	0.199	0.001
0.001	0.199	0.001	0.799
0.001	0.001	0.997	0.001
0.001	0.199	0.799	0.001
0.001	0.997	0.001	0.001
>GTTCACAGTGTA	21-GTTCACAGTGTA	9.663155	-16.266830	0	T:27.0(1.79%),B:179.5(0.53%),P:1e-7	Tpos:107.5,Tstd:52.3,Bpos:98.8,Bstd:56.2,StrandBias:0.7,Multiplicity:1.31
0.051	0.051	0.897	0.001
0.206	0.001	0.001	0.792
0.001	0.103	0.103	0.793
0.051	0.947	0.001	0.001
0.897	0.001	0.051	0.051
0.001	0.842	0.001	0.156
0.845	0.001	0.103	0.051
0.051	0.103	0.845	0.001
0.051	0.051	0.001	0.897
0.051	0.155	0.793	0.001
0.001	0.207	0.051	0.741
0.740	0.052	0.104	0.104
>AAAGCGCTTTTT	22-AAAGCGCTTTTT	13.584754	-14.735132	0	T:6.0(0.40%),B:6.7(0.02%),P:1e-6	Tpos:63.2,Tstd:34.1,Bpos:112.3,Bstd:72.9,StrandBias:-0.3,Multiplicity:1.00
0.888	0.001	0.110	0.001
0.888	0.001	0.001	0.110
0.888	0.001	0.110	0.001
0.001	0.001	0.888	0.110
0.001	0.997	0.001	0.001
0.001	0.001	0.997	0.001
0.001	0.888	0.001	0.110
0.001	0.110	0.001	0.888
0.001	0.001	0.001	0.997
0.001	0.110	0.001	0.888
0.110	0.001	0.001	0.888
0.001	0.001	0.001	0.997
>TTAATCAACATG	23-TTAATCAACATG	14.685446	-14.735132	0	T:6.0(0.40%),B:6.4(0.02%),P:1e-6	Tpos:96.3,Tstd:34.1,Bpos:75.9,Bstd:34.9,StrandBias:10.0,Multiplicity:1.00
0.001	0.001	0.001	0.997
0.001	0.001	0.001	0.997
0.997	0.001	0.001	0.001
0.997	0.001	0.001	0.001
0.001	0.001	0.001	0.997
0.001	0.819	0.179	0.001
0.997	0.001	0.001	0.001
0.819	0.001	0.001	0.179
0.001	0.997	0.001	0.001
0.997	0.001	0.001	0.001
0.001	0.001	0.001	0.997
0.001	0.001	0.997	0.001
>TTTATTTATTWA	24-TTTATTTATTWA	11.421183	-9.432363	0	T:18.0(1.19%),B:139.3(0.41%),P:1e-4	Tpos:113.5,Tstd:48.8,Bpos:77.9,Bstd:51.7,StrandBias:2.0,Multiplicity:1.17
0.205	0.001	0.001	0.793
0.001	0.001	0.094	0.904
0.001	0.001	0.001	0.997
0.623	0.145	0.069	0.163
0.099	0.001	0.001	0.899
0.001	0.001	0.001	0.997
0.001	0.001	0.001	0.997
0.997	0.001	0.001	0.001
0.001	0.001	0.001	0.997
0.001	0.001	0.074	0.924
0.480	0.001	0.001	0.518
0.997	0.001	0.001	0.001
>TGACTGACTGAC	25-TGACTGACTGAC	-11.056302	-4.593895	0	T:838.0(55.42%),B:17794.5(52.41%),P:1e-1	Tpos:101.0,Tstd:53.7,Bpos:99.2,Bstd:57.6,StrandBias:-0.1,Multiplicity:1.39
0.001	0.001	0.001	0.997
0.001	0.001	0.997	0.001
0.997	0.001	0.001	0.001
0.001	0.997	0.001	0.001
0.001	0.001	0.001	0.997
0.037	0.001	0.961	0.001
0.997	0.001	0.001	0.001
0.001	0.997	0.001	0.001
0.001	0.001	0.001	0.997
0.037	0.001	0.961	0.001
0.997	0.001	0.001	0.001
0.001	0.997	0.001	0.001
>ATTTGGCC	1-ATTTGGCC	7.082323	-20.629762	0	T:123.0(8.13%),B:1550.8(4.57%),P:1e-8	Tpos:103.0,Tstd:58.1,Bpos:98.9,Bstd:55.6,StrandBias:0.0,Multiplicity:1.02
0.665	0.119	0.093	0.123
0.001	0.001	0.179	0.819
0.001	0.115	0.001	0.883
0.099	0.001	0.001	0.899
0.001	0.001	0.997	0.001
0.001	0.001	0.954	0.044
0.001	0.789	0.062	0.148
0.056	0.942	0.001	0.001
>CAAGCGCA	2-CAAGCGCA	5.074537	-19.706806	0	T:362.0(23.94%),B:6090.9(17.94%),P:1e-8	Tpos:100.2,Tstd:51.3,Bpos:95.2,Bstd:57.6,StrandBias:-0.1,Multiplicity:1.18
0.122	0.644	0.102	0.132
0.692	0.131	0.086	0.091
0.736	0.042	0.058	0.164
0.055	0.068	0.826	0.051
0.089	0.781	0.055	0.075
0.065	0.082	0.807	0.046
0.070	0.841	0.044	0.045
0.682	0.077	0.115	0.126
>CATGAAGC	3-CATGAAGC	6.120025	-18.917756	0	T:105.0(6.94%),B:1293.5(3.81%),P:1e-8	Tpos:114.7,Tstd:51.3,Bpos:105.5,Bstd:54.9,StrandBias:0.5,Multiplicity:1.05
0.001	0.997	0.001	0.001
0.997	0.001	0.001	0.001
0.048	0.001	0.001	0.950
0.001	0.001	0.997	0.001
0.997	0.001	0.001	0.001
0.765	0.001	0.233	0.001
0.001	0.001	0.997	0.001
0.001	0.630	0.001	0.368
>TTCYCYGT	4-TTCYCYGT	7.202302	-17.971011	0	T:251.0(16.60%),B:3989.8(11.75%),P:1e-7	Tpos:104.5,Tstd:56.0,Bpos:103.1,Bstd:58.6,StrandBias:-0.0,Multiplicity:1.07
0.001	0.001	0.001	0.997
0.001	0.001	0.001	0.997
0.001	0.997	0.001	0.001
0.001	0.547	0.001	0.451
0.001	0.595	0.403	0.001
0.062	0.526	0.026	0.386
0.001	0.308	0.690	0.001
0.001	0.001	0.296	0.702
>ACGTATTA	5-ACGTATTA	6.097219	-17.587891	0	T:128.0(8.47%),B:1724.8(5.08%),P:1e-7	Tpos:102.3,Tstd:55.6,Bpos:96.5,Bstd:59.9,StrandBias:-0.3,Multiplicity:1.05
0.978	0.020	0.001	0.001
0.001	0.985	0.013	0.001
0.001	0.001	0.997	0.001
0.001	0.171	0.001	0.827
0.997	0.001	0.001	0.001
0.164	0.001	0.001	0.834
0.001	0.080	0.001	0.918
0.621	0.377	0.001	0.001
>AAAAGGGG	6-AAAAGGGG	6.998240	-16.369141	0	T:113.0(7.47%),B:1500.8(4.42%),P:1e-7	Tpos:84.1,Tstd:56.3,Bpos:92.0,Bstd:60.2,StrandBias:-0.2,Multiplicity:1.03
0.876	0.033	0.046	0.045
0.890	0.034	0.001	0.075
0.797	0.201	0.001	0.001
0.848	0.078	0.073	0.001
0.001	0.165	0.833	0.001
0.035	0.001	0.914	0.050
0.001	0.129	0.836	0.034
0.001	0.001	0.997	0.001
>CCSTGGCT	7-CCSTGGCT	7.984218	-14.314311	0	T:54.0(3.57%),B:578.2(1.70%),P:1e-6	Tpos:99.0,Tstd:57.8,Bpos:107.6,Bstd:61.9,StrandBias:0.2,Multiplicity:1.04
0.001	0.849	0.001	0.149
0.001	0.997	0.001	0.001
0.001	0.447	0.551	0.001
0.001	0.001	0.120	0.878
0.039	0.001	0.959	0.001
0.278	0.001	0.720	0.001
0.001	0.997	0.001	0.001
0.001	0.001	0.093	0.905
>RTCASSTG	8-RTCASSTG	6.562360	-13.206740	0	T:288.0(19.05%),B:4976.0(14.66%),P:1e-5	Tpos:87.1,Tstd:52.7,Bpos:89.4,Bstd:56.1,StrandBias:-0.2,Multiplicity:1.18
0.485	0.001	0.513	0.001
0.001	0.001	0.001	0.997
0.001	0.856	0.142	0.001
0.853	0.145	0.001	0.001
0.001	0.445	0.303	0.250
0.106	0.432	0.461	0.001
0.001	0.001	0.118	0.880
0.001	0.001	0.997	0.001
>GAGCCAAT	9-GAGCCAAT	9.907770	-12.103788	0	T:44.0(2.91%),B:468.7(1.38%),P:1e-5	Tpos:70.5,Tstd:48.5,Bpos:89.1,Bstd:56.4,StrandBias:0.3,Multiplicity:1.05
0.001	0.313	0.685	0.001
0.997	0.001	0.001	0.001
0.001	0.001	0.997	0.001
0.001	0.997	0.001	0.001
0.001	0.997	0.001	0.001
0.997	0.001	0.001	0.001
0.997	0.001	0.001	0.001
0.001	0.001	0.001	0.997
>TCAGTCAG	10-TCAGTCAG	4.074647	-2.743946	0	T:268.0(17.72%),B:5514.4(16.24%),P:1e-1	Tpos:105.9,Tstd:53.7,Bpos:100.6,Bstd:58.8,StrandBias:0.4,Multiplicity:1.31
0.001	0.001	0.001	0.997
0.001	0.997	0.001	0.001
0.997	0.001	0.001	0.001
0.001	0.001	0.997	0.001
0.001	0.001	0.001	0.997
0.001	0.914	0.001	0.084
0.997	0.001	0.001	0.001
0.001	0.001	0.997	0.001
