>TAGCGCATCC	1-TAGCGCATCC	10.379896	-30.654181	0	T:14.0(0.93%),B:16.9(0.05%),P:1e-13	Tpos:128.7,Tstd:54.0,Bpos:113.6,Bstd:41.0,StrandBias:0.0,Multiplicity:1.00
0.001	0.001	0.063	0.935
0.737	0.081	0.001	0.181
0.001	0.063	0.935	0.001
0.001	0.997	0.001	0.001
0.185	0.064	0.669	0.082
0.081	0.917	0.001	0.001
0.997	0.001	0.001	0.001
0.001	0.001	0.030	0.968
0.001	0.917	0.001	0.081
0.001	0.997	0.001	0.001
>GTAATCATCM	2-GTAATCATCM	7.313599	-27.227929	0	T:69.0(4.56%),B:588.2(1.73%),P:1e-11	Tpos:100.8,Tstd:53.1,Bpos:109.2,Bstd:53.9,StrandBias:-0.3,Multiplicity:1.00
0.028	0.244	0.576	0.152
0.237	0.033	0.062	0.668
0.824	0.045	0.080	0.051
0.550	0.165	0.201	0.084
0.065	0.054	0.044	0.837
0.067	0.673	0.047	0.213
0.465	0.053	0.250	0.231
0.029	0.297	0.053	0.621
0.054	0.589	0.326	0.031
0.486	0.420	0.038	0.056
>GGGGAATTCC	3-GGGGAATTCC	7.874087	-25.980279	0	T:69.0(4.56%),B:605.3(1.78%),P:1e-11	Tpos:84.9,Tstd:48.2,Bpos:94.7,Bstd:57.1,StrandBias:0.3,Multiplicity:1.00
0.039	0.043	0.762	0.156
0.023	0.018	0.824	0.135
0.052	0.001	0.914	0.033
0.264	0.001	0.700	0.035
0.884	0.001	0.035	0.080
0.738	0.059	0.001	0.202
0.180	0.055	0.033	0.732
0.007	0.182	0.013	0.798
0.001	0.869	0.061	0.069
0.050	0.779	0.115	0.056
>GCGAAGAATA	4-GCGAAGAATA	9.877888	-24.030107	0	T:26.0(1.72%),B:114.3(0.34%),P:1e-10	Tpos:101.2,Tstd:54.8,Bpos:103.9,Bstd:62.7,StrandBias:-0.6,Multiplicity:1.00
0.001	0.044	0.838	0.117
0.065	0.885	0.049	0.001
0.011	0.001	0.987	0.001
0.997	0.001	0.001	0.001
0.879	0.058	0.001	0.062
0.001	0.026	0.933	0.040
0.879	0.025	0.095	0.001
0.776	0.095	0.098	0.031
0.001	0.091	0.012	0.896
0.968	0.001	0.030	0.001
>CTGGCAACCT	5-CTGGCAACCT	10.708080	-23.984843	0	T:17.0(1.12%),B:44.4(0.13%),P:1e-10	Tpos:85.5,Tstd:59.3,Bpos:119.2,Bstd:56.9,StrandBias:0.4,Multiplicity:1.00
0.001	0.887	0.001	0.111
0.001	0.001	0.001	0.997
0.077	0.001	0.921	0.001
0.001	0.001	0.997	0.001
0.001	0.882	0.116	0.001
0.921	0.001	0.001	0.077
0.882	0.001	0.116	0.001
0.001	0.997	0.001	0.001
0.001	0.997	0.001	0.001
0.001	0.116	0.001	0.882
>AACAAGTGGC	6-AACAAGTGGC	9.463346	-22.922358	0	T:34.0(2.25%),B:202.0(0.59%),P:1e-9	Tpos:96.9,Tstd:54.7,Bpos:99.4,Bstd:58.0,StrandBias:0.8,Multiplicity:1.00
0.928	0.040	0.031	0.001
0.997	0.001	0.001	0.001
0.054	0.902	0.043	0.001
0.997	0.001	0.001	0.001
0.840	0.113	0.019	0.028
0.073	0.029	0.897	0.001
0.001	0.001	0.051	0.947
0.153	0.065	0.725	0.057
0.050	0.001	0.948	0.001
0.018	0.903	0.078	0.001
>TGTTTACGAC	7-TGTTTACGAC	8.870186	-22.873476	0	T:51.0(3.37%),B:405.1(1.19%),P:1e-9	Tpos:99.9,Tstd:53.5,Bpos:98.0,Bstd:59.5,StrandBias:0.5,Multiplicity:1.00
0.077	0.223	0.154	0.546
0.001	0.128	0.762	0.109
0.001	0.001	0.001	0.997
0.080	0.001	0.001	0.918
0.001	0.001	0.001	0.997
0.937	0.028	0.034	0.001
0.001	0.621	0.240	0.138
0.076	0.001	0.919	0.004
0.676	0.091	0.116	0.117
0.058	0.598	0.107	0.237
>GAGAAGGTAC	8-GAGAAGGTAC	10.674446	-22.059862	0	T:17.0(1.12%),B:51.0(0.15%),P:1e-9	Tpos:95.1,Tstd:58.2,Bpos:106.9,Bstd:63.8,StrandBias:0.2,Multiplicity:1.00
0.005	0.001	0.993	0.001
0.985	0.001	0.013	0.001
0.001	0.001	0.997	0.001
0.772	0.214	0.001	0.013
0.585	0.007	0.340	0.068
0.146	0.067	0.786	0.001
0.001	0.001	0.621	0.377
0.104	0.022	0.055	0.819
0.850	0.148	0.001	0.001
0.001	0.994	0.001	0.004
>ACCATGACGT	9-ACCATGACGT	9.413940	-21.790069	0	T:45.0(2.98%),B:341.2(1.00%),P:1e-9	Tpos:98.1,Tstd:54.2,Bpos:89.4,Bstd:52.7,StrandBias:0.7,Multiplicity:1.00
0.954	0.001	0.001	0.044
0.071	0.927	0.001	0.001
0.202	0.796	0.001	0.001
0.965	0.001	0.001	0.033
0.001	0.001	0.001	0.997
0.060	0.037	0.863	0.040
0.898	0.001	0.100	0.001
0.110	0.870	0.001	0.019
0.154	0.001	0.844	0.001
0.039	0.037	0.037	0.887
>AGCGTGTAAG	10-AGCGTGTAAG	12.312642	-21.175195	0	T:6.0(0.40%),B:2.8(0.01%),P:1e-9	Tpos:103.8,Tstd:58.2,Bpos:0.0,Bstd:0.0,StrandBias:2.0,Multiplicity:1.00
0.780	0.001	0.218	0.001
0.001	0.001	0.997	0.001
0.001	0.997	0.001	0.001
0.001	0.001	0.997	0.001
0.001	0.001	0.001	0.997
0.001	0.001	0.997	0.001
0.001	0.001	0.001	0.997
0.997	0.001	0.001	0.001
0.997	0.001	0.001	0.001
0.001	0.001	0.997	0.001
>CTCTGTTCAC	11-CTCTGTTCAC	7.130693	-20.594393	0	T:49.0(3.24%),B:407.7(1.20%),P:1e-8	Tpos:90.4,Tstd:52.4,Bpos:99.5,Bstd:59.0,StrandBias:0.3,Multiplicity:1.19
0.022	0.625	0.170	0.183
0.193	0.226	0.029	0.552
0.019	0.582	0.216	0.183
0.178	0.171	0.147	0.504
0.041	0.233	0.695	0.031
0.182	0.031	0.186	0.601
0.166	0.173	0.166	0.495
0.033	0.773	0.159	0.035
0.883	0.032	0.052	0.033
0.218	0.608	0.021	0.153
>GCTTCGAGTG	12-GCTTCGAGTG	12.312642	-20.388508	0	T:5.0(0.33%),B:1.5(0.00%),P:1e-8	Tpos:83.0,Tstd:45.1,Bpos:61.3,Bstd:18.2,StrandBias:2.0,Multiplicity:1.00
0.001	0.001	0.997	0.001
0.001	0.997	0.001	0.001
0.001	0.001	0.001	0.997
0.001	0.001	0.001	0.997
0.001	0.997	0.001	0.001
0.001	0.001	0.997	0.001
0.997	0.001	0.001	0.001
0.001	0.001	0.997	0.001
0.001	0.001	0.218	0.780
0.001	0.001	0.997	0.001
>TAAACGACTG	13-TAAACGACTG	9.632198	-20.162249	0	T:28.0(1.85%),B:158.5(0.47%),P:1e-8	Tpos:93.7,Tstd:55.3,Bpos:94.3,Bstd:62.2,StrandBias:-0.4,Multiplicity:1.00
0.038	0.001	0.038	0.923
0.888	0.059	0.052	0.001
0.939	0.001	0.001	0.059
0.997	0.001	0.001	0.001
0.051	0.947	0.001	0.001
0.001	0.184	0.792	0.023
0.819	0.090	0.090	0.001
0.147	0.851	0.001	0.001
0.045	0.001	0.001	0.953
0.001	0.041	0.924	0.034
>TCTGACACCG	14-TCTGACACCG	12.312642	-19.247048	0	T:7.0(0.46%),B:5.7(0.02%),P:1e-8	Tpos:124.2,Tstd:59.5,Bpos:150.7,Bstd:39.8,StrandBias:0.0,Multiplicity:1.00
0.001	0.001	0.001	0.997
0.001	0.997	0.001	0.001
0.001	0.001	0.001	0.997
0.001	0.001	0.997	0.001
0.997	0.001	0.001	0.001
0.001	0.997	0.001	0.001
0.997	0.001	0.001	0.001
0.001	0.997	0.001	0.001
0.001	0.997	0.001	0.001
0.001	0.218	0.780	0.001
>ATAGATAGAT	15-ATAGATAGAT	9.612089	-18.249278	0	T:27.0(1.79%),B:162.0(0.48%),P:1e-7	Tpos:108.2,Tstd:59.8,Bpos:81.2,Bstd:53.5,StrandBias:-0.1,Multiplicity:1.04
0.613	0.001	0.001	0.385
0.001	0.001	0.001	0.997
0.975	0.012	0.012	0.001
0.001	0.151	0.847	0.001
0.985	0.001	0.001	0.013
0.158	0.001	0.103	0.738
0.942	0.001	0.001	0.056
0.011	0.001	0.784	0.204
0.914	0.001	0.001	0.084
0.001	0.001	0.001	0.997
>TCGGGTGCAC	16-TCGGGTGCAC	8.215814	-16.743888	0	T:21.0(1.39%),B:110.2(0.32%),P:1e-7	Tpos:84.8,Tstd:46.7,Bpos:97.9,Bstd:62.3,StrandBias:1.2,Multiplicity:1.00
0.001	0.001	0.001	0.997
0.301	0.679	0.001	0.019
0.001	0.001	0.997	0.001
0.068	0.005	0.926	0.001
0.300	0.001	0.698	0.001
0.001	0.001	0.001	0.997
0.001	0.001	0.997	0.001
0.001	0.698	0.300	0.001
0.972	0.001	0.026	0.001
0.001	0.997	0.001	0.001
>AGTCACGTGA	17-AGTCACGTGA	6.928627	-15.262127	0	T:161.0(10.65%),B:2402.4(7.08%),P:1e-6	Tpos:84.4,Tstd:52.4,Bpos:82.3,Bstd:54.4,StrandBias:-0.3,Multiplicity:1.11
0.770	0.040	0.066	0.124
0.087	0.072	0.762	0.079
0.062	0.083	0.063	0.792
0.057	0.821	0.073	0.049
0.783	0.077	0.098	0.042
0.057	0.812	0.053	0.078
0.057	0.048	0.810	0.085
0.049	0.053	0.058	0.840
0.019	0.096	0.837	0.048
0.776	0.068	0.108	0.048
>VGCACGCCAN	18-VGCACGCCAN	6.564715	-13.567715	0	T:5.0(0.33%),B:4.0(0.01%),P:1e-5	Tpos:108.0,Tstd:37.6,Bpos:97.5,Bstd:48.0,StrandBias:0.6,Multiplicity:1.00
0.223	0.270	0.334	0.172
0.136	0.152	0.582	0.130
0.134	0.565	0.156	0.145
0.481	0.187	0.180	0.152
0.131	0.582	0.158	0.129
0.114	0.183	0.575	0.128
0.113	0.612	0.157	0.118
0.118	0.550	0.156	0.176
0.486	0.198	0.160	0.156
0.234	0.260	0.275	0.231
>CAGCGCGGGC	19-CAGCGCGGGC	11.978003	-13.084663	0	T:6.0(0.40%),B:8.1(0.02%),P:1e-5	Tpos:112.8,Tstd:46.2,Bpos:94.5,Bstd:64.2,StrandBias:1.0,Multiplicity:1.00
0.001	0.997	0.001	0.001
0.997	0.001	0.001	0.001
0.156	0.001	0.842	0.001
0.001	0.997	0.001	0.001
0.001	0.001	0.997	0.001
0.001	0.997	0.001	0.001
0.001	0.001	0.997	0.001
0.001	0.001	0.997	0.001
0.001	0.001	0.997	0.001
0.001	0.997	0.001	0.001
>TTTTAACCCG	20-TTTTAACCCG	10.296193	-12.926340	0	T:4.0(0.26%),B:2.8(0.01%),P:1e-5	Tpos:66.2,Tstd:16.6,Bpos:54.0,Bstd:49.3,StrandBias:10.0,Multiplicity:1.00
0.100	0.100	0.100	0.700
0.100	0.100	0.100	0.700
0.100	0.100	0.100	0.700
0.100	0.100	0.100	0.700
0.700	0.100	0.100	0.100
0.700	0.100	0.100	0.100
0.100	0.700	0.100	0.100
0.100	0.700	0.100	0.100
0.100	0.700	0.100	0.100
0.100	0.100	0.700	0.100
>GTCTCATGCC	21-GTCTCATGCC	10.296193	-12.926340	0	T:4.0(0.26%),B:2.6(0.01%),P:1e-5	Tpos:89.5,Tstd:57.2,Bpos:137.2,Bstd:50.7,StrandBias:1.6,Multiplicity:1.00
0.100	0.100	0.700	0.100
0.100	0.100	0.100	0.700
0.100	0.700	0.100	0.100
0.100	0.100	0.100	0.700
0.100	0.700	0.100	0.100
0.700	0.100	0.100	0.100
0.100	0.100	0.100	0.700
0.100	0.100	0.700	0.100
0.100	0.700	0.100	0.100
0.100	0.700	0.100	0.100
>ATCCTGGCGA	22-ATCCTGGCGA	10.296193	-12.926340	0	T:4.0(0.26%),B:2.0(0.01%),P:1e-5	Tpos:136.0,Tstd:27.8,Bpos:147.3,Bstd:19.7,StrandBias:-1.6,Multiplicity:1.00
0.700	0.100	0.100	0.100
0.100	0.100	0.100	0.700
0.100	0.700	0.100	0.100
0.100	0.700	0.100	0.100
0.100	0.100	0.100	0.700
0.100	0.100	0.700	0.100
0.100	0.100	0.700	0.100
0.100	0.700	0.100	0.100
0.100	0.100	0.700	0.100
0.700	0.100	0.100	0.100
>CATGCATGCA	23-CATGCATGCA	9.835801	-7.341651	0	T:17.0(1.12%),B:152.2(0.45%),P:1e-3	Tpos:91.2,Tstd:53.9,Bpos:88.8,Bstd:52.2,StrandBias:-0.5,Multiplicity:1.12
0.070	0.928	0.001	0.001
0.958	0.001	0.040	0.001
0.001	0.001	0.001	0.997
0.001	0.001	0.997	0.001
0.001	0.970	0.028	0.001
0.947	0.051	0.001	0.001
0.001	0.001	0.105	0.893
0.141	0.001	0.857	0.001
0.001	0.997	0.001	0.001
0.997	0.001	0.001	0.001
>TMAATAAATA	24-TMAATAAATA	8.736038	-7.067393	0	T:50.0(3.31%),B:694.9(2.05%),P:1e-3	Tpos:113.2,Tstd:51.7,Bpos:84.4,Bstd:54.9,StrandBias:-1.2,Multiplicity:1.13
0.001	0.001	0.137	0.861
0.371	0.455	0.058	0.116
0.909	0.089	0.001	0.001
0.904	0.040	0.001	0.055
0.001	0.001	0.001	0.997
0.997	0.001	0.001	0.001
0.934	0.001	0.024	0.041
0.997	0.001	0.001	0.001
0.021	0.001	0.001	0.977
0.973	0.025	0.001	0.001
>GTCAGTCAGT	25-GTCAGTCAGT	-6.910873	-5.287299	0	T:1147.0(75.86%),B:24756.6(72.92%),P:1e-2	Tpos:101.8,Tstd:54.3,Bpos:101.0,Bstd:58.2,StrandBias:0.1,Multiplicity:1.74
0.001	0.001	0.997	0.001
0.001	0.001	0.001	0.997
0.001	0.997	0.001	0.001
0.997	0.001	0.001	0.001
0.001	0.001	0.997	0.001
0.001	0.001	0.001	0.997
0.001	0.968	0.001	0.030
0.997	0.001	0.001	0.001
0.001	0.001	0.997	0.001
0.001	0.001	0.001	0.997
