>GGGGGGGGGGGG	16-GGGGGGGGGGGG	6.988137	-13.886081	0	T:43.0(3.39%),B:1047.7(1.48%),P:1e-6
0.133	0.085	0.626	0.156
0.165	0.074	0.622	0.139
0.138	0.058	0.658	0.146
0.118	0.062	0.706	0.114
0.146	0.064	0.672	0.118
0.141	0.055	0.684	0.120
0.161	0.052	0.686	0.101
0.136	0.058	0.693	0.113
0.138	0.064	0.699	0.099
0.135	0.075	0.688	0.102
0.139	0.085	0.646	0.130
0.159	0.085	0.620	0.136
