>KATATTTTTNVT	3-KATATTTTTNVT	7.002120	-67.428364	0	T:195.0(15.37%),B:4462.4(6.31%),P:1e-29
0.196	0.022	0.442	0.340
0.659	0.237	0.007	0.097
0.295	0.177	0.015	0.513
0.503	0.093	0.184	0.220
0.007	0.185	0.012	0.796
0.249	0.110	0.126	0.515
0.010	0.005	0.026	0.959
0.095	0.150	0.180	0.575
0.139	0.167	0.223	0.471
0.219	0.213	0.339	0.229
0.350	0.232	0.291	0.127
0.088	0.277	0.011	0.624
