>TTAAAGCTCTTG	8-TTAAAGCTCTTG,BestGuess:PH0112.1_Nkx2-3/Jaspar(0.592)	10.439849	-31.865902	0	T:7.0(0.55%),B:2.8(0.00%),P:1e-13
0.115	0.073	0.094	0.718
0.104	0.100	0.112	0.684
0.675	0.122	0.099	0.104
0.670	0.105	0.097	0.128
0.723	0.078	0.086	0.113
0.159	0.111	0.584	0.146
0.138	0.604	0.097	0.161
0.137	0.091	0.075	0.697
0.128	0.602	0.128	0.142
0.133	0.097	0.079	0.691
0.093	0.093	0.117	0.697
0.118	0.116	0.654	0.112
