>TTTYAMNAAATT	1-TTTYAMNAAATT	7.000838	-99.979446	0	T:523.0(41.21%),B:16654.8(23.55%),P:1e-43
0.001	0.001	0.019	0.979
0.077	0.222	0.001	0.700
0.091	0.085	0.198	0.626
0.203	0.393	0.049	0.355
0.516	0.220	0.099	0.165
0.477	0.361	0.068	0.095
0.333	0.275	0.203	0.189
0.752	0.088	0.159	0.001
0.729	0.001	0.001	0.269
0.544	0.084	0.001	0.371
0.422	0.001	0.001	0.576
0.042	0.001	0.001	0.956
