>AAAAWWWAAWAW	2-AAAAWWWAAWAW	6.652361	-77.724606	0	T:353.0(27.82%),B:10271.7(14.52%),P:1e-33
0.459	0.086	0.248	0.206
0.824	0.007	0.101	0.068
0.603	0.011	0.146	0.240
0.586	0.059	0.053	0.302
0.454	0.075	0.036	0.434
0.382	0.046	0.127	0.445
0.351	0.118	0.092	0.439
0.460	0.104	0.128	0.308
0.569	0.014	0.142	0.275
0.414	0.108	0.193	0.285
0.664	0.059	0.085	0.192
0.426	0.109	0.073	0.392
