>TCTGATGATACA	18-TGTATCATCAGA	11.675285	-18.149290	0	T:5.0(0.42%),B:2.7(0.01%),P:1e-7
0.141	0.080	0.076	0.703
0.096	0.685	0.093	0.126
0.081	0.060	0.066	0.793
0.064	0.066	0.791	0.079
0.725	0.111	0.067	0.097
0.087	0.038	0.067	0.808
0.098	0.083	0.737	0.082
0.809	0.092	0.061	0.038
0.092	0.103	0.082	0.723
0.759	0.066	0.093	0.082
0.099	0.667	0.083	0.151
0.802	0.099	0.044	0.055
