>AAAATGGCGGAC	1-AAAATGGCGGAC	6.882636	-40.403346	0	T:252.0(20.93%),B:4153.4(12.08%),P:1e-17
0.819	0.075	0.086	0.020
0.718	0.097	0.132	0.053
0.613	0.182	0.123	0.082
0.747	0.101	0.129	0.023
0.004	0.086	0.094	0.816
0.102	0.059	0.685	0.154
0.160	0.117	0.599	0.124
0.043	0.696	0.077	0.184
0.142	0.118	0.547	0.193
0.060	0.184	0.665	0.091
0.584	0.148	0.107	0.161
0.137	0.546	0.134	0.183
