>TTCCCACAATGC	10-TTCCCACAATGC,BestGuess:ZNF143/MA0088.2/Jaspar(0.857)	9.480559	-25.463867	0	T:49.0(4.07%),B:448.0(1.30%),P:1e-11
0.136	0.035	0.065	0.764
0.152	0.001	0.026	0.821
0.052	0.780	0.078	0.090
0.070	0.826	0.078	0.026
0.073	0.849	0.052	0.026
0.922	0.026	0.051	0.001
0.047	0.735	0.116	0.102
0.960	0.034	0.005	0.001
0.809	0.001	0.095	0.095
0.026	0.052	0.078	0.844
0.054	0.078	0.789	0.079
0.053	0.903	0.001	0.043
