>TGTATCATCAGA	18-TGTATCATCAGA,BestGuess:DMRT3/MA0610.1/Jaspar(0.702)	11.675285	-18.149290	0	T:5.0(0.42%),B:2.7(0.01%),P:1e-7
0.055	0.044	0.099	0.802
0.151	0.083	0.667	0.099
0.082	0.093	0.066	0.759
0.723	0.082	0.103	0.092
0.038	0.061	0.092	0.809
0.082	0.737	0.083	0.098
0.808	0.067	0.038	0.087
0.097	0.067	0.111	0.725
0.079	0.791	0.066	0.064
0.793	0.066	0.060	0.081
0.126	0.093	0.685	0.096
0.703	0.076	0.080	0.141
