>ATTKKCGKAAAC	16-GTTTMCGMMAAT	9.612534	-20.894284	0	T:7.0(0.58%),B:5.6(0.02%),P:1e-9
0.616	0.312	0.018	0.054
0.248	0.162	0.016	0.574
0.023	0.006	0.257	0.714
0.170	0.001	0.485	0.344
0.034	0.028	0.534	0.404
0.243	0.478	0.016	0.263
0.284	0.016	0.482	0.218
0.046	0.165	0.407	0.383
0.917	0.026	0.016	0.041
0.630	0.181	0.183	0.006
0.951	0.016	0.006	0.027
0.229	0.449	0.054	0.268
