>AGGGAAAGGTMT	4-AGGGAAAGGTMT,BestGuess:Nur77(NR)/K562-NR4A1-ChIP-Seq(GSE31363)/Homer(0.731)	11.418674	-29.193398	0	T:15.0(1.25%),B:28.2(0.08%),P:1e-12
0.829	0.001	0.106	0.064
0.001	0.059	0.893	0.047
0.107	0.178	0.596	0.119
0.005	0.183	0.807	0.005
0.939	0.001	0.059	0.001
0.935	0.005	0.001	0.059
0.815	0.005	0.179	0.001
0.059	0.177	0.763	0.001
0.059	0.001	0.881	0.059
0.058	0.001	0.001	0.940
0.284	0.420	0.119	0.178
0.119	0.059	0.006	0.816
