>AATATCACCACT	25-AGTGGTGATATT	11.593290	-6.058611	0	T:2.0(0.17%),B:2.4(0.01%),P:1e-2
0.783	0.060	0.069	0.088
0.716	0.093	0.099	0.092
0.113	0.104	0.079	0.704
0.788	0.054	0.059	0.099
0.093	0.069	0.050	0.788
0.088	0.750	0.068	0.094
0.793	0.059	0.064	0.084
0.069	0.711	0.074	0.146
0.094	0.729	0.079	0.098
0.772	0.065	0.074	0.089
0.102	0.705	0.074	0.119
0.116	0.074	0.045	0.765
