>AKACCTTTCCCT	4-AGGGAAAGGTMT	11.418674	-29.193398	0	T:15.0(1.25%),B:28.2(0.08%),P:1e-12
0.816	0.006	0.059	0.119
0.178	0.119	0.420	0.284
0.940	0.001	0.001	0.058
0.059	0.881	0.001	0.059
0.001	0.763	0.177	0.059
0.001	0.179	0.005	0.815
0.059	0.001	0.005	0.935
0.001	0.059	0.001	0.939
0.005	0.807	0.183	0.005
0.119	0.596	0.178	0.107
0.047	0.893	0.059	0.001
0.064	0.106	0.001	0.829
