>AAAGGTGTGAGA	2-AAAGGTGTGAGA	8.944187	-93.304331	0	T:103.0(9.85%),B:1422.0(1.89%),P:1e-40
0.823	0.067	0.058	0.052
0.871	0.016	0.087	0.026
0.882	0.026	0.014	0.078
0.069	0.064	0.808	0.059
0.077	0.061	0.819	0.043
0.130	0.018	0.071	0.781
0.026	0.018	0.894	0.062
0.022	0.052	0.026	0.900
0.063	0.125	0.739	0.073
0.843	0.048	0.019	0.090
0.138	0.072	0.698	0.092
0.947	0.026	0.026	0.001
