>TTCACACC	1-TTCACACC	5.056644	-579.794954	0	T:1334.0(50.94%),B:16559.0(20.87%),P:1e-251	Tpos:100.0,Tstd:50.3,Bpos:100.5,Bstd:61.1,StrandBias:-0.0,Multiplicity:1.34
0.001	0.001	0.001	0.997
0.001	0.001	0.001	0.997
0.159	0.716	0.103	0.022
0.962	0.009	0.008	0.021
0.001	0.997	0.001	0.001
0.985	0.001	0.013	0.001
0.001	0.983	0.015	0.001
0.106	0.748	0.050	0.096
>TCGCACCT	2-TCGCACCT	7.806399	-232.935819	0	T:349.0(13.33%),B:2709.2(3.42%),P:1e-101	Tpos:100.0,Tstd:54.5,Bpos:101.3,Bstd:60.2,StrandBias:-0.2,Multiplicity:1.03
0.001	0.019	0.001	0.979
0.040	0.813	0.001	0.146
0.294	0.070	0.635	0.001
0.028	0.912	0.059	0.001
0.922	0.022	0.027	0.029
0.023	0.975	0.001	0.001
0.139	0.823	0.001	0.037
0.001	0.001	0.001	0.997
>TTASCGCC	3-TTASCGCC	6.399762	-228.288579	0	T:652.0(24.89%),B:8198.2(10.33%),P:1e-99	Tpos:104.8,Tstd:50.8,Bpos:99.7,Bstd:56.0,StrandBias:0.0,Multiplicity:1.11
0.001	0.001	0.088	0.910
0.001	0.001	0.001	0.997
0.542	0.347	0.110	0.001
0.083	0.350	0.360	0.208
0.001	0.997	0.001	0.001
0.359	0.001	0.639	0.001
0.110	0.807	0.082	0.001
0.001	0.910	0.001	0.088
>AGGTGTTG	4-AGGTGTTG	7.901592	-111.014323	0	T:330.0(12.60%),B:4091.1(5.16%),P:1e-48	Tpos:106.4,Tstd:54.0,Bpos:99.9,Bstd:61.6,StrandBias:-0.1,Multiplicity:1.04
0.884	0.033	0.036	0.047
0.215	0.024	0.760	0.001
0.019	0.001	0.979	0.001
0.001	0.001	0.027	0.971
0.001	0.001	0.997	0.001
0.001	0.015	0.001	0.983
0.001	0.089	0.030	0.880
0.114	0.001	0.740	0.145
>CRTTARCA	5-CRTTARCA	8.524834	-84.508727	0	T:199.0(7.60%),B:2135.0(2.69%),P:1e-36	Tpos:110.0,Tstd:49.3,Bpos:99.9,Bstd:58.8,StrandBias:-0.1,Multiplicity:1.13
0.001	0.997	0.001	0.001
0.494	0.001	0.504	0.001
0.001	0.001	0.001	0.997
0.001	0.001	0.190	0.808
0.700	0.001	0.298	0.001
0.565	0.003	0.431	0.001
0.138	0.753	0.001	0.108
0.836	0.001	0.162	0.001
>TGTCAATC	6-TGTCAATC	6.220613	-63.946015	0	T:787.0(30.05%),B:16566.4(20.88%),P:1e-27	Tpos:101.7,Tstd:54.0,Bpos:99.2,Bstd:60.9,StrandBias:-0.2,Multiplicity:1.24
0.049	0.001	0.022	0.928
0.050	0.001	0.948	0.001
0.273	0.171	0.001	0.555
0.001	0.764	0.045	0.190
0.644	0.032	0.226	0.098
0.817	0.001	0.181	0.001
0.277	0.001	0.096	0.626
0.061	0.728	0.084	0.127
>GKAGCTAC	7-GKAGCTAC	9.576102	-27.836592	0	T:67.0(2.56%),B:742.2(0.94%),P:1e-12	Tpos:91.1,Tstd:56.1,Bpos:102.3,Bstd:59.3,StrandBias:-0.4,Multiplicity:1.00
0.001	0.001	0.997	0.001
0.001	0.001	0.541	0.457
0.997	0.001	0.001	0.001
0.001	0.001	0.997	0.001
0.001	0.584	0.414	0.001
0.001	0.001	0.001	0.997
0.997	0.001	0.001	0.001
0.001	0.997	0.001	0.001
>CAGCCAAT	8-CAGCCAAT	6.242870	-25.927379	0	T:188.0(7.18%),B:3362.7(4.24%),P:1e-11	Tpos:95.3,Tstd:54.4,Bpos:99.0,Bstd:56.6,StrandBias:-0.3,Multiplicity:1.11
0.001	0.997	0.001	0.001
0.964	0.024	0.011	0.001
0.001	0.224	0.774	0.001
0.001	0.997	0.001	0.001
0.001	0.954	0.044	0.001
0.836	0.162	0.001	0.001
0.997	0.001	0.001	0.001
0.001	0.001	0.001	0.997
>CTGTTAAG	9-CTGTTAAG	5.199638	-25.657314	0	T:111.0(4.24%),B:1652.6(2.08%),P:1e-11	Tpos:100.7,Tstd:50.9,Bpos:99.6,Bstd:59.8,StrandBias:-0.2,Multiplicity:1.12
0.001	0.997	0.001	0.001
0.001	0.001	0.036	0.962
0.001	0.088	0.910	0.001
0.112	0.001	0.001	0.886
0.001	0.001	0.001	0.997
0.997	0.001	0.001	0.001
0.997	0.001	0.001	0.001
0.001	0.001	0.997	0.001
>CCCCGCGA	10-CCCCGCGA	8.392127	-25.488106	0	T:43.0(1.64%),B:376.5(0.47%),P:1e-11	Tpos:113.5,Tstd:61.1,Bpos:100.2,Bstd:49.3,StrandBias:0.5,Multiplicity:1.17
0.039	0.652	0.308	0.001
0.001	0.997	0.001	0.001
0.001	0.997	0.001	0.001
0.001	0.997	0.001	0.001
0.418	0.001	0.580	0.001
0.175	0.823	0.001	0.001
0.001	0.001	0.642	0.356
0.658	0.001	0.001	0.340
>ACCATGGA	11-ACCATGGA	8.919859	-22.850446	0	T:114.0(4.35%),B:1801.0(2.27%),P:1e-9	Tpos:108.3,Tstd:54.6,Bpos:99.4,Bstd:61.0,StrandBias:-0.3,Multiplicity:1.04
0.867	0.001	0.131	0.001
0.001	0.997	0.001	0.001
0.001	0.997	0.001	0.001
0.887	0.001	0.111	0.001
0.001	0.001	0.001	0.997
0.001	0.001	0.997	0.001
0.001	0.001	0.997	0.001
0.997	0.001	0.001	0.001
>CGTCCCTC	12-CGTCCCTC	7.001066	-22.395767	0	T:153.0(5.84%),B:2692.0(3.39%),P:1e-9	Tpos:101.7,Tstd:51.3,Bpos:100.0,Bstd:57.0,StrandBias:-0.1,Multiplicity:1.10
0.068	0.930	0.001	0.001
0.001	0.001	0.997	0.001
0.001	0.167	0.001	0.831
0.197	0.752	0.001	0.050
0.001	0.997	0.001	0.001
0.001	0.942	0.056	0.001
0.001	0.001	0.075	0.923
0.102	0.561	0.336	0.001
>CCAAGCDG	13-CCAAGCDG	6.999116	-21.778012	0	T:258.0(9.85%),B:5266.6(6.64%),P:1e-9	Tpos:99.6,Tstd:54.6,Bpos:100.7,Bstd:58.2,StrandBias:0.2,Multiplicity:1.14
0.001	0.840	0.158	0.001
0.001	0.882	0.001	0.116
0.997	0.001	0.001	0.001
0.997	0.001	0.001	0.001
0.001	0.001	0.930	0.068
0.044	0.954	0.001	0.001
0.351	0.001	0.268	0.380
0.001	0.001	0.997	0.001
>TATGAAAA	14-TATGAAAA	8.228417	-20.177177	0	T:210.0(8.02%),B:4159.7(5.24%),P:1e-8	Tpos:100.4,Tstd:57.5,Bpos:98.9,Bstd:60.2,StrandBias:-0.3,Multiplicity:1.17
0.001	0.001	0.001	0.997
0.997	0.001	0.001	0.001
0.001	0.001	0.001	0.997
0.001	0.001	0.744	0.254
0.997	0.001	0.001	0.001
0.901	0.001	0.097	0.001
0.804	0.001	0.001	0.194
0.997	0.001	0.001	0.001
>GSGAGCGC	15-GSGAGCGC	7.854419	-19.769295	0	T:90.0(3.44%),B:1378.9(1.74%),P:1e-8	Tpos:103.8,Tstd:52.6,Bpos:102.0,Bstd:52.7,StrandBias:-0.4,Multiplicity:1.06
0.001	0.001	0.997	0.001
0.001	0.459	0.468	0.072
0.001	0.001	0.997	0.001
0.997	0.001	0.001	0.001
0.001	0.044	0.705	0.250
0.001	0.788	0.210	0.001
0.001	0.001	0.997	0.001
0.001	0.995	0.003	0.001
>CTTGTCGA	16-CTTGTCGA	7.899161	-18.951776	0	T:133.0(5.08%),B:2368.1(2.99%),P:1e-8	Tpos:91.9,Tstd:50.5,Bpos:100.1,Bstd:60.4,StrandBias:0.0,Multiplicity:1.09
0.001	0.997	0.001	0.001
0.121	0.001	0.001	0.877
0.001	0.001	0.001	0.997
0.001	0.070	0.928	0.001
0.001	0.001	0.001	0.997
0.001	0.997	0.001	0.001
0.318	0.001	0.680	0.001
0.997	0.001	0.001	0.001
>GGCACTAT	17-GGCACTAT	8.339636	-18.712580	0	T:63.0(2.41%),B:849.2(1.07%),P:1e-8	Tpos:92.0,Tstd:59.2,Bpos:99.8,Bstd:57.2,StrandBias:0.3,Multiplicity:1.14
0.001	0.001	0.997	0.001
0.001	0.001	0.997	0.001
0.001	0.997	0.001	0.001
0.897	0.001	0.001	0.101
0.001	0.997	0.001	0.001
0.001	0.001	0.001	0.997
0.997	0.001	0.001	0.001
0.001	0.354	0.001	0.644
>TCCAGCTG	18-TCCAGCTG	7.910937	-18.049194	0	T:121.0(4.62%),B:2127.6(2.68%),P:1e-7	Tpos:101.9,Tstd:48.2,Bpos:99.8,Bstd:56.7,StrandBias:-0.1,Multiplicity:1.02
0.198	0.001	0.001	0.800
0.001	0.997	0.001	0.001
0.001	0.926	0.072	0.001
0.930	0.068	0.001	0.001
0.162	0.001	0.836	0.001
0.001	0.997	0.001	0.001
0.001	0.001	0.001	0.997
0.001	0.001	0.997	0.001
>AGGATCAA	19-AGGATCAA	9.008987	-17.237267	0	T:102.0(3.89%),B:1725.1(2.17%),P:1e-7	Tpos:99.9,Tstd:61.4,Bpos:97.7,Bstd:63.6,StrandBias:-0.1,Multiplicity:1.02
0.997	0.001	0.001	0.001
0.001	0.001	0.789	0.209
0.001	0.001	0.997	0.001
0.997	0.001	0.001	0.001
0.001	0.001	0.001	0.997
0.001	0.837	0.161	0.001
0.997	0.001	0.001	0.001
0.997	0.001	0.001	0.001
>TCGCATAA	20-TCGCATAA	8.236954	-16.307177	0	T:29.0(1.11%),B:272.0(0.34%),P:1e-7	Tpos:102.9,Tstd:55.3,Bpos:97.0,Bstd:55.9,StrandBias:0.7,Multiplicity:1.00
0.100	0.100	0.100	0.700
0.100	0.700	0.100	0.100
0.100	0.100	0.700	0.100
0.100	0.700	0.100	0.100
0.700	0.100	0.100	0.100
0.100	0.100	0.100	0.700
0.700	0.100	0.100	0.100
0.700	0.100	0.100	0.100
>TAAAAGTT	21-TAAAAGTT	9.454872	-14.888862	0	T:87.0(3.32%),B:1473.1(1.86%),P:1e-6	Tpos:98.1,Tstd:55.3,Bpos:101.6,Bstd:66.6,StrandBias:0.1,Multiplicity:1.01
0.001	0.001	0.001	0.997
0.997	0.001	0.001	0.001
0.997	0.001	0.001	0.001
0.997	0.001	0.001	0.001
0.997	0.001	0.001	0.001
0.001	0.001	0.997	0.001
0.001	0.001	0.001	0.997
0.001	0.199	0.001	0.799
>GAAGCTCA	22-GAAGCTCA	9.204992	-13.239234	0	T:44.0(1.68%),B:601.0(0.76%),P:1e-5	Tpos:101.2,Tstd:54.5,Bpos:102.8,Bstd:58.5,StrandBias:-0.1,Multiplicity:1.00
0.001	0.001	0.997	0.001
0.843	0.001	0.155	0.001
0.997	0.001	0.001	0.001
0.001	0.001	0.997	0.001
0.001	0.997	0.001	0.001
0.001	0.001	0.001	0.997
0.001	0.997	0.001	0.001
0.997	0.001	0.001	0.001
>GGTAGACT	23-GGTAGACT	9.474773	-12.597544	0	T:47.0(1.79%),B:678.9(0.86%),P:1e-5	Tpos:99.6,Tstd:49.9,Bpos:99.7,Bstd:57.1,StrandBias:0.7,Multiplicity:1.04
0.001	0.001	0.997	0.001
0.001	0.001	0.997	0.001
0.001	0.001	0.001	0.997
0.997	0.001	0.001	0.001
0.001	0.001	0.997	0.001
0.795	0.001	0.203	0.001
0.001	0.997	0.001	0.001
0.001	0.001	0.001	0.997
>TTGGTCAG	24-TTGGTCAG	8.236954	-11.763558	0	T:57.0(2.18%),B:915.4(1.15%),P:1e-5	Tpos:105.3,Tstd:50.5,Bpos:98.9,Bstd:61.9,StrandBias:0.1,Multiplicity:1.22
0.100	0.100	0.100	0.700
0.100	0.100	0.100	0.700
0.100	0.100	0.700	0.100
0.100	0.100	0.700	0.100
0.100	0.100	0.100	0.700
0.100	0.700	0.100	0.100
0.700	0.100	0.100	0.100
0.100	0.100	0.700	0.100
>CCCTACTT	25-CCCTACTT	8.236954	-10.700882	0	T:31.0(1.18%),B:403.1(0.51%),P:1e-4	Tpos:101.4,Tstd:58.8,Bpos:98.2,Bstd:69.5,StrandBias:-0.8,Multiplicity:1.10
0.100	0.700	0.100	0.100
0.100	0.700	0.100	0.100
0.100	0.700	0.100	0.100
0.100	0.100	0.100	0.700
0.700	0.100	0.100	0.100
0.100	0.700	0.100	0.100
0.100	0.100	0.100	0.700
0.100	0.100	0.100	0.700
