>AGGTGTKAANDR	1-AGGTGTKAANDR	7.308925	-803.761882	0	T:1020.0(38.95%),B:7625.9(9.61%),P:1e-349	Tpos:103.0,Tstd:47.7,Bpos:100.0,Bstd:58.6,StrandBias:-0.0,Multiplicity:1.20
0.687	0.073	0.152	0.088
0.230	0.100	0.562	0.108
0.048	0.207	0.700	0.045
0.005	0.063	0.009	0.923
0.052	0.001	0.946	0.001
0.120	0.240	0.047	0.593
0.091	0.178	0.313	0.418
0.908	0.002	0.077	0.013
0.952	0.032	0.005	0.011
0.176	0.292	0.218	0.314
0.214	0.164	0.348	0.274
0.362	0.120	0.339	0.179
>WTTTCCCKCCCT	2-WTTTCCCKCCCT	8.499270	-95.498855	0	T:163.0(6.22%),B:1388.8(1.75%),P:1e-41	Tpos:100.0,Tstd:52.6,Bpos:101.2,Bstd:58.7,StrandBias:-0.3,Multiplicity:1.03
0.448	0.125	0.078	0.349
0.210	0.050	0.040	0.700
0.001	0.001	0.024	0.974
0.001	0.115	0.044	0.840
0.183	0.758	0.058	0.001
0.218	0.633	0.001	0.148
0.039	0.891	0.001	0.069
0.140	0.001	0.399	0.460
0.023	0.975	0.001	0.001
0.061	0.852	0.056	0.031
0.341	0.500	0.025	0.134
0.245	0.001	0.091	0.663
>TTATCGCCCTGA	3-TTATCGCCCTGA	12.970191	-50.048776	0	T:24.0(0.92%),B:39.0(0.05%),P:1e-21	Tpos:108.6,Tstd:43.0,Bpos:110.4,Bstd:48.7,StrandBias:-0.2,Multiplicity:1.33
0.001	0.001	0.001	0.997
0.040	0.040	0.040	0.880
0.892	0.040	0.028	0.040
0.001	0.001	0.001	0.997
0.001	0.997	0.001	0.001
0.036	0.040	0.923	0.001
0.001	0.971	0.001	0.027
0.001	0.959	0.001	0.039
0.001	0.967	0.001	0.031
0.040	0.001	0.040	0.919
0.001	0.001	0.997	0.001
0.997	0.001	0.001	0.001
>ATKCAGTGTTAA	4-ATKCAGTGTTAA	10.876173	-46.246136	0	T:49.0(1.87%),B:271.0(0.34%),P:1e-20	Tpos:98.6,Tstd:44.3,Bpos:100.4,Bstd:59.9,StrandBias:-0.3,Multiplicity:1.02
0.923	0.001	0.075	0.001
0.109	0.001	0.001	0.889
0.110	0.062	0.387	0.441
0.060	0.938	0.001	0.001
0.781	0.001	0.061	0.157
0.042	0.152	0.768	0.038
0.001	0.421	0.001	0.577
0.108	0.001	0.890	0.001
0.090	0.001	0.001	0.908
0.001	0.001	0.096	0.902
0.826	0.035	0.113	0.026
0.901	0.001	0.001	0.097
>CAGARCCAATTA	5-CAGARCCAATTA	12.880002	-42.158176	0	T:25.0(0.95%),B:62.1(0.08%),P:1e-18	Tpos:91.9,Tstd:51.8,Bpos:111.1,Bstd:60.4,StrandBias:0.0,Multiplicity:1.12
0.217	0.781	0.001	0.001
0.997	0.001	0.001	0.001
0.001	0.001	0.997	0.001
0.790	0.001	0.208	0.001
0.428	0.001	0.570	0.001
0.167	0.831	0.001	0.001
0.212	0.786	0.001	0.001
0.997	0.001	0.001	0.001
0.997	0.001	0.001	0.001
0.001	0.001	0.001	0.997
0.209	0.001	0.144	0.646
0.790	0.001	0.001	0.208
>GACAATAGTCTA	6-GACAATAGTCTA	11.621797	-41.695225	0	T:36.0(1.37%),B:157.9(0.20%),P:1e-18	Tpos:112.6,Tstd:45.6,Bpos:101.3,Bstd:51.0,StrandBias:0.1,Multiplicity:1.00
0.001	0.001	0.931	0.067
0.611	0.296	0.055	0.038
0.001	0.997	0.001	0.001
0.961	0.001	0.001	0.037
0.997	0.001	0.001	0.001
0.033	0.001	0.001	0.965
0.729	0.001	0.269	0.001
0.001	0.001	0.957	0.041
0.001	0.046	0.001	0.952
0.001	0.925	0.037	0.037
0.001	0.001	0.001	0.997
0.997	0.001	0.001	0.001
>GCTTTTCATACT	7-GCTTTTCATACT	13.242449	-41.514848	0	T:31.0(1.18%),B:111.5(0.14%),P:1e-18	Tpos:98.1,Tstd:46.9,Bpos:95.5,Bstd:55.2,StrandBias:1.1,Multiplicity:1.00
0.001	0.001	0.997	0.001
0.001	0.997	0.001	0.001
0.001	0.001	0.001	0.997
0.001	0.303	0.001	0.695
0.001	0.001	0.001	0.997
0.303	0.001	0.001	0.695
0.303	0.695	0.001	0.001
0.691	0.001	0.001	0.307
0.001	0.001	0.001	0.997
0.997	0.001	0.001	0.001
0.001	0.665	0.001	0.333
0.001	0.001	0.001	0.997
>ACTYATATCAGA	8-ACTYATATCAGA	12.491519	-41.388864	0	T:18.0(0.69%),B:24.6(0.03%),P:1e-17	Tpos:90.8,Tstd:56.2,Bpos:86.3,Bstd:59.2,StrandBias:0.6,Multiplicity:1.11
0.776	0.001	0.001	0.222
0.001	0.997	0.001	0.001
0.001	0.001	0.001	0.997
0.001	0.489	0.001	0.509
0.945	0.001	0.001	0.053
0.222	0.001	0.001	0.776
0.997	0.001	0.001	0.001
0.001	0.001	0.001	0.997
0.001	0.997	0.001	0.001
0.997	0.001	0.001	0.001
0.001	0.001	0.997	0.001
0.997	0.001	0.001	0.001
>KCTCATGCATAC	9-KCTCATGCATAC	12.391643	-40.987315	0	T:27.0(1.03%),B:80.0(0.10%),P:1e-17	Tpos:108.7,Tstd:48.2,Bpos:96.3,Bstd:48.4,StrandBias:0.3,Multiplicity:1.00
0.001	0.141	0.462	0.396
0.001	0.997	0.001	0.001
0.083	0.001	0.001	0.915
0.001	0.856	0.142	0.001
0.861	0.001	0.137	0.001
0.001	0.001	0.001	0.997
0.001	0.001	0.997	0.001
0.001	0.997	0.001	0.001
0.997	0.001	0.001	0.001
0.001	0.251	0.001	0.747
0.593	0.001	0.405	0.001
0.224	0.774	0.001	0.001
>TCTGATTGGCTG	10-TCTGATTGGCTG	8.911983	-39.973231	0	T:161.0(6.15%),B:2306.7(2.91%),P:1e-17	Tpos:91.0,Tstd:47.8,Bpos:100.2,Bstd:54.1,StrandBias:-0.0,Multiplicity:1.18
0.307	0.032	0.196	0.466
0.077	0.664	0.251	0.008
0.066	0.008	0.001	0.925
0.017	0.115	0.867	0.001
0.949	0.010	0.029	0.012
0.011	0.040	0.188	0.761
0.175	0.001	0.012	0.812
0.017	0.078	0.904	0.001
0.109	0.001	0.771	0.119
0.140	0.457	0.120	0.283
0.233	0.085	0.019	0.663
0.038	0.081	0.811	0.070
>CATAAGGTAGTA	11-CATAAGGTAGTA	13.177422	-39.929640	0	T:19.0(0.73%),B:31.8(0.04%),P:1e-17	Tpos:103.7,Tstd:40.5,Bpos:103.4,Bstd:48.5,StrandBias:-0.5,Multiplicity:1.26
0.001	0.997	0.001	0.001
0.997	0.001	0.001	0.001
0.001	0.001	0.056	0.942
0.997	0.001	0.001	0.001
0.942	0.001	0.001	0.056
0.001	0.001	0.964	0.034
0.056	0.001	0.942	0.001
0.001	0.056	0.001	0.942
0.942	0.001	0.056	0.001
0.001	0.001	0.997	0.001
0.001	0.001	0.001	0.997
0.752	0.201	0.001	0.046
>ATTAACTTATGA	12-ATTAACTTATGA	8.287350	-39.616939	0	T:43.0(1.64%),B:246.7(0.31%),P:1e-17	Tpos:95.2,Tstd:56.9,Bpos:107.5,Bstd:68.6,StrandBias:0.0,Multiplicity:1.00
0.584	0.094	0.110	0.212
0.198	0.089	0.101	0.612
0.201	0.101	0.011	0.687
0.662	0.109	0.151	0.078
0.624	0.170	0.065	0.141
0.201	0.453	0.135	0.211
0.193	0.087	0.156	0.564
0.261	0.072	0.113	0.554
0.450	0.207	0.130	0.213
0.178	0.083	0.133	0.606
0.195	0.110	0.542	0.153
0.515	0.130	0.131	0.224
>CCCCGCGTTGGT	13-CCCCGCGTTGGT	10.197883	-38.111217	0	T:25.0(0.95%),B:74.0(0.09%),P:1e-16	Tpos:117.3,Tstd:56.5,Bpos:101.8,Bstd:53.4,StrandBias:0.1,Multiplicity:1.29
0.001	0.861	0.001	0.137
0.078	0.691	0.139	0.092
0.203	0.657	0.001	0.139
0.093	0.720	0.001	0.186
0.184	0.001	0.814	0.001
0.045	0.953	0.001	0.001
0.278	0.001	0.597	0.124
0.001	0.001	0.046	0.952
0.001	0.186	0.078	0.735
0.416	0.001	0.582	0.001
0.001	0.046	0.814	0.139
0.046	0.052	0.001	0.901
>CAGCTTGGRTTT	14-CAGCTTGGRTTT	13.274459	-37.976469	0	T:16.0(0.61%),B:20.3(0.03%),P:1e-16	Tpos:88.7,Tstd:41.9,Bpos:90.2,Bstd:51.7,StrandBias:0.0,Multiplicity:1.07
0.001	0.997	0.001	0.001
0.810	0.001	0.188	0.001
0.001	0.001	0.810	0.188
0.001	0.997	0.001	0.001
0.001	0.001	0.001	0.997
0.001	0.001	0.001	0.997
0.001	0.001	0.997	0.001
0.001	0.001	0.810	0.188
0.427	0.001	0.571	0.001
0.001	0.001	0.001	0.997
0.001	0.382	0.001	0.616
0.189	0.189	0.001	0.621
>TTTATTCCATGG	15-TTTATTCCATGG	12.746020	-37.580728	0	T:32.0(1.22%),B:138.2(0.17%),P:1e-16	Tpos:103.1,Tstd:45.9,Bpos:101.5,Bstd:43.8,StrandBias:0.5,Multiplicity:1.00
0.108	0.001	0.001	0.890
0.001	0.001	0.001	0.997
0.178	0.001	0.001	0.820
0.579	0.001	0.419	0.001
0.001	0.380	0.001	0.618
0.144	0.001	0.001	0.854
0.001	0.997	0.001	0.001
0.001	0.997	0.001	0.001
0.637	0.093	0.135	0.135
0.018	0.001	0.001	0.980
0.001	0.173	0.825	0.001
0.001	0.141	0.857	0.001
>TTTTCATATGAA	16-TTTTCATATGAA	11.518986	-37.093170	0	T:41.0(1.57%),B:240.7(0.30%),P:1e-16	Tpos:109.9,Tstd:49.9,Bpos:100.6,Bstd:56.8,StrandBias:0.0,Multiplicity:1.02
0.001	0.028	0.022	0.949
0.001	0.001	0.040	0.958
0.018	0.001	0.001	0.980
0.001	0.085	0.001	0.913
0.265	0.693	0.001	0.041
0.997	0.001	0.001	0.001
0.010	0.033	0.001	0.956
0.971	0.027	0.001	0.001
0.001	0.001	0.001	0.997
0.001	0.001	0.726	0.272
0.895	0.001	0.103	0.001
0.966	0.032	0.001	0.001
>ATGAAGGGGATT	17-ATGAAGGGGATT	11.362540	-35.366315	0	T:21.0(0.80%),B:53.0(0.07%),P:1e-15	Tpos:98.3,Tstd:62.7,Bpos:107.4,Bstd:59.9,StrandBias:-0.6,Multiplicity:1.10
0.997	0.001	0.001	0.001
0.065	0.001	0.001	0.933
0.065	0.001	0.933	0.001
0.997	0.001	0.001	0.001
0.917	0.001	0.081	0.001
0.001	0.081	0.917	0.001
0.001	0.001	0.997	0.001
0.001	0.001	0.997	0.001
0.001	0.081	0.917	0.001
0.997	0.001	0.001	0.001
0.001	0.001	0.001	0.997
0.001	0.001	0.001	0.997
>ATTTTCWCAGAC	18-ATTTTCWCAGAC	10.885274	-35.138125	0	T:39.0(1.49%),B:230.8(0.29%),P:1e-15	Tpos:112.3,Tstd:56.5,Bpos:97.0,Bstd:67.6,StrandBias:-0.7,Multiplicity:1.00
0.997	0.001	0.001	0.001
0.032	0.001	0.001	0.966
0.081	0.117	0.001	0.801
0.001	0.117	0.081	0.801
0.001	0.001	0.093	0.905
0.001	0.868	0.124	0.007
0.533	0.001	0.001	0.465
0.001	0.997	0.001	0.001
0.881	0.001	0.117	0.001
0.050	0.081	0.805	0.064
0.942	0.007	0.001	0.050
0.001	0.992	0.006	0.001
>CAGATCTAGACG	19-CAGATCTAGACG	9.441548	-34.079622	0	T:15.0(0.57%),B:21.7(0.03%),P:1e-14	Tpos:77.1,Tstd:66.9,Bpos:108.2,Bstd:63.0,StrandBias:-1.5,Multiplicity:1.00
0.001	0.997	0.001	0.001
0.997	0.001	0.001	0.001
0.001	0.001	0.997	0.001
0.997	0.001	0.001	0.001
0.001	0.001	0.001	0.997
0.202	0.774	0.001	0.023
0.001	0.001	0.001	0.997
0.997	0.001	0.001	0.001
0.001	0.001	0.997	0.001
0.997	0.001	0.001	0.001
0.001	0.997	0.001	0.001
0.001	0.001	0.796	0.202
>AGCCTGGTAGSC	20-AGCCTGGTAGSC	12.576296	-33.848324	0	T:11.0(0.42%),B:7.5(0.01%),P:1e-14	Tpos:114.6,Tstd:38.6,Bpos:114.6,Bstd:58.8,StrandBias:0.3,Multiplicity:1.00
0.997	0.001	0.001	0.001
0.001	0.317	0.681	0.001
0.001	0.997	0.001	0.001
0.001	0.997	0.001	0.001
0.158	0.001	0.001	0.840
0.001	0.001	0.997	0.001
0.001	0.001	0.997	0.001
0.001	0.001	0.001	0.997
0.840	0.001	0.158	0.001
0.159	0.159	0.681	0.001
0.159	0.364	0.477	0.001
0.001	0.681	0.001	0.317
>MCATGGGYACTA	21-MCATGGGYACTA	13.310403	-33.041728	0	T:13.0(0.50%),B:15.0(0.02%),P:1e-14	Tpos:82.4,Tstd:60.3,Bpos:95.3,Bstd:61.7,StrandBias:0.0,Multiplicity:1.54
0.562	0.436	0.001	0.001
0.001	0.997	0.001	0.001
0.881	0.001	0.117	0.001
0.001	0.001	0.001	0.997
0.001	0.001	0.997	0.001
0.001	0.001	0.997	0.001
0.001	0.001	0.997	0.001
0.001	0.562	0.001	0.436
0.997	0.001	0.001	0.001
0.001	0.997	0.001	0.001
0.001	0.001	0.001	0.997
0.997	0.001	0.001	0.001
>ATACAATWGCAC	22-ATACAATWGCAC	12.247285	-32.770247	0	T:35.0(1.34%),B:199.9(0.25%),P:1e-14	Tpos:95.9,Tstd:44.8,Bpos:97.9,Bstd:48.1,StrandBias:-0.3,Multiplicity:1.29
0.609	0.389	0.001	0.001
0.001	0.001	0.001	0.997
0.558	0.001	0.259	0.182
0.001	0.997	0.001	0.001
0.997	0.001	0.001	0.001
0.997	0.001	0.001	0.001
0.267	0.001	0.001	0.731
0.458	0.001	0.147	0.393
0.001	0.001	0.997	0.001
0.001	0.997	0.001	0.001
0.557	0.001	0.259	0.183
0.001	0.997	0.001	0.001
>TATCTATGACAC	23-TATCTATGACAC	13.947254	-16.850048	0	T:4.0(0.15%),B:2.0(0.00%),P:1e-7	Tpos:105.1,Tstd:51.5,Bpos:108.6,Bstd:20.8,StrandBias:2.2,Multiplicity:2.75
0.001	0.076	0.001	0.922
0.922	0.076	0.001	0.001
0.001	0.001	0.001	0.997
0.001	0.997	0.001	0.001
0.001	0.001	0.001	0.997
0.997	0.001	0.001	0.001
0.001	0.001	0.001	0.997
0.001	0.001	0.997	0.001
0.997	0.001	0.001	0.001
0.001	0.997	0.001	0.001
0.997	0.001	0.001	0.001
0.001	0.997	0.001	0.001
>TCTGTCTGTCTG	24-TCTGTCTGTCTG	9.547599	-11.339959	0	T:57.0(2.18%),B:929.5(1.17%),P:1e-4	Tpos:98.8,Tstd:55.3,Bpos:98.4,Bstd:62.9,StrandBias:-0.5,Multiplicity:1.35
0.068	0.067	0.050	0.815
0.021	0.826	0.051	0.102
0.054	0.035	0.030	0.881
0.036	0.037	0.801	0.126
0.027	0.052	0.052	0.869
0.049	0.855	0.045	0.051
0.041	0.023	0.057	0.879
0.058	0.048	0.834	0.060
0.038	0.085	0.037	0.840
0.030	0.877	0.048	0.045
0.045	0.037	0.075	0.843
0.111	0.136	0.686	0.067
>ACTGTCGCTGGG	25-ACTGTCGCTGGG	14.195316	-9.995355	0	T:3.0(0.11%),B:2.3(0.00%),P:1e-4	Tpos:104.5,Tstd:50.2,Bpos:72.0,Bstd:16.7,StrandBias:3.3,Multiplicity:3.67
0.997	0.001	0.001	0.001
0.001	0.997	0.001	0.001
0.100	0.001	0.001	0.898
0.001	0.001	0.997	0.001
0.001	0.001	0.001	0.997
0.001	0.997	0.001	0.001
0.001	0.001	0.997	0.001
0.001	0.997	0.001	0.001
0.001	0.001	0.001	0.997
0.001	0.001	0.997	0.001
0.100	0.001	0.898	0.001
0.001	0.001	0.997	0.001
