>TTMACACCTH	1-TTMACACCTH	5.825368	-786.002178	0	T:1063.0(40.59%),B:8499.7(10.71%),P:1e-341	Tpos:102.7,Tstd:49.0,Bpos:99.8,Bstd:59.1,StrandBias:0.1,Multiplicity:1.21
0.097	0.133	0.075	0.695
0.040	0.180	0.094	0.686
0.288	0.403	0.183	0.126
0.433	0.121	0.273	0.173
0.045	0.819	0.048	0.088
0.587	0.095	0.206	0.112
0.069	0.715	0.113	0.103
0.176	0.493	0.148	0.182
0.144	0.215	0.162	0.480
0.197	0.295	0.173	0.336
>GTGTBAAYDR	2-GTGTBAAYDR	6.905814	-476.548936	0	T:949.0(36.24%),B:10042.0(12.66%),P:1e-206	Tpos:96.5,Tstd:52.1,Bpos:101.5,Bstd:60.6,StrandBias:0.2,Multiplicity:1.14
0.145	0.196	0.526	0.133
0.001	0.001	0.001	0.997
0.001	0.001	0.997	0.001
0.245	0.217	0.001	0.537
0.110	0.265	0.293	0.332
0.683	0.001	0.315	0.001
0.929	0.069	0.001	0.001
0.001	0.309	0.247	0.443
0.210	0.184	0.346	0.260
0.353	0.001	0.464	0.181
>TTATCGCCCT	3-TTATCGCCCT	9.500966	-61.443667	0	T:68.0(2.60%),B:390.3(0.49%),P:1e-26	Tpos:100.5,Tstd:48.0,Bpos:99.7,Bstd:54.7,StrandBias:0.0,Multiplicity:1.23
0.006	0.254	0.001	0.739
0.001	0.001	0.001	0.997
0.609	0.358	0.004	0.029
0.001	0.233	0.001	0.765
0.001	0.875	0.123	0.001
0.393	0.001	0.605	0.001
0.001	0.761	0.237	0.001
0.001	0.997	0.001	0.001
0.001	0.849	0.001	0.149
0.001	0.001	0.317	0.681
>CYCGTTRGCR	4-CYCGTTRGCR	9.358226	-50.195580	0	T:49.0(1.87%),B:246.6(0.31%),P:1e-21	Tpos:107.8,Tstd:42.8,Bpos:95.9,Bstd:50.7,StrandBias:0.0,Multiplicity:1.38
0.001	0.997	0.001	0.001
0.100	0.388	0.001	0.511
0.053	0.945	0.001	0.001
0.001	0.001	0.927	0.071
0.001	0.001	0.001	0.997
0.001	0.001	0.001	0.997
0.473	0.030	0.495	0.001
0.144	0.095	0.664	0.097
0.086	0.857	0.001	0.056
0.516	0.075	0.408	0.001
>SYDCCATGGT	5-SYDCCATGGT	6.705773	-40.027398	0	T:98.0(3.74%),B:1084.7(1.37%),P:1e-17	Tpos:104.3,Tstd:47.2,Bpos:97.9,Bstd:56.2,StrandBias:0.6,Multiplicity:1.24
0.199	0.332	0.462	0.008
0.001	0.338	0.216	0.445
0.194	0.154	0.316	0.336
0.001	0.997	0.001	0.001
0.113	0.465	0.229	0.193
0.529	0.283	0.001	0.187
0.001	0.241	0.200	0.558
0.216	0.001	0.474	0.310
0.237	0.051	0.558	0.154
0.125	0.165	0.139	0.571
>TGGTAGACTA	6-TGGTAGACTA	8.656813	-39.582836	0	T:59.0(2.25%),B:457.7(0.58%),P:1e-17	Tpos:100.9,Tstd:56.0,Bpos:99.1,Bstd:56.5,StrandBias:0.3,Multiplicity:1.02
0.019	0.383	0.031	0.567
0.001	0.001	0.997	0.001
0.001	0.029	0.855	0.115
0.021	0.001	0.018	0.960
0.884	0.080	0.023	0.013
0.001	0.001	0.981	0.017
0.945	0.053	0.001	0.001
0.016	0.982	0.001	0.001
0.047	0.001	0.033	0.919
0.922	0.001	0.001	0.076
>CWGCCRATCA	7-CWGCCRATCA	8.051030	-38.867641	0	T:197.0(7.52%),B:3104.3(3.91%),P:1e-16	Tpos:99.2,Tstd:50.4,Bpos:100.6,Bstd:54.6,StrandBias:0.3,Multiplicity:1.21
0.037	0.961	0.001	0.001
0.342	0.109	0.075	0.474
0.202	0.001	0.712	0.085
0.024	0.831	0.001	0.144
0.067	0.892	0.040	0.001
0.426	0.076	0.458	0.040
0.847	0.083	0.069	0.001
0.001	0.001	0.001	0.997
0.001	0.825	0.084	0.090
0.733	0.001	0.265	0.001
>GCTCATAAGG	8-GCTCATAAGG	7.623298	-38.579116	0	T:23.0(0.88%),B:58.0(0.07%),P:1e-16	Tpos:109.1,Tstd:32.9,Bpos:103.0,Bstd:48.8,StrandBias:-0.4,Multiplicity:1.30
0.001	0.001	0.997	0.001
0.001	0.997	0.001	0.001
0.001	0.001	0.001	0.997
0.001	0.997	0.001	0.001
0.944	0.001	0.054	0.001
0.001	0.001	0.001	0.997
0.997	0.001	0.001	0.001
0.997	0.001	0.001	0.001
0.001	0.001	0.997	0.001
0.037	0.001	0.961	0.001
>GGAGCTACCM	9-GGAGCTACCM	9.197340	-38.085222	0	T:41.0(1.57%),B:233.7(0.29%),P:1e-16	Tpos:92.5,Tstd:48.9,Bpos:97.9,Bstd:51.9,StrandBias:-0.2,Multiplicity:1.00
0.001	0.061	0.937	0.001
0.122	0.001	0.719	0.158
0.645	0.216	0.138	0.001
0.001	0.341	0.657	0.001
0.001	0.936	0.062	0.001
0.123	0.001	0.001	0.875
0.997	0.001	0.001	0.001
0.032	0.966	0.001	0.001
0.001	0.619	0.379	0.001
0.398	0.542	0.059	0.001
>CCAACGCGGG	10-CCAACGCGGG	9.076674	-37.156283	0	T:56.0(2.14%),B:439.3(0.55%),P:1e-16	Tpos:102.9,Tstd:55.2,Bpos:96.6,Bstd:58.7,StrandBias:-0.1,Multiplicity:1.05
0.001	0.725	0.273	0.001
0.001	0.838	0.153	0.008
0.938	0.053	0.008	0.001
0.997	0.001	0.001	0.001
0.001	0.984	0.001	0.014
0.001	0.001	0.759	0.239
0.001	0.997	0.001	0.001
0.001	0.001	0.690	0.308
0.196	0.001	0.488	0.314
0.001	0.219	0.594	0.186
>TGGCGGGAAC	11-TGGCGGGAAC	7.573190	-36.286290	0	T:89.0(3.40%),B:988.7(1.25%),P:1e-15	Tpos:106.5,Tstd:54.7,Bpos:102.5,Bstd:53.9,StrandBias:0.6,Multiplicity:1.07
0.115	0.090	0.103	0.692
0.066	0.067	0.790	0.077
0.044	0.058	0.803	0.095
0.076	0.836	0.047	0.041
0.079	0.047	0.852	0.022
0.045	0.076	0.819	0.060
0.042	0.044	0.766	0.148
0.826	0.056	0.076	0.042
0.860	0.053	0.023	0.064
0.104	0.758	0.082	0.056
>CCCCGGGACC	12-CCCCGGGACC	11.052965	-31.873428	0	T:18.0(0.69%),B:43.0(0.05%),P:1e-13	Tpos:83.7,Tstd:59.9,Bpos:92.5,Bstd:53.7,StrandBias:1.4,Multiplicity:1.00
0.001	0.997	0.001	0.001
0.001	0.612	0.001	0.386
0.001	0.688	0.310	0.001
0.001	0.997	0.001	0.001
0.001	0.001	0.997	0.001
0.345	0.001	0.653	0.001
0.001	0.001	0.997	0.001
0.997	0.001	0.001	0.001
0.422	0.576	0.001	0.001
0.001	0.997	0.001	0.001
>SCTHCATTAA	13-SCTHCATTAA	7.845995	-31.506097	0	T:35.0(1.34%),B:208.1(0.26%),P:1e-13	Tpos:96.8,Tstd:68.6,Bpos:100.2,Bstd:72.4,StrandBias:0.2,Multiplicity:1.09
0.054	0.439	0.322	0.186
0.082	0.653	0.263	0.002
0.001	0.247	0.243	0.509
0.252	0.322	0.122	0.305
0.084	0.616	0.146	0.154
0.457	0.149	0.229	0.165
0.001	0.291	0.134	0.574
0.009	0.086	0.001	0.904
0.728	0.059	0.099	0.114
0.665	0.091	0.243	0.001
>ATTTYCATAT	14-ATTTYCATAT	9.878136	-31.287909	0	T:62.0(2.37%),B:603.3(0.76%),P:1e-13	Tpos:107.9,Tstd:50.5,Bpos:98.8,Bstd:58.6,StrandBias:0.9,Multiplicity:1.10
0.938	0.060	0.001	0.001
0.217	0.001	0.001	0.781
0.001	0.001	0.001	0.997
0.001	0.001	0.001	0.997
0.001	0.450	0.001	0.548
0.032	0.966	0.001	0.001
0.761	0.001	0.237	0.001
0.001	0.001	0.001	0.997
0.997	0.001	0.001	0.001
0.001	0.001	0.001	0.997
>AGATTTATGC	15-AGATTTATGC	10.033739	-30.101996	0	T:33.0(1.26%),B:194.1(0.24%),P:1e-13	Tpos:92.2,Tstd:52.4,Bpos:102.3,Bstd:58.1,StrandBias:-0.4,Multiplicity:1.00
0.968	0.001	0.030	0.001
0.001	0.001	0.997	0.001
0.948	0.001	0.050	0.001
0.001	0.001	0.001	0.997
0.001	0.001	0.101	0.897
0.001	0.032	0.001	0.966
0.895	0.055	0.049	0.001
0.001	0.001	0.001	0.997
0.001	0.001	0.997	0.001
0.001	0.997	0.001	0.001
>CCCTCGCTAA	16-CCCTCGCTAA	9.962583	-29.548463	0	T:26.0(0.99%),B:119.2(0.15%),P:1e-12	Tpos:85.4,Tstd:55.9,Bpos:96.0,Bstd:61.9,StrandBias:0.4,Multiplicity:1.00
0.001	0.952	0.001	0.046
0.001	0.997	0.001	0.001
0.001	0.702	0.167	0.130
0.001	0.001	0.304	0.694
0.001	0.997	0.001	0.001
0.023	0.064	0.912	0.001
0.001	0.997	0.001	0.001
0.001	0.167	0.140	0.692
0.997	0.001	0.001	0.001
0.997	0.001	0.001	0.001
>GAAGCTCATT	17-GAAGCTCATT	10.876183	-28.579654	0	T:32.0(1.22%),B:193.4(0.24%),P:1e-12	Tpos:101.6,Tstd:55.9,Bpos:94.4,Bstd:60.2,StrandBias:0.4,Multiplicity:1.00
0.001	0.001	0.997	0.001
0.997	0.001	0.001	0.001
0.997	0.001	0.001	0.001
0.001	0.001	0.783	0.215
0.001	0.997	0.001	0.001
0.001	0.001	0.001	0.997
0.001	0.932	0.001	0.066
0.997	0.001	0.001	0.001
0.001	0.001	0.001	0.997
0.001	0.001	0.001	0.997
>CACCGTCCCT	18-CACCGTCCCT	7.020493	-28.391962	0	T:168.0(6.41%),B:2809.5(3.54%),P:1e-12	Tpos:104.4,Tstd:50.0,Bpos:98.8,Bstd:58.4,StrandBias:-0.0,Multiplicity:1.14
0.080	0.801	0.043	0.076
0.754	0.101	0.108	0.037
0.067	0.810	0.042	0.081
0.029	0.871	0.084	0.016
0.059	0.056	0.819	0.066
0.068	0.070	0.047	0.815
0.096	0.712	0.072	0.120
0.063	0.821	0.083	0.033
0.036	0.769	0.108	0.087
0.028	0.066	0.070	0.836
>AGGAGCAATT	19-AGGAGCAATT	10.316984	-26.770749	0	T:38.0(1.45%),B:288.2(0.36%),P:1e-11	Tpos:101.7,Tstd:55.3,Bpos:101.5,Bstd:66.6,StrandBias:-0.4,Multiplicity:1.00
0.974	0.024	0.001	0.001
0.001	0.352	0.637	0.010
0.001	0.001	0.997	0.001
0.805	0.001	0.007	0.187
0.001	0.001	0.888	0.110
0.319	0.679	0.001	0.001
0.951	0.014	0.034	0.001
0.916	0.015	0.060	0.009
0.011	0.087	0.001	0.901
0.001	0.010	0.001	0.988
>CTCCTAGTCT	20-CTCCTAGTCT	12.573594	-25.838639	0	T:13.0(0.50%),B:25.1(0.03%),P:1e-11	Tpos:77.7,Tstd:45.7,Bpos:78.3,Bstd:44.1,StrandBias:-1.7,Multiplicity:1.00
0.001	0.997	0.001	0.001
0.001	0.001	0.001	0.997
0.001	0.997	0.001	0.001
0.001	0.997	0.001	0.001
0.001	0.001	0.283	0.715
0.997	0.001	0.001	0.001
0.001	0.001	0.997	0.001
0.001	0.001	0.001	0.997
0.001	0.997	0.001	0.001
0.001	0.001	0.001	0.997
>TCTGTCTGTC	21-TCTGTCTGTC	9.839045	-24.230049	0	T:71.0(2.71%),B:883.8(1.11%),P:1e-10	Tpos:103.7,Tstd:52.9,Bpos:99.0,Bstd:63.8,StrandBias:-0.3,Multiplicity:1.25
0.017	0.001	0.028	0.954
0.013	0.885	0.001	0.101
0.001	0.040	0.014	0.945
0.036	0.040	0.836	0.088
0.001	0.019	0.035	0.945
0.001	0.803	0.001	0.195
0.014	0.001	0.009	0.976
0.001	0.036	0.953	0.010
0.021	0.039	0.012	0.928
0.001	0.974	0.001	0.024
>TCGGCACTAC	22-TCGGCACTAC	9.993610	-23.952844	0	T:16.0(0.61%),B:51.4(0.06%),P:1e-10	Tpos:89.8,Tstd:65.4,Bpos:99.9,Bstd:59.1,StrandBias:0.4,Multiplicity:1.44
0.001	0.105	0.001	0.893
0.001	0.843	0.155	0.001
0.001	0.001	0.997	0.001
0.001	0.001	0.997	0.001
0.001	0.997	0.001	0.001
0.997	0.001	0.001	0.001
0.001	0.997	0.001	0.001
0.001	0.001	0.001	0.997
0.997	0.001	0.001	0.001
0.001	0.844	0.001	0.154
>GACCMAATAC	23-GACCMAATAC	11.110756	-23.250668	0	T:24.0(0.92%),B:135.4(0.17%),P:1e-10	Tpos:110.3,Tstd:42.7,Bpos:105.1,Bstd:54.5,StrandBias:0.2,Multiplicity:1.42
0.001	0.001	0.997	0.001
0.997	0.001	0.001	0.001
0.001	0.997	0.001	0.001
0.001	0.997	0.001	0.001
0.540	0.458	0.001	0.001
0.997	0.001	0.001	0.001
0.997	0.001	0.001	0.001
0.001	0.001	0.001	0.997
0.997	0.001	0.001	0.001
0.121	0.877	0.001	0.001
>TTCATAGACG	24-TTCATAGACG	10.296193	-21.035752	0	T:12.0(0.46%),B:30.9(0.04%),P:1e-9	Tpos:81.8,Tstd:43.7,Bpos:88.7,Bstd:47.5,StrandBias:-0.5,Multiplicity:1.00
0.100	0.100	0.100	0.700
0.100	0.100	0.100	0.700
0.100	0.700	0.100	0.100
0.700	0.100	0.100	0.100
0.100	0.100	0.100	0.700
0.700	0.100	0.100	0.100
0.100	0.100	0.700	0.100
0.700	0.100	0.100	0.100
0.100	0.700	0.100	0.100
0.100	0.100	0.700	0.100
>AAGTAGRCGG	25-AAGTAGRCGG	11.180528	-20.511632	0	T:14.0(0.53%),B:47.8(0.06%),P:1e-8	Tpos:123.4,Tstd:26.1,Bpos:105.4,Bstd:47.1,StrandBias:-0.4,Multiplicity:1.14
0.813	0.001	0.001	0.185
0.872	0.126	0.001	0.001
0.001	0.001	0.997	0.001
0.001	0.001	0.001	0.997
0.997	0.001	0.001	0.001
0.001	0.001	0.997	0.001
0.433	0.001	0.565	0.001
0.001	0.997	0.001	0.001
0.001	0.001	0.997	0.001
0.001	0.001	0.997	0.001
>AGGTGTKAANDR	1-AGGTGTKAANDR	7.308925	-803.761882	0	T:1020.0(38.95%),B:7625.9(9.61%),P:1e-349	Tpos:103.0,Tstd:47.7,Bpos:100.0,Bstd:58.6,StrandBias:-0.0,Multiplicity:1.20
0.687	0.073	0.152	0.088
0.230	0.100	0.562	0.108
0.048	0.207	0.700	0.045
0.005	0.063	0.009	0.923
0.052	0.001	0.946	0.001
0.120	0.240	0.047	0.593
0.091	0.178	0.313	0.418
0.908	0.002	0.077	0.013
0.952	0.032	0.005	0.011
0.176	0.292	0.218	0.314
0.214	0.164	0.348	0.274
0.362	0.120	0.339	0.179
>WTTTCCCKCCCT	2-WTTTCCCKCCCT	8.499270	-95.498855	0	T:163.0(6.22%),B:1388.8(1.75%),P:1e-41	Tpos:100.0,Tstd:52.6,Bpos:101.2,Bstd:58.7,StrandBias:-0.3,Multiplicity:1.03
0.448	0.125	0.078	0.349
0.210	0.050	0.040	0.700
0.001	0.001	0.024	0.974
0.001	0.115	0.044	0.840
0.183	0.758	0.058	0.001
0.218	0.633	0.001	0.148
0.039	0.891	0.001	0.069
0.140	0.001	0.399	0.460
0.023	0.975	0.001	0.001
0.061	0.852	0.056	0.031
0.341	0.500	0.025	0.134
0.245	0.001	0.091	0.663
>TTATCGCCCTGA	3-TTATCGCCCTGA	12.970191	-50.048776	0	T:24.0(0.92%),B:39.0(0.05%),P:1e-21	Tpos:108.6,Tstd:43.0,Bpos:110.4,Bstd:48.7,StrandBias:-0.2,Multiplicity:1.33
0.001	0.001	0.001	0.997
0.040	0.040	0.040	0.880
0.892	0.040	0.028	0.040
0.001	0.001	0.001	0.997
0.001	0.997	0.001	0.001
0.036	0.040	0.923	0.001
0.001	0.971	0.001	0.027
0.001	0.959	0.001	0.039
0.001	0.967	0.001	0.031
0.040	0.001	0.040	0.919
0.001	0.001	0.997	0.001
0.997	0.001	0.001	0.001
>ATKCAGTGTTAA	4-ATKCAGTGTTAA	10.876173	-46.246136	0	T:49.0(1.87%),B:271.0(0.34%),P:1e-20	Tpos:98.6,Tstd:44.3,Bpos:100.4,Bstd:59.9,StrandBias:-0.3,Multiplicity:1.02
0.923	0.001	0.075	0.001
0.109	0.001	0.001	0.889
0.110	0.062	0.387	0.441
0.060	0.938	0.001	0.001
0.781	0.001	0.061	0.157
0.042	0.152	0.768	0.038
0.001	0.421	0.001	0.577
0.108	0.001	0.890	0.001
0.090	0.001	0.001	0.908
0.001	0.001	0.096	0.902
0.826	0.035	0.113	0.026
0.901	0.001	0.001	0.097
>CAGARCCAATTA	5-CAGARCCAATTA	12.880002	-42.158176	0	T:25.0(0.95%),B:62.1(0.08%),P:1e-18	Tpos:91.9,Tstd:51.8,Bpos:111.1,Bstd:60.4,StrandBias:0.0,Multiplicity:1.12
0.217	0.781	0.001	0.001
0.997	0.001	0.001	0.001
0.001	0.001	0.997	0.001
0.790	0.001	0.208	0.001
0.428	0.001	0.570	0.001
0.167	0.831	0.001	0.001
0.212	0.786	0.001	0.001
0.997	0.001	0.001	0.001
0.997	0.001	0.001	0.001
0.001	0.001	0.001	0.997
0.209	0.001	0.144	0.646
0.790	0.001	0.001	0.208
>GACAATAGTCTA	6-GACAATAGTCTA	11.621797	-41.695225	0	T:36.0(1.37%),B:157.9(0.20%),P:1e-18	Tpos:112.6,Tstd:45.6,Bpos:101.3,Bstd:51.0,StrandBias:0.1,Multiplicity:1.00
0.001	0.001	0.931	0.067
0.611	0.296	0.055	0.038
0.001	0.997	0.001	0.001
0.961	0.001	0.001	0.037
0.997	0.001	0.001	0.001
0.033	0.001	0.001	0.965
0.729	0.001	0.269	0.001
0.001	0.001	0.957	0.041
0.001	0.046	0.001	0.952
0.001	0.925	0.037	0.037
0.001	0.001	0.001	0.997
0.997	0.001	0.001	0.001
>GCTTTTCATACT	7-GCTTTTCATACT	13.242449	-41.514848	0	T:31.0(1.18%),B:111.5(0.14%),P:1e-18	Tpos:98.1,Tstd:46.9,Bpos:95.5,Bstd:55.2,StrandBias:1.1,Multiplicity:1.00
0.001	0.001	0.997	0.001
0.001	0.997	0.001	0.001
0.001	0.001	0.001	0.997
0.001	0.303	0.001	0.695
0.001	0.001	0.001	0.997
0.303	0.001	0.001	0.695
0.303	0.695	0.001	0.001
0.691	0.001	0.001	0.307
0.001	0.001	0.001	0.997
0.997	0.001	0.001	0.001
0.001	0.665	0.001	0.333
0.001	0.001	0.001	0.997
>ACTYATATCAGA	8-ACTYATATCAGA	12.491519	-41.388864	0	T:18.0(0.69%),B:24.6(0.03%),P:1e-17	Tpos:90.8,Tstd:56.2,Bpos:86.3,Bstd:59.2,StrandBias:0.6,Multiplicity:1.11
0.776	0.001	0.001	0.222
0.001	0.997	0.001	0.001
0.001	0.001	0.001	0.997
0.001	0.489	0.001	0.509
0.945	0.001	0.001	0.053
0.222	0.001	0.001	0.776
0.997	0.001	0.001	0.001
0.001	0.001	0.001	0.997
0.001	0.997	0.001	0.001
0.997	0.001	0.001	0.001
0.001	0.001	0.997	0.001
0.997	0.001	0.001	0.001
>KCTCATGCATAC	9-KCTCATGCATAC	12.391643	-40.987315	0	T:27.0(1.03%),B:80.0(0.10%),P:1e-17	Tpos:108.7,Tstd:48.2,Bpos:96.3,Bstd:48.4,StrandBias:0.3,Multiplicity:1.00
0.001	0.141	0.462	0.396
0.001	0.997	0.001	0.001
0.083	0.001	0.001	0.915
0.001	0.856	0.142	0.001
0.861	0.001	0.137	0.001
0.001	0.001	0.001	0.997
0.001	0.001	0.997	0.001
0.001	0.997	0.001	0.001
0.997	0.001	0.001	0.001
0.001	0.251	0.001	0.747
0.593	0.001	0.405	0.001
0.224	0.774	0.001	0.001
>TCTGATTGGCTG	10-TCTGATTGGCTG	8.911983	-39.973231	0	T:161.0(6.15%),B:2306.7(2.91%),P:1e-17	Tpos:91.0,Tstd:47.8,Bpos:100.2,Bstd:54.1,StrandBias:-0.0,Multiplicity:1.18
0.307	0.032	0.196	0.466
0.077	0.664	0.251	0.008
0.066	0.008	0.001	0.925
0.017	0.115	0.867	0.001
0.949	0.010	0.029	0.012
0.011	0.040	0.188	0.761
0.175	0.001	0.012	0.812
0.017	0.078	0.904	0.001
0.109	0.001	0.771	0.119
0.140	0.457	0.120	0.283
0.233	0.085	0.019	0.663
0.038	0.081	0.811	0.070
>CATAAGGTAGTA	11-CATAAGGTAGTA	13.177422	-39.929640	0	T:19.0(0.73%),B:31.8(0.04%),P:1e-17	Tpos:103.7,Tstd:40.5,Bpos:103.4,Bstd:48.5,StrandBias:-0.5,Multiplicity:1.26
0.001	0.997	0.001	0.001
0.997	0.001	0.001	0.001
0.001	0.001	0.056	0.942
0.997	0.001	0.001	0.001
0.942	0.001	0.001	0.056
0.001	0.001	0.964	0.034
0.056	0.001	0.942	0.001
0.001	0.056	0.001	0.942
0.942	0.001	0.056	0.001
0.001	0.001	0.997	0.001
0.001	0.001	0.001	0.997
0.752	0.201	0.001	0.046
>ATTAACTTATGA	12-ATTAACTTATGA	8.287350	-39.616939	0	T:43.0(1.64%),B:246.7(0.31%),P:1e-17	Tpos:95.2,Tstd:56.9,Bpos:107.5,Bstd:68.6,StrandBias:0.0,Multiplicity:1.00
0.584	0.094	0.110	0.212
0.198	0.089	0.101	0.612
0.201	0.101	0.011	0.687
0.662	0.109	0.151	0.078
0.624	0.170	0.065	0.141
0.201	0.453	0.135	0.211
0.193	0.087	0.156	0.564
0.261	0.072	0.113	0.554
0.450	0.207	0.130	0.213
0.178	0.083	0.133	0.606
0.195	0.110	0.542	0.153
0.515	0.130	0.131	0.224
>CCCCGCGTTGGT	13-CCCCGCGTTGGT	10.197883	-38.111217	0	T:25.0(0.95%),B:74.0(0.09%),P:1e-16	Tpos:117.3,Tstd:56.5,Bpos:101.8,Bstd:53.4,StrandBias:0.1,Multiplicity:1.29
0.001	0.861	0.001	0.137
0.078	0.691	0.139	0.092
0.203	0.657	0.001	0.139
0.093	0.720	0.001	0.186
0.184	0.001	0.814	0.001
0.045	0.953	0.001	0.001
0.278	0.001	0.597	0.124
0.001	0.001	0.046	0.952
0.001	0.186	0.078	0.735
0.416	0.001	0.582	0.001
0.001	0.046	0.814	0.139
0.046	0.052	0.001	0.901
>CAGCTTGGRTTT	14-CAGCTTGGRTTT	13.274459	-37.976469	0	T:16.0(0.61%),B:20.3(0.03%),P:1e-16	Tpos:88.7,Tstd:41.9,Bpos:90.2,Bstd:51.7,StrandBias:0.0,Multiplicity:1.07
0.001	0.997	0.001	0.001
0.810	0.001	0.188	0.001
0.001	0.001	0.810	0.188
0.001	0.997	0.001	0.001
0.001	0.001	0.001	0.997
0.001	0.001	0.001	0.997
0.001	0.001	0.997	0.001
0.001	0.001	0.810	0.188
0.427	0.001	0.571	0.001
0.001	0.001	0.001	0.997
0.001	0.382	0.001	0.616
0.189	0.189	0.001	0.621
>TTTATTCCATGG	15-TTTATTCCATGG	12.746020	-37.580728	0	T:32.0(1.22%),B:138.2(0.17%),P:1e-16	Tpos:103.1,Tstd:45.9,Bpos:101.5,Bstd:43.8,StrandBias:0.5,Multiplicity:1.00
0.108	0.001	0.001	0.890
0.001	0.001	0.001	0.997
0.178	0.001	0.001	0.820
0.579	0.001	0.419	0.001
0.001	0.380	0.001	0.618
0.144	0.001	0.001	0.854
0.001	0.997	0.001	0.001
0.001	0.997	0.001	0.001
0.637	0.093	0.135	0.135
0.018	0.001	0.001	0.980
0.001	0.173	0.825	0.001
0.001	0.141	0.857	0.001
>TTTTCATATGAA	16-TTTTCATATGAA	11.518986	-37.093170	0	T:41.0(1.57%),B:240.7(0.30%),P:1e-16	Tpos:109.9,Tstd:49.9,Bpos:100.6,Bstd:56.8,StrandBias:0.0,Multiplicity:1.02
0.001	0.028	0.022	0.949
0.001	0.001	0.040	0.958
0.018	0.001	0.001	0.980
0.001	0.085	0.001	0.913
0.265	0.693	0.001	0.041
0.997	0.001	0.001	0.001
0.010	0.033	0.001	0.956
0.971	0.027	0.001	0.001
0.001	0.001	0.001	0.997
0.001	0.001	0.726	0.272
0.895	0.001	0.103	0.001
0.966	0.032	0.001	0.001
>ATGAAGGGGATT	17-ATGAAGGGGATT	11.362540	-35.366315	0	T:21.0(0.80%),B:53.0(0.07%),P:1e-15	Tpos:98.3,Tstd:62.7,Bpos:107.4,Bstd:59.9,StrandBias:-0.6,Multiplicity:1.10
0.997	0.001	0.001	0.001
0.065	0.001	0.001	0.933
0.065	0.001	0.933	0.001
0.997	0.001	0.001	0.001
0.917	0.001	0.081	0.001
0.001	0.081	0.917	0.001
0.001	0.001	0.997	0.001
0.001	0.001	0.997	0.001
0.001	0.081	0.917	0.001
0.997	0.001	0.001	0.001
0.001	0.001	0.001	0.997
0.001	0.001	0.001	0.997
>ATTTTCWCAGAC	18-ATTTTCWCAGAC	10.885274	-35.138125	0	T:39.0(1.49%),B:230.8(0.29%),P:1e-15	Tpos:112.3,Tstd:56.5,Bpos:97.0,Bstd:67.6,StrandBias:-0.7,Multiplicity:1.00
0.997	0.001	0.001	0.001
0.032	0.001	0.001	0.966
0.081	0.117	0.001	0.801
0.001	0.117	0.081	0.801
0.001	0.001	0.093	0.905
0.001	0.868	0.124	0.007
0.533	0.001	0.001	0.465
0.001	0.997	0.001	0.001
0.881	0.001	0.117	0.001
0.050	0.081	0.805	0.064
0.942	0.007	0.001	0.050
0.001	0.992	0.006	0.001
>CAGATCTAGACG	19-CAGATCTAGACG	9.441548	-34.079622	0	T:15.0(0.57%),B:21.7(0.03%),P:1e-14	Tpos:77.1,Tstd:66.9,Bpos:108.2,Bstd:63.0,StrandBias:-1.5,Multiplicity:1.00
0.001	0.997	0.001	0.001
0.997	0.001	0.001	0.001
0.001	0.001	0.997	0.001
0.997	0.001	0.001	0.001
0.001	0.001	0.001	0.997
0.202	0.774	0.001	0.023
0.001	0.001	0.001	0.997
0.997	0.001	0.001	0.001
0.001	0.001	0.997	0.001
0.997	0.001	0.001	0.001
0.001	0.997	0.001	0.001
0.001	0.001	0.796	0.202
>AGCCTGGTAGSC	20-AGCCTGGTAGSC	12.576296	-33.848324	0	T:11.0(0.42%),B:7.5(0.01%),P:1e-14	Tpos:114.6,Tstd:38.6,Bpos:114.6,Bstd:58.8,StrandBias:0.3,Multiplicity:1.00
0.997	0.001	0.001	0.001
0.001	0.317	0.681	0.001
0.001	0.997	0.001	0.001
0.001	0.997	0.001	0.001
0.158	0.001	0.001	0.840
0.001	0.001	0.997	0.001
0.001	0.001	0.997	0.001
0.001	0.001	0.001	0.997
0.840	0.001	0.158	0.001
0.159	0.159	0.681	0.001
0.159	0.364	0.477	0.001
0.001	0.681	0.001	0.317
>MCATGGGYACTA	21-MCATGGGYACTA	13.310403	-33.041728	0	T:13.0(0.50%),B:15.0(0.02%),P:1e-14	Tpos:82.4,Tstd:60.3,Bpos:95.3,Bstd:61.7,StrandBias:0.0,Multiplicity:1.54
0.562	0.436	0.001	0.001
0.001	0.997	0.001	0.001
0.881	0.001	0.117	0.001
0.001	0.001	0.001	0.997
0.001	0.001	0.997	0.001
0.001	0.001	0.997	0.001
0.001	0.001	0.997	0.001
0.001	0.562	0.001	0.436
0.997	0.001	0.001	0.001
0.001	0.997	0.001	0.001
0.001	0.001	0.001	0.997
0.997	0.001	0.001	0.001
>ATACAATWGCAC	22-ATACAATWGCAC	12.247285	-32.770247	0	T:35.0(1.34%),B:199.9(0.25%),P:1e-14	Tpos:95.9,Tstd:44.8,Bpos:97.9,Bstd:48.1,StrandBias:-0.3,Multiplicity:1.29
0.609	0.389	0.001	0.001
0.001	0.001	0.001	0.997
0.558	0.001	0.259	0.182
0.001	0.997	0.001	0.001
0.997	0.001	0.001	0.001
0.997	0.001	0.001	0.001
0.267	0.001	0.001	0.731
0.458	0.001	0.147	0.393
0.001	0.001	0.997	0.001
0.001	0.997	0.001	0.001
0.557	0.001	0.259	0.183
0.001	0.997	0.001	0.001
>TATCTATGACAC	23-TATCTATGACAC	13.947254	-16.850048	0	T:4.0(0.15%),B:2.0(0.00%),P:1e-7	Tpos:105.1,Tstd:51.5,Bpos:108.6,Bstd:20.8,StrandBias:2.2,Multiplicity:2.75
0.001	0.076	0.001	0.922
0.922	0.076	0.001	0.001
0.001	0.001	0.001	0.997
0.001	0.997	0.001	0.001
0.001	0.001	0.001	0.997
0.997	0.001	0.001	0.001
0.001	0.001	0.001	0.997
0.001	0.001	0.997	0.001
0.997	0.001	0.001	0.001
0.001	0.997	0.001	0.001
0.997	0.001	0.001	0.001
0.001	0.997	0.001	0.001
>TCTGTCTGTCTG	24-TCTGTCTGTCTG	9.547599	-11.339959	0	T:57.0(2.18%),B:929.5(1.17%),P:1e-4	Tpos:98.8,Tstd:55.3,Bpos:98.4,Bstd:62.9,StrandBias:-0.5,Multiplicity:1.35
0.068	0.067	0.050	0.815
0.021	0.826	0.051	0.102
0.054	0.035	0.030	0.881
0.036	0.037	0.801	0.126
0.027	0.052	0.052	0.869
0.049	0.855	0.045	0.051
0.041	0.023	0.057	0.879
0.058	0.048	0.834	0.060
0.038	0.085	0.037	0.840
0.030	0.877	0.048	0.045
0.045	0.037	0.075	0.843
0.111	0.136	0.686	0.067
>ACTGTCGCTGGG	25-ACTGTCGCTGGG	14.195316	-9.995355	0	T:3.0(0.11%),B:2.3(0.00%),P:1e-4	Tpos:104.5,Tstd:50.2,Bpos:72.0,Bstd:16.7,StrandBias:3.3,Multiplicity:3.67
0.997	0.001	0.001	0.001
0.001	0.997	0.001	0.001
0.100	0.001	0.001	0.898
0.001	0.001	0.997	0.001
0.001	0.001	0.001	0.997
0.001	0.997	0.001	0.001
0.001	0.001	0.997	0.001
0.001	0.997	0.001	0.001
0.001	0.001	0.001	0.997
0.001	0.001	0.997	0.001
0.100	0.001	0.898	0.001
0.001	0.001	0.997	0.001
>TTCACACC	1-TTCACACC	5.056644	-579.794954	0	T:1334.0(50.94%),B:16559.0(20.87%),P:1e-251	Tpos:100.0,Tstd:50.3,Bpos:100.5,Bstd:61.1,StrandBias:-0.0,Multiplicity:1.34
0.001	0.001	0.001	0.997
0.001	0.001	0.001	0.997
0.159	0.716	0.103	0.022
0.962	0.009	0.008	0.021
0.001	0.997	0.001	0.001
0.985	0.001	0.013	0.001
0.001	0.983	0.015	0.001
0.106	0.748	0.050	0.096
>TCGCACCT	2-TCGCACCT	7.806399	-232.935819	0	T:349.0(13.33%),B:2709.2(3.42%),P:1e-101	Tpos:100.0,Tstd:54.5,Bpos:101.3,Bstd:60.2,StrandBias:-0.2,Multiplicity:1.03
0.001	0.019	0.001	0.979
0.040	0.813	0.001	0.146
0.294	0.070	0.635	0.001
0.028	0.912	0.059	0.001
0.922	0.022	0.027	0.029
0.023	0.975	0.001	0.001
0.139	0.823	0.001	0.037
0.001	0.001	0.001	0.997
>TTASCGCC	3-TTASCGCC	6.399762	-228.288579	0	T:652.0(24.89%),B:8198.2(10.33%),P:1e-99	Tpos:104.8,Tstd:50.8,Bpos:99.7,Bstd:56.0,StrandBias:0.0,Multiplicity:1.11
0.001	0.001	0.088	0.910
0.001	0.001	0.001	0.997
0.542	0.347	0.110	0.001
0.083	0.350	0.360	0.208
0.001	0.997	0.001	0.001
0.359	0.001	0.639	0.001
0.110	0.807	0.082	0.001
0.001	0.910	0.001	0.088
>AGGTGTTG	4-AGGTGTTG	7.901592	-111.014323	0	T:330.0(12.60%),B:4091.1(5.16%),P:1e-48	Tpos:106.4,Tstd:54.0,Bpos:99.9,Bstd:61.6,StrandBias:-0.1,Multiplicity:1.04
0.884	0.033	0.036	0.047
0.215	0.024	0.760	0.001
0.019	0.001	0.979	0.001
0.001	0.001	0.027	0.971
0.001	0.001	0.997	0.001
0.001	0.015	0.001	0.983
0.001	0.089	0.030	0.880
0.114	0.001	0.740	0.145
>CRTTARCA	5-CRTTARCA	8.524834	-84.508727	0	T:199.0(7.60%),B:2135.0(2.69%),P:1e-36	Tpos:110.0,Tstd:49.3,Bpos:99.9,Bstd:58.8,StrandBias:-0.1,Multiplicity:1.13
0.001	0.997	0.001	0.001
0.494	0.001	0.504	0.001
0.001	0.001	0.001	0.997
0.001	0.001	0.190	0.808
0.700	0.001	0.298	0.001
0.565	0.003	0.431	0.001
0.138	0.753	0.001	0.108
0.836	0.001	0.162	0.001
>TGTCAATC	6-TGTCAATC	6.220613	-63.946015	0	T:787.0(30.05%),B:16566.4(20.88%),P:1e-27	Tpos:101.7,Tstd:54.0,Bpos:99.2,Bstd:60.9,StrandBias:-0.2,Multiplicity:1.24
0.049	0.001	0.022	0.928
0.050	0.001	0.948	0.001
0.273	0.171	0.001	0.555
0.001	0.764	0.045	0.190
0.644	0.032	0.226	0.098
0.817	0.001	0.181	0.001
0.277	0.001	0.096	0.626
0.061	0.728	0.084	0.127
>GKAGCTAC	7-GKAGCTAC	9.576102	-27.836592	0	T:67.0(2.56%),B:742.2(0.94%),P:1e-12	Tpos:91.1,Tstd:56.1,Bpos:102.3,Bstd:59.3,StrandBias:-0.4,Multiplicity:1.00
0.001	0.001	0.997	0.001
0.001	0.001	0.541	0.457
0.997	0.001	0.001	0.001
0.001	0.001	0.997	0.001
0.001	0.584	0.414	0.001
0.001	0.001	0.001	0.997
0.997	0.001	0.001	0.001
0.001	0.997	0.001	0.001
>CAGCCAAT	8-CAGCCAAT	6.242870	-25.927379	0	T:188.0(7.18%),B:3362.7(4.24%),P:1e-11	Tpos:95.3,Tstd:54.4,Bpos:99.0,Bstd:56.6,StrandBias:-0.3,Multiplicity:1.11
0.001	0.997	0.001	0.001
0.964	0.024	0.011	0.001
0.001	0.224	0.774	0.001
0.001	0.997	0.001	0.001
0.001	0.954	0.044	0.001
0.836	0.162	0.001	0.001
0.997	0.001	0.001	0.001
0.001	0.001	0.001	0.997
>CTGTTAAG	9-CTGTTAAG	5.199638	-25.657314	0	T:111.0(4.24%),B:1652.6(2.08%),P:1e-11	Tpos:100.7,Tstd:50.9,Bpos:99.6,Bstd:59.8,StrandBias:-0.2,Multiplicity:1.12
0.001	0.997	0.001	0.001
0.001	0.001	0.036	0.962
0.001	0.088	0.910	0.001
0.112	0.001	0.001	0.886
0.001	0.001	0.001	0.997
0.997	0.001	0.001	0.001
0.997	0.001	0.001	0.001
0.001	0.001	0.997	0.001
>CCCCGCGA	10-CCCCGCGA	8.392127	-25.488106	0	T:43.0(1.64%),B:376.5(0.47%),P:1e-11	Tpos:113.5,Tstd:61.1,Bpos:100.2,Bstd:49.3,StrandBias:0.5,Multiplicity:1.17
0.039	0.652	0.308	0.001
0.001	0.997	0.001	0.001
0.001	0.997	0.001	0.001
0.001	0.997	0.001	0.001
0.418	0.001	0.580	0.001
0.175	0.823	0.001	0.001
0.001	0.001	0.642	0.356
0.658	0.001	0.001	0.340
>ACCATGGA	11-ACCATGGA	8.919859	-22.850446	0	T:114.0(4.35%),B:1801.0(2.27%),P:1e-9	Tpos:108.3,Tstd:54.6,Bpos:99.4,Bstd:61.0,StrandBias:-0.3,Multiplicity:1.04
0.867	0.001	0.131	0.001
0.001	0.997	0.001	0.001
0.001	0.997	0.001	0.001
0.887	0.001	0.111	0.001
0.001	0.001	0.001	0.997
0.001	0.001	0.997	0.001
0.001	0.001	0.997	0.001
0.997	0.001	0.001	0.001
>CGTCCCTC	12-CGTCCCTC	7.001066	-22.395767	0	T:153.0(5.84%),B:2692.0(3.39%),P:1e-9	Tpos:101.7,Tstd:51.3,Bpos:100.0,Bstd:57.0,StrandBias:-0.1,Multiplicity:1.10
0.068	0.930	0.001	0.001
0.001	0.001	0.997	0.001
0.001	0.167	0.001	0.831
0.197	0.752	0.001	0.050
0.001	0.997	0.001	0.001
0.001	0.942	0.056	0.001
0.001	0.001	0.075	0.923
0.102	0.561	0.336	0.001
>CCAAGCDG	13-CCAAGCDG	6.999116	-21.778012	0	T:258.0(9.85%),B:5266.6(6.64%),P:1e-9	Tpos:99.6,Tstd:54.6,Bpos:100.7,Bstd:58.2,StrandBias:0.2,Multiplicity:1.14
0.001	0.840	0.158	0.001
0.001	0.882	0.001	0.116
0.997	0.001	0.001	0.001
0.997	0.001	0.001	0.001
0.001	0.001	0.930	0.068
0.044	0.954	0.001	0.001
0.351	0.001	0.268	0.380
0.001	0.001	0.997	0.001
>TATGAAAA	14-TATGAAAA	8.228417	-20.177177	0	T:210.0(8.02%),B:4159.7(5.24%),P:1e-8	Tpos:100.4,Tstd:57.5,Bpos:98.9,Bstd:60.2,StrandBias:-0.3,Multiplicity:1.17
0.001	0.001	0.001	0.997
0.997	0.001	0.001	0.001
0.001	0.001	0.001	0.997
0.001	0.001	0.744	0.254
0.997	0.001	0.001	0.001
0.901	0.001	0.097	0.001
0.804	0.001	0.001	0.194
0.997	0.001	0.001	0.001
>GSGAGCGC	15-GSGAGCGC	7.854419	-19.769295	0	T:90.0(3.44%),B:1378.9(1.74%),P:1e-8	Tpos:103.8,Tstd:52.6,Bpos:102.0,Bstd:52.7,StrandBias:-0.4,Multiplicity:1.06
0.001	0.001	0.997	0.001
0.001	0.459	0.468	0.072
0.001	0.001	0.997	0.001
0.997	0.001	0.001	0.001
0.001	0.044	0.705	0.250
0.001	0.788	0.210	0.001
0.001	0.001	0.997	0.001
0.001	0.995	0.003	0.001
>CTTGTCGA	16-CTTGTCGA	7.899161	-18.951776	0	T:133.0(5.08%),B:2368.1(2.99%),P:1e-8	Tpos:91.9,Tstd:50.5,Bpos:100.1,Bstd:60.4,StrandBias:0.0,Multiplicity:1.09
0.001	0.997	0.001	0.001
0.121	0.001	0.001	0.877
0.001	0.001	0.001	0.997
0.001	0.070	0.928	0.001
0.001	0.001	0.001	0.997
0.001	0.997	0.001	0.001
0.318	0.001	0.680	0.001
0.997	0.001	0.001	0.001
>GGCACTAT	17-GGCACTAT	8.339636	-18.712580	0	T:63.0(2.41%),B:849.2(1.07%),P:1e-8	Tpos:92.0,Tstd:59.2,Bpos:99.8,Bstd:57.2,StrandBias:0.3,Multiplicity:1.14
0.001	0.001	0.997	0.001
0.001	0.001	0.997	0.001
0.001	0.997	0.001	0.001
0.897	0.001	0.001	0.101
0.001	0.997	0.001	0.001
0.001	0.001	0.001	0.997
0.997	0.001	0.001	0.001
0.001	0.354	0.001	0.644
>TCCAGCTG	18-TCCAGCTG	7.910937	-18.049194	0	T:121.0(4.62%),B:2127.6(2.68%),P:1e-7	Tpos:101.9,Tstd:48.2,Bpos:99.8,Bstd:56.7,StrandBias:-0.1,Multiplicity:1.02
0.198	0.001	0.001	0.800
0.001	0.997	0.001	0.001
0.001	0.926	0.072	0.001
0.930	0.068	0.001	0.001
0.162	0.001	0.836	0.001
0.001	0.997	0.001	0.001
0.001	0.001	0.001	0.997
0.001	0.001	0.997	0.001
>AGGATCAA	19-AGGATCAA	9.008987	-17.237267	0	T:102.0(3.89%),B:1725.1(2.17%),P:1e-7	Tpos:99.9,Tstd:61.4,Bpos:97.7,Bstd:63.6,StrandBias:-0.1,Multiplicity:1.02
0.997	0.001	0.001	0.001
0.001	0.001	0.789	0.209
0.001	0.001	0.997	0.001
0.997	0.001	0.001	0.001
0.001	0.001	0.001	0.997
0.001	0.837	0.161	0.001
0.997	0.001	0.001	0.001
0.997	0.001	0.001	0.001
>TCGCATAA	20-TCGCATAA	8.236954	-16.307177	0	T:29.0(1.11%),B:272.0(0.34%),P:1e-7	Tpos:102.9,Tstd:55.3,Bpos:97.0,Bstd:55.9,StrandBias:0.7,Multiplicity:1.00
0.100	0.100	0.100	0.700
0.100	0.700	0.100	0.100
0.100	0.100	0.700	0.100
0.100	0.700	0.100	0.100
0.700	0.100	0.100	0.100
0.100	0.100	0.100	0.700
0.700	0.100	0.100	0.100
0.700	0.100	0.100	0.100
>TAAAAGTT	21-TAAAAGTT	9.454872	-14.888862	0	T:87.0(3.32%),B:1473.1(1.86%),P:1e-6	Tpos:98.1,Tstd:55.3,Bpos:101.6,Bstd:66.6,StrandBias:0.1,Multiplicity:1.01
0.001	0.001	0.001	0.997
0.997	0.001	0.001	0.001
0.997	0.001	0.001	0.001
0.997	0.001	0.001	0.001
0.997	0.001	0.001	0.001
0.001	0.001	0.997	0.001
0.001	0.001	0.001	0.997
0.001	0.199	0.001	0.799
>GAAGCTCA	22-GAAGCTCA	9.204992	-13.239234	0	T:44.0(1.68%),B:601.0(0.76%),P:1e-5	Tpos:101.2,Tstd:54.5,Bpos:102.8,Bstd:58.5,StrandBias:-0.1,Multiplicity:1.00
0.001	0.001	0.997	0.001
0.843	0.001	0.155	0.001
0.997	0.001	0.001	0.001
0.001	0.001	0.997	0.001
0.001	0.997	0.001	0.001
0.001	0.001	0.001	0.997
0.001	0.997	0.001	0.001
0.997	0.001	0.001	0.001
>GGTAGACT	23-GGTAGACT	9.474773	-12.597544	0	T:47.0(1.79%),B:678.9(0.86%),P:1e-5	Tpos:99.6,Tstd:49.9,Bpos:99.7,Bstd:57.1,StrandBias:0.7,Multiplicity:1.04
0.001	0.001	0.997	0.001
0.001	0.001	0.997	0.001
0.001	0.001	0.001	0.997
0.997	0.001	0.001	0.001
0.001	0.001	0.997	0.001
0.795	0.001	0.203	0.001
0.001	0.997	0.001	0.001
0.001	0.001	0.001	0.997
>TTGGTCAG	24-TTGGTCAG	8.236954	-11.763558	0	T:57.0(2.18%),B:915.4(1.15%),P:1e-5	Tpos:105.3,Tstd:50.5,Bpos:98.9,Bstd:61.9,StrandBias:0.1,Multiplicity:1.22
0.100	0.100	0.100	0.700
0.100	0.100	0.100	0.700
0.100	0.100	0.700	0.100
0.100	0.100	0.700	0.100
0.100	0.100	0.100	0.700
0.100	0.700	0.100	0.100
0.700	0.100	0.100	0.100
0.100	0.100	0.700	0.100
>CCCTACTT	25-CCCTACTT	8.236954	-10.700882	0	T:31.0(1.18%),B:403.1(0.51%),P:1e-4	Tpos:101.4,Tstd:58.8,Bpos:98.2,Bstd:69.5,StrandBias:-0.8,Multiplicity:1.10
0.100	0.700	0.100	0.100
0.100	0.700	0.100	0.100
0.100	0.700	0.100	0.100
0.100	0.100	0.100	0.700
0.700	0.100	0.100	0.100
0.100	0.700	0.100	0.100
0.100	0.100	0.100	0.700
0.100	0.100	0.100	0.700
