>TTTTAAAATTTT	1-TTTTAAAATTTT	6.403916	-55.974726	0	T:396.0(42.13%),B:19098.1(26.57%),P:1e-24	Tpos:98.4,Tstd:53.3,Bpos:99.2,Bstd:123.9,StrandBias:-0.1,Multiplicity:1.45
0.142	0.106	0.090	0.662
0.127	0.121	0.075	0.677
0.148	0.121	0.084	0.647
0.129	0.089	0.102	0.680
0.593	0.118	0.121	0.168
0.628	0.100	0.118	0.154
0.675	0.092	0.096	0.137
0.681	0.078	0.081	0.160
0.185	0.105	0.082	0.628
0.129	0.053	0.086	0.732
0.103	0.081	0.066	0.750
0.142	0.099	0.111	0.648
>TATATCATATAT	2-TATATCATATAT	6.811078	-47.768873	0	T:232.0(24.68%),B:9478.2(13.19%),P:1e-20	Tpos:101.0,Tstd:52.5,Bpos:99.8,Bstd:122.1,StrandBias:0.2,Multiplicity:1.13
0.133	0.085	0.072	0.710
0.747	0.077	0.054	0.122
0.101	0.064	0.051	0.784
0.729	0.075	0.073	0.123
0.097	0.055	0.034	0.814
0.097	0.666	0.120	0.117
0.774	0.071	0.060	0.095
0.143	0.087	0.078	0.692
0.797	0.029	0.071	0.103
0.114	0.065	0.067	0.754
0.761	0.051	0.074	0.114
0.123	0.041	0.065	0.771
>ACTTAGGAAGTA	3-ACTTAGGAAGTA	14.033273	-39.807772	0	T:8.0(0.85%),B:2.5(0.00%),P:1e-17	Tpos:124.0,Tstd:68.7,Bpos:126.7,Bstd:23.3,StrandBias:1.6,Multiplicity:1.00
0.997	0.001	0.001	0.001
0.001	0.997	0.001	0.001
0.001	0.139	0.001	0.859
0.001	0.001	0.001	0.997
0.859	0.001	0.001	0.139
0.001	0.001	0.997	0.001
0.139	0.001	0.859	0.001
0.859	0.139	0.001	0.001
0.997	0.001	0.001	0.001
0.139	0.001	0.859	0.001
0.001	0.001	0.001	0.997
0.997	0.001	0.001	0.001
>TCAACATTTTTG	4-TCAACATTTTTG	9.335392	-37.963183	0	T:52.0(5.53%),B:959.1(1.33%),P:1e-16	Tpos:111.3,Tstd:44.6,Bpos:98.3,Bstd:83.4,StrandBias:-0.1,Multiplicity:1.02
0.047	0.021	0.090	0.842
0.021	0.875	0.051	0.053
0.898	0.021	0.013	0.068
0.608	0.129	0.137	0.126
0.079	0.811	0.021	0.089
0.863	0.052	0.052	0.033
0.065	0.061	0.116	0.758
0.035	0.021	0.083	0.861
0.001	0.075	0.059	0.865
0.001	0.020	0.043	0.936
0.079	0.027	0.062	0.832
0.049	0.014	0.854	0.083
>TTCTCGAAAAGT	5-TTCTCGAAAAGT	10.168296	-33.418252	0	T:26.0(2.77%),B:255.3(0.36%),P:1e-14	Tpos:105.0,Tstd:50.3,Bpos:97.6,Bstd:77.6,StrandBias:-0.1,Multiplicity:1.09
0.091	0.034	0.034	0.841
0.001	0.034	0.001	0.964
0.136	0.716	0.002	0.146
0.149	0.001	0.034	0.816
0.025	0.878	0.034	0.063
0.204	0.125	0.642	0.029
0.829	0.102	0.001	0.068
0.808	0.001	0.068	0.123
0.965	0.001	0.033	0.001
0.862	0.034	0.001	0.103
0.102	0.034	0.737	0.127
0.019	0.001	0.034	0.946
>AGGCTAGCTCGA	6-AGGCTAGCTCGA	14.898441	-32.627950	0	T:6.0(0.64%),B:0.8(0.00%),P:1e-14	Tpos:52.0,Tstd:36.7,Bpos:21.4,Bstd:2.9,StrandBias:2.3,Multiplicity:1.00
0.997	0.001	0.001	0.001
0.001	0.001	0.997	0.001
0.001	0.001	0.997	0.001
0.001	0.997	0.001	0.001
0.001	0.001	0.239	0.759
0.997	0.001	0.001	0.001
0.001	0.001	0.759	0.239
0.001	0.997	0.001	0.001
0.001	0.001	0.001	0.997
0.001	0.997	0.001	0.001
0.001	0.001	0.997	0.001
0.997	0.001	0.001	0.001
>AAATTAAATTTT	7-AAATTAAATTTT	8.912902	-32.461211	0	T:89.0(9.47%),B:2721.0(3.79%),P:1e-14	Tpos:97.5,Tstd:52.9,Bpos:99.8,Bstd:129.6,StrandBias:-0.5,Multiplicity:1.01
0.911	0.016	0.055	0.018
0.882	0.049	0.032	0.037
0.901	0.016	0.048	0.035
0.077	0.028	0.065	0.830
0.053	0.118	0.082	0.747
0.788	0.055	0.026	0.131
0.856	0.037	0.059	0.048
0.786	0.086	0.040	0.088
0.011	0.067	0.045	0.877
0.090	0.029	0.043	0.838
0.123	0.045	0.038	0.794
0.050	0.127	0.028	0.795
>ACGGCTTCTGTA	8-ACGGCTTCTGTA	11.308993	-27.855767	0	T:8.0(0.85%),B:10.0(0.01%),P:1e-12	Tpos:85.2,Tstd:27.7,Bpos:98.6,Bstd:56.1,StrandBias:-0.7,Multiplicity:1.00
0.939	0.030	0.001	0.030
0.001	0.997	0.001	0.001
0.001	0.001	0.997	0.001
0.103	0.001	0.895	0.001
0.001	0.997	0.001	0.001
0.001	0.001	0.001	0.997
0.001	0.001	0.001	0.997
0.001	0.997	0.001	0.001
0.001	0.001	0.001	0.997
0.001	0.001	0.997	0.001
0.001	0.186	0.001	0.812
0.997	0.001	0.001	0.001
>CCTAGGGACMTG	9-CCTAGGGACMTG	9.258850	-26.431848	0	T:7.0(0.74%),B:6.9(0.01%),P:1e-11	Tpos:59.1,Tstd:55.1,Bpos:105.8,Bstd:57.9,StrandBias:-2.6,Multiplicity:1.00
0.001	0.997	0.001	0.001
0.001	0.919	0.001	0.079
0.001	0.001	0.001	0.997
0.997	0.001	0.001	0.001
0.001	0.001	0.997	0.001
0.001	0.001	0.997	0.001
0.001	0.001	0.997	0.001
0.997	0.001	0.001	0.001
0.001	0.997	0.001	0.001
0.448	0.448	0.001	0.103
0.001	0.001	0.079	0.919
0.001	0.001	0.997	0.001
>ACAAAATTTCTC	10-ACAAAATTTCTC	9.662669	-24.388456	0	T:31.0(3.30%),B:545.9(0.76%),P:1e-10	Tpos:99.6,Tstd:53.5,Bpos:98.9,Bstd:103.7,StrandBias:-0.5,Multiplicity:1.00
0.880	0.040	0.001	0.079
0.057	0.794	0.044	0.105
0.893	0.026	0.049	0.032
0.710	0.070	0.115	0.105
0.795	0.071	0.108	0.026
0.926	0.021	0.001	0.052
0.025	0.038	0.036	0.901
0.058	0.049	0.049	0.844
0.028	0.026	0.025	0.921
0.111	0.744	0.120	0.025
0.038	0.057	0.074	0.831
0.063	0.766	0.088	0.083
>TGGCTGAAGTAA	11-TGGCTGAAGTAA	12.355432	-20.542576	0	T:4.0(0.43%),B:1.1(0.00%),P:1e-8	Tpos:109.2,Tstd:56.6,Bpos:128.9,Bstd:24.1,StrandBias:0.6,Multiplicity:1.25
0.100	0.100	0.100	0.700
0.100	0.100	0.700	0.100
0.100	0.100	0.700	0.100
0.100	0.700	0.100	0.100
0.100	0.100	0.100	0.700
0.100	0.100	0.700	0.100
0.700	0.100	0.100	0.100
0.700	0.100	0.100	0.100
0.100	0.100	0.700	0.100
0.100	0.100	0.100	0.700
0.700	0.100	0.100	0.100
0.700	0.100	0.100	0.100
>CACGTGGTTGAC	12-CACGTGGTTGAC	12.355432	-20.542576	0	T:4.0(0.43%),B:1.7(0.00%),P:1e-8	Tpos:95.5,Tstd:54.1,Bpos:86.0,Bstd:31.0,StrandBias:-1.6,Multiplicity:1.00
0.100	0.700	0.100	0.100
0.700	0.100	0.100	0.100
0.100	0.700	0.100	0.100
0.100	0.100	0.700	0.100
0.100	0.100	0.100	0.700
0.100	0.100	0.700	0.100
0.100	0.100	0.700	0.100
0.100	0.100	0.100	0.700
0.100	0.100	0.100	0.700
0.100	0.100	0.700	0.100
0.700	0.100	0.100	0.100
0.100	0.700	0.100	0.100
>TMTATCTATMTA	13-TMTATCTATMTA	10.485905	-19.360949	0	T:11.0(1.17%),B:70.2(0.10%),P:1e-8	Tpos:74.4,Tstd:50.5,Bpos:100.6,Bstd:138.8,StrandBias:0.6,Multiplicity:1.36
0.073	0.093	0.035	0.799
0.329	0.378	0.154	0.139
0.067	0.158	0.001	0.774
0.658	0.209	0.067	0.066
0.026	0.001	0.052	0.921
0.305	0.469	0.116	0.110
0.082	0.082	0.035	0.801
0.503	0.266	0.105	0.126
0.104	0.052	0.001	0.843
0.392	0.355	0.181	0.072
0.102	0.077	0.001	0.820
0.574	0.283	0.131	0.012
>GGGGGGGGGGGG	14-GGGGGGGGGGGG	11.661187	-18.780770	0	T:15.0(1.60%),B:161.3(0.22%),P:1e-8	Tpos:120.8,Tstd:65.5,Bpos:97.4,Bstd:55.5,StrandBias:-0.9,Multiplicity:1.07
0.050	0.088	0.699	0.163
0.096	0.116	0.668	0.120
0.113	0.103	0.692	0.092
0.115	0.096	0.625	0.164
0.074	0.012	0.781	0.133
0.045	0.001	0.900	0.054
0.060	0.012	0.868	0.060
0.036	0.036	0.820	0.108
0.001	0.056	0.796	0.147
0.028	0.074	0.770	0.128
0.069	0.069	0.732	0.130
0.126	0.048	0.654	0.172
>TTATTTATTTAT	15-TTATTTATTTAT	13.127057	-18.438470	0	T:10.0(1.06%),B:59.2(0.08%),P:1e-8	Tpos:80.1,Tstd:62.9,Bpos:79.8,Bstd:94.4,StrandBias:-2.7,Multiplicity:1.11
0.001	0.001	0.001	0.997
0.001	0.001	0.001	0.997
0.997	0.001	0.001	0.001
0.001	0.050	0.001	0.948
0.001	0.050	0.001	0.948
0.001	0.001	0.001	0.997
0.997	0.001	0.001	0.001
0.001	0.001	0.050	0.948
0.001	0.001	0.001	0.997
0.001	0.001	0.001	0.997
0.962	0.001	0.001	0.036
0.001	0.001	0.001	0.997
>CAKGAGGMATAT	16-CAKGAGGMATAT	12.936871	-18.162681	0	T:7.0(0.74%),B:20.8(0.03%),P:1e-7	Tpos:121.1,Tstd:43.8,Bpos:87.8,Bstd:32.3,StrandBias:10.0,Multiplicity:1.00
0.245	0.753	0.001	0.001
0.997	0.001	0.001	0.001
0.001	0.001	0.547	0.451
0.001	0.245	0.753	0.001
0.997	0.001	0.001	0.001
0.001	0.001	0.997	0.001
0.001	0.001	0.997	0.001
0.490	0.508	0.001	0.001
0.997	0.001	0.001	0.001
0.245	0.001	0.001	0.753
0.792	0.001	0.206	0.001
0.001	0.001	0.001	0.997
>TTCAATAATGTT	17-TTCAATAATGTT	15.115261	-17.780397	0	T:4.0(0.43%),B:2.1(0.00%),P:1e-7	Tpos:122.4,Tstd:56.3,Bpos:131.7,Bstd:55.9,StrandBias:10.0,Multiplicity:1.25
0.001	0.001	0.001	0.997
0.226	0.001	0.001	0.772
0.001	0.997	0.001	0.001
0.997	0.001	0.001	0.001
0.997	0.001	0.001	0.001
0.001	0.001	0.001	0.997
0.997	0.001	0.001	0.001
0.997	0.001	0.001	0.001
0.001	0.001	0.001	0.997
0.001	0.001	0.997	0.001
0.001	0.001	0.001	0.997
0.001	0.001	0.001	0.997
>CACTACACTTCA	18-CACTACACTTCA	12.925842	-10.473017	0	T:5.0(0.53%),B:26.1(0.04%),P:1e-4	Tpos:54.9,Tstd:45.5,Bpos:96.1,Bstd:46.9,StrandBias:-3.0,Multiplicity:1.40
0.001	0.997	0.001	0.001
0.997	0.001	0.001	0.001
0.001	0.997	0.001	0.001
0.001	0.001	0.255	0.743
0.743	0.001	0.255	0.001
0.001	0.717	0.026	0.256
0.997	0.001	0.001	0.001
0.214	0.784	0.001	0.001
0.001	0.001	0.001	0.997
0.287	0.001	0.001	0.711
0.214	0.784	0.001	0.001
0.997	0.001	0.001	0.001
>TMATTTATTART	19-TMATTTATTART	15.116672	-10.026230	0	T:3.0(0.32%),B:5.1(0.01%),P:1e-4	Tpos:71.0,Tstd:46.1,Bpos:122.9,Bstd:77.2,StrandBias:1.0,Multiplicity:1.00
0.001	0.001	0.001	0.997
0.550	0.448	0.001	0.001
0.997	0.001	0.001	0.001
0.001	0.001	0.001	0.997
0.001	0.001	0.001	0.997
0.085	0.001	0.001	0.913
0.997	0.001	0.001	0.001
0.001	0.001	0.001	0.997
0.001	0.001	0.001	0.997
0.997	0.001	0.001	0.001
0.550	0.001	0.448	0.001
0.001	0.001	0.001	0.997
>AGGAACTAGGAA	20-AGGAACTAGGAA	14.636369	-9.376764	0	T:2.0(0.21%),B:1.2(0.00%),P:1e-4	Tpos:101.7,Tstd:46.7,Bpos:158.4,Bstd:29.7,StrandBias:10.0,Multiplicity:3.50
0.997	0.001	0.001	0.001
0.001	0.001	0.997	0.001
0.001	0.001	0.997	0.001
0.997	0.001	0.001	0.001
0.997	0.001	0.001	0.001
0.140	0.858	0.001	0.001
0.001	0.001	0.001	0.997
0.997	0.001	0.001	0.001
0.001	0.001	0.997	0.001
0.001	0.001	0.997	0.001
0.997	0.001	0.001	0.001
0.997	0.001	0.001	0.001
>CACASABACACA	21-CACASABACACA	8.405582	-8.740522	0	T:50.0(5.32%),B:2199.3(3.06%),P:1e-3	Tpos:98.4,Tstd:52.7,Bpos:96.3,Bstd:81.8,StrandBias:-2.2,Multiplicity:1.40
0.001	0.619	0.338	0.042
0.925	0.001	0.073	0.001
0.001	0.545	0.355	0.099
0.892	0.001	0.044	0.063
0.021	0.509	0.457	0.013
0.929	0.044	0.026	0.001
0.001	0.334	0.308	0.357
0.708	0.001	0.290	0.001
0.001	0.624	0.345	0.030
0.520	0.152	0.239	0.089
0.014	0.505	0.297	0.184
0.953	0.001	0.045	0.001
>CTACCTACCTAC	22-CTACCTACCTAC	12.355432	-7.999155	0	T:2.0(0.21%),B:2.0(0.00%),P:1e-3	Tpos:52.5,Tstd:34.3,Bpos:95.9,Bstd:37.8,StrandBias:4.2,Multiplicity:1.50
0.100	0.700	0.100	0.100
0.100	0.100	0.100	0.700
0.700	0.100	0.100	0.100
0.100	0.700	0.100	0.100
0.100	0.700	0.100	0.100
0.100	0.100	0.100	0.700
0.700	0.100	0.100	0.100
0.100	0.700	0.100	0.100
0.100	0.700	0.100	0.100
0.100	0.100	0.100	0.700
0.700	0.100	0.100	0.100
0.100	0.700	0.100	0.100
>GTTCCCATTTCC	23-GTTCCCATTTCC	14.746740	-7.999155	0	T:2.0(0.21%),B:2.9(0.00%),P:1e-3	Tpos:47.0,Tstd:29.0,Bpos:94.2,Bstd:32.4,StrandBias:0.0,Multiplicity:1.00
0.001	0.001	0.997	0.001
0.001	0.001	0.001	0.997
0.001	0.001	0.001	0.997
0.001	0.997	0.001	0.001
0.001	0.997	0.001	0.001
0.001	0.838	0.001	0.160
0.997	0.001	0.001	0.001
0.001	0.001	0.186	0.812
0.001	0.001	0.001	0.997
0.001	0.001	0.001	0.997
0.001	0.997	0.001	0.001
0.001	0.997	0.001	0.001
>GGATGGATGGAT	24-GGATGGATGGAT	12.239848	-7.467880	0	T:3.0(0.32%),B:12.9(0.02%),P:1e-3	Tpos:64.3,Tstd:36.8,Bpos:123.0,Bstd:73.1,StrandBias:3.5,Multiplicity:2.33
0.095	0.001	0.903	0.001
0.001	0.001	0.902	0.096
0.997	0.001	0.001	0.001
0.001	0.001	0.001	0.997
0.096	0.001	0.902	0.001
0.095	0.001	0.903	0.001
0.807	0.096	0.001	0.096
0.192	0.096	0.001	0.711
0.097	0.096	0.806	0.001
0.096	0.001	0.807	0.096
0.695	0.001	0.303	0.001
0.001	0.096	0.304	0.599
>TGTTGTTGTCGT	25-TGTTGTTGTCGT	13.213077	-6.375141	0	T:5.0(0.53%),B:64.5(0.09%),P:1e-2	Tpos:41.2,Tstd:57.7,Bpos:99.1,Bstd:54.4,StrandBias:2.7,Multiplicity:1.20
0.300	0.001	0.001	0.698
0.001	0.001	0.997	0.001
0.001	0.001	0.001	0.997
0.001	0.001	0.001	0.997
0.001	0.001	0.868	0.130
0.001	0.001	0.001	0.997
0.001	0.001	0.001	0.997
0.001	0.001	0.861	0.137
0.001	0.001	0.258	0.740
0.194	0.489	0.001	0.316
0.193	0.001	0.805	0.001
0.052	0.001	0.218	0.729
