>AAATTTCAGA	1-AAATTTCAGA	6.371299	-66.696471	0	T:360.0(38.30%),B:15810.7(21.99%),P:1e-28	Tpos:100.7,Tstd:54.2,Bpos:99.6,Bstd:105.0,StrandBias:0.0,Multiplicity:1.31
0.840	0.048	0.054	0.058
0.792	0.033	0.051	0.124
0.814	0.058	0.085	0.043
0.082	0.066	0.044	0.808
0.118	0.049	0.063	0.770
0.035	0.081	0.058	0.826
0.079	0.797	0.066	0.058
0.827	0.055	0.085	0.033
0.116	0.053	0.710	0.121
0.817	0.056	0.060	0.067
>AAAATTTTDA	2-AAAATTTTDA	6.006104	-53.379451	0	T:333.0(35.43%),B:15211.2(21.16%),P:1e-23	Tpos:98.4,Tstd:54.6,Bpos:99.8,Bstd:123.4,StrandBias:0.0,Multiplicity:1.42
0.667	0.209	0.121	0.003
0.661	0.153	0.073	0.113
0.746	0.071	0.045	0.138
0.592	0.004	0.059	0.345
0.264	0.074	0.029	0.633
0.089	0.018	0.012	0.881
0.162	0.073	0.106	0.659
0.154	0.123	0.176	0.547
0.275	0.149	0.245	0.331
0.463	0.165	0.144	0.228
>AATTTTCTTA	3-AATTTTCTTA	6.078432	-48.015230	0	T:222.0(23.62%),B:8878.8(12.35%),P:1e-20	Tpos:93.1,Tstd:53.2,Bpos:97.9,Bstd:122.5,StrandBias:-0.4,Multiplicity:1.09
0.688	0.168	0.087	0.057
0.559	0.109	0.169	0.163
0.257	0.171	0.143	0.428
0.117	0.033	0.121	0.729
0.159	0.076	0.047	0.718
0.066	0.131	0.160	0.643
0.125	0.644	0.130	0.101
0.040	0.239	0.032	0.689
0.206	0.158	0.131	0.505
0.462	0.215	0.264	0.059
>AAAAHTTATA	4-AAAAHTTATA	6.097208	-47.360271	0	T:487.0(51.81%),B:26369.6(36.68%),P:1e-20	Tpos:100.0,Tstd:56.0,Bpos:99.6,Bstd:126.9,StrandBias:0.1,Multiplicity:1.26
0.843	0.056	0.001	0.100
0.817	0.014	0.022	0.147
0.879	0.019	0.028	0.074
0.742	0.054	0.015	0.189
0.341	0.348	0.109	0.202
0.245	0.029	0.074	0.652
0.122	0.057	0.131	0.690
0.653	0.064	0.161	0.122
0.263	0.041	0.010	0.686
0.824	0.033	0.035	0.108
>GCTCAAACTT	5-GCTCAAACTT	6.439971	-42.446168	0	T:116.0(12.34%),B:3539.8(4.92%),P:1e-18	Tpos:86.6,Tstd:52.7,Bpos:101.3,Bstd:86.7,StrandBias:0.3,Multiplicity:1.01
0.146	0.272	0.581	0.001
0.263	0.671	0.065	0.001
0.150	0.173	0.122	0.555
0.076	0.596	0.114	0.214
0.587	0.249	0.157	0.007
0.672	0.005	0.103	0.220
0.582	0.211	0.001	0.206
0.201	0.568	0.191	0.040
0.269	0.008	0.004	0.719
0.003	0.189	0.143	0.665
>TTCCGAAAAT	6-TTCCGAAAAT	7.141960	-32.105221	0	T:131.0(13.94%),B:4898.4(6.81%),P:1e-13	Tpos:111.3,Tstd:58.5,Bpos:102.9,Bstd:94.8,StrandBias:-0.1,Multiplicity:1.04
0.025	0.001	0.106	0.868
0.042	0.099	0.106	0.753
0.028	0.745	0.026	0.201
0.054	0.751	0.121	0.074
0.121	0.057	0.680	0.142
0.882	0.116	0.001	0.001
0.902	0.096	0.001	0.001
0.744	0.051	0.097	0.108
0.773	0.001	0.172	0.054
0.219	0.076	0.001	0.704
>ATAAATCGGT	7-ATAAATCGGT	7.154458	-28.042724	0	T:72.0(7.66%),B:2123.8(2.95%),P:1e-12	Tpos:96.9,Tstd:57.5,Bpos:100.6,Bstd:78.7,StrandBias:-0.4,Multiplicity:1.02
0.905	0.009	0.043	0.043
0.089	0.064	0.063	0.784
0.814	0.104	0.030	0.052
0.723	0.104	0.087	0.086
0.747	0.070	0.079	0.104
0.078	0.066	0.038	0.818
0.032	0.822	0.085	0.061
0.052	0.095	0.799	0.054
0.035	0.044	0.833	0.088
0.116	0.026	0.096	0.762
>AAATATATAA	8-AAATATATAA	9.573532	-27.796203	0	T:60.0(6.38%),B:1589.7(2.21%),P:1e-12	Tpos:73.8,Tstd:53.0,Bpos:97.0,Bstd:123.7,StrandBias:1.1,Multiplicity:1.02
0.673	0.001	0.001	0.325
0.528	0.001	0.108	0.363
0.776	0.222	0.001	0.001
0.323	0.141	0.001	0.535
0.997	0.001	0.001	0.001
0.343	0.001	0.001	0.655
0.997	0.001	0.001	0.001
0.394	0.001	0.001	0.604
0.997	0.001	0.001	0.001
0.602	0.001	0.001	0.396
>GTGCAGAAAT	9-GTGCAGAAAT	9.623818	-23.348853	0	T:28.0(2.98%),B:467.7(0.65%),P:1e-10	Tpos:95.2,Tstd:49.1,Bpos:102.5,Bstd:76.2,StrandBias:0.4,Multiplicity:1.00
0.001	0.001	0.907	0.091
0.001	0.001	0.063	0.935
0.135	0.058	0.806	0.001
0.001	0.919	0.001	0.079
0.949	0.001	0.001	0.049
0.037	0.047	0.915	0.001
0.958	0.040	0.001	0.001
0.952	0.001	0.001	0.046
0.753	0.072	0.174	0.001
0.001	0.046	0.001	0.952
>CGATTGATTG	10-CGATTGATTG	7.191882	-21.167572	0	T:27.0(2.87%),B:481.2(0.67%),P:1e-9	Tpos:87.4,Tstd:45.6,Bpos:96.8,Bstd:89.6,StrandBias:-0.1,Multiplicity:1.08
0.055	0.621	0.035	0.289
0.103	0.054	0.729	0.114
0.732	0.091	0.050	0.127
0.249	0.159	0.177	0.414
0.285	0.128	0.066	0.521
0.059	0.058	0.825	0.058
0.565	0.250	0.078	0.107
0.098	0.274	0.032	0.596
0.011	0.191	0.311	0.487
0.146	0.285	0.449	0.120
>TACATTCGAG	11-TACATTCGAG	10.296193	-21.022234	0	T:5.0(0.53%),B:3.5(0.00%),P:1e-9	Tpos:47.7,Tstd:16.1,Bpos:136.7,Bstd:14.0,StrandBias:1.0,Multiplicity:1.20
0.100	0.100	0.100	0.700
0.700	0.100	0.100	0.100
0.100	0.700	0.100	0.100
0.700	0.100	0.100	0.100
0.100	0.100	0.100	0.700
0.100	0.100	0.100	0.700
0.100	0.700	0.100	0.100
0.100	0.100	0.700	0.100
0.700	0.100	0.100	0.100
0.100	0.100	0.700	0.100
>CGATCTTAAG	12-CGATCTTAAG	5.962915	-20.098011	0	T:87.0(9.26%),B:3345.5(4.65%),P:1e-8	Tpos:99.3,Tstd:54.8,Bpos:98.1,Bstd:84.8,StrandBias:0.1,Multiplicity:1.11
0.193	0.477	0.169	0.160
0.162	0.169	0.487	0.183
0.762	0.072	0.011	0.155
0.047	0.194	0.025	0.734
0.172	0.511	0.164	0.153
0.171	0.130	0.001	0.698
0.175	0.059	0.125	0.641
0.619	0.170	0.030	0.181
0.590	0.092	0.137	0.181
0.168	0.112	0.552	0.168
>SGGGGGGGGG	13-SGGGGGGGGG	9.115818	-18.095604	0	T:19.0(2.02%),B:283.9(0.39%),P:1e-7	Tpos:99.2,Tstd:64.0,Bpos:98.7,Bstd:58.6,StrandBias:-0.3,Multiplicity:1.16
0.166	0.287	0.369	0.178
0.240	0.116	0.598	0.046
0.001	0.300	0.592	0.107
0.001	0.143	0.845	0.011
0.010	0.028	0.893	0.069
0.001	0.001	0.838	0.160
0.001	0.088	0.910	0.001
0.001	0.205	0.750	0.044
0.001	0.088	0.774	0.137
0.038	0.241	0.637	0.084
>TAGGGTTAAG	14-TAGGGTTAAG	9.711132	-15.214856	0	T:17.0(1.81%),B:275.4(0.38%),P:1e-6	Tpos:88.8,Tstd:44.7,Bpos:94.6,Bstd:95.3,StrandBias:0.7,Multiplicity:1.50
0.078	0.001	0.001	0.920
0.997	0.001	0.001	0.001
0.001	0.082	0.850	0.067
0.043	0.042	0.874	0.041
0.061	0.082	0.856	0.001
0.001	0.001	0.001	0.997
0.001	0.052	0.001	0.946
0.997	0.001	0.001	0.001
0.652	0.001	0.346	0.001
0.001	0.060	0.938	0.001
>ATATATATAT	15-ATATATATAT	10.296193	-14.448938	0	T:9.0(0.96%),B:71.0(0.10%),P:1e-6	Tpos:57.3,Tstd:41.7,Bpos:99.6,Bstd:132.8,StrandBias:0.0,Multiplicity:1.11
0.700	0.100	0.100	0.100
0.100	0.100	0.100	0.700
0.700	0.100	0.100	0.100
0.100	0.100	0.100	0.700
0.700	0.100	0.100	0.100
0.100	0.100	0.100	0.700
0.700	0.100	0.100	0.100
0.100	0.100	0.100	0.700
0.700	0.100	0.100	0.100
0.100	0.100	0.100	0.700
>CCGTCCGTCC	16-CCGTCCGTCC	5.778475	-14.066032	0	T:24.0(2.55%),B:562.7(0.78%),P:1e-6	Tpos:89.2,Tstd:51.0,Bpos:102.2,Bstd:61.4,StrandBias:-0.6,Multiplicity:1.12
0.001	0.997	0.001	0.001
0.001	0.996	0.001	0.002
0.302	0.001	0.521	0.176
0.175	0.001	0.100	0.724
0.001	0.997	0.001	0.001
0.001	0.997	0.001	0.001
0.322	0.001	0.676	0.001
0.001	0.001	0.155	0.843
0.099	0.899	0.001	0.001
0.001	0.997	0.001	0.001
>TCTTCTAGGT	17-TCTTCTAGGT	10.108932	-10.762481	0	T:8.0(0.85%),B:86.0(0.12%),P:1e-4	Tpos:101.5,Tstd:37.8,Bpos:89.3,Bstd:73.3,StrandBias:3.3,Multiplicity:1.38
0.001	0.001	0.001	0.997
0.376	0.622	0.001	0.001
0.001	0.363	0.001	0.635
0.001	0.001	0.175	0.823
0.001	0.921	0.077	0.001
0.001	0.001	0.001	0.997
0.997	0.001	0.001	0.001
0.001	0.001	0.997	0.001
0.001	0.001	0.950	0.048
0.001	0.001	0.001	0.997
>CCCCCCACCC	18-CCCCCCACCC	4.775345	-9.370003	0	T:129.0(13.72%),B:7074.3(9.84%),P:1e-4	Tpos:93.4,Tstd:56.6,Bpos:100.6,Bstd:60.5,StrandBias:0.1,Multiplicity:1.15
0.151	0.687	0.088	0.074
0.078	0.753	0.076	0.093
0.122	0.687	0.090	0.101
0.103	0.736	0.094	0.067
0.101	0.692	0.109	0.098
0.129	0.673	0.111	0.087
0.665	0.156	0.085	0.094
0.109	0.668	0.149	0.074
0.076	0.745	0.100	0.079
0.109	0.694	0.090	0.107
>CACTACACGA	19-CACTACACGA	9.279856	-8.765500	0	T:7.0(0.74%),B:85.1(0.12%),P:1e-3	Tpos:70.4,Tstd:50.4,Bpos:95.1,Bstd:53.0,StrandBias:-2.4,Multiplicity:2.71
0.001	0.997	0.001	0.001
0.997	0.001	0.001	0.001
0.001	0.997	0.001	0.001
0.001	0.001	0.001	0.997
0.997	0.001	0.001	0.001
0.001	0.964	0.001	0.034
0.997	0.001	0.001	0.001
0.001	0.997	0.001	0.001
0.001	0.001	0.690	0.308
0.997	0.001	0.001	0.001
>MTVTMTVTMT	20-MTVTMTVTMT	7.235904	-7.885347	0	T:18.0(1.91%),B:540.9(0.75%),P:1e-3	Tpos:109.2,Tstd:54.1,Bpos:97.5,Bstd:118.8,StrandBias:1.4,Multiplicity:1.50
0.495	0.380	0.076	0.048
0.087	0.219	0.054	0.640
0.288	0.376	0.310	0.026
0.023	0.104	0.115	0.758
0.479	0.407	0.060	0.054
0.078	0.228	0.178	0.516
0.259	0.338	0.388	0.016
0.097	0.081	0.143	0.679
0.442	0.464	0.060	0.034
0.099	0.183	0.100	0.618
>GTTGTTGTTG	21-GTTGTTGTTG	8.131360	-7.085429	0	T:11.0(1.17%),B:263.0(0.37%),P:1e-3	Tpos:71.9,Tstd:70.7,Bpos:99.8,Bstd:54.7,StrandBias:1.3,Multiplicity:1.20
0.001	0.001	0.997	0.001
0.001	0.001	0.001	0.997
0.001	0.001	0.001	0.997
0.001	0.001	0.997	0.001
0.001	0.048	0.001	0.950
0.001	0.001	0.001	0.997
0.001	0.001	0.997	0.001
0.001	0.001	0.072	0.926
0.001	0.040	0.001	0.958
0.001	0.001	0.997	0.001
>AAATGGGCAC	22-AAATGGGCAC	12.421208	-5.876070	0	T:3.0(0.32%),B:21.7(0.03%),P:1e-2	Tpos:103.8,Tstd:44.6,Bpos:85.8,Bstd:72.7,StrandBias:1.0,Multiplicity:2.00
0.997	0.001	0.001	0.001
0.997	0.001	0.001	0.001
0.755	0.243	0.001	0.001
0.001	0.001	0.001	0.997
0.001	0.001	0.997	0.001
0.001	0.001	0.997	0.001
0.001	0.001	0.997	0.001
0.001	0.997	0.001	0.001
0.997	0.001	0.001	0.001
0.001	0.997	0.001	0.001
>AGASAGACAG	23-AGASAGACAG	9.499747	-5.114304	0	T:17.0(1.81%),B:646.5(0.90%),P:1e-2	Tpos:102.6,Tstd:50.4,Bpos:92.7,Bstd:90.1,StrandBias:-3.1,Multiplicity:1.59
0.857	0.001	0.072	0.070
0.001	0.077	0.866	0.056
0.916	0.036	0.001	0.047
0.001	0.544	0.454	0.001
0.997	0.001	0.001	0.001
0.001	0.099	0.872	0.028
0.894	0.033	0.072	0.001
0.001	0.555	0.388	0.056
0.962	0.001	0.001	0.036
0.066	0.083	0.818	0.033
>AGGAACTAGG	24-AGGAACTAGG	4.458463	-5.051003	0	T:591.0(62.87%),B:42298.8(58.84%),P:1e-2	Tpos:97.8,Tstd:57.2,Bpos:100.0,Bstd:82.2,StrandBias:0.0,Multiplicity:1.52
0.700	0.100	0.100	0.100
0.100	0.100	0.700	0.100
0.100	0.100	0.700	0.100
0.700	0.100	0.100	0.100
0.700	0.100	0.100	0.100
0.100	0.700	0.100	0.100
0.100	0.100	0.100	0.700
0.700	0.100	0.100	0.100
0.100	0.100	0.700	0.100
0.100	0.100	0.700	0.100
>CCTACCTACC	25-CCTACCTACC	10.296193	-3.960869	0	T:2.0(0.21%),B:16.6(0.02%),P:1e-1	Tpos:56.0,Tstd:38.4,Bpos:97.7,Bstd:53.3,StrandBias:3.3,Multiplicity:1.50
0.100	0.700	0.100	0.100
0.100	0.700	0.100	0.100
0.100	0.100	0.100	0.700
0.700	0.100	0.100	0.100
0.100	0.700	0.100	0.100
0.100	0.700	0.100	0.100
0.100	0.100	0.100	0.700
0.700	0.100	0.100	0.100
0.100	0.700	0.100	0.100
0.100	0.700	0.100	0.100
>TTTTAAAATTTT	1-TTTTAAAATTTT	6.403916	-55.974726	0	T:396.0(42.13%),B:19098.1(26.57%),P:1e-24	Tpos:98.4,Tstd:53.3,Bpos:99.2,Bstd:123.9,StrandBias:-0.1,Multiplicity:1.45
0.142	0.106	0.090	0.662
0.127	0.121	0.075	0.677
0.148	0.121	0.084	0.647
0.129	0.089	0.102	0.680
0.593	0.118	0.121	0.168
0.628	0.100	0.118	0.154
0.675	0.092	0.096	0.137
0.681	0.078	0.081	0.160
0.185	0.105	0.082	0.628
0.129	0.053	0.086	0.732
0.103	0.081	0.066	0.750
0.142	0.099	0.111	0.648
>TATATCATATAT	2-TATATCATATAT	6.811078	-47.768873	0	T:232.0(24.68%),B:9478.2(13.19%),P:1e-20	Tpos:101.0,Tstd:52.5,Bpos:99.8,Bstd:122.1,StrandBias:0.2,Multiplicity:1.13
0.133	0.085	0.072	0.710
0.747	0.077	0.054	0.122
0.101	0.064	0.051	0.784
0.729	0.075	0.073	0.123
0.097	0.055	0.034	0.814
0.097	0.666	0.120	0.117
0.774	0.071	0.060	0.095
0.143	0.087	0.078	0.692
0.797	0.029	0.071	0.103
0.114	0.065	0.067	0.754
0.761	0.051	0.074	0.114
0.123	0.041	0.065	0.771
>ACTTAGGAAGTA	3-ACTTAGGAAGTA	14.033273	-39.807772	0	T:8.0(0.85%),B:2.5(0.00%),P:1e-17	Tpos:124.0,Tstd:68.7,Bpos:126.7,Bstd:23.3,StrandBias:1.6,Multiplicity:1.00
0.997	0.001	0.001	0.001
0.001	0.997	0.001	0.001
0.001	0.139	0.001	0.859
0.001	0.001	0.001	0.997
0.859	0.001	0.001	0.139
0.001	0.001	0.997	0.001
0.139	0.001	0.859	0.001
0.859	0.139	0.001	0.001
0.997	0.001	0.001	0.001
0.139	0.001	0.859	0.001
0.001	0.001	0.001	0.997
0.997	0.001	0.001	0.001
>TCAACATTTTTG	4-TCAACATTTTTG	9.335392	-37.963183	0	T:52.0(5.53%),B:959.1(1.33%),P:1e-16	Tpos:111.3,Tstd:44.6,Bpos:98.3,Bstd:83.4,StrandBias:-0.1,Multiplicity:1.02
0.047	0.021	0.090	0.842
0.021	0.875	0.051	0.053
0.898	0.021	0.013	0.068
0.608	0.129	0.137	0.126
0.079	0.811	0.021	0.089
0.863	0.052	0.052	0.033
0.065	0.061	0.116	0.758
0.035	0.021	0.083	0.861
0.001	0.075	0.059	0.865
0.001	0.020	0.043	0.936
0.079	0.027	0.062	0.832
0.049	0.014	0.854	0.083
>TTCTCGAAAAGT	5-TTCTCGAAAAGT	10.168296	-33.418252	0	T:26.0(2.77%),B:255.3(0.36%),P:1e-14	Tpos:105.0,Tstd:50.3,Bpos:97.6,Bstd:77.6,StrandBias:-0.1,Multiplicity:1.09
0.091	0.034	0.034	0.841
0.001	0.034	0.001	0.964
0.136	0.716	0.002	0.146
0.149	0.001	0.034	0.816
0.025	0.878	0.034	0.063
0.204	0.125	0.642	0.029
0.829	0.102	0.001	0.068
0.808	0.001	0.068	0.123
0.965	0.001	0.033	0.001
0.862	0.034	0.001	0.103
0.102	0.034	0.737	0.127
0.019	0.001	0.034	0.946
>AGGCTAGCTCGA	6-AGGCTAGCTCGA	14.898441	-32.627950	0	T:6.0(0.64%),B:0.8(0.00%),P:1e-14	Tpos:52.0,Tstd:36.7,Bpos:21.4,Bstd:2.9,StrandBias:2.3,Multiplicity:1.00
0.997	0.001	0.001	0.001
0.001	0.001	0.997	0.001
0.001	0.001	0.997	0.001
0.001	0.997	0.001	0.001
0.001	0.001	0.239	0.759
0.997	0.001	0.001	0.001
0.001	0.001	0.759	0.239
0.001	0.997	0.001	0.001
0.001	0.001	0.001	0.997
0.001	0.997	0.001	0.001
0.001	0.001	0.997	0.001
0.997	0.001	0.001	0.001
>AAATTAAATTTT	7-AAATTAAATTTT	8.912902	-32.461211	0	T:89.0(9.47%),B:2721.0(3.79%),P:1e-14	Tpos:97.5,Tstd:52.9,Bpos:99.8,Bstd:129.6,StrandBias:-0.5,Multiplicity:1.01
0.911	0.016	0.055	0.018
0.882	0.049	0.032	0.037
0.901	0.016	0.048	0.035
0.077	0.028	0.065	0.830
0.053	0.118	0.082	0.747
0.788	0.055	0.026	0.131
0.856	0.037	0.059	0.048
0.786	0.086	0.040	0.088
0.011	0.067	0.045	0.877
0.090	0.029	0.043	0.838
0.123	0.045	0.038	0.794
0.050	0.127	0.028	0.795
>ACGGCTTCTGTA	8-ACGGCTTCTGTA	11.308993	-27.855767	0	T:8.0(0.85%),B:10.0(0.01%),P:1e-12	Tpos:85.2,Tstd:27.7,Bpos:98.6,Bstd:56.1,StrandBias:-0.7,Multiplicity:1.00
0.939	0.030	0.001	0.030
0.001	0.997	0.001	0.001
0.001	0.001	0.997	0.001
0.103	0.001	0.895	0.001
0.001	0.997	0.001	0.001
0.001	0.001	0.001	0.997
0.001	0.001	0.001	0.997
0.001	0.997	0.001	0.001
0.001	0.001	0.001	0.997
0.001	0.001	0.997	0.001
0.001	0.186	0.001	0.812
0.997	0.001	0.001	0.001
>CCTAGGGACMTG	9-CCTAGGGACMTG	9.258850	-26.431848	0	T:7.0(0.74%),B:6.9(0.01%),P:1e-11	Tpos:59.1,Tstd:55.1,Bpos:105.8,Bstd:57.9,StrandBias:-2.6,Multiplicity:1.00
0.001	0.997	0.001	0.001
0.001	0.919	0.001	0.079
0.001	0.001	0.001	0.997
0.997	0.001	0.001	0.001
0.001	0.001	0.997	0.001
0.001	0.001	0.997	0.001
0.001	0.001	0.997	0.001
0.997	0.001	0.001	0.001
0.001	0.997	0.001	0.001
0.448	0.448	0.001	0.103
0.001	0.001	0.079	0.919
0.001	0.001	0.997	0.001
>ACAAAATTTCTC	10-ACAAAATTTCTC	9.662669	-24.388456	0	T:31.0(3.30%),B:545.9(0.76%),P:1e-10	Tpos:99.6,Tstd:53.5,Bpos:98.9,Bstd:103.7,StrandBias:-0.5,Multiplicity:1.00
0.880	0.040	0.001	0.079
0.057	0.794	0.044	0.105
0.893	0.026	0.049	0.032
0.710	0.070	0.115	0.105
0.795	0.071	0.108	0.026
0.926	0.021	0.001	0.052
0.025	0.038	0.036	0.901
0.058	0.049	0.049	0.844
0.028	0.026	0.025	0.921
0.111	0.744	0.120	0.025
0.038	0.057	0.074	0.831
0.063	0.766	0.088	0.083
>TGGCTGAAGTAA	11-TGGCTGAAGTAA	12.355432	-20.542576	0	T:4.0(0.43%),B:1.1(0.00%),P:1e-8	Tpos:109.2,Tstd:56.6,Bpos:128.9,Bstd:24.1,StrandBias:0.6,Multiplicity:1.25
0.100	0.100	0.100	0.700
0.100	0.100	0.700	0.100
0.100	0.100	0.700	0.100
0.100	0.700	0.100	0.100
0.100	0.100	0.100	0.700
0.100	0.100	0.700	0.100
0.700	0.100	0.100	0.100
0.700	0.100	0.100	0.100
0.100	0.100	0.700	0.100
0.100	0.100	0.100	0.700
0.700	0.100	0.100	0.100
0.700	0.100	0.100	0.100
>CACGTGGTTGAC	12-CACGTGGTTGAC	12.355432	-20.542576	0	T:4.0(0.43%),B:1.7(0.00%),P:1e-8	Tpos:95.5,Tstd:54.1,Bpos:86.0,Bstd:31.0,StrandBias:-1.6,Multiplicity:1.00
0.100	0.700	0.100	0.100
0.700	0.100	0.100	0.100
0.100	0.700	0.100	0.100
0.100	0.100	0.700	0.100
0.100	0.100	0.100	0.700
0.100	0.100	0.700	0.100
0.100	0.100	0.700	0.100
0.100	0.100	0.100	0.700
0.100	0.100	0.100	0.700
0.100	0.100	0.700	0.100
0.700	0.100	0.100	0.100
0.100	0.700	0.100	0.100
>TMTATCTATMTA	13-TMTATCTATMTA	10.485905	-19.360949	0	T:11.0(1.17%),B:70.2(0.10%),P:1e-8	Tpos:74.4,Tstd:50.5,Bpos:100.6,Bstd:138.8,StrandBias:0.6,Multiplicity:1.36
0.073	0.093	0.035	0.799
0.329	0.378	0.154	0.139
0.067	0.158	0.001	0.774
0.658	0.209	0.067	0.066
0.026	0.001	0.052	0.921
0.305	0.469	0.116	0.110
0.082	0.082	0.035	0.801
0.503	0.266	0.105	0.126
0.104	0.052	0.001	0.843
0.392	0.355	0.181	0.072
0.102	0.077	0.001	0.820
0.574	0.283	0.131	0.012
>GGGGGGGGGGGG	14-GGGGGGGGGGGG	11.661187	-18.780770	0	T:15.0(1.60%),B:161.3(0.22%),P:1e-8	Tpos:120.8,Tstd:65.5,Bpos:97.4,Bstd:55.5,StrandBias:-0.9,Multiplicity:1.07
0.050	0.088	0.699	0.163
0.096	0.116	0.668	0.120
0.113	0.103	0.692	0.092
0.115	0.096	0.625	0.164
0.074	0.012	0.781	0.133
0.045	0.001	0.900	0.054
0.060	0.012	0.868	0.060
0.036	0.036	0.820	0.108
0.001	0.056	0.796	0.147
0.028	0.074	0.770	0.128
0.069	0.069	0.732	0.130
0.126	0.048	0.654	0.172
>TTATTTATTTAT	15-TTATTTATTTAT	13.127057	-18.438470	0	T:10.0(1.06%),B:59.2(0.08%),P:1e-8	Tpos:80.1,Tstd:62.9,Bpos:79.8,Bstd:94.4,StrandBias:-2.7,Multiplicity:1.11
0.001	0.001	0.001	0.997
0.001	0.001	0.001	0.997
0.997	0.001	0.001	0.001
0.001	0.050	0.001	0.948
0.001	0.050	0.001	0.948
0.001	0.001	0.001	0.997
0.997	0.001	0.001	0.001
0.001	0.001	0.050	0.948
0.001	0.001	0.001	0.997
0.001	0.001	0.001	0.997
0.962	0.001	0.001	0.036
0.001	0.001	0.001	0.997
>CAKGAGGMATAT	16-CAKGAGGMATAT	12.936871	-18.162681	0	T:7.0(0.74%),B:20.8(0.03%),P:1e-7	Tpos:121.1,Tstd:43.8,Bpos:87.8,Bstd:32.3,StrandBias:10.0,Multiplicity:1.00
0.245	0.753	0.001	0.001
0.997	0.001	0.001	0.001
0.001	0.001	0.547	0.451
0.001	0.245	0.753	0.001
0.997	0.001	0.001	0.001
0.001	0.001	0.997	0.001
0.001	0.001	0.997	0.001
0.490	0.508	0.001	0.001
0.997	0.001	0.001	0.001
0.245	0.001	0.001	0.753
0.792	0.001	0.206	0.001
0.001	0.001	0.001	0.997
>TTCAATAATGTT	17-TTCAATAATGTT	15.115261	-17.780397	0	T:4.0(0.43%),B:2.1(0.00%),P:1e-7	Tpos:122.4,Tstd:56.3,Bpos:131.7,Bstd:55.9,StrandBias:10.0,Multiplicity:1.25
0.001	0.001	0.001	0.997
0.226	0.001	0.001	0.772
0.001	0.997	0.001	0.001
0.997	0.001	0.001	0.001
0.997	0.001	0.001	0.001
0.001	0.001	0.001	0.997
0.997	0.001	0.001	0.001
0.997	0.001	0.001	0.001
0.001	0.001	0.001	0.997
0.001	0.001	0.997	0.001
0.001	0.001	0.001	0.997
0.001	0.001	0.001	0.997
>CACTACACTTCA	18-CACTACACTTCA	12.925842	-10.473017	0	T:5.0(0.53%),B:26.1(0.04%),P:1e-4	Tpos:54.9,Tstd:45.5,Bpos:96.1,Bstd:46.9,StrandBias:-3.0,Multiplicity:1.40
0.001	0.997	0.001	0.001
0.997	0.001	0.001	0.001
0.001	0.997	0.001	0.001
0.001	0.001	0.255	0.743
0.743	0.001	0.255	0.001
0.001	0.717	0.026	0.256
0.997	0.001	0.001	0.001
0.214	0.784	0.001	0.001
0.001	0.001	0.001	0.997
0.287	0.001	0.001	0.711
0.214	0.784	0.001	0.001
0.997	0.001	0.001	0.001
>TMATTTATTART	19-TMATTTATTART	15.116672	-10.026230	0	T:3.0(0.32%),B:5.1(0.01%),P:1e-4	Tpos:71.0,Tstd:46.1,Bpos:122.9,Bstd:77.2,StrandBias:1.0,Multiplicity:1.00
0.001	0.001	0.001	0.997
0.550	0.448	0.001	0.001
0.997	0.001	0.001	0.001
0.001	0.001	0.001	0.997
0.001	0.001	0.001	0.997
0.085	0.001	0.001	0.913
0.997	0.001	0.001	0.001
0.001	0.001	0.001	0.997
0.001	0.001	0.001	0.997
0.997	0.001	0.001	0.001
0.550	0.001	0.448	0.001
0.001	0.001	0.001	0.997
>AGGAACTAGGAA	20-AGGAACTAGGAA	14.636369	-9.376764	0	T:2.0(0.21%),B:1.2(0.00%),P:1e-4	Tpos:101.7,Tstd:46.7,Bpos:158.4,Bstd:29.7,StrandBias:10.0,Multiplicity:3.50
0.997	0.001	0.001	0.001
0.001	0.001	0.997	0.001
0.001	0.001	0.997	0.001
0.997	0.001	0.001	0.001
0.997	0.001	0.001	0.001
0.140	0.858	0.001	0.001
0.001	0.001	0.001	0.997
0.997	0.001	0.001	0.001
0.001	0.001	0.997	0.001
0.001	0.001	0.997	0.001
0.997	0.001	0.001	0.001
0.997	0.001	0.001	0.001
>CACASABACACA	21-CACASABACACA	8.405582	-8.740522	0	T:50.0(5.32%),B:2199.3(3.06%),P:1e-3	Tpos:98.4,Tstd:52.7,Bpos:96.3,Bstd:81.8,StrandBias:-2.2,Multiplicity:1.40
0.001	0.619	0.338	0.042
0.925	0.001	0.073	0.001
0.001	0.545	0.355	0.099
0.892	0.001	0.044	0.063
0.021	0.509	0.457	0.013
0.929	0.044	0.026	0.001
0.001	0.334	0.308	0.357
0.708	0.001	0.290	0.001
0.001	0.624	0.345	0.030
0.520	0.152	0.239	0.089
0.014	0.505	0.297	0.184
0.953	0.001	0.045	0.001
>CTACCTACCTAC	22-CTACCTACCTAC	12.355432	-7.999155	0	T:2.0(0.21%),B:2.0(0.00%),P:1e-3	Tpos:52.5,Tstd:34.3,Bpos:95.9,Bstd:37.8,StrandBias:4.2,Multiplicity:1.50
0.100	0.700	0.100	0.100
0.100	0.100	0.100	0.700
0.700	0.100	0.100	0.100
0.100	0.700	0.100	0.100
0.100	0.700	0.100	0.100
0.100	0.100	0.100	0.700
0.700	0.100	0.100	0.100
0.100	0.700	0.100	0.100
0.100	0.700	0.100	0.100
0.100	0.100	0.100	0.700
0.700	0.100	0.100	0.100
0.100	0.700	0.100	0.100
>GTTCCCATTTCC	23-GTTCCCATTTCC	14.746740	-7.999155	0	T:2.0(0.21%),B:2.9(0.00%),P:1e-3	Tpos:47.0,Tstd:29.0,Bpos:94.2,Bstd:32.4,StrandBias:0.0,Multiplicity:1.00
0.001	0.001	0.997	0.001
0.001	0.001	0.001	0.997
0.001	0.001	0.001	0.997
0.001	0.997	0.001	0.001
0.001	0.997	0.001	0.001
0.001	0.838	0.001	0.160
0.997	0.001	0.001	0.001
0.001	0.001	0.186	0.812
0.001	0.001	0.001	0.997
0.001	0.001	0.001	0.997
0.001	0.997	0.001	0.001
0.001	0.997	0.001	0.001
>GGATGGATGGAT	24-GGATGGATGGAT	12.239848	-7.467880	0	T:3.0(0.32%),B:12.9(0.02%),P:1e-3	Tpos:64.3,Tstd:36.8,Bpos:123.0,Bstd:73.1,StrandBias:3.5,Multiplicity:2.33
0.095	0.001	0.903	0.001
0.001	0.001	0.902	0.096
0.997	0.001	0.001	0.001
0.001	0.001	0.001	0.997
0.096	0.001	0.902	0.001
0.095	0.001	0.903	0.001
0.807	0.096	0.001	0.096
0.192	0.096	0.001	0.711
0.097	0.096	0.806	0.001
0.096	0.001	0.807	0.096
0.695	0.001	0.303	0.001
0.001	0.096	0.304	0.599
>TGTTGTTGTCGT	25-TGTTGTTGTCGT	13.213077	-6.375141	0	T:5.0(0.53%),B:64.5(0.09%),P:1e-2	Tpos:41.2,Tstd:57.7,Bpos:99.1,Bstd:54.4,StrandBias:2.7,Multiplicity:1.20
0.300	0.001	0.001	0.698
0.001	0.001	0.997	0.001
0.001	0.001	0.001	0.997
0.001	0.001	0.001	0.997
0.001	0.001	0.868	0.130
0.001	0.001	0.001	0.997
0.001	0.001	0.001	0.997
0.001	0.001	0.861	0.137
0.001	0.001	0.258	0.740
0.194	0.489	0.001	0.316
0.193	0.001	0.805	0.001
0.052	0.001	0.218	0.729
>AATTTTGG	1-AATTTTGG	5.132488	-65.286063	0	T:527.0(56.06%),B:27358.4(38.06%),P:1e-28	Tpos:100.4,Tstd:54.8,Bpos:99.4,Bstd:101.8,StrandBias:-0.1,Multiplicity:1.30
0.727	0.098	0.082	0.093
0.700	0.073	0.078	0.149
0.068	0.049	0.093	0.790
0.057	0.064	0.020	0.859
0.051	0.049	0.013	0.887
0.062	0.161	0.050	0.727
0.120	0.129	0.626	0.125
0.076	0.113	0.689	0.122
>AAAAATTT	2-AAAAATTT	5.227686	-59.757139	0	T:492.0(52.34%),B:25382.0(35.31%),P:1e-25	Tpos:96.8,Tstd:55.0,Bpos:99.5,Bstd:121.8,StrandBias:-0.0,Multiplicity:1.57
0.788	0.088	0.060	0.064
0.883	0.062	0.054	0.001
0.914	0.001	0.034	0.051
0.997	0.001	0.001	0.001
0.888	0.041	0.001	0.070
0.078	0.025	0.001	0.896
0.067	0.001	0.057	0.875
0.074	0.019	0.085	0.822
>TGAAAGTT	3-TGAAAGTT	5.732225	-39.797573	0	T:502.0(53.40%),B:28399.3(39.51%),P:1e-17	Tpos:99.6,Tstd:56.6,Bpos:99.7,Bstd:100.9,StrandBias:0.0,Multiplicity:1.34
0.086	0.085	0.001	0.828
0.209	0.160	0.420	0.210
0.858	0.090	0.031	0.021
0.997	0.001	0.001	0.001
0.969	0.001	0.029	0.001
0.009	0.226	0.553	0.212
0.384	0.001	0.001	0.614
0.048	0.020	0.001	0.931
>GAAAWMTR	4-GAAAWMTR	5.489712	-38.722055	0	T:476.0(50.64%),B:26630.3(37.05%),P:1e-16	Tpos:100.6,Tstd:56.0,Bpos:98.7,Bstd:109.6,StrandBias:-0.1,Multiplicity:1.25
0.357	0.058	0.513	0.072
0.772	0.186	0.002	0.040
0.709	0.111	0.032	0.148
0.949	0.002	0.017	0.032
0.390	0.070	0.036	0.504
0.482	0.415	0.102	0.001
0.076	0.149	0.020	0.755
0.350	0.016	0.445	0.189
>ATATCATA	5-ATATCATA	8.191512	-26.684172	0	T:96.0(10.21%),B:3386.6(4.71%),P:1e-11	Tpos:96.0,Tstd:51.8,Bpos:102.7,Bstd:106.3,StrandBias:-0.0,Multiplicity:1.01
0.844	0.154	0.001	0.001
0.001	0.001	0.001	0.997
0.905	0.001	0.001	0.093
0.001	0.001	0.001	0.997
0.001	0.809	0.189	0.001
0.997	0.001	0.001	0.001
0.001	0.001	0.120	0.878
0.997	0.001	0.001	0.001
>ATTTTTAT	6-ATTTTTAT	8.553462	-24.434993	0	T:143.0(15.21%),B:6170.2(8.58%),P:1e-10	Tpos:93.6,Tstd:53.2,Bpos:100.6,Bstd:113.7,StrandBias:-0.4,Multiplicity:1.04
0.997	0.001	0.001	0.001
0.001	0.001	0.001	0.997
0.001	0.001	0.001	0.997
0.001	0.001	0.001	0.997
0.001	0.001	0.001	0.997
0.001	0.001	0.001	0.997
0.889	0.001	0.001	0.109
0.259	0.001	0.001	0.739
>GGATTTGG	7-GGATTTGG	6.461646	-23.209462	0	T:118.0(12.55%),B:4831.1(6.72%),P:1e-10	Tpos:103.9,Tstd:53.0,Bpos:103.5,Bstd:83.2,StrandBias:0.4,Multiplicity:1.12
0.053	0.024	0.790	0.133
0.044	0.125	0.830	0.001
0.816	0.001	0.113	0.070
0.041	0.085	0.099	0.775
0.001	0.008	0.028	0.963
0.001	0.001	0.001	0.997
0.001	0.032	0.891	0.076
0.051	0.001	0.947	0.001
>ATCTTAAG	8-ATCTTAAG	5.630341	-19.621085	0	T:101.0(10.74%),B:4160.2(5.79%),P:1e-8	Tpos:102.7,Tstd:53.8,Bpos:100.4,Bstd:91.0,StrandBias:0.3,Multiplicity:1.09
0.940	0.058	0.001	0.001
0.057	0.051	0.027	0.865
0.001	0.914	0.084	0.001
0.001	0.037	0.001	0.961
0.001	0.001	0.082	0.916
0.860	0.086	0.027	0.027
0.840	0.080	0.079	0.001
0.041	0.001	0.957	0.001
>GCACGGCA	9-GCACGGCA	7.816751	-18.773317	0	T:40.0(4.26%),B:1068.6(1.49%),P:1e-8	Tpos:95.5,Tstd:54.7,Bpos:100.5,Bstd:62.3,StrandBias:-0.8,Multiplicity:1.00
0.001	0.304	0.694	0.001
0.153	0.845	0.001	0.001
0.869	0.129	0.001	0.001
0.001	0.610	0.388	0.001
0.001	0.001	0.997	0.001
0.234	0.235	0.530	0.001
0.001	0.941	0.057	0.001
0.730	0.001	0.245	0.024
>TCCTAGAT	10-TCCTAGAT	6.673285	-18.445341	0	T:75.0(7.98%),B:2814.6(3.92%),P:1e-8	Tpos:100.2,Tstd:54.8,Bpos:99.1,Bstd:91.6,StrandBias:0.3,Multiplicity:1.12
0.001	0.035	0.001	0.963
0.075	0.923	0.001	0.001
0.001	0.842	0.080	0.077
0.001	0.088	0.042	0.869
0.968	0.001	0.012	0.019
0.129	0.001	0.804	0.066
0.738	0.001	0.024	0.237
0.061	0.025	0.025	0.889
>CCTCATCA	11-CCTCATCA	6.045626	-18.400161	0	T:165.0(17.55%),B:8135.3(11.32%),P:1e-7	Tpos:105.6,Tstd:58.0,Bpos:100.1,Bstd:84.6,StrandBias:-0.2,Multiplicity:1.12
0.001	0.744	0.033	0.222
0.167	0.706	0.001	0.126
0.142	0.094	0.092	0.672
0.129	0.538	0.201	0.132
0.926	0.038	0.035	0.001
0.001	0.140	0.123	0.736
0.154	0.844	0.001	0.001
0.830	0.053	0.116	0.001
>GAAATTCG	12-GAAATTCG	7.651530	-18.312761	0	T:67.0(7.13%),B:2400.2(3.34%),P:1e-7	Tpos:90.5,Tstd:49.8,Bpos:97.9,Bstd:86.3,StrandBias:0.4,Multiplicity:1.04
0.001	0.001	0.689	0.309
0.997	0.001	0.001	0.001
0.611	0.298	0.001	0.090
0.997	0.001	0.001	0.001
0.001	0.001	0.109	0.889
0.001	0.001	0.001	0.997
0.001	0.820	0.178	0.001
0.001	0.001	0.997	0.001
>CCCCCCCC	13-CCCCCCCC	8.877052	-17.495559	0	T:22.0(2.34%),B:393.5(0.55%),P:1e-7	Tpos:97.8,Tstd:64.9,Bpos:99.6,Bstd:60.6,StrandBias:0.5,Multiplicity:1.32
0.001	0.994	0.004	0.001
0.001	0.997	0.001	0.001
0.001	0.997	0.001	0.001
0.001	0.997	0.001	0.001
0.001	0.997	0.001	0.001
0.001	0.997	0.001	0.001
0.001	0.997	0.001	0.001
0.043	0.720	0.112	0.125
>TAGGCCTA	14-TAGGCCTA	4.749019	-16.645169	0	T:29.0(3.09%),B:680.8(0.95%),P:1e-7	Tpos:109.4,Tstd:56.3,Bpos:98.7,Bstd:75.4,StrandBias:0.3,Multiplicity:1.04
0.069	0.001	0.001	0.929
0.997	0.001	0.001	0.001
0.001	0.001	0.997	0.001
0.001	0.001	0.997	0.001
0.001	0.997	0.001	0.001
0.001	0.997	0.001	0.001
0.001	0.026	0.001	0.972
0.997	0.001	0.001	0.001
>CSARCAAG	15-CSARCAAG	7.941884	-16.173325	0	T:39.0(4.15%),B:1133.2(1.58%),P:1e-7	Tpos:86.4,Tstd:49.8,Bpos:104.6,Bstd:67.3,StrandBias:1.0,Multiplicity:1.08
0.001	0.997	0.001	0.001
0.001	0.460	0.538	0.001
0.997	0.001	0.001	0.001
0.550	0.001	0.448	0.001
0.001	0.841	0.001	0.157
0.935	0.001	0.063	0.001
0.997	0.001	0.001	0.001
0.001	0.001	0.997	0.001
>TTTATTTA	16-TTTATTTA	8.949059	-8.987622	0	T:63.0(6.70%),B:2942.3(4.09%),P:1e-3	Tpos:94.6,Tstd:60.2,Bpos:95.4,Bstd:119.6,StrandBias:-1.0,Multiplicity:1.46
0.001	0.001	0.001	0.997
0.001	0.001	0.001	0.997
0.001	0.001	0.001	0.997
0.997	0.001	0.001	0.001
0.001	0.001	0.001	0.997
0.001	0.001	0.001	0.997
0.120	0.001	0.001	0.878
0.997	0.001	0.001	0.001
>AATAATAA	17-AATAATAA	8.450271	-8.014259	0	T:78.0(8.30%),B:3986.8(5.55%),P:1e-3	Tpos:90.5,Tstd:60.2,Bpos:100.9,Bstd:113.1,StrandBias:-0.3,Multiplicity:1.07
0.997	0.001	0.001	0.001
0.892	0.106	0.001	0.001
0.001	0.001	0.001	0.997
0.803	0.195	0.001	0.001
0.997	0.001	0.001	0.001
0.001	0.001	0.001	0.997
0.851	0.147	0.001	0.001
0.997	0.001	0.001	0.001
>CGGACGGA	18-CGGACGGA	4.116754	-7.951083	0	T:86.0(9.15%),B:4503.0(6.26%),P:1e-3	Tpos:92.8,Tstd:54.1,Bpos:99.8,Bstd:71.6,StrandBias:-0.7,Multiplicity:1.58
0.001	0.991	0.007	0.001
0.026	0.124	0.742	0.108
0.001	0.001	0.997	0.001
0.997	0.001	0.001	0.001
0.001	0.991	0.007	0.001
0.136	0.001	0.862	0.001
0.001	0.001	0.997	0.001
0.882	0.009	0.001	0.108
>GTAGTGTA	19-GTAGTGTA	8.264832	-6.706073	0	T:24.0(2.55%),B:910.4(1.27%),P:1e-2	Tpos:84.9,Tstd:53.9,Bpos:101.4,Bstd:78.4,StrandBias:0.8,Multiplicity:1.57
0.001	0.001	0.997	0.001
0.001	0.001	0.001	0.997
0.997	0.001	0.001	0.001
0.001	0.001	0.997	0.001
0.001	0.079	0.001	0.919
0.001	0.234	0.764	0.001
0.001	0.001	0.001	0.997
0.997	0.001	0.001	0.001
>AKAKAKAK	20-AKAKAKAK	2.206847	-4.093897	0	T:174.0(18.51%),B:11415.3(15.88%),P:1e-1	Tpos:98.6,Tstd:55.5,Bpos:99.6,Bstd:100.6,StrandBias:-1.4,Multiplicity:1.23
0.997	0.001	0.001	0.001
0.001	0.001	0.523	0.475
0.997	0.001	0.001	0.001
0.001	0.001	0.480	0.518
0.997	0.001	0.001	0.001
0.001	0.001	0.523	0.475
0.997	0.001	0.001	0.001
0.001	0.001	0.480	0.518
>ATACATAC	21-ATACATAC	8.236954	-3.954563	0	T:21.0(2.23%),B:970.8(1.35%),P:1e-1	Tpos:98.4,Tstd:55.6,Bpos:101.5,Bstd:102.2,StrandBias:-0.9,Multiplicity:7.05
0.700	0.100	0.100	0.100
0.100	0.100	0.100	0.700
0.700	0.100	0.100	0.100
0.100	0.700	0.100	0.100
0.700	0.100	0.100	0.100
0.100	0.100	0.100	0.700
0.700	0.100	0.100	0.100
0.100	0.700	0.100	0.100
>GTAGGTAG	22-GTAGGTAG	8.236954	-2.191458	0	T:5.0(0.53%),B:193.7(0.27%),P:1e0	Tpos:55.4,Tstd:36.8,Bpos:95.7,Bstd:81.0,StrandBias:-3.0,Multiplicity:5.40
0.100	0.100	0.700	0.100
0.100	0.100	0.100	0.700
0.700	0.100	0.100	0.100
0.100	0.100	0.700	0.100
0.100	0.100	0.700	0.100
0.100	0.100	0.100	0.700
0.700	0.100	0.100	0.100
0.100	0.100	0.700	0.100
>ATCCATCC	23-ATCCATCC	8.906499	-1.728320	0	T:9.0(0.96%),B:477.6(0.66%),P:1e0	Tpos:70.3,Tstd:46.0,Bpos:99.2,Bstd:89.0,StrandBias:-2.9,Multiplicity:3.67
0.997	0.001	0.001	0.001
0.001	0.001	0.001	0.997
0.001	0.997	0.001	0.001
0.001	0.883	0.001	0.115
0.997	0.001	0.001	0.001
0.001	0.001	0.001	0.997
0.001	0.997	0.001	0.001
0.001	0.997	0.001	0.001
