>AAATTTCAGA	1-AAATTTCAGA	6.371299	-66.696471	0	T:360.0(38.30%),B:15810.7(21.99%),P:1e-28	Tpos:100.7,Tstd:54.2,Bpos:99.6,Bstd:105.0,StrandBias:0.0,Multiplicity:1.31
0.840	0.048	0.054	0.058
0.792	0.033	0.051	0.124
0.814	0.058	0.085	0.043
0.082	0.066	0.044	0.808
0.118	0.049	0.063	0.770
0.035	0.081	0.058	0.826
0.079	0.797	0.066	0.058
0.827	0.055	0.085	0.033
0.116	0.053	0.710	0.121
0.817	0.056	0.060	0.067
>AAAATTTTDA	2-AAAATTTTDA	6.006104	-53.379451	0	T:333.0(35.43%),B:15211.2(21.16%),P:1e-23	Tpos:98.4,Tstd:54.6,Bpos:99.8,Bstd:123.4,StrandBias:0.0,Multiplicity:1.42
0.667	0.209	0.121	0.003
0.661	0.153	0.073	0.113
0.746	0.071	0.045	0.138
0.592	0.004	0.059	0.345
0.264	0.074	0.029	0.633
0.089	0.018	0.012	0.881
0.162	0.073	0.106	0.659
0.154	0.123	0.176	0.547
0.275	0.149	0.245	0.331
0.463	0.165	0.144	0.228
>AATTTTCTTA	3-AATTTTCTTA	6.078432	-48.015230	0	T:222.0(23.62%),B:8878.8(12.35%),P:1e-20	Tpos:93.1,Tstd:53.2,Bpos:97.9,Bstd:122.5,StrandBias:-0.4,Multiplicity:1.09
0.688	0.168	0.087	0.057
0.559	0.109	0.169	0.163
0.257	0.171	0.143	0.428
0.117	0.033	0.121	0.729
0.159	0.076	0.047	0.718
0.066	0.131	0.160	0.643
0.125	0.644	0.130	0.101
0.040	0.239	0.032	0.689
0.206	0.158	0.131	0.505
0.462	0.215	0.264	0.059
>AAAAHTTATA	4-AAAAHTTATA	6.097208	-47.360271	0	T:487.0(51.81%),B:26369.6(36.68%),P:1e-20	Tpos:100.0,Tstd:56.0,Bpos:99.6,Bstd:126.9,StrandBias:0.1,Multiplicity:1.26
0.843	0.056	0.001	0.100
0.817	0.014	0.022	0.147
0.879	0.019	0.028	0.074
0.742	0.054	0.015	0.189
0.341	0.348	0.109	0.202
0.245	0.029	0.074	0.652
0.122	0.057	0.131	0.690
0.653	0.064	0.161	0.122
0.263	0.041	0.010	0.686
0.824	0.033	0.035	0.108
>GCTCAAACTT	5-GCTCAAACTT	6.439971	-42.446168	0	T:116.0(12.34%),B:3539.8(4.92%),P:1e-18	Tpos:86.6,Tstd:52.7,Bpos:101.3,Bstd:86.7,StrandBias:0.3,Multiplicity:1.01
0.146	0.272	0.581	0.001
0.263	0.671	0.065	0.001
0.150	0.173	0.122	0.555
0.076	0.596	0.114	0.214
0.587	0.249	0.157	0.007
0.672	0.005	0.103	0.220
0.582	0.211	0.001	0.206
0.201	0.568	0.191	0.040
0.269	0.008	0.004	0.719
0.003	0.189	0.143	0.665
>TTCCGAAAAT	6-TTCCGAAAAT	7.141960	-32.105221	0	T:131.0(13.94%),B:4898.4(6.81%),P:1e-13	Tpos:111.3,Tstd:58.5,Bpos:102.9,Bstd:94.8,StrandBias:-0.1,Multiplicity:1.04
0.025	0.001	0.106	0.868
0.042	0.099	0.106	0.753
0.028	0.745	0.026	0.201
0.054	0.751	0.121	0.074
0.121	0.057	0.680	0.142
0.882	0.116	0.001	0.001
0.902	0.096	0.001	0.001
0.744	0.051	0.097	0.108
0.773	0.001	0.172	0.054
0.219	0.076	0.001	0.704
>ATAAATCGGT	7-ATAAATCGGT	7.154458	-28.042724	0	T:72.0(7.66%),B:2123.8(2.95%),P:1e-12	Tpos:96.9,Tstd:57.5,Bpos:100.6,Bstd:78.7,StrandBias:-0.4,Multiplicity:1.02
0.905	0.009	0.043	0.043
0.089	0.064	0.063	0.784
0.814	0.104	0.030	0.052
0.723	0.104	0.087	0.086
0.747	0.070	0.079	0.104
0.078	0.066	0.038	0.818
0.032	0.822	0.085	0.061
0.052	0.095	0.799	0.054
0.035	0.044	0.833	0.088
0.116	0.026	0.096	0.762
>AAATATATAA	8-AAATATATAA	9.573532	-27.796203	0	T:60.0(6.38%),B:1589.7(2.21%),P:1e-12	Tpos:73.8,Tstd:53.0,Bpos:97.0,Bstd:123.7,StrandBias:1.1,Multiplicity:1.02
0.673	0.001	0.001	0.325
0.528	0.001	0.108	0.363
0.776	0.222	0.001	0.001
0.323	0.141	0.001	0.535
0.997	0.001	0.001	0.001
0.343	0.001	0.001	0.655
0.997	0.001	0.001	0.001
0.394	0.001	0.001	0.604
0.997	0.001	0.001	0.001
0.602	0.001	0.001	0.396
>GTGCAGAAAT	9-GTGCAGAAAT	9.623818	-23.348853	0	T:28.0(2.98%),B:467.7(0.65%),P:1e-10	Tpos:95.2,Tstd:49.1,Bpos:102.5,Bstd:76.2,StrandBias:0.4,Multiplicity:1.00
0.001	0.001	0.907	0.091
0.001	0.001	0.063	0.935
0.135	0.058	0.806	0.001
0.001	0.919	0.001	0.079
0.949	0.001	0.001	0.049
0.037	0.047	0.915	0.001
0.958	0.040	0.001	0.001
0.952	0.001	0.001	0.046
0.753	0.072	0.174	0.001
0.001	0.046	0.001	0.952
>CGATTGATTG	10-CGATTGATTG	7.191882	-21.167572	0	T:27.0(2.87%),B:481.2(0.67%),P:1e-9	Tpos:87.4,Tstd:45.6,Bpos:96.8,Bstd:89.6,StrandBias:-0.1,Multiplicity:1.08
0.055	0.621	0.035	0.289
0.103	0.054	0.729	0.114
0.732	0.091	0.050	0.127
0.249	0.159	0.177	0.414
0.285	0.128	0.066	0.521
0.059	0.058	0.825	0.058
0.565	0.250	0.078	0.107
0.098	0.274	0.032	0.596
0.011	0.191	0.311	0.487
0.146	0.285	0.449	0.120
>TACATTCGAG	11-TACATTCGAG	10.296193	-21.022234	0	T:5.0(0.53%),B:3.5(0.00%),P:1e-9	Tpos:47.7,Tstd:16.1,Bpos:136.7,Bstd:14.0,StrandBias:1.0,Multiplicity:1.20
0.100	0.100	0.100	0.700
0.700	0.100	0.100	0.100
0.100	0.700	0.100	0.100
0.700	0.100	0.100	0.100
0.100	0.100	0.100	0.700
0.100	0.100	0.100	0.700
0.100	0.700	0.100	0.100
0.100	0.100	0.700	0.100
0.700	0.100	0.100	0.100
0.100	0.100	0.700	0.100
>CGATCTTAAG	12-CGATCTTAAG	5.962915	-20.098011	0	T:87.0(9.26%),B:3345.5(4.65%),P:1e-8	Tpos:99.3,Tstd:54.8,Bpos:98.1,Bstd:84.8,StrandBias:0.1,Multiplicity:1.11
0.193	0.477	0.169	0.160
0.162	0.169	0.487	0.183
0.762	0.072	0.011	0.155
0.047	0.194	0.025	0.734
0.172	0.511	0.164	0.153
0.171	0.130	0.001	0.698
0.175	0.059	0.125	0.641
0.619	0.170	0.030	0.181
0.590	0.092	0.137	0.181
0.168	0.112	0.552	0.168
>SGGGGGGGGG	13-SGGGGGGGGG	9.115818	-18.095604	0	T:19.0(2.02%),B:283.9(0.39%),P:1e-7	Tpos:99.2,Tstd:64.0,Bpos:98.7,Bstd:58.6,StrandBias:-0.3,Multiplicity:1.16
0.166	0.287	0.369	0.178
0.240	0.116	0.598	0.046
0.001	0.300	0.592	0.107
0.001	0.143	0.845	0.011
0.010	0.028	0.893	0.069
0.001	0.001	0.838	0.160
0.001	0.088	0.910	0.001
0.001	0.205	0.750	0.044
0.001	0.088	0.774	0.137
0.038	0.241	0.637	0.084
>TAGGGTTAAG	14-TAGGGTTAAG	9.711132	-15.214856	0	T:17.0(1.81%),B:275.4(0.38%),P:1e-6	Tpos:88.8,Tstd:44.7,Bpos:94.6,Bstd:95.3,StrandBias:0.7,Multiplicity:1.50
0.078	0.001	0.001	0.920
0.997	0.001	0.001	0.001
0.001	0.082	0.850	0.067
0.043	0.042	0.874	0.041
0.061	0.082	0.856	0.001
0.001	0.001	0.001	0.997
0.001	0.052	0.001	0.946
0.997	0.001	0.001	0.001
0.652	0.001	0.346	0.001
0.001	0.060	0.938	0.001
>ATATATATAT	15-ATATATATAT	10.296193	-14.448938	0	T:9.0(0.96%),B:71.0(0.10%),P:1e-6	Tpos:57.3,Tstd:41.7,Bpos:99.6,Bstd:132.8,StrandBias:0.0,Multiplicity:1.11
0.700	0.100	0.100	0.100
0.100	0.100	0.100	0.700
0.700	0.100	0.100	0.100
0.100	0.100	0.100	0.700
0.700	0.100	0.100	0.100
0.100	0.100	0.100	0.700
0.700	0.100	0.100	0.100
0.100	0.100	0.100	0.700
0.700	0.100	0.100	0.100
0.100	0.100	0.100	0.700
>CCGTCCGTCC	16-CCGTCCGTCC	5.778475	-14.066032	0	T:24.0(2.55%),B:562.7(0.78%),P:1e-6	Tpos:89.2,Tstd:51.0,Bpos:102.2,Bstd:61.4,StrandBias:-0.6,Multiplicity:1.12
0.001	0.997	0.001	0.001
0.001	0.996	0.001	0.002
0.302	0.001	0.521	0.176
0.175	0.001	0.100	0.724
0.001	0.997	0.001	0.001
0.001	0.997	0.001	0.001
0.322	0.001	0.676	0.001
0.001	0.001	0.155	0.843
0.099	0.899	0.001	0.001
0.001	0.997	0.001	0.001
>TCTTCTAGGT	17-TCTTCTAGGT	10.108932	-10.762481	0	T:8.0(0.85%),B:86.0(0.12%),P:1e-4	Tpos:101.5,Tstd:37.8,Bpos:89.3,Bstd:73.3,StrandBias:3.3,Multiplicity:1.38
0.001	0.001	0.001	0.997
0.376	0.622	0.001	0.001
0.001	0.363	0.001	0.635
0.001	0.001	0.175	0.823
0.001	0.921	0.077	0.001
0.001	0.001	0.001	0.997
0.997	0.001	0.001	0.001
0.001	0.001	0.997	0.001
0.001	0.001	0.950	0.048
0.001	0.001	0.001	0.997
>CCCCCCACCC	18-CCCCCCACCC	4.775345	-9.370003	0	T:129.0(13.72%),B:7074.3(9.84%),P:1e-4	Tpos:93.4,Tstd:56.6,Bpos:100.6,Bstd:60.5,StrandBias:0.1,Multiplicity:1.15
0.151	0.687	0.088	0.074
0.078	0.753	0.076	0.093
0.122	0.687	0.090	0.101
0.103	0.736	0.094	0.067
0.101	0.692	0.109	0.098
0.129	0.673	0.111	0.087
0.665	0.156	0.085	0.094
0.109	0.668	0.149	0.074
0.076	0.745	0.100	0.079
0.109	0.694	0.090	0.107
>CACTACACGA	19-CACTACACGA	9.279856	-8.765500	0	T:7.0(0.74%),B:85.1(0.12%),P:1e-3	Tpos:70.4,Tstd:50.4,Bpos:95.1,Bstd:53.0,StrandBias:-2.4,Multiplicity:2.71
0.001	0.997	0.001	0.001
0.997	0.001	0.001	0.001
0.001	0.997	0.001	0.001
0.001	0.001	0.001	0.997
0.997	0.001	0.001	0.001
0.001	0.964	0.001	0.034
0.997	0.001	0.001	0.001
0.001	0.997	0.001	0.001
0.001	0.001	0.690	0.308
0.997	0.001	0.001	0.001
>MTVTMTVTMT	20-MTVTMTVTMT	7.235904	-7.885347	0	T:18.0(1.91%),B:540.9(0.75%),P:1e-3	Tpos:109.2,Tstd:54.1,Bpos:97.5,Bstd:118.8,StrandBias:1.4,Multiplicity:1.50
0.495	0.380	0.076	0.048
0.087	0.219	0.054	0.640
0.288	0.376	0.310	0.026
0.023	0.104	0.115	0.758
0.479	0.407	0.060	0.054
0.078	0.228	0.178	0.516
0.259	0.338	0.388	0.016
0.097	0.081	0.143	0.679
0.442	0.464	0.060	0.034
0.099	0.183	0.100	0.618
>GTTGTTGTTG	21-GTTGTTGTTG	8.131360	-7.085429	0	T:11.0(1.17%),B:263.0(0.37%),P:1e-3	Tpos:71.9,Tstd:70.7,Bpos:99.8,Bstd:54.7,StrandBias:1.3,Multiplicity:1.20
0.001	0.001	0.997	0.001
0.001	0.001	0.001	0.997
0.001	0.001	0.001	0.997
0.001	0.001	0.997	0.001
0.001	0.048	0.001	0.950
0.001	0.001	0.001	0.997
0.001	0.001	0.997	0.001
0.001	0.001	0.072	0.926
0.001	0.040	0.001	0.958
0.001	0.001	0.997	0.001
>AAATGGGCAC	22-AAATGGGCAC	12.421208	-5.876070	0	T:3.0(0.32%),B:21.7(0.03%),P:1e-2	Tpos:103.8,Tstd:44.6,Bpos:85.8,Bstd:72.7,StrandBias:1.0,Multiplicity:2.00
0.997	0.001	0.001	0.001
0.997	0.001	0.001	0.001
0.755	0.243	0.001	0.001
0.001	0.001	0.001	0.997
0.001	0.001	0.997	0.001
0.001	0.001	0.997	0.001
0.001	0.001	0.997	0.001
0.001	0.997	0.001	0.001
0.997	0.001	0.001	0.001
0.001	0.997	0.001	0.001
>AGASAGACAG	23-AGASAGACAG	9.499747	-5.114304	0	T:17.0(1.81%),B:646.5(0.90%),P:1e-2	Tpos:102.6,Tstd:50.4,Bpos:92.7,Bstd:90.1,StrandBias:-3.1,Multiplicity:1.59
0.857	0.001	0.072	0.070
0.001	0.077	0.866	0.056
0.916	0.036	0.001	0.047
0.001	0.544	0.454	0.001
0.997	0.001	0.001	0.001
0.001	0.099	0.872	0.028
0.894	0.033	0.072	0.001
0.001	0.555	0.388	0.056
0.962	0.001	0.001	0.036
0.066	0.083	0.818	0.033
>AGGAACTAGG	24-AGGAACTAGG	4.458463	-5.051003	0	T:591.0(62.87%),B:42298.8(58.84%),P:1e-2	Tpos:97.8,Tstd:57.2,Bpos:100.0,Bstd:82.2,StrandBias:0.0,Multiplicity:1.52
0.700	0.100	0.100	0.100
0.100	0.100	0.700	0.100
0.100	0.100	0.700	0.100
0.700	0.100	0.100	0.100
0.700	0.100	0.100	0.100
0.100	0.700	0.100	0.100
0.100	0.100	0.100	0.700
0.700	0.100	0.100	0.100
0.100	0.100	0.700	0.100
0.100	0.100	0.700	0.100
>CCTACCTACC	25-CCTACCTACC	10.296193	-3.960869	0	T:2.0(0.21%),B:16.6(0.02%),P:1e-1	Tpos:56.0,Tstd:38.4,Bpos:97.7,Bstd:53.3,StrandBias:3.3,Multiplicity:1.50
0.100	0.700	0.100	0.100
0.100	0.700	0.100	0.100
0.100	0.100	0.100	0.700
0.700	0.100	0.100	0.100
0.100	0.700	0.100	0.100
0.100	0.700	0.100	0.100
0.100	0.100	0.100	0.700
0.700	0.100	0.100	0.100
0.100	0.700	0.100	0.100
0.100	0.700	0.100	0.100
