>AATTTTGG	1-AATTTTGG	5.132488	-65.286063	0	T:527.0(56.06%),B:27358.4(38.06%),P:1e-28	Tpos:100.4,Tstd:54.8,Bpos:99.4,Bstd:101.8,StrandBias:-0.1,Multiplicity:1.30
0.727	0.098	0.082	0.093
0.700	0.073	0.078	0.149
0.068	0.049	0.093	0.790
0.057	0.064	0.020	0.859
0.051	0.049	0.013	0.887
0.062	0.161	0.050	0.727
0.120	0.129	0.626	0.125
0.076	0.113	0.689	0.122
>AAAAATTT	2-AAAAATTT	5.227686	-59.757139	0	T:492.0(52.34%),B:25382.0(35.31%),P:1e-25	Tpos:96.8,Tstd:55.0,Bpos:99.5,Bstd:121.8,StrandBias:-0.0,Multiplicity:1.57
0.788	0.088	0.060	0.064
0.883	0.062	0.054	0.001
0.914	0.001	0.034	0.051
0.997	0.001	0.001	0.001
0.888	0.041	0.001	0.070
0.078	0.025	0.001	0.896
0.067	0.001	0.057	0.875
0.074	0.019	0.085	0.822
>TGAAAGTT	3-TGAAAGTT	5.732225	-39.797573	0	T:502.0(53.40%),B:28399.3(39.51%),P:1e-17	Tpos:99.6,Tstd:56.6,Bpos:99.7,Bstd:100.9,StrandBias:0.0,Multiplicity:1.34
0.086	0.085	0.001	0.828
0.209	0.160	0.420	0.210
0.858	0.090	0.031	0.021
0.997	0.001	0.001	0.001
0.969	0.001	0.029	0.001
0.009	0.226	0.553	0.212
0.384	0.001	0.001	0.614
0.048	0.020	0.001	0.931
>GAAAWMTR	4-GAAAWMTR	5.489712	-38.722055	0	T:476.0(50.64%),B:26630.3(37.05%),P:1e-16	Tpos:100.6,Tstd:56.0,Bpos:98.7,Bstd:109.6,StrandBias:-0.1,Multiplicity:1.25
0.357	0.058	0.513	0.072
0.772	0.186	0.002	0.040
0.709	0.111	0.032	0.148
0.949	0.002	0.017	0.032
0.390	0.070	0.036	0.504
0.482	0.415	0.102	0.001
0.076	0.149	0.020	0.755
0.350	0.016	0.445	0.189
>ATATCATA	5-ATATCATA	8.191512	-26.684172	0	T:96.0(10.21%),B:3386.6(4.71%),P:1e-11	Tpos:96.0,Tstd:51.8,Bpos:102.7,Bstd:106.3,StrandBias:-0.0,Multiplicity:1.01
0.844	0.154	0.001	0.001
0.001	0.001	0.001	0.997
0.905	0.001	0.001	0.093
0.001	0.001	0.001	0.997
0.001	0.809	0.189	0.001
0.997	0.001	0.001	0.001
0.001	0.001	0.120	0.878
0.997	0.001	0.001	0.001
>ATTTTTAT	6-ATTTTTAT	8.553462	-24.434993	0	T:143.0(15.21%),B:6170.2(8.58%),P:1e-10	Tpos:93.6,Tstd:53.2,Bpos:100.6,Bstd:113.7,StrandBias:-0.4,Multiplicity:1.04
0.997	0.001	0.001	0.001
0.001	0.001	0.001	0.997
0.001	0.001	0.001	0.997
0.001	0.001	0.001	0.997
0.001	0.001	0.001	0.997
0.001	0.001	0.001	0.997
0.889	0.001	0.001	0.109
0.259	0.001	0.001	0.739
>GGATTTGG	7-GGATTTGG	6.461646	-23.209462	0	T:118.0(12.55%),B:4831.1(6.72%),P:1e-10	Tpos:103.9,Tstd:53.0,Bpos:103.5,Bstd:83.2,StrandBias:0.4,Multiplicity:1.12
0.053	0.024	0.790	0.133
0.044	0.125	0.830	0.001
0.816	0.001	0.113	0.070
0.041	0.085	0.099	0.775
0.001	0.008	0.028	0.963
0.001	0.001	0.001	0.997
0.001	0.032	0.891	0.076
0.051	0.001	0.947	0.001
>ATCTTAAG	8-ATCTTAAG	5.630341	-19.621085	0	T:101.0(10.74%),B:4160.2(5.79%),P:1e-8	Tpos:102.7,Tstd:53.8,Bpos:100.4,Bstd:91.0,StrandBias:0.3,Multiplicity:1.09
0.940	0.058	0.001	0.001
0.057	0.051	0.027	0.865
0.001	0.914	0.084	0.001
0.001	0.037	0.001	0.961
0.001	0.001	0.082	0.916
0.860	0.086	0.027	0.027
0.840	0.080	0.079	0.001
0.041	0.001	0.957	0.001
>GCACGGCA	9-GCACGGCA	7.816751	-18.773317	0	T:40.0(4.26%),B:1068.6(1.49%),P:1e-8	Tpos:95.5,Tstd:54.7,Bpos:100.5,Bstd:62.3,StrandBias:-0.8,Multiplicity:1.00
0.001	0.304	0.694	0.001
0.153	0.845	0.001	0.001
0.869	0.129	0.001	0.001
0.001	0.610	0.388	0.001
0.001	0.001	0.997	0.001
0.234	0.235	0.530	0.001
0.001	0.941	0.057	0.001
0.730	0.001	0.245	0.024
>TCCTAGAT	10-TCCTAGAT	6.673285	-18.445341	0	T:75.0(7.98%),B:2814.6(3.92%),P:1e-8	Tpos:100.2,Tstd:54.8,Bpos:99.1,Bstd:91.6,StrandBias:0.3,Multiplicity:1.12
0.001	0.035	0.001	0.963
0.075	0.923	0.001	0.001
0.001	0.842	0.080	0.077
0.001	0.088	0.042	0.869
0.968	0.001	0.012	0.019
0.129	0.001	0.804	0.066
0.738	0.001	0.024	0.237
0.061	0.025	0.025	0.889
>CCTCATCA	11-CCTCATCA	6.045626	-18.400161	0	T:165.0(17.55%),B:8135.3(11.32%),P:1e-7	Tpos:105.6,Tstd:58.0,Bpos:100.1,Bstd:84.6,StrandBias:-0.2,Multiplicity:1.12
0.001	0.744	0.033	0.222
0.167	0.706	0.001	0.126
0.142	0.094	0.092	0.672
0.129	0.538	0.201	0.132
0.926	0.038	0.035	0.001
0.001	0.140	0.123	0.736
0.154	0.844	0.001	0.001
0.830	0.053	0.116	0.001
>GAAATTCG	12-GAAATTCG	7.651530	-18.312761	0	T:67.0(7.13%),B:2400.2(3.34%),P:1e-7	Tpos:90.5,Tstd:49.8,Bpos:97.9,Bstd:86.3,StrandBias:0.4,Multiplicity:1.04
0.001	0.001	0.689	0.309
0.997	0.001	0.001	0.001
0.611	0.298	0.001	0.090
0.997	0.001	0.001	0.001
0.001	0.001	0.109	0.889
0.001	0.001	0.001	0.997
0.001	0.820	0.178	0.001
0.001	0.001	0.997	0.001
>CCCCCCCC	13-CCCCCCCC	8.877052	-17.495559	0	T:22.0(2.34%),B:393.5(0.55%),P:1e-7	Tpos:97.8,Tstd:64.9,Bpos:99.6,Bstd:60.6,StrandBias:0.5,Multiplicity:1.32
0.001	0.994	0.004	0.001
0.001	0.997	0.001	0.001
0.001	0.997	0.001	0.001
0.001	0.997	0.001	0.001
0.001	0.997	0.001	0.001
0.001	0.997	0.001	0.001
0.001	0.997	0.001	0.001
0.043	0.720	0.112	0.125
>TAGGCCTA	14-TAGGCCTA	4.749019	-16.645169	0	T:29.0(3.09%),B:680.8(0.95%),P:1e-7	Tpos:109.4,Tstd:56.3,Bpos:98.7,Bstd:75.4,StrandBias:0.3,Multiplicity:1.04
0.069	0.001	0.001	0.929
0.997	0.001	0.001	0.001
0.001	0.001	0.997	0.001
0.001	0.001	0.997	0.001
0.001	0.997	0.001	0.001
0.001	0.997	0.001	0.001
0.001	0.026	0.001	0.972
0.997	0.001	0.001	0.001
>CSARCAAG	15-CSARCAAG	7.941884	-16.173325	0	T:39.0(4.15%),B:1133.2(1.58%),P:1e-7	Tpos:86.4,Tstd:49.8,Bpos:104.6,Bstd:67.3,StrandBias:1.0,Multiplicity:1.08
0.001	0.997	0.001	0.001
0.001	0.460	0.538	0.001
0.997	0.001	0.001	0.001
0.550	0.001	0.448	0.001
0.001	0.841	0.001	0.157
0.935	0.001	0.063	0.001
0.997	0.001	0.001	0.001
0.001	0.001	0.997	0.001
>TTTATTTA	16-TTTATTTA	8.949059	-8.987622	0	T:63.0(6.70%),B:2942.3(4.09%),P:1e-3	Tpos:94.6,Tstd:60.2,Bpos:95.4,Bstd:119.6,StrandBias:-1.0,Multiplicity:1.46
0.001	0.001	0.001	0.997
0.001	0.001	0.001	0.997
0.001	0.001	0.001	0.997
0.997	0.001	0.001	0.001
0.001	0.001	0.001	0.997
0.001	0.001	0.001	0.997
0.120	0.001	0.001	0.878
0.997	0.001	0.001	0.001
>AATAATAA	17-AATAATAA	8.450271	-8.014259	0	T:78.0(8.30%),B:3986.8(5.55%),P:1e-3	Tpos:90.5,Tstd:60.2,Bpos:100.9,Bstd:113.1,StrandBias:-0.3,Multiplicity:1.07
0.997	0.001	0.001	0.001
0.892	0.106	0.001	0.001
0.001	0.001	0.001	0.997
0.803	0.195	0.001	0.001
0.997	0.001	0.001	0.001
0.001	0.001	0.001	0.997
0.851	0.147	0.001	0.001
0.997	0.001	0.001	0.001
>CGGACGGA	18-CGGACGGA	4.116754	-7.951083	0	T:86.0(9.15%),B:4503.0(6.26%),P:1e-3	Tpos:92.8,Tstd:54.1,Bpos:99.8,Bstd:71.6,StrandBias:-0.7,Multiplicity:1.58
0.001	0.991	0.007	0.001
0.026	0.124	0.742	0.108
0.001	0.001	0.997	0.001
0.997	0.001	0.001	0.001
0.001	0.991	0.007	0.001
0.136	0.001	0.862	0.001
0.001	0.001	0.997	0.001
0.882	0.009	0.001	0.108
>GTAGTGTA	19-GTAGTGTA	8.264832	-6.706073	0	T:24.0(2.55%),B:910.4(1.27%),P:1e-2	Tpos:84.9,Tstd:53.9,Bpos:101.4,Bstd:78.4,StrandBias:0.8,Multiplicity:1.57
0.001	0.001	0.997	0.001
0.001	0.001	0.001	0.997
0.997	0.001	0.001	0.001
0.001	0.001	0.997	0.001
0.001	0.079	0.001	0.919
0.001	0.234	0.764	0.001
0.001	0.001	0.001	0.997
0.997	0.001	0.001	0.001
>AKAKAKAK	20-AKAKAKAK	2.206847	-4.093897	0	T:174.0(18.51%),B:11415.3(15.88%),P:1e-1	Tpos:98.6,Tstd:55.5,Bpos:99.6,Bstd:100.6,StrandBias:-1.4,Multiplicity:1.23
0.997	0.001	0.001	0.001
0.001	0.001	0.523	0.475
0.997	0.001	0.001	0.001
0.001	0.001	0.480	0.518
0.997	0.001	0.001	0.001
0.001	0.001	0.523	0.475
0.997	0.001	0.001	0.001
0.001	0.001	0.480	0.518
>ATACATAC	21-ATACATAC	8.236954	-3.954563	0	T:21.0(2.23%),B:970.8(1.35%),P:1e-1	Tpos:98.4,Tstd:55.6,Bpos:101.5,Bstd:102.2,StrandBias:-0.9,Multiplicity:7.05
0.700	0.100	0.100	0.100
0.100	0.100	0.100	0.700
0.700	0.100	0.100	0.100
0.100	0.700	0.100	0.100
0.700	0.100	0.100	0.100
0.100	0.100	0.100	0.700
0.700	0.100	0.100	0.100
0.100	0.700	0.100	0.100
>GTAGGTAG	22-GTAGGTAG	8.236954	-2.191458	0	T:5.0(0.53%),B:193.7(0.27%),P:1e0	Tpos:55.4,Tstd:36.8,Bpos:95.7,Bstd:81.0,StrandBias:-3.0,Multiplicity:5.40
0.100	0.100	0.700	0.100
0.100	0.100	0.100	0.700
0.700	0.100	0.100	0.100
0.100	0.100	0.700	0.100
0.100	0.100	0.700	0.100
0.100	0.100	0.100	0.700
0.700	0.100	0.100	0.100
0.100	0.100	0.700	0.100
>ATCCATCC	23-ATCCATCC	8.906499	-1.728320	0	T:9.0(0.96%),B:477.6(0.66%),P:1e0	Tpos:70.3,Tstd:46.0,Bpos:99.2,Bstd:89.0,StrandBias:-2.9,Multiplicity:3.67
0.997	0.001	0.001	0.001
0.001	0.001	0.001	0.997
0.001	0.997	0.001	0.001
0.001	0.883	0.001	0.115
0.997	0.001	0.001	0.001
0.001	0.001	0.001	0.997
0.001	0.997	0.001	0.001
0.001	0.997	0.001	0.001
