>CAAGGTCACG	1-CAAGGTCACG	6.313870	-27.570168	0	T:272.0(19.72%),B:4435.6(12.94%),P:1e-11	Tpos:97.1,Tstd:52.9,Bpos:97.1,Bstd:57.5,StrandBias:0.2,Multiplicity:1.13
0.099	0.722	0.104	0.075
0.851	0.037	0.040	0.072
0.812	0.056	0.073	0.059
0.087	0.058	0.793	0.062
0.037	0.042	0.885	0.036
0.065	0.057	0.044	0.834
0.090	0.772	0.083	0.055
0.840	0.067	0.027	0.066
0.083	0.797	0.048	0.072
0.102	0.089	0.698	0.111
>AAAGGCAATG	2-AAAGGCAATG	8.488404	-25.282130	0	T:57.0(4.13%),B:503.4(1.47%),P:1e-10	Tpos:99.1,Tstd:50.1,Bpos:105.3,Bstd:52.7,StrandBias:-0.2,Multiplicity:1.02
0.839	0.013	0.001	0.147
0.869	0.029	0.100	0.002
0.922	0.001	0.076	0.001
0.119	0.180	0.700	0.001
0.001	0.130	0.868	0.001
0.019	0.901	0.001	0.079
0.709	0.215	0.001	0.075
0.622	0.198	0.001	0.179
0.067	0.094	0.107	0.732
0.039	0.001	0.959	0.001
>CAAAAAGCGA	3-CAAAAAGCGA	6.837324	-24.857463	0	T:171.0(12.40%),B:2503.1(7.30%),P:1e-10	Tpos:101.4,Tstd:54.6,Bpos:99.6,Bstd:58.6,StrandBias:-0.2,Multiplicity:1.05
0.064	0.770	0.055	0.111
0.793	0.068	0.030	0.109
0.815	0.077	0.065	0.043
0.736	0.093	0.098	0.073
0.830	0.073	0.041	0.056
0.767	0.086	0.090	0.057
0.028	0.036	0.913	0.023
0.037	0.731	0.110	0.122
0.032	0.084	0.824	0.060
0.827	0.050	0.073	0.050
>CGACCTTTTG	4-CGACCTTTTG	8.460286	-24.788039	0	T:49.0(3.55%),B:397.1(1.16%),P:1e-10	Tpos:98.8,Tstd:60.5,Bpos:99.3,Bstd:58.2,StrandBias:-0.4,Multiplicity:1.00
0.001	0.894	0.046	0.059
0.175	0.171	0.653	0.001
0.840	0.001	0.156	0.003
0.001	0.962	0.036	0.001
0.001	0.997	0.001	0.001
0.140	0.001	0.005	0.854
0.116	0.001	0.001	0.882
0.001	0.302	0.001	0.696
0.001	0.050	0.001	0.948
0.146	0.064	0.789	0.001
>CYCTCGGATT	5-CYCTCGGATT	11.864014	-24.485616	0	T:9.0(0.65%),B:7.8(0.02%),P:1e-10	Tpos:99.0,Tstd:44.8,Bpos:116.1,Bstd:35.9,StrandBias:1.0,Multiplicity:1.00
0.001	0.997	0.001	0.001
0.001	0.362	0.216	0.422
0.373	0.625	0.001	0.001
0.001	0.001	0.001	0.997
0.001	0.997	0.001	0.001
0.001	0.001	0.997	0.001
0.001	0.001	0.997	0.001
0.879	0.119	0.001	0.001
0.001	0.001	0.001	0.997
0.001	0.001	0.001	0.997
>TGGCTCGGTG	6-TGGCTCGGTG	9.654266	-23.179311	0	T:23.0(1.67%),B:102.9(0.30%),P:1e-10	Tpos:119.3,Tstd:49.6,Bpos:110.5,Bstd:62.6,StrandBias:0.6,Multiplicity:1.00
0.001	0.001	0.057	0.941
0.001	0.057	0.941	0.001
0.136	0.001	0.832	0.031
0.001	0.864	0.099	0.036
0.098	0.001	0.001	0.900
0.001	0.915	0.029	0.055
0.039	0.001	0.933	0.027
0.078	0.001	0.878	0.043
0.001	0.057	0.001	0.941
0.001	0.058	0.883	0.058
>ACGGCCTTAG	7-ACGGCCTTAG	10.227514	-22.985916	0	T:13.0(0.94%),B:26.7(0.08%),P:1e-9	Tpos:103.9,Tstd:65.6,Bpos:122.7,Bstd:42.3,StrandBias:0.7,Multiplicity:1.00
0.838	0.001	0.160	0.001
0.001	0.997	0.001	0.001
0.001	0.081	0.764	0.154
0.076	0.012	0.911	0.001
0.153	0.845	0.001	0.001
0.001	0.903	0.095	0.001
0.153	0.012	0.001	0.834
0.001	0.001	0.001	0.997
0.883	0.013	0.103	0.001
0.215	0.090	0.694	0.001
>GAGTATGCTT	8-GAGTATGCTT	10.296193	-21.779441	0	T:6.0(0.44%),B:2.9(0.01%),P:1e-9	Tpos:74.7,Tstd:28.8,Bpos:76.1,Bstd:47.2,StrandBias:2.3,Multiplicity:1.00
0.100	0.100	0.700	0.100
0.700	0.100	0.100	0.100
0.100	0.100	0.700	0.100
0.100	0.100	0.100	0.700
0.700	0.100	0.100	0.100
0.100	0.100	0.100	0.700
0.100	0.100	0.700	0.100
0.100	0.700	0.100	0.100
0.100	0.100	0.100	0.700
0.100	0.100	0.100	0.700
>CTGCGCAGTA	9-CTGCGCAGTA	8.695161	-21.354895	0	T:29.0(2.10%),B:177.4(0.52%),P:1e-9	Tpos:101.2,Tstd:50.5,Bpos:93.7,Bstd:59.3,StrandBias:-0.8,Multiplicity:1.00
0.001	0.931	0.067	0.001
0.001	0.001	0.001	0.997
0.001	0.074	0.924	0.001
0.032	0.948	0.001	0.019
0.001	0.055	0.943	0.001
0.037	0.961	0.001	0.001
0.905	0.001	0.093	0.001
0.001	0.001	0.924	0.074
0.039	0.087	0.056	0.818
0.758	0.110	0.082	0.050
>TAGCGTTAGG	10-TAGCGTTAGG	11.108456	-21.012227	0	T:8.0(0.58%),B:7.8(0.02%),P:1e-9	Tpos:94.2,Tstd:49.5,Bpos:85.9,Bstd:28.9,StrandBias:2.8,Multiplicity:1.00
0.291	0.001	0.001	0.707
0.997	0.001	0.001	0.001
0.001	0.178	0.611	0.210
0.001	0.718	0.016	0.265
0.001	0.001	0.997	0.001
0.001	0.001	0.001	0.997
0.001	0.001	0.001	0.997
0.734	0.001	0.264	0.001
0.001	0.001	0.997	0.001
0.001	0.001	0.789	0.209
>CGGCGGCCGT	11-CGGCGGCCGT	10.296193	-20.894444	0	T:5.0(0.36%),B:1.7(0.01%),P:1e-9	Tpos:145.2,Tstd:54.6,Bpos:60.0,Bstd:0.0,StrandBias:10.0,Multiplicity:1.00
0.100	0.700	0.100	0.100
0.100	0.100	0.700	0.100
0.100	0.100	0.700	0.100
0.100	0.700	0.100	0.100
0.100	0.100	0.700	0.100
0.100	0.100	0.700	0.100
0.100	0.700	0.100	0.100
0.100	0.700	0.100	0.100
0.100	0.100	0.700	0.100
0.100	0.100	0.100	0.700
>ACGAAGTACG	12-ACGAAGTACG	12.028013	-19.979410	0	T:8.0(0.58%),B:8.5(0.02%),P:1e-8	Tpos:85.9,Tstd:45.1,Bpos:133.1,Bstd:59.8,StrandBias:10.0,Multiplicity:1.00
0.997	0.001	0.001	0.001
0.001	0.997	0.001	0.001
0.001	0.001	0.997	0.001
0.834	0.001	0.164	0.001
0.997	0.001	0.001	0.001
0.001	0.001	0.997	0.001
0.001	0.001	0.001	0.997
0.997	0.001	0.001	0.001
0.001	0.997	0.001	0.001
0.001	0.001	0.997	0.001
>CAGTGATGAT	13-CAGTGATGAT	10.041157	-19.627620	0	T:25.0(1.81%),B:145.4(0.42%),P:1e-8	Tpos:102.9,Tstd:44.9,Bpos:109.7,Bstd:53.0,StrandBias:-0.3,Multiplicity:1.00
0.131	0.867	0.001	0.001
0.997	0.001	0.001	0.001
0.001	0.001	0.857	0.141
0.001	0.001	0.001	0.997
0.001	0.001	0.997	0.001
0.997	0.001	0.001	0.001
0.001	0.001	0.001	0.997
0.001	0.001	0.963	0.035
0.857	0.001	0.001	0.141
0.001	0.001	0.001	0.997
>GTGGCAYTAC	14-GTGGCAYTAC	11.398020	-18.193098	0	T:13.0(0.94%),B:39.3(0.11%),P:1e-7	Tpos:73.6,Tstd:54.7,Bpos:98.3,Bstd:52.2,StrandBias:-0.2,Multiplicity:1.00
0.001	0.001	0.997	0.001
0.001	0.001	0.001	0.997
0.001	0.001	0.997	0.001
0.001	0.001	0.997	0.001
0.224	0.774	0.001	0.001
0.997	0.001	0.001	0.001
0.001	0.570	0.001	0.428
0.318	0.001	0.001	0.680
0.997	0.001	0.001	0.001
0.001	0.997	0.001	0.001
>GTAGGTATAA	15-GTAGGTATAA	7.621756	-17.631045	0	T:43.0(3.12%),B:405.9(1.18%),P:1e-7	Tpos:104.6,Tstd:65.6,Bpos:110.9,Bstd:57.3,StrandBias:0.0,Multiplicity:1.02
0.058	0.083	0.807	0.052
0.049	0.071	0.069	0.811
0.780	0.084	0.065	0.071
0.054	0.058	0.845	0.043
0.092	0.108	0.770	0.030
0.036	0.089	0.071	0.804
0.809	0.015	0.080	0.096
0.053	0.051	0.118	0.778
0.848	0.060	0.040	0.052
0.754	0.098	0.057	0.091
>AGCTTATCCG	16-AGCTTATCCG	11.058998	-17.584583	0	T:10.0(0.73%),B:21.5(0.06%),P:1e-7	Tpos:93.1,Tstd:47.0,Bpos:101.4,Bstd:52.8,StrandBias:0.6,Multiplicity:1.00
0.997	0.001	0.001	0.001
0.111	0.001	0.887	0.001
0.111	0.887	0.001	0.001
0.087	0.001	0.001	0.911
0.001	0.001	0.001	0.997
0.901	0.001	0.097	0.001
0.001	0.001	0.001	0.997
0.001	0.997	0.001	0.001
0.001	0.997	0.001	0.001
0.001	0.001	0.997	0.001
>CATAAACGGG	17-CATAAACGGG	10.917314	-17.367907	0	T:9.0(0.65%),B:16.7(0.05%),P:1e-7	Tpos:119.0,Tstd:49.1,Bpos:79.0,Bstd:64.3,StrandBias:0.3,Multiplicity:1.00
0.001	0.835	0.001	0.163
0.835	0.163	0.001	0.001
0.001	0.001	0.001	0.997
0.997	0.001	0.001	0.001
0.997	0.001	0.001	0.001
0.997	0.001	0.001	0.001
0.001	0.921	0.077	0.001
0.001	0.001	0.997	0.001
0.001	0.001	0.997	0.001
0.001	0.001	0.997	0.001
>CGAGTCACGG	18-CGAGTCACGG	11.254206	-16.858042	0	T:9.0(0.65%),B:17.5(0.05%),P:1e-7	Tpos:60.8,Tstd:51.9,Bpos:80.7,Bstd:57.6,StrandBias:-1.0,Multiplicity:1.00
0.001	0.997	0.001	0.001
0.003	0.357	0.639	0.001
0.738	0.254	0.007	0.001
0.008	0.171	0.567	0.254
0.001	0.001	0.001	0.997
0.001	0.997	0.001	0.001
0.997	0.001	0.001	0.001
0.001	0.990	0.001	0.008
0.070	0.085	0.844	0.001
0.014	0.012	0.597	0.377
>GABAGAGTGA	19-GABAGAGTGA	6.571508	-16.787789	0	T:184.0(13.34%),B:3071.3(8.96%),P:1e-7	Tpos:96.8,Tstd:55.3,Bpos:89.9,Bstd:58.1,StrandBias:0.1,Multiplicity:1.07
0.001	0.023	0.877	0.099
0.564	0.158	0.176	0.102
0.080	0.298	0.330	0.293
0.867	0.108	0.001	0.024
0.001	0.075	0.882	0.042
0.836	0.010	0.139	0.015
0.246	0.031	0.683	0.040
0.073	0.032	0.048	0.847
0.357	0.101	0.535	0.007
0.757	0.001	0.241	0.001
>ATARATMMAT	20-ATARATMMAT	7.927318	-15.847460	0	T:104.0(7.54%),B:1508.2(4.40%),P:1e-6	Tpos:91.4,Tstd:56.8,Bpos:87.3,Bstd:56.2,StrandBias:0.2,Multiplicity:1.12
0.986	0.001	0.012	0.001
0.001	0.001	0.027	0.971
0.737	0.148	0.001	0.114
0.409	0.001	0.382	0.208
0.621	0.267	0.001	0.111
0.001	0.001	0.123	0.875
0.435	0.563	0.001	0.001
0.439	0.523	0.037	0.001
0.615	0.102	0.246	0.037
0.138	0.001	0.144	0.717
>TCACGTAAAG	21-TCACGTAAAG	12.353097	-15.502560	0	T:9.0(0.65%),B:20.3(0.06%),P:1e-6	Tpos:89.8,Tstd:51.3,Bpos:76.6,Bstd:45.1,StrandBias:-0.3,Multiplicity:1.00
0.001	0.001	0.001	0.997
0.001	0.997	0.001	0.001
0.997	0.001	0.001	0.001
0.001	0.997	0.001	0.001
0.001	0.001	0.997	0.001
0.001	0.001	0.001	0.997
0.771	0.001	0.227	0.001
0.997	0.001	0.001	0.001
0.997	0.001	0.001	0.001
0.001	0.001	0.997	0.001
>GATTACTCCG	22-GATTACTCCG	10.296193	-15.468057	0	T:5.0(0.36%),B:3.7(0.01%),P:1e-6	Tpos:44.8,Tstd:22.9,Bpos:151.4,Bstd:41.8,StrandBias:10.0,Multiplicity:1.00
0.100	0.100	0.700	0.100
0.700	0.100	0.100	0.100
0.100	0.100	0.100	0.700
0.100	0.100	0.100	0.700
0.700	0.100	0.100	0.100
0.100	0.700	0.100	0.100
0.100	0.100	0.100	0.700
0.100	0.700	0.100	0.100
0.100	0.700	0.100	0.100
0.100	0.100	0.700	0.100
>GAGGACTACS	23-GAGGACTACS	10.662743	-15.099151	0	T:9.0(0.65%),B:21.1(0.06%),P:1e-6	Tpos:168.9,Tstd:28.2,Bpos:92.5,Bstd:58.9,StrandBias:1.8,Multiplicity:1.00
0.094	0.001	0.904	0.001
0.857	0.001	0.001	0.141
0.001	0.001	0.997	0.001
0.001	0.339	0.659	0.001
0.997	0.001	0.001	0.001
0.001	0.997	0.001	0.001
0.001	0.001	0.001	0.997
0.997	0.001	0.001	0.001
0.001	0.997	0.001	0.001
0.001	0.504	0.494	0.001
>TAAGTAAGTA	24-TAAGTAAGTA	6.928147	-11.613337	0	T:10.0(0.73%),B:42.0(0.12%),P:1e-5	Tpos:70.8,Tstd:49.9,Bpos:104.2,Bstd:57.0,StrandBias:-1.4,Multiplicity:1.00
0.001	0.001	0.001	0.997
0.997	0.001	0.001	0.001
0.997	0.001	0.001	0.001
0.001	0.001	0.997	0.001
0.001	0.001	0.001	0.997
0.997	0.001	0.001	0.001
0.747	0.001	0.076	0.176
0.001	0.001	0.997	0.001
0.001	0.001	0.001	0.997
0.997	0.001	0.001	0.001
>CATACTCCCA	25-CATACTCCCA	12.317218	-8.475374	0	T:4.0(0.29%),B:7.8(0.02%),P:1e-3	Tpos:127.0,Tstd:53.3,Bpos:108.9,Bstd:39.7,StrandBias:-2.0,Multiplicity:1.25
0.001	0.997	0.001	0.001
0.997	0.001	0.001	0.001
0.001	0.001	0.001	0.997
0.779	0.001	0.001	0.219
0.001	0.997	0.001	0.001
0.001	0.001	0.001	0.997
0.001	0.997	0.001	0.001
0.001	0.997	0.001	0.001
0.001	0.997	0.001	0.001
0.997	0.001	0.001	0.001
