>GTGAGGACATGT	1-GTGAGGACATGT	12.010676	-36.366580	0	T:8.0(0.58%),B:2.0(0.01%),P:1e-15	Tpos:105.9,Tstd:43.1,Bpos:103.0,Bstd:0.0,StrandBias:10.0,Multiplicity:1.00
0.076	0.038	0.810	0.076
0.001	0.001	0.001	0.997
0.038	0.078	0.883	0.001
0.650	0.273	0.076	0.001
0.271	0.038	0.538	0.153
0.039	0.114	0.770	0.077
0.922	0.001	0.038	0.039
0.038	0.885	0.001	0.076
0.576	0.001	0.114	0.309
0.076	0.038	0.350	0.536
0.077	0.152	0.656	0.115
0.309	0.038	0.039	0.614
>TCTCATTTGCAT	2-TCTCATTTGCAT	9.925756	-34.649600	0	T:59.0(4.28%),B:423.5(1.24%),P:1e-15	Tpos:103.1,Tstd:56.1,Bpos:86.6,Bstd:52.4,StrandBias:0.3,Multiplicity:1.05
0.076	0.170	0.081	0.673
0.179	0.582	0.196	0.043
0.268	0.001	0.072	0.659
0.038	0.732	0.029	0.201
0.751	0.212	0.001	0.036
0.036	0.001	0.036	0.927
0.001	0.001	0.001	0.997
0.001	0.001	0.001	0.997
0.088	0.183	0.728	0.001
0.117	0.881	0.001	0.001
0.963	0.035	0.001	0.001
0.022	0.001	0.233	0.744
>ACAGGTCAGGGA	3-ACAGGTCAGGGA	13.549249	-33.551927	0	T:10.0(0.73%),B:4.8(0.01%),P:1e-14	Tpos:86.4,Tstd:38.5,Bpos:143.5,Bstd:40.1,StrandBias:1.2,Multiplicity:1.00
0.997	0.001	0.001	0.001
0.001	0.997	0.001	0.001
0.888	0.110	0.001	0.001
0.110	0.001	0.888	0.001
0.001	0.001	0.888	0.110
0.001	0.001	0.001	0.997
0.110	0.888	0.001	0.001
0.997	0.001	0.001	0.001
0.111	0.001	0.777	0.111
0.001	0.001	0.997	0.001
0.001	0.001	0.997	0.001
0.777	0.111	0.111	0.001
>CACACAGAAKGC	4-CACACAGAAKGC	13.414028	-31.967677	0	T:9.0(0.65%),B:3.6(0.01%),P:1e-13	Tpos:134.6,Tstd:29.0,Bpos:136.1,Bstd:27.5,StrandBias:1.0,Multiplicity:1.00
0.001	0.997	0.001	0.001
0.622	0.001	0.001	0.376
0.001	0.997	0.001	0.001
0.997	0.001	0.001	0.001
0.001	0.997	0.001	0.001
0.997	0.001	0.001	0.001
0.001	0.001	0.997	0.001
0.997	0.001	0.001	0.001
0.997	0.001	0.001	0.001
0.001	0.001	0.523	0.475
0.001	0.001	0.997	0.001
0.126	0.872	0.001	0.001
>CCTCGAGTGACA	5-CCTCGAGTGACA	13.702315	-31.967677	0	T:9.0(0.65%),B:3.5(0.01%),P:1e-13	Tpos:83.3,Tstd:51.8,Bpos:63.2,Bstd:1.9,StrandBias:0.3,Multiplicity:1.00
0.125	0.749	0.125	0.001
0.001	0.997	0.001	0.001
0.001	0.001	0.001	0.997
0.001	0.874	0.001	0.124
0.001	0.001	0.997	0.001
0.874	0.124	0.001	0.001
0.001	0.001	0.997	0.001
0.001	0.124	0.001	0.874
0.001	0.001	0.997	0.001
0.997	0.001	0.001	0.001
0.124	0.874	0.001	0.001
0.874	0.124	0.001	0.001
>CGGAGTATKCTT	6-CGGAGTATKCTT	11.304080	-31.068256	0	T:7.0(0.51%),B:1.5(0.00%),P:1e-13	Tpos:89.9,Tstd:47.4,Bpos:114.5,Bstd:3.4,StrandBias:2.6,Multiplicity:1.00
0.006	0.503	0.291	0.200
0.291	0.001	0.707	0.001
0.001	0.005	0.703	0.291
0.902	0.096	0.001	0.001
0.001	0.399	0.599	0.001
0.096	0.001	0.001	0.902
0.594	0.103	0.001	0.302
0.205	0.001	0.103	0.691
0.001	0.001	0.496	0.502
0.103	0.605	0.001	0.291
0.001	0.001	0.001	0.997
0.001	0.001	0.001	0.997
>GACGGCCATCGC	7-GACGGCCATCGC	13.520243	-31.068256	0	T:7.0(0.51%),B:1.5(0.00%),P:1e-13	Tpos:152.7,Tstd:20.3,Bpos:108.0,Bstd:0.0,StrandBias:1.3,Multiplicity:1.00
0.001	0.001	0.997	0.001
0.997	0.001	0.001	0.001
0.001	0.997	0.001	0.001
0.001	0.001	0.997	0.001
0.001	0.001	0.997	0.001
0.001	0.997	0.001	0.001
0.001	0.965	0.033	0.001
0.997	0.001	0.001	0.001
0.001	0.001	0.001	0.997
0.235	0.763	0.001	0.001
0.001	0.001	0.997	0.001
0.001	0.797	0.001	0.201
>GTGCCACTAATT	8-GTGCCACTAATT	14.042917	-31.068256	0	T:7.0(0.51%),B:1.6(0.00%),P:1e-13	Tpos:114.0,Tstd:42.5,Bpos:130.0,Bstd:0.0,StrandBias:-1.3,Multiplicity:1.00
0.001	0.001	0.997	0.001
0.001	0.166	0.001	0.832
0.001	0.001	0.997	0.001
0.166	0.832	0.001	0.001
0.001	0.997	0.001	0.001
0.997	0.001	0.001	0.001
0.001	0.997	0.001	0.001
0.001	0.001	0.001	0.997
0.832	0.001	0.166	0.001
0.997	0.001	0.001	0.001
0.001	0.001	0.001	0.997
0.166	0.001	0.166	0.667
>CAGTGAAAGCGT	9-CAGTGAAAGCGT	14.333207	-30.856928	0	T:8.0(0.58%),B:2.9(0.01%),P:1e-13	Tpos:94.9,Tstd:41.2,Bpos:76.9,Bstd:41.8,StrandBias:2.8,Multiplicity:1.00
0.001	0.997	0.001	0.001
0.997	0.001	0.001	0.001
0.001	0.001	0.997	0.001
0.001	0.001	0.001	0.997
0.001	0.001	0.997	0.001
0.997	0.001	0.001	0.001
0.997	0.001	0.001	0.001
0.997	0.001	0.001	0.001
0.001	0.117	0.881	0.001
0.001	0.997	0.001	0.001
0.001	0.001	0.881	0.117
0.001	0.001	0.001	0.997
>TGGGGATACCCA	10-TGGGGATACCCA	13.753690	-30.856928	0	T:8.0(0.58%),B:2.3(0.01%),P:1e-13	Tpos:115.0,Tstd:27.3,Bpos:66.9,Bstd:12.4,StrandBias:1.6,Multiplicity:1.00
0.001	0.001	0.001	0.997
0.303	0.001	0.695	0.001
0.016	0.001	0.933	0.050
0.248	0.001	0.519	0.232
0.001	0.001	0.997	0.001
0.767	0.001	0.231	0.001
0.232	0.001	0.232	0.535
0.982	0.016	0.001	0.001
0.001	0.997	0.001	0.001
0.001	0.997	0.001	0.001
0.016	0.982	0.001	0.001
0.982	0.016	0.001	0.001
>CAGGATCCAAAT	11-CAGGATCCAAAT	13.888152	-30.856928	0	T:8.0(0.58%),B:2.3(0.01%),P:1e-13	Tpos:86.2,Tstd:64.1,Bpos:58.0,Bstd:21.4,StrandBias:0.7,Multiplicity:1.00
0.001	0.997	0.001	0.001
0.997	0.001	0.001	0.001
0.001	0.001	0.997	0.001
0.001	0.142	0.856	0.001
0.856	0.001	0.001	0.142
0.001	0.001	0.142	0.856
0.001	0.856	0.142	0.001
0.001	0.856	0.142	0.001
0.997	0.001	0.001	0.001
0.997	0.001	0.001	0.001
0.856	0.001	0.142	0.001
0.001	0.001	0.001	0.997
>GACATCATCACT	12-GACATCATCACT	14.128358	-29.414462	0	T:9.0(0.65%),B:4.6(0.01%),P:1e-12	Tpos:139.1,Tstd:21.6,Bpos:80.4,Bstd:24.4,StrandBias:3.0,Multiplicity:1.00
0.001	0.001	0.997	0.001
0.997	0.001	0.001	0.001
0.001	0.997	0.001	0.001
0.997	0.001	0.001	0.001
0.001	0.001	0.001	0.997
0.001	0.997	0.001	0.001
0.893	0.001	0.105	0.001
0.001	0.001	0.105	0.893
0.001	0.997	0.001	0.001
0.997	0.001	0.001	0.001
0.001	0.997	0.001	0.001
0.105	0.001	0.001	0.893
>CAGTTGTATGCC	13-CAGTTGTATGCC	13.702315	-29.414462	0	T:9.0(0.65%),B:4.8(0.01%),P:1e-12	Tpos:111.6,Tstd:37.5,Bpos:130.2,Bstd:45.4,StrandBias:0.3,Multiplicity:1.00
0.001	0.997	0.001	0.001
0.997	0.001	0.001	0.001
0.001	0.001	0.874	0.124
0.001	0.124	0.001	0.874
0.124	0.001	0.001	0.874
0.001	0.125	0.749	0.125
0.001	0.001	0.001	0.997
0.997	0.001	0.001	0.001
0.001	0.001	0.001	0.997
0.001	0.001	0.997	0.001
0.001	0.874	0.001	0.124
0.001	0.874	0.001	0.124
>TCAGATTACTGC	14-TCAGATTACTGC	9.793139	-26.765423	0	T:10.0(0.73%),B:8.7(0.03%),P:1e-11	Tpos:59.5,Tstd:51.2,Bpos:108.3,Bstd:45.5,StrandBias:1.4,Multiplicity:1.10
0.001	0.092	0.001	0.906
0.235	0.763	0.001	0.001
0.997	0.001	0.001	0.001
0.001	0.001	0.997	0.001
0.928	0.001	0.001	0.070
0.001	0.001	0.001	0.997
0.070	0.001	0.001	0.928
0.997	0.001	0.001	0.001
0.001	0.928	0.070	0.001
0.001	0.001	0.001	0.997
0.001	0.164	0.834	0.001
0.001	0.997	0.001	0.001
>MAAGCGAGACCA	15-MAAGCGAGACCA	11.605864	-26.251216	0	T:7.0(0.51%),B:2.8(0.01%),P:1e-11	Tpos:80.3,Tstd:56.7,Bpos:89.4,Bstd:56.0,StrandBias:0.4,Multiplicity:1.00
0.358	0.383	0.219	0.040
0.661	0.219	0.060	0.060
0.581	0.060	0.160	0.199
0.060	0.020	0.801	0.119
0.060	0.839	0.001	0.100
0.060	0.100	0.780	0.060
0.880	0.040	0.060	0.020
0.080	0.080	0.820	0.020
0.900	0.020	0.079	0.001
0.100	0.720	0.140	0.040
0.040	0.740	0.140	0.080
0.740	0.120	0.080	0.060
>GAAGCAACWACR	16-GAAGCAACWACR	13.281413	-25.382757	0	T:8.0(0.58%),B:4.2(0.01%),P:1e-11	Tpos:156.2,Tstd:24.5,Bpos:110.6,Bstd:20.2,StrandBias:-2.8,Multiplicity:1.00
0.001	0.001	0.997	0.001
0.997	0.001	0.001	0.001
0.997	0.001	0.001	0.001
0.001	0.001	0.997	0.001
0.001	0.997	0.001	0.001
0.884	0.114	0.001	0.001
0.997	0.001	0.001	0.001
0.001	0.997	0.001	0.001
0.566	0.001	0.001	0.432
0.997	0.001	0.001	0.001
0.018	0.980	0.001	0.001
0.566	0.001	0.432	0.001
>ATCGTTCTAGTA	17-ATCGTTCTAGTA	10.008367	-23.763924	0	T:30.0(2.18%),B:170.4(0.50%),P:1e-10	Tpos:91.7,Tstd:53.6,Bpos:100.6,Bstd:57.4,StrandBias:1.2,Multiplicity:1.00
0.865	0.066	0.068	0.001
0.001	0.001	0.065	0.933
0.252	0.531	0.001	0.216
0.001	0.001	0.600	0.398
0.067	0.001	0.001	0.931
0.068	0.066	0.001	0.865
0.069	0.743	0.119	0.069
0.330	0.001	0.001	0.668
0.731	0.069	0.066	0.134
0.001	0.001	0.997	0.001
0.065	0.001	0.001	0.933
0.794	0.001	0.001	0.204
>AATGTTCCCTAT	18-AATGTTCCCTAT	13.740118	-23.447932	0	T:7.0(0.51%),B:3.7(0.01%),P:1e-10	Tpos:109.6,Tstd:48.7,Bpos:118.6,Bstd:57.3,StrandBias:-0.4,Multiplicity:1.00
0.997	0.001	0.001	0.001
0.997	0.001	0.001	0.001
0.127	0.001	0.001	0.871
0.001	0.001	0.997	0.001
0.001	0.001	0.001	0.997
0.127	0.001	0.001	0.871
0.001	0.770	0.128	0.101
0.001	0.997	0.001	0.001
0.001	0.871	0.127	0.001
0.127	0.001	0.001	0.871
0.871	0.001	0.127	0.001
0.001	0.001	0.001	0.997
>AAGTTATGCCAC	19-AAGTTATGCCAC	14.812720	-21.779441	0	T:6.0(0.44%),B:2.9(0.01%),P:1e-9	Tpos:50.5,Tstd:48.7,Bpos:12.7,Bstd:8.8,StrandBias:10.0,Multiplicity:1.00
0.997	0.001	0.001	0.001
0.997	0.001	0.001	0.001
0.001	0.001	0.997	0.001
0.001	0.001	0.001	0.997
0.001	0.001	0.001	0.997
0.831	0.001	0.001	0.167
0.001	0.001	0.001	0.997
0.001	0.001	0.997	0.001
0.001	0.997	0.001	0.001
0.001	0.997	0.001	0.001
0.997	0.001	0.001	0.001
0.001	0.997	0.001	0.001
>CCCGTTTAAACG	20-CCCGTTTAAACG	11.103294	-20.894444	0	T:5.0(0.36%),B:1.9(0.01%),P:1e-9	Tpos:137.5,Tstd:48.8,Bpos:55.6,Bstd:24.8,StrandBias:2.3,Multiplicity:1.00
0.117	0.881	0.001	0.001
0.224	0.774	0.001	0.001
0.001	0.784	0.001	0.214
0.117	0.001	0.765	0.117
0.001	0.106	0.001	0.892
0.001	0.001	0.106	0.892
0.001	0.001	0.106	0.892
0.773	0.110	0.107	0.010
0.997	0.001	0.001	0.001
0.892	0.106	0.001	0.001
0.107	0.679	0.107	0.107
0.107	0.119	0.773	0.001
>GATTAATCAATT	21-GATTAATCAATT	13.549249	-19.942039	0	T:7.0(0.51%),B:5.8(0.02%),P:1e-8	Tpos:123.8,Tstd:43.3,Bpos:104.4,Bstd:51.7,StrandBias:0.6,Multiplicity:1.14
0.110	0.001	0.888	0.001
0.888	0.110	0.001	0.001
0.001	0.001	0.110	0.888
0.001	0.001	0.001	0.997
0.997	0.001	0.001	0.001
0.888	0.110	0.001	0.001
0.001	0.001	0.001	0.997
0.001	0.997	0.001	0.001
0.777	0.111	0.111	0.001
0.997	0.001	0.001	0.001
0.001	0.111	0.111	0.777
0.001	0.001	0.001	0.997
>CYTACTKACYKA	22-CYTACTKACYKA	13.529403	-17.689072	0	T:6.0(0.44%),B:4.5(0.01%),P:1e-7	Tpos:52.9,Tstd:36.2,Bpos:133.4,Bstd:53.9,StrandBias:2.1,Multiplicity:1.17
0.001	0.997	0.001	0.001
0.001	0.442	0.001	0.556
0.001	0.001	0.001	0.997
0.997	0.001	0.001	0.001
0.001	0.997	0.001	0.001
0.001	0.001	0.001	0.997
0.001	0.001	0.432	0.566
0.997	0.001	0.001	0.001
0.001	0.997	0.001	0.001
0.001	0.432	0.001	0.566
0.001	0.001	0.442	0.556
0.997	0.001	0.001	0.001
>AAACCAACAACA	23-AAACCAACAACA	12.355432	-16.067522	0	T:4.0(0.29%),B:2.0(0.01%),P:1e-6	Tpos:129.5,Tstd:38.7,Bpos:49.2,Bstd:35.2,StrandBias:0.0,Multiplicity:1.00
0.700	0.100	0.100	0.100
0.700	0.100	0.100	0.100
0.700	0.100	0.100	0.100
0.100	0.700	0.100	0.100
0.100	0.700	0.100	0.100
0.700	0.100	0.100	0.100
0.700	0.100	0.100	0.100
0.100	0.700	0.100	0.100
0.700	0.100	0.100	0.100
0.700	0.100	0.100	0.100
0.100	0.700	0.100	0.100
0.700	0.100	0.100	0.100
>GTAACCATGGTT	24-GTAACCATGGTT	9.242533	-15.325849	0	T:33.0(2.39%),B:291.4(0.85%),P:1e-6	Tpos:92.7,Tstd:51.1,Bpos:101.9,Bstd:45.7,StrandBias:0.0,Multiplicity:1.06
0.179	0.090	0.686	0.045
0.045	0.045	0.001	0.909
0.776	0.134	0.045	0.045
0.954	0.001	0.001	0.044
0.134	0.642	0.045	0.179
0.044	0.954	0.001	0.001
0.909	0.001	0.001	0.089
0.178	0.001	0.001	0.820
0.001	0.001	0.997	0.001
0.001	0.134	0.776	0.089
0.090	0.045	0.045	0.820
0.093	0.045	0.090	0.772
>TTTATTTATCTA	25-TTTATTTATCTA	12.712091	-7.516816	0	T:10.0(0.73%),B:69.0(0.20%),P:1e-3	Tpos:73.9,Tstd:47.6,Bpos:88.3,Bstd:59.0,StrandBias:-0.5,Multiplicity:1.20
0.001	0.001	0.001	0.997
0.056	0.001	0.001	0.942
0.001	0.001	0.071	0.927
0.942	0.001	0.001	0.056
0.001	0.001	0.001	0.997
0.072	0.072	0.001	0.855
0.071	0.001	0.001	0.927
0.997	0.001	0.001	0.001
0.001	0.001	0.001	0.997
0.042	0.568	0.001	0.389
0.056	0.001	0.001	0.942
0.965	0.001	0.001	0.033
