>AWGGTTRC	1-AWGGTTRC	5.637159	-20.857443	0	T:174.0(12.62%),B:2701.5(7.88%),P:1e-9	Tpos:92.8,Tstd:55.3,Bpos:97.4,Bstd:56.3,StrandBias:0.2,Multiplicity:1.13
0.588	0.001	0.001	0.410
0.461	0.001	0.001	0.537
0.001	0.001	0.997	0.001
0.001	0.001	0.997	0.001
0.001	0.001	0.001	0.997
0.001	0.030	0.001	0.968
0.533	0.076	0.390	0.001
0.001	0.997	0.001	0.001
>AGTGATCA	2-AGTGATCA	7.240050	-18.563909	0	T:159.0(11.53%),B:2488.3(7.26%),P:1e-8	Tpos:99.6,Tstd:55.4,Bpos:99.9,Bstd:57.1,StrandBias:0.2,Multiplicity:1.04
0.863	0.076	0.001	0.060
0.001	0.001	0.880	0.118
0.001	0.015	0.001	0.983
0.024	0.028	0.891	0.057
0.853	0.014	0.039	0.094
0.072	0.001	0.001	0.926
0.001	0.725	0.259	0.015
0.873	0.001	0.096	0.030
>CGGCCCTA	3-CGGCCCTA	7.131533	-16.706136	0	T:53.0(3.84%),B:577.0(1.68%),P:1e-7	Tpos:111.4,Tstd:64.7,Bpos:100.9,Bstd:57.2,StrandBias:0.1,Multiplicity:1.02
0.014	0.984	0.001	0.001
0.022	0.001	0.936	0.041
0.115	0.011	0.776	0.098
0.009	0.925	0.042	0.024
0.024	0.922	0.053	0.001
0.144	0.628	0.001	0.227
0.001	0.009	0.001	0.989
0.877	0.105	0.001	0.017
>ACCCCCCC	4-ACCCCCCC	4.817140	-16.577489	0	T:282.0(20.45%),B:5178.6(15.11%),P:1e-7	Tpos:82.3,Tstd:54.5,Bpos:79.9,Bstd:62.4,StrandBias:0.8,Multiplicity:1.13
0.713	0.124	0.065	0.098
0.096	0.835	0.003	0.066
0.077	0.707	0.107	0.109
0.028	0.783	0.075	0.114
0.083	0.754	0.073	0.090
0.070	0.816	0.039	0.075
0.115	0.631	0.153	0.101
0.052	0.770	0.131	0.047
>ATGCAAAT	5-ATGCAAAT	6.199694	-15.650333	0	T:180.0(13.05%),B:3040.7(8.87%),P:1e-6	Tpos:98.2,Tstd:58.3,Bpos:88.9,Bstd:55.3,StrandBias:0.1,Multiplicity:1.13
0.997	0.001	0.001	0.001
0.001	0.001	0.001	0.997
0.001	0.121	0.877	0.001
0.001	0.997	0.001	0.001
0.887	0.001	0.001	0.111
0.886	0.001	0.001	0.112
0.997	0.001	0.001	0.001
0.001	0.080	0.001	0.918
>GGTCTCGC	6-GGTCTCGC	9.599646	-15.307013	0	T:32.0(2.32%),B:277.1(0.81%),P:1e-6	Tpos:99.8,Tstd:49.4,Bpos:105.8,Bstd:59.8,StrandBias:-0.3,Multiplicity:1.03
0.001	0.001	0.768	0.230
0.001	0.001	0.997	0.001
0.001	0.001	0.001	0.997
0.001	0.997	0.001	0.001
0.001	0.001	0.001	0.997
0.001	0.997	0.001	0.001
0.001	0.001	0.997	0.001
0.001	0.997	0.001	0.001
>AGCTGAGA	7-AGCTGAGA	8.999583	-15.060173	0	T:53.0(3.84%),B:608.8(1.78%),P:1e-6	Tpos:114.0,Tstd:49.8,Bpos:100.7,Bstd:57.5,StrandBias:0.1,Multiplicity:1.00
0.880	0.001	0.118	0.001
0.001	0.001	0.997	0.001
0.001	0.997	0.001	0.001
0.180	0.143	0.001	0.676
0.001	0.001	0.997	0.001
0.997	0.001	0.001	0.001
0.001	0.001	0.997	0.001
0.997	0.001	0.001	0.001
>TAAGTAAG	8-TAAGTAAG	8.583316	-7.422721	0	T:34.0(2.47%),B:455.7(1.33%),P:1e-3	Tpos:85.1,Tstd:53.6,Bpos:98.3,Bstd:60.5,StrandBias:-0.5,Multiplicity:1.32
0.001	0.001	0.001	0.997
0.997	0.001	0.001	0.001
0.997	0.001	0.001	0.001
0.001	0.001	0.997	0.001
0.001	0.001	0.001	0.997
0.997	0.001	0.001	0.001
0.884	0.001	0.114	0.001
0.001	0.001	0.728	0.270
