>CAAGGTCACG	1-CAAGGTCACG	6.313870	-27.570168	0	T:272.0(19.72%),B:4435.6(12.94%),P:1e-11	Tpos:97.1,Tstd:52.9,Bpos:97.1,Bstd:57.5,StrandBias:0.2,Multiplicity:1.13
0.099	0.722	0.104	0.075
0.851	0.037	0.040	0.072
0.812	0.056	0.073	0.059
0.087	0.058	0.793	0.062
0.037	0.042	0.885	0.036
0.065	0.057	0.044	0.834
0.090	0.772	0.083	0.055
0.840	0.067	0.027	0.066
0.083	0.797	0.048	0.072
0.102	0.089	0.698	0.111
>AAAGGCAATG	2-AAAGGCAATG	8.488404	-25.282130	0	T:57.0(4.13%),B:503.4(1.47%),P:1e-10	Tpos:99.1,Tstd:50.1,Bpos:105.3,Bstd:52.7,StrandBias:-0.2,Multiplicity:1.02
0.839	0.013	0.001	0.147
0.869	0.029	0.100	0.002
0.922	0.001	0.076	0.001
0.119	0.180	0.700	0.001
0.001	0.130	0.868	0.001
0.019	0.901	0.001	0.079
0.709	0.215	0.001	0.075
0.622	0.198	0.001	0.179
0.067	0.094	0.107	0.732
0.039	0.001	0.959	0.001
>CAAAAAGCGA	3-CAAAAAGCGA	6.837324	-24.857463	0	T:171.0(12.40%),B:2503.1(7.30%),P:1e-10	Tpos:101.4,Tstd:54.6,Bpos:99.6,Bstd:58.6,StrandBias:-0.2,Multiplicity:1.05
0.064	0.770	0.055	0.111
0.793	0.068	0.030	0.109
0.815	0.077	0.065	0.043
0.736	0.093	0.098	0.073
0.830	0.073	0.041	0.056
0.767	0.086	0.090	0.057
0.028	0.036	0.913	0.023
0.037	0.731	0.110	0.122
0.032	0.084	0.824	0.060
0.827	0.050	0.073	0.050
>CGACCTTTTG	4-CGACCTTTTG	8.460286	-24.788039	0	T:49.0(3.55%),B:397.1(1.16%),P:1e-10	Tpos:98.8,Tstd:60.5,Bpos:99.3,Bstd:58.2,StrandBias:-0.4,Multiplicity:1.00
0.001	0.894	0.046	0.059
0.175	0.171	0.653	0.001
0.840	0.001	0.156	0.003
0.001	0.962	0.036	0.001
0.001	0.997	0.001	0.001
0.140	0.001	0.005	0.854
0.116	0.001	0.001	0.882
0.001	0.302	0.001	0.696
0.001	0.050	0.001	0.948
0.146	0.064	0.789	0.001
>CYCTCGGATT	5-CYCTCGGATT	11.864014	-24.485616	0	T:9.0(0.65%),B:7.8(0.02%),P:1e-10	Tpos:99.0,Tstd:44.8,Bpos:116.1,Bstd:35.9,StrandBias:1.0,Multiplicity:1.00
0.001	0.997	0.001	0.001
0.001	0.362	0.216	0.422
0.373	0.625	0.001	0.001
0.001	0.001	0.001	0.997
0.001	0.997	0.001	0.001
0.001	0.001	0.997	0.001
0.001	0.001	0.997	0.001
0.879	0.119	0.001	0.001
0.001	0.001	0.001	0.997
0.001	0.001	0.001	0.997
>TGGCTCGGTG	6-TGGCTCGGTG	9.654266	-23.179311	0	T:23.0(1.67%),B:102.9(0.30%),P:1e-10	Tpos:119.3,Tstd:49.6,Bpos:110.5,Bstd:62.6,StrandBias:0.6,Multiplicity:1.00
0.001	0.001	0.057	0.941
0.001	0.057	0.941	0.001
0.136	0.001	0.832	0.031
0.001	0.864	0.099	0.036
0.098	0.001	0.001	0.900
0.001	0.915	0.029	0.055
0.039	0.001	0.933	0.027
0.078	0.001	0.878	0.043
0.001	0.057	0.001	0.941
0.001	0.058	0.883	0.058
>ACGGCCTTAG	7-ACGGCCTTAG	10.227514	-22.985916	0	T:13.0(0.94%),B:26.7(0.08%),P:1e-9	Tpos:103.9,Tstd:65.6,Bpos:122.7,Bstd:42.3,StrandBias:0.7,Multiplicity:1.00
0.838	0.001	0.160	0.001
0.001	0.997	0.001	0.001
0.001	0.081	0.764	0.154
0.076	0.012	0.911	0.001
0.153	0.845	0.001	0.001
0.001	0.903	0.095	0.001
0.153	0.012	0.001	0.834
0.001	0.001	0.001	0.997
0.883	0.013	0.103	0.001
0.215	0.090	0.694	0.001
>GAGTATGCTT	8-GAGTATGCTT	10.296193	-21.779441	0	T:6.0(0.44%),B:2.9(0.01%),P:1e-9	Tpos:74.7,Tstd:28.8,Bpos:76.1,Bstd:47.2,StrandBias:2.3,Multiplicity:1.00
0.100	0.100	0.700	0.100
0.700	0.100	0.100	0.100
0.100	0.100	0.700	0.100
0.100	0.100	0.100	0.700
0.700	0.100	0.100	0.100
0.100	0.100	0.100	0.700
0.100	0.100	0.700	0.100
0.100	0.700	0.100	0.100
0.100	0.100	0.100	0.700
0.100	0.100	0.100	0.700
>CTGCGCAGTA	9-CTGCGCAGTA	8.695161	-21.354895	0	T:29.0(2.10%),B:177.4(0.52%),P:1e-9	Tpos:101.2,Tstd:50.5,Bpos:93.7,Bstd:59.3,StrandBias:-0.8,Multiplicity:1.00
0.001	0.931	0.067	0.001
0.001	0.001	0.001	0.997
0.001	0.074	0.924	0.001
0.032	0.948	0.001	0.019
0.001	0.055	0.943	0.001
0.037	0.961	0.001	0.001
0.905	0.001	0.093	0.001
0.001	0.001	0.924	0.074
0.039	0.087	0.056	0.818
0.758	0.110	0.082	0.050
>TAGCGTTAGG	10-TAGCGTTAGG	11.108456	-21.012227	0	T:8.0(0.58%),B:7.8(0.02%),P:1e-9	Tpos:94.2,Tstd:49.5,Bpos:85.9,Bstd:28.9,StrandBias:2.8,Multiplicity:1.00
0.291	0.001	0.001	0.707
0.997	0.001	0.001	0.001
0.001	0.178	0.611	0.210
0.001	0.718	0.016	0.265
0.001	0.001	0.997	0.001
0.001	0.001	0.001	0.997
0.001	0.001	0.001	0.997
0.734	0.001	0.264	0.001
0.001	0.001	0.997	0.001
0.001	0.001	0.789	0.209
>CGGCGGCCGT	11-CGGCGGCCGT	10.296193	-20.894444	0	T:5.0(0.36%),B:1.7(0.01%),P:1e-9	Tpos:145.2,Tstd:54.6,Bpos:60.0,Bstd:0.0,StrandBias:10.0,Multiplicity:1.00
0.100	0.700	0.100	0.100
0.100	0.100	0.700	0.100
0.100	0.100	0.700	0.100
0.100	0.700	0.100	0.100
0.100	0.100	0.700	0.100
0.100	0.100	0.700	0.100
0.100	0.700	0.100	0.100
0.100	0.700	0.100	0.100
0.100	0.100	0.700	0.100
0.100	0.100	0.100	0.700
>ACGAAGTACG	12-ACGAAGTACG	12.028013	-19.979410	0	T:8.0(0.58%),B:8.5(0.02%),P:1e-8	Tpos:85.9,Tstd:45.1,Bpos:133.1,Bstd:59.8,StrandBias:10.0,Multiplicity:1.00
0.997	0.001	0.001	0.001
0.001	0.997	0.001	0.001
0.001	0.001	0.997	0.001
0.834	0.001	0.164	0.001
0.997	0.001	0.001	0.001
0.001	0.001	0.997	0.001
0.001	0.001	0.001	0.997
0.997	0.001	0.001	0.001
0.001	0.997	0.001	0.001
0.001	0.001	0.997	0.001
>CAGTGATGAT	13-CAGTGATGAT	10.041157	-19.627620	0	T:25.0(1.81%),B:145.4(0.42%),P:1e-8	Tpos:102.9,Tstd:44.9,Bpos:109.7,Bstd:53.0,StrandBias:-0.3,Multiplicity:1.00
0.131	0.867	0.001	0.001
0.997	0.001	0.001	0.001
0.001	0.001	0.857	0.141
0.001	0.001	0.001	0.997
0.001	0.001	0.997	0.001
0.997	0.001	0.001	0.001
0.001	0.001	0.001	0.997
0.001	0.001	0.963	0.035
0.857	0.001	0.001	0.141
0.001	0.001	0.001	0.997
>GTGGCAYTAC	14-GTGGCAYTAC	11.398020	-18.193098	0	T:13.0(0.94%),B:39.3(0.11%),P:1e-7	Tpos:73.6,Tstd:54.7,Bpos:98.3,Bstd:52.2,StrandBias:-0.2,Multiplicity:1.00
0.001	0.001	0.997	0.001
0.001	0.001	0.001	0.997
0.001	0.001	0.997	0.001
0.001	0.001	0.997	0.001
0.224	0.774	0.001	0.001
0.997	0.001	0.001	0.001
0.001	0.570	0.001	0.428
0.318	0.001	0.001	0.680
0.997	0.001	0.001	0.001
0.001	0.997	0.001	0.001
>GTAGGTATAA	15-GTAGGTATAA	7.621756	-17.631045	0	T:43.0(3.12%),B:405.9(1.18%),P:1e-7	Tpos:104.6,Tstd:65.6,Bpos:110.9,Bstd:57.3,StrandBias:0.0,Multiplicity:1.02
0.058	0.083	0.807	0.052
0.049	0.071	0.069	0.811
0.780	0.084	0.065	0.071
0.054	0.058	0.845	0.043
0.092	0.108	0.770	0.030
0.036	0.089	0.071	0.804
0.809	0.015	0.080	0.096
0.053	0.051	0.118	0.778
0.848	0.060	0.040	0.052
0.754	0.098	0.057	0.091
>AGCTTATCCG	16-AGCTTATCCG	11.058998	-17.584583	0	T:10.0(0.73%),B:21.5(0.06%),P:1e-7	Tpos:93.1,Tstd:47.0,Bpos:101.4,Bstd:52.8,StrandBias:0.6,Multiplicity:1.00
0.997	0.001	0.001	0.001
0.111	0.001	0.887	0.001
0.111	0.887	0.001	0.001
0.087	0.001	0.001	0.911
0.001	0.001	0.001	0.997
0.901	0.001	0.097	0.001
0.001	0.001	0.001	0.997
0.001	0.997	0.001	0.001
0.001	0.997	0.001	0.001
0.001	0.001	0.997	0.001
>CATAAACGGG	17-CATAAACGGG	10.917314	-17.367907	0	T:9.0(0.65%),B:16.7(0.05%),P:1e-7	Tpos:119.0,Tstd:49.1,Bpos:79.0,Bstd:64.3,StrandBias:0.3,Multiplicity:1.00
0.001	0.835	0.001	0.163
0.835	0.163	0.001	0.001
0.001	0.001	0.001	0.997
0.997	0.001	0.001	0.001
0.997	0.001	0.001	0.001
0.997	0.001	0.001	0.001
0.001	0.921	0.077	0.001
0.001	0.001	0.997	0.001
0.001	0.001	0.997	0.001
0.001	0.001	0.997	0.001
>CGAGTCACGG	18-CGAGTCACGG	11.254206	-16.858042	0	T:9.0(0.65%),B:17.5(0.05%),P:1e-7	Tpos:60.8,Tstd:51.9,Bpos:80.7,Bstd:57.6,StrandBias:-1.0,Multiplicity:1.00
0.001	0.997	0.001	0.001
0.003	0.357	0.639	0.001
0.738	0.254	0.007	0.001
0.008	0.171	0.567	0.254
0.001	0.001	0.001	0.997
0.001	0.997	0.001	0.001
0.997	0.001	0.001	0.001
0.001	0.990	0.001	0.008
0.070	0.085	0.844	0.001
0.014	0.012	0.597	0.377
>GABAGAGTGA	19-GABAGAGTGA	6.571508	-16.787789	0	T:184.0(13.34%),B:3071.3(8.96%),P:1e-7	Tpos:96.8,Tstd:55.3,Bpos:89.9,Bstd:58.1,StrandBias:0.1,Multiplicity:1.07
0.001	0.023	0.877	0.099
0.564	0.158	0.176	0.102
0.080	0.298	0.330	0.293
0.867	0.108	0.001	0.024
0.001	0.075	0.882	0.042
0.836	0.010	0.139	0.015
0.246	0.031	0.683	0.040
0.073	0.032	0.048	0.847
0.357	0.101	0.535	0.007
0.757	0.001	0.241	0.001
>ATARATMMAT	20-ATARATMMAT	7.927318	-15.847460	0	T:104.0(7.54%),B:1508.2(4.40%),P:1e-6	Tpos:91.4,Tstd:56.8,Bpos:87.3,Bstd:56.2,StrandBias:0.2,Multiplicity:1.12
0.986	0.001	0.012	0.001
0.001	0.001	0.027	0.971
0.737	0.148	0.001	0.114
0.409	0.001	0.382	0.208
0.621	0.267	0.001	0.111
0.001	0.001	0.123	0.875
0.435	0.563	0.001	0.001
0.439	0.523	0.037	0.001
0.615	0.102	0.246	0.037
0.138	0.001	0.144	0.717
>TCACGTAAAG	21-TCACGTAAAG	12.353097	-15.502560	0	T:9.0(0.65%),B:20.3(0.06%),P:1e-6	Tpos:89.8,Tstd:51.3,Bpos:76.6,Bstd:45.1,StrandBias:-0.3,Multiplicity:1.00
0.001	0.001	0.001	0.997
0.001	0.997	0.001	0.001
0.997	0.001	0.001	0.001
0.001	0.997	0.001	0.001
0.001	0.001	0.997	0.001
0.001	0.001	0.001	0.997
0.771	0.001	0.227	0.001
0.997	0.001	0.001	0.001
0.997	0.001	0.001	0.001
0.001	0.001	0.997	0.001
>GATTACTCCG	22-GATTACTCCG	10.296193	-15.468057	0	T:5.0(0.36%),B:3.7(0.01%),P:1e-6	Tpos:44.8,Tstd:22.9,Bpos:151.4,Bstd:41.8,StrandBias:10.0,Multiplicity:1.00
0.100	0.100	0.700	0.100
0.700	0.100	0.100	0.100
0.100	0.100	0.100	0.700
0.100	0.100	0.100	0.700
0.700	0.100	0.100	0.100
0.100	0.700	0.100	0.100
0.100	0.100	0.100	0.700
0.100	0.700	0.100	0.100
0.100	0.700	0.100	0.100
0.100	0.100	0.700	0.100
>GAGGACTACS	23-GAGGACTACS	10.662743	-15.099151	0	T:9.0(0.65%),B:21.1(0.06%),P:1e-6	Tpos:168.9,Tstd:28.2,Bpos:92.5,Bstd:58.9,StrandBias:1.8,Multiplicity:1.00
0.094	0.001	0.904	0.001
0.857	0.001	0.001	0.141
0.001	0.001	0.997	0.001
0.001	0.339	0.659	0.001
0.997	0.001	0.001	0.001
0.001	0.997	0.001	0.001
0.001	0.001	0.001	0.997
0.997	0.001	0.001	0.001
0.001	0.997	0.001	0.001
0.001	0.504	0.494	0.001
>TAAGTAAGTA	24-TAAGTAAGTA	6.928147	-11.613337	0	T:10.0(0.73%),B:42.0(0.12%),P:1e-5	Tpos:70.8,Tstd:49.9,Bpos:104.2,Bstd:57.0,StrandBias:-1.4,Multiplicity:1.00
0.001	0.001	0.001	0.997
0.997	0.001	0.001	0.001
0.997	0.001	0.001	0.001
0.001	0.001	0.997	0.001
0.001	0.001	0.001	0.997
0.997	0.001	0.001	0.001
0.747	0.001	0.076	0.176
0.001	0.001	0.997	0.001
0.001	0.001	0.001	0.997
0.997	0.001	0.001	0.001
>CATACTCCCA	25-CATACTCCCA	12.317218	-8.475374	0	T:4.0(0.29%),B:7.8(0.02%),P:1e-3	Tpos:127.0,Tstd:53.3,Bpos:108.9,Bstd:39.7,StrandBias:-2.0,Multiplicity:1.25
0.001	0.997	0.001	0.001
0.997	0.001	0.001	0.001
0.001	0.001	0.001	0.997
0.779	0.001	0.001	0.219
0.001	0.997	0.001	0.001
0.001	0.001	0.001	0.997
0.001	0.997	0.001	0.001
0.001	0.997	0.001	0.001
0.001	0.997	0.001	0.001
0.997	0.001	0.001	0.001
>GTGAGGACATGT	1-GTGAGGACATGT	12.010676	-36.366580	0	T:8.0(0.58%),B:2.0(0.01%),P:1e-15	Tpos:105.9,Tstd:43.1,Bpos:103.0,Bstd:0.0,StrandBias:10.0,Multiplicity:1.00
0.076	0.038	0.810	0.076
0.001	0.001	0.001	0.997
0.038	0.078	0.883	0.001
0.650	0.273	0.076	0.001
0.271	0.038	0.538	0.153
0.039	0.114	0.770	0.077
0.922	0.001	0.038	0.039
0.038	0.885	0.001	0.076
0.576	0.001	0.114	0.309
0.076	0.038	0.350	0.536
0.077	0.152	0.656	0.115
0.309	0.038	0.039	0.614
>TCTCATTTGCAT	2-TCTCATTTGCAT	9.925756	-34.649600	0	T:59.0(4.28%),B:423.5(1.24%),P:1e-15	Tpos:103.1,Tstd:56.1,Bpos:86.6,Bstd:52.4,StrandBias:0.3,Multiplicity:1.05
0.076	0.170	0.081	0.673
0.179	0.582	0.196	0.043
0.268	0.001	0.072	0.659
0.038	0.732	0.029	0.201
0.751	0.212	0.001	0.036
0.036	0.001	0.036	0.927
0.001	0.001	0.001	0.997
0.001	0.001	0.001	0.997
0.088	0.183	0.728	0.001
0.117	0.881	0.001	0.001
0.963	0.035	0.001	0.001
0.022	0.001	0.233	0.744
>ACAGGTCAGGGA	3-ACAGGTCAGGGA	13.549249	-33.551927	0	T:10.0(0.73%),B:4.8(0.01%),P:1e-14	Tpos:86.4,Tstd:38.5,Bpos:143.5,Bstd:40.1,StrandBias:1.2,Multiplicity:1.00
0.997	0.001	0.001	0.001
0.001	0.997	0.001	0.001
0.888	0.110	0.001	0.001
0.110	0.001	0.888	0.001
0.001	0.001	0.888	0.110
0.001	0.001	0.001	0.997
0.110	0.888	0.001	0.001
0.997	0.001	0.001	0.001
0.111	0.001	0.777	0.111
0.001	0.001	0.997	0.001
0.001	0.001	0.997	0.001
0.777	0.111	0.111	0.001
>CACACAGAAKGC	4-CACACAGAAKGC	13.414028	-31.967677	0	T:9.0(0.65%),B:3.6(0.01%),P:1e-13	Tpos:134.6,Tstd:29.0,Bpos:136.1,Bstd:27.5,StrandBias:1.0,Multiplicity:1.00
0.001	0.997	0.001	0.001
0.622	0.001	0.001	0.376
0.001	0.997	0.001	0.001
0.997	0.001	0.001	0.001
0.001	0.997	0.001	0.001
0.997	0.001	0.001	0.001
0.001	0.001	0.997	0.001
0.997	0.001	0.001	0.001
0.997	0.001	0.001	0.001
0.001	0.001	0.523	0.475
0.001	0.001	0.997	0.001
0.126	0.872	0.001	0.001
>CCTCGAGTGACA	5-CCTCGAGTGACA	13.702315	-31.967677	0	T:9.0(0.65%),B:3.5(0.01%),P:1e-13	Tpos:83.3,Tstd:51.8,Bpos:63.2,Bstd:1.9,StrandBias:0.3,Multiplicity:1.00
0.125	0.749	0.125	0.001
0.001	0.997	0.001	0.001
0.001	0.001	0.001	0.997
0.001	0.874	0.001	0.124
0.001	0.001	0.997	0.001
0.874	0.124	0.001	0.001
0.001	0.001	0.997	0.001
0.001	0.124	0.001	0.874
0.001	0.001	0.997	0.001
0.997	0.001	0.001	0.001
0.124	0.874	0.001	0.001
0.874	0.124	0.001	0.001
>CGGAGTATKCTT	6-CGGAGTATKCTT	11.304080	-31.068256	0	T:7.0(0.51%),B:1.5(0.00%),P:1e-13	Tpos:89.9,Tstd:47.4,Bpos:114.5,Bstd:3.4,StrandBias:2.6,Multiplicity:1.00
0.006	0.503	0.291	0.200
0.291	0.001	0.707	0.001
0.001	0.005	0.703	0.291
0.902	0.096	0.001	0.001
0.001	0.399	0.599	0.001
0.096	0.001	0.001	0.902
0.594	0.103	0.001	0.302
0.205	0.001	0.103	0.691
0.001	0.001	0.496	0.502
0.103	0.605	0.001	0.291
0.001	0.001	0.001	0.997
0.001	0.001	0.001	0.997
>GACGGCCATCGC	7-GACGGCCATCGC	13.520243	-31.068256	0	T:7.0(0.51%),B:1.5(0.00%),P:1e-13	Tpos:152.7,Tstd:20.3,Bpos:108.0,Bstd:0.0,StrandBias:1.3,Multiplicity:1.00
0.001	0.001	0.997	0.001
0.997	0.001	0.001	0.001
0.001	0.997	0.001	0.001
0.001	0.001	0.997	0.001
0.001	0.001	0.997	0.001
0.001	0.997	0.001	0.001
0.001	0.965	0.033	0.001
0.997	0.001	0.001	0.001
0.001	0.001	0.001	0.997
0.235	0.763	0.001	0.001
0.001	0.001	0.997	0.001
0.001	0.797	0.001	0.201
>GTGCCACTAATT	8-GTGCCACTAATT	14.042917	-31.068256	0	T:7.0(0.51%),B:1.6(0.00%),P:1e-13	Tpos:114.0,Tstd:42.5,Bpos:130.0,Bstd:0.0,StrandBias:-1.3,Multiplicity:1.00
0.001	0.001	0.997	0.001
0.001	0.166	0.001	0.832
0.001	0.001	0.997	0.001
0.166	0.832	0.001	0.001
0.001	0.997	0.001	0.001
0.997	0.001	0.001	0.001
0.001	0.997	0.001	0.001
0.001	0.001	0.001	0.997
0.832	0.001	0.166	0.001
0.997	0.001	0.001	0.001
0.001	0.001	0.001	0.997
0.166	0.001	0.166	0.667
>CAGTGAAAGCGT	9-CAGTGAAAGCGT	14.333207	-30.856928	0	T:8.0(0.58%),B:2.9(0.01%),P:1e-13	Tpos:94.9,Tstd:41.2,Bpos:76.9,Bstd:41.8,StrandBias:2.8,Multiplicity:1.00
0.001	0.997	0.001	0.001
0.997	0.001	0.001	0.001
0.001	0.001	0.997	0.001
0.001	0.001	0.001	0.997
0.001	0.001	0.997	0.001
0.997	0.001	0.001	0.001
0.997	0.001	0.001	0.001
0.997	0.001	0.001	0.001
0.001	0.117	0.881	0.001
0.001	0.997	0.001	0.001
0.001	0.001	0.881	0.117
0.001	0.001	0.001	0.997
>TGGGGATACCCA	10-TGGGGATACCCA	13.753690	-30.856928	0	T:8.0(0.58%),B:2.3(0.01%),P:1e-13	Tpos:115.0,Tstd:27.3,Bpos:66.9,Bstd:12.4,StrandBias:1.6,Multiplicity:1.00
0.001	0.001	0.001	0.997
0.303	0.001	0.695	0.001
0.016	0.001	0.933	0.050
0.248	0.001	0.519	0.232
0.001	0.001	0.997	0.001
0.767	0.001	0.231	0.001
0.232	0.001	0.232	0.535
0.982	0.016	0.001	0.001
0.001	0.997	0.001	0.001
0.001	0.997	0.001	0.001
0.016	0.982	0.001	0.001
0.982	0.016	0.001	0.001
>CAGGATCCAAAT	11-CAGGATCCAAAT	13.888152	-30.856928	0	T:8.0(0.58%),B:2.3(0.01%),P:1e-13	Tpos:86.2,Tstd:64.1,Bpos:58.0,Bstd:21.4,StrandBias:0.7,Multiplicity:1.00
0.001	0.997	0.001	0.001
0.997	0.001	0.001	0.001
0.001	0.001	0.997	0.001
0.001	0.142	0.856	0.001
0.856	0.001	0.001	0.142
0.001	0.001	0.142	0.856
0.001	0.856	0.142	0.001
0.001	0.856	0.142	0.001
0.997	0.001	0.001	0.001
0.997	0.001	0.001	0.001
0.856	0.001	0.142	0.001
0.001	0.001	0.001	0.997
>GACATCATCACT	12-GACATCATCACT	14.128358	-29.414462	0	T:9.0(0.65%),B:4.6(0.01%),P:1e-12	Tpos:139.1,Tstd:21.6,Bpos:80.4,Bstd:24.4,StrandBias:3.0,Multiplicity:1.00
0.001	0.001	0.997	0.001
0.997	0.001	0.001	0.001
0.001	0.997	0.001	0.001
0.997	0.001	0.001	0.001
0.001	0.001	0.001	0.997
0.001	0.997	0.001	0.001
0.893	0.001	0.105	0.001
0.001	0.001	0.105	0.893
0.001	0.997	0.001	0.001
0.997	0.001	0.001	0.001
0.001	0.997	0.001	0.001
0.105	0.001	0.001	0.893
>CAGTTGTATGCC	13-CAGTTGTATGCC	13.702315	-29.414462	0	T:9.0(0.65%),B:4.8(0.01%),P:1e-12	Tpos:111.6,Tstd:37.5,Bpos:130.2,Bstd:45.4,StrandBias:0.3,Multiplicity:1.00
0.001	0.997	0.001	0.001
0.997	0.001	0.001	0.001
0.001	0.001	0.874	0.124
0.001	0.124	0.001	0.874
0.124	0.001	0.001	0.874
0.001	0.125	0.749	0.125
0.001	0.001	0.001	0.997
0.997	0.001	0.001	0.001
0.001	0.001	0.001	0.997
0.001	0.001	0.997	0.001
0.001	0.874	0.001	0.124
0.001	0.874	0.001	0.124
>TCAGATTACTGC	14-TCAGATTACTGC	9.793139	-26.765423	0	T:10.0(0.73%),B:8.7(0.03%),P:1e-11	Tpos:59.5,Tstd:51.2,Bpos:108.3,Bstd:45.5,StrandBias:1.4,Multiplicity:1.10
0.001	0.092	0.001	0.906
0.235	0.763	0.001	0.001
0.997	0.001	0.001	0.001
0.001	0.001	0.997	0.001
0.928	0.001	0.001	0.070
0.001	0.001	0.001	0.997
0.070	0.001	0.001	0.928
0.997	0.001	0.001	0.001
0.001	0.928	0.070	0.001
0.001	0.001	0.001	0.997
0.001	0.164	0.834	0.001
0.001	0.997	0.001	0.001
>MAAGCGAGACCA	15-MAAGCGAGACCA	11.605864	-26.251216	0	T:7.0(0.51%),B:2.8(0.01%),P:1e-11	Tpos:80.3,Tstd:56.7,Bpos:89.4,Bstd:56.0,StrandBias:0.4,Multiplicity:1.00
0.358	0.383	0.219	0.040
0.661	0.219	0.060	0.060
0.581	0.060	0.160	0.199
0.060	0.020	0.801	0.119
0.060	0.839	0.001	0.100
0.060	0.100	0.780	0.060
0.880	0.040	0.060	0.020
0.080	0.080	0.820	0.020
0.900	0.020	0.079	0.001
0.100	0.720	0.140	0.040
0.040	0.740	0.140	0.080
0.740	0.120	0.080	0.060
>GAAGCAACWACR	16-GAAGCAACWACR	13.281413	-25.382757	0	T:8.0(0.58%),B:4.2(0.01%),P:1e-11	Tpos:156.2,Tstd:24.5,Bpos:110.6,Bstd:20.2,StrandBias:-2.8,Multiplicity:1.00
0.001	0.001	0.997	0.001
0.997	0.001	0.001	0.001
0.997	0.001	0.001	0.001
0.001	0.001	0.997	0.001
0.001	0.997	0.001	0.001
0.884	0.114	0.001	0.001
0.997	0.001	0.001	0.001
0.001	0.997	0.001	0.001
0.566	0.001	0.001	0.432
0.997	0.001	0.001	0.001
0.018	0.980	0.001	0.001
0.566	0.001	0.432	0.001
>ATCGTTCTAGTA	17-ATCGTTCTAGTA	10.008367	-23.763924	0	T:30.0(2.18%),B:170.4(0.50%),P:1e-10	Tpos:91.7,Tstd:53.6,Bpos:100.6,Bstd:57.4,StrandBias:1.2,Multiplicity:1.00
0.865	0.066	0.068	0.001
0.001	0.001	0.065	0.933
0.252	0.531	0.001	0.216
0.001	0.001	0.600	0.398
0.067	0.001	0.001	0.931
0.068	0.066	0.001	0.865
0.069	0.743	0.119	0.069
0.330	0.001	0.001	0.668
0.731	0.069	0.066	0.134
0.001	0.001	0.997	0.001
0.065	0.001	0.001	0.933
0.794	0.001	0.001	0.204
>AATGTTCCCTAT	18-AATGTTCCCTAT	13.740118	-23.447932	0	T:7.0(0.51%),B:3.7(0.01%),P:1e-10	Tpos:109.6,Tstd:48.7,Bpos:118.6,Bstd:57.3,StrandBias:-0.4,Multiplicity:1.00
0.997	0.001	0.001	0.001
0.997	0.001	0.001	0.001
0.127	0.001	0.001	0.871
0.001	0.001	0.997	0.001
0.001	0.001	0.001	0.997
0.127	0.001	0.001	0.871
0.001	0.770	0.128	0.101
0.001	0.997	0.001	0.001
0.001	0.871	0.127	0.001
0.127	0.001	0.001	0.871
0.871	0.001	0.127	0.001
0.001	0.001	0.001	0.997
>AAGTTATGCCAC	19-AAGTTATGCCAC	14.812720	-21.779441	0	T:6.0(0.44%),B:2.9(0.01%),P:1e-9	Tpos:50.5,Tstd:48.7,Bpos:12.7,Bstd:8.8,StrandBias:10.0,Multiplicity:1.00
0.997	0.001	0.001	0.001
0.997	0.001	0.001	0.001
0.001	0.001	0.997	0.001
0.001	0.001	0.001	0.997
0.001	0.001	0.001	0.997
0.831	0.001	0.001	0.167
0.001	0.001	0.001	0.997
0.001	0.001	0.997	0.001
0.001	0.997	0.001	0.001
0.001	0.997	0.001	0.001
0.997	0.001	0.001	0.001
0.001	0.997	0.001	0.001
>CCCGTTTAAACG	20-CCCGTTTAAACG	11.103294	-20.894444	0	T:5.0(0.36%),B:1.9(0.01%),P:1e-9	Tpos:137.5,Tstd:48.8,Bpos:55.6,Bstd:24.8,StrandBias:2.3,Multiplicity:1.00
0.117	0.881	0.001	0.001
0.224	0.774	0.001	0.001
0.001	0.784	0.001	0.214
0.117	0.001	0.765	0.117
0.001	0.106	0.001	0.892
0.001	0.001	0.106	0.892
0.001	0.001	0.106	0.892
0.773	0.110	0.107	0.010
0.997	0.001	0.001	0.001
0.892	0.106	0.001	0.001
0.107	0.679	0.107	0.107
0.107	0.119	0.773	0.001
>GATTAATCAATT	21-GATTAATCAATT	13.549249	-19.942039	0	T:7.0(0.51%),B:5.8(0.02%),P:1e-8	Tpos:123.8,Tstd:43.3,Bpos:104.4,Bstd:51.7,StrandBias:0.6,Multiplicity:1.14
0.110	0.001	0.888	0.001
0.888	0.110	0.001	0.001
0.001	0.001	0.110	0.888
0.001	0.001	0.001	0.997
0.997	0.001	0.001	0.001
0.888	0.110	0.001	0.001
0.001	0.001	0.001	0.997
0.001	0.997	0.001	0.001
0.777	0.111	0.111	0.001
0.997	0.001	0.001	0.001
0.001	0.111	0.111	0.777
0.001	0.001	0.001	0.997
>CYTACTKACYKA	22-CYTACTKACYKA	13.529403	-17.689072	0	T:6.0(0.44%),B:4.5(0.01%),P:1e-7	Tpos:52.9,Tstd:36.2,Bpos:133.4,Bstd:53.9,StrandBias:2.1,Multiplicity:1.17
0.001	0.997	0.001	0.001
0.001	0.442	0.001	0.556
0.001	0.001	0.001	0.997
0.997	0.001	0.001	0.001
0.001	0.997	0.001	0.001
0.001	0.001	0.001	0.997
0.001	0.001	0.432	0.566
0.997	0.001	0.001	0.001
0.001	0.997	0.001	0.001
0.001	0.432	0.001	0.566
0.001	0.001	0.442	0.556
0.997	0.001	0.001	0.001
>AAACCAACAACA	23-AAACCAACAACA	12.355432	-16.067522	0	T:4.0(0.29%),B:2.0(0.01%),P:1e-6	Tpos:129.5,Tstd:38.7,Bpos:49.2,Bstd:35.2,StrandBias:0.0,Multiplicity:1.00
0.700	0.100	0.100	0.100
0.700	0.100	0.100	0.100
0.700	0.100	0.100	0.100
0.100	0.700	0.100	0.100
0.100	0.700	0.100	0.100
0.700	0.100	0.100	0.100
0.700	0.100	0.100	0.100
0.100	0.700	0.100	0.100
0.700	0.100	0.100	0.100
0.700	0.100	0.100	0.100
0.100	0.700	0.100	0.100
0.700	0.100	0.100	0.100
>GTAACCATGGTT	24-GTAACCATGGTT	9.242533	-15.325849	0	T:33.0(2.39%),B:291.4(0.85%),P:1e-6	Tpos:92.7,Tstd:51.1,Bpos:101.9,Bstd:45.7,StrandBias:0.0,Multiplicity:1.06
0.179	0.090	0.686	0.045
0.045	0.045	0.001	0.909
0.776	0.134	0.045	0.045
0.954	0.001	0.001	0.044
0.134	0.642	0.045	0.179
0.044	0.954	0.001	0.001
0.909	0.001	0.001	0.089
0.178	0.001	0.001	0.820
0.001	0.001	0.997	0.001
0.001	0.134	0.776	0.089
0.090	0.045	0.045	0.820
0.093	0.045	0.090	0.772
>TTTATTTATCTA	25-TTTATTTATCTA	12.712091	-7.516816	0	T:10.0(0.73%),B:69.0(0.20%),P:1e-3	Tpos:73.9,Tstd:47.6,Bpos:88.3,Bstd:59.0,StrandBias:-0.5,Multiplicity:1.20
0.001	0.001	0.001	0.997
0.056	0.001	0.001	0.942
0.001	0.001	0.071	0.927
0.942	0.001	0.001	0.056
0.001	0.001	0.001	0.997
0.072	0.072	0.001	0.855
0.071	0.001	0.001	0.927
0.997	0.001	0.001	0.001
0.001	0.001	0.001	0.997
0.042	0.568	0.001	0.389
0.056	0.001	0.001	0.942
0.965	0.001	0.001	0.033
>AWGGTTRC	1-AWGGTTRC	5.637159	-20.857443	0	T:174.0(12.62%),B:2701.5(7.88%),P:1e-9	Tpos:92.8,Tstd:55.3,Bpos:97.4,Bstd:56.3,StrandBias:0.2,Multiplicity:1.13
0.588	0.001	0.001	0.410
0.461	0.001	0.001	0.537
0.001	0.001	0.997	0.001
0.001	0.001	0.997	0.001
0.001	0.001	0.001	0.997
0.001	0.030	0.001	0.968
0.533	0.076	0.390	0.001
0.001	0.997	0.001	0.001
>AGTGATCA	2-AGTGATCA	7.240050	-18.563909	0	T:159.0(11.53%),B:2488.3(7.26%),P:1e-8	Tpos:99.6,Tstd:55.4,Bpos:99.9,Bstd:57.1,StrandBias:0.2,Multiplicity:1.04
0.863	0.076	0.001	0.060
0.001	0.001	0.880	0.118
0.001	0.015	0.001	0.983
0.024	0.028	0.891	0.057
0.853	0.014	0.039	0.094
0.072	0.001	0.001	0.926
0.001	0.725	0.259	0.015
0.873	0.001	0.096	0.030
>CGGCCCTA	3-CGGCCCTA	7.131533	-16.706136	0	T:53.0(3.84%),B:577.0(1.68%),P:1e-7	Tpos:111.4,Tstd:64.7,Bpos:100.9,Bstd:57.2,StrandBias:0.1,Multiplicity:1.02
0.014	0.984	0.001	0.001
0.022	0.001	0.936	0.041
0.115	0.011	0.776	0.098
0.009	0.925	0.042	0.024
0.024	0.922	0.053	0.001
0.144	0.628	0.001	0.227
0.001	0.009	0.001	0.989
0.877	0.105	0.001	0.017
>ACCCCCCC	4-ACCCCCCC	4.817140	-16.577489	0	T:282.0(20.45%),B:5178.6(15.11%),P:1e-7	Tpos:82.3,Tstd:54.5,Bpos:79.9,Bstd:62.4,StrandBias:0.8,Multiplicity:1.13
0.713	0.124	0.065	0.098
0.096	0.835	0.003	0.066
0.077	0.707	0.107	0.109
0.028	0.783	0.075	0.114
0.083	0.754	0.073	0.090
0.070	0.816	0.039	0.075
0.115	0.631	0.153	0.101
0.052	0.770	0.131	0.047
>ATGCAAAT	5-ATGCAAAT	6.199694	-15.650333	0	T:180.0(13.05%),B:3040.7(8.87%),P:1e-6	Tpos:98.2,Tstd:58.3,Bpos:88.9,Bstd:55.3,StrandBias:0.1,Multiplicity:1.13
0.997	0.001	0.001	0.001
0.001	0.001	0.001	0.997
0.001	0.121	0.877	0.001
0.001	0.997	0.001	0.001
0.887	0.001	0.001	0.111
0.886	0.001	0.001	0.112
0.997	0.001	0.001	0.001
0.001	0.080	0.001	0.918
>GGTCTCGC	6-GGTCTCGC	9.599646	-15.307013	0	T:32.0(2.32%),B:277.1(0.81%),P:1e-6	Tpos:99.8,Tstd:49.4,Bpos:105.8,Bstd:59.8,StrandBias:-0.3,Multiplicity:1.03
0.001	0.001	0.768	0.230
0.001	0.001	0.997	0.001
0.001	0.001	0.001	0.997
0.001	0.997	0.001	0.001
0.001	0.001	0.001	0.997
0.001	0.997	0.001	0.001
0.001	0.001	0.997	0.001
0.001	0.997	0.001	0.001
>AGCTGAGA	7-AGCTGAGA	8.999583	-15.060173	0	T:53.0(3.84%),B:608.8(1.78%),P:1e-6	Tpos:114.0,Tstd:49.8,Bpos:100.7,Bstd:57.5,StrandBias:0.1,Multiplicity:1.00
0.880	0.001	0.118	0.001
0.001	0.001	0.997	0.001
0.001	0.997	0.001	0.001
0.180	0.143	0.001	0.676
0.001	0.001	0.997	0.001
0.997	0.001	0.001	0.001
0.001	0.001	0.997	0.001
0.997	0.001	0.001	0.001
>TAAGTAAG	8-TAAGTAAG	8.583316	-7.422721	0	T:34.0(2.47%),B:455.7(1.33%),P:1e-3	Tpos:85.1,Tstd:53.6,Bpos:98.3,Bstd:60.5,StrandBias:-0.5,Multiplicity:1.32
0.001	0.001	0.001	0.997
0.997	0.001	0.001	0.001
0.997	0.001	0.001	0.001
0.001	0.001	0.997	0.001
0.001	0.001	0.001	0.997
0.997	0.001	0.001	0.001
0.884	0.001	0.114	0.001
0.001	0.001	0.728	0.270
