>NGTTACRTAA	1-NGTTACRTAA	7.126330	-195.217008	0	T:1130.0(30.32%),B:12710.5(17.23%),P:1e-84	Tpos:99.7,Tstd:49.4,Bpos:101.3,Bstd:86.0,StrandBias:0.1,Multiplicity:1.13
0.216	0.331	0.187	0.266
0.238	0.167	0.544	0.051
0.040	0.016	0.012	0.932
0.121	0.036	0.191	0.652
0.803	0.012	0.174	0.011
0.036	0.611	0.111	0.242
0.380	0.069	0.506	0.045
0.009	0.114	0.015	0.862
0.710	0.259	0.030	0.001
0.903	0.001	0.005	0.091
>CTATTGTVTT	2-CTATTGTVTT	6.819487	-72.372212	0	T:1492.0(40.03%),B:22813.8(30.92%),P:1e-31	Tpos:99.7,Tstd:52.2,Bpos:99.7,Bstd:93.4,StrandBias:0.0,Multiplicity:1.33
0.001	0.544	0.292	0.163
0.108	0.290	0.096	0.506
0.720	0.001	0.001	0.278
0.001	0.007	0.002	0.990
0.001	0.009	0.096	0.894
0.033	0.073	0.887	0.007
0.132	0.004	0.001	0.863
0.283	0.406	0.283	0.028
0.306	0.068	0.001	0.625
0.102	0.111	0.177	0.610
>GATATAATCC	3-GATATAATCC	6.853998	-52.478861	0	T:484.0(12.99%),B:6032.9(8.18%),P:1e-22	Tpos:97.7,Tstd:56.1,Bpos:101.5,Bstd:88.4,StrandBias:0.0,Multiplicity:1.07
0.318	0.079	0.552	0.051
0.779	0.102	0.001	0.118
0.104	0.059	0.147	0.690
0.716	0.001	0.247	0.036
0.001	0.031	0.259	0.709
0.997	0.001	0.001	0.001
0.986	0.011	0.002	0.001
0.001	0.001	0.198	0.800
0.180	0.543	0.091	0.186
0.063	0.745	0.191	0.001
>GCCATTGTTC	4-GCCATTGTTC	5.204901	-45.849393	0	T:1933.0(51.86%),B:32685.4(44.30%),P:1e-19	Tpos:100.1,Tstd:53.8,Bpos:99.6,Bstd:81.2,StrandBias:0.0,Multiplicity:1.33
0.126	0.122	0.611	0.141
0.139	0.626	0.107	0.128
0.144	0.663	0.105	0.088
0.749	0.015	0.109	0.127
0.086	0.080	0.052	0.782
0.018	0.094	0.124	0.764
0.120	0.099	0.713	0.068
0.123	0.107	0.012	0.758
0.154	0.114	0.097	0.635
0.089	0.699	0.080	0.132
>GGTCAAYGAC	5-GGTCAAYGAC	8.454628	-44.616366	0	T:119.0(3.19%),B:899.1(1.22%),P:1e-19	Tpos:105.2,Tstd:52.8,Bpos:100.4,Bstd:67.4,StrandBias:-0.1,Multiplicity:1.03
0.125	0.018	0.810	0.047
0.011	0.018	0.859	0.112
0.280	0.001	0.112	0.607
0.001	0.817	0.173	0.009
0.811	0.169	0.001	0.019
0.472	0.184	0.178	0.166
0.104	0.441	0.001	0.454
0.001	0.052	0.946	0.001
0.718	0.249	0.032	0.001
0.152	0.596	0.251	0.001
>AACAAAGAGC	6-AACAAAGAGC	6.931616	-41.911598	0	T:513.0(13.76%),B:6859.6(9.30%),P:1e-18	Tpos:99.1,Tstd:53.2,Bpos:99.6,Bstd:80.5,StrandBias:0.1,Multiplicity:1.07
0.768	0.062	0.082	0.088
0.783	0.076	0.064	0.077
0.111	0.795	0.038	0.056
0.749	0.076	0.096	0.079
0.839	0.031	0.055	0.075
0.868	0.042	0.055	0.035
0.094	0.032	0.826	0.048
0.758	0.081	0.054	0.107
0.074	0.070	0.821	0.035
0.089	0.798	0.062	0.051
>GAACAAAAGG	7-GAACAAAAGG	6.673645	-41.899927	0	T:992.0(26.62%),B:15184.6(20.58%),P:1e-18	Tpos:101.6,Tstd:53.7,Bpos:100.8,Bstd:81.0,StrandBias:-0.0,Multiplicity:1.13
0.123	0.107	0.656	0.114
0.741	0.081	0.078	0.100
0.947	0.026	0.014	0.013
0.070	0.769	0.085	0.076
0.874	0.068	0.023	0.035
0.885	0.045	0.025	0.045
0.843	0.030	0.023	0.104
0.882	0.043	0.054	0.021
0.109	0.080	0.740	0.071
0.149	0.093	0.671	0.087
>GCTTTGTGCC	8-GCTTTGTGCC	6.881109	-37.673580	0	T:366.0(9.82%),B:4614.3(6.25%),P:1e-16	Tpos:98.3,Tstd:51.6,Bpos:100.2,Bstd:66.6,StrandBias:0.2,Multiplicity:1.03
0.001	0.308	0.635	0.056
0.089	0.692	0.068	0.151
0.173	0.142	0.005	0.680
0.001	0.147	0.210	0.642
0.001	0.001	0.318	0.680
0.001	0.080	0.918	0.001
0.001	0.001	0.061	0.937
0.001	0.328	0.670	0.001
0.169	0.571	0.203	0.057
0.080	0.673	0.175	0.072
>GGCTTAGCCA	9-GGCTTAGCCA	6.764253	-33.876242	0	T:169.0(4.53%),B:1724.0(2.34%),P:1e-14	Tpos:101.8,Tstd:54.0,Bpos:103.6,Bstd:67.3,StrandBias:0.0,Multiplicity:1.04
0.101	0.045	0.803	0.051
0.072	0.070	0.804	0.054
0.035	0.877	0.057	0.031
0.048	0.101	0.055	0.796
0.170	0.055	0.038	0.737
0.797	0.080	0.053	0.070
0.022	0.063	0.872	0.043
0.089	0.809	0.063	0.039
0.112	0.771	0.037	0.080
0.741	0.079	0.109	0.071
>ACAAAGCGGA	10-ACAAAGCGGA	8.406240	-33.530752	0	T:141.0(3.78%),B:1342.2(1.82%),P:1e-14	Tpos:99.4,Tstd:51.3,Bpos:101.7,Bstd:76.2,StrandBias:-0.1,Multiplicity:1.01
0.844	0.148	0.007	0.001
0.001	0.792	0.094	0.113
0.997	0.001	0.001	0.001
0.997	0.001	0.001	0.001
0.829	0.001	0.169	0.001
0.001	0.106	0.729	0.164
0.118	0.684	0.001	0.197
0.001	0.207	0.631	0.161
0.001	0.001	0.785	0.213
0.546	0.332	0.121	0.001
>GGCCTAATCC	11-GGCCTAATCC	7.167258	-32.445959	0	T:125.0(3.35%),B:1146.3(1.55%),P:1e-14	Tpos:108.5,Tstd:51.2,Bpos:101.6,Bstd:72.1,StrandBias:0.3,Multiplicity:1.00
0.092	0.087	0.757	0.064
0.085	0.095	0.744	0.076
0.067	0.799	0.082	0.052
0.119	0.660	0.083	0.138
0.065	0.050	0.028	0.857
0.798	0.022	0.136	0.044
0.860	0.073	0.032	0.035
0.062	0.032	0.080	0.826
0.034	0.877	0.056	0.033
0.061	0.830	0.052	0.057
>RTBCHTTCAT	12-RTBCHTTCAT	5.836892	-30.814117	0	T:1433.0(38.45%),B:24069.2(32.62%),P:1e-13	Tpos:102.2,Tstd:54.5,Bpos:100.4,Bstd:94.0,StrandBias:0.1,Multiplicity:1.26
0.412	0.069	0.323	0.197
0.001	0.100	0.185	0.714
0.001	0.411	0.278	0.309
0.080	0.627	0.091	0.202
0.334	0.200	0.146	0.321
0.165	0.001	0.243	0.591
0.001	0.070	0.034	0.895
0.149	0.570	0.001	0.280
0.767	0.002	0.196	0.035
0.011	0.041	0.261	0.687
>GGGTGTGACG	13-GGGTGTGACG	8.419890	-29.815578	0	T:54.0(1.45%),B:322.2(0.44%),P:1e-12	Tpos:99.8,Tstd:55.9,Bpos:103.0,Bstd:53.8,StrandBias:-0.3,Multiplicity:1.00
0.018	0.032	0.798	0.152
0.153	0.050	0.665	0.132
0.070	0.272	0.490	0.168
0.209	0.001	0.041	0.749
0.027	0.268	0.491	0.215
0.219	0.041	0.001	0.739
0.075	0.090	0.812	0.023
0.822	0.001	0.142	0.035
0.020	0.905	0.001	0.074
0.028	0.074	0.781	0.117
>TATTGTATTG	14-TATTGTATTG	10.682668	-26.542911	0	T:93.0(2.50%),B:821.3(1.11%),P:1e-11	Tpos:101.2,Tstd:56.6,Bpos:101.2,Bstd:172.9,StrandBias:-0.1,Multiplicity:4.97
0.001	0.050	0.001	0.948
0.964	0.001	0.034	0.001
0.001	0.001	0.001	0.997
0.001	0.013	0.001	0.985
0.001	0.001	0.997	0.001
0.001	0.073	0.001	0.925
0.997	0.001	0.001	0.001
0.001	0.001	0.001	0.997
0.001	0.001	0.001	0.997
0.001	0.001	0.961	0.037
>GCCAGGCATT	15-GCCAGGCATT	10.370250	-26.107283	0	T:34.0(0.91%),B:156.5(0.21%),P:1e-11	Tpos:100.1,Tstd:59.3,Bpos:100.9,Bstd:72.0,StrandBias:0.1,Multiplicity:1.00
0.001	0.001	0.901	0.097
0.001	0.997	0.001	0.001
0.001	0.899	0.099	0.001
0.804	0.001	0.194	0.001
0.259	0.001	0.739	0.001
0.001	0.001	0.960	0.038
0.001	0.997	0.001	0.001
0.652	0.001	0.001	0.346
0.001	0.001	0.013	0.985
0.040	0.001	0.001	0.958
>TCACAACACG	16-TCACAACACG	7.167601	-25.332959	0	T:219.0(5.88%),B:2681.5(3.63%),P:1e-11	Tpos:98.1,Tstd:51.5,Bpos:99.7,Bstd:74.5,StrandBias:-0.4,Multiplicity:1.03
0.032	0.076	0.058	0.834
0.078	0.749	0.065	0.108
0.799	0.096	0.052	0.053
0.047	0.805	0.054	0.094
0.804	0.044	0.122	0.030
0.810	0.046	0.075	0.069
0.094	0.796	0.069	0.041
0.782	0.047	0.095	0.076
0.079	0.799	0.089	0.033
0.084	0.037	0.828	0.051
>CATGTACGAG	17-CATGTACGAG	9.098432	-23.551662	0	T:55.0(1.48%),B:393.7(0.53%),P:1e-10	Tpos:91.0,Tstd:53.4,Bpos:101.4,Bstd:74.9,StrandBias:-0.1,Multiplicity:1.02
0.001	0.917	0.081	0.001
0.917	0.081	0.001	0.001
0.001	0.074	0.074	0.851
0.001	0.001	0.997	0.001
0.001	0.001	0.114	0.884
0.908	0.001	0.001	0.090
0.124	0.874	0.001	0.001
0.024	0.001	0.937	0.038
0.712	0.001	0.085	0.202
0.001	0.001	0.997	0.001
>TTCATGCTGA	18-TTCATGCTGA	9.004952	-19.348828	0	T:51.0(1.37%),B:395.1(0.54%),P:1e-8	Tpos:121.1,Tstd:54.3,Bpos:103.4,Bstd:122.4,StrandBias:-0.1,Multiplicity:1.02
0.215	0.248	0.099	0.439
0.001	0.001	0.001	0.997
0.001	0.997	0.001	0.001
0.997	0.001	0.001	0.001
0.001	0.001	0.001	0.997
0.001	0.001	0.997	0.001
0.001	0.997	0.001	0.001
0.001	0.001	0.001	0.997
0.037	0.001	0.961	0.001
0.997	0.001	0.001	0.001
>CCATACAATA	19-CCATACAATA	9.093066	-19.316255	0	T:120.0(3.22%),B:1339.4(1.82%),P:1e-8	Tpos:104.7,Tstd:53.5,Bpos:97.9,Bstd:89.0,StrandBias:-0.2,Multiplicity:1.03
0.083	0.833	0.077	0.007
0.001	0.997	0.001	0.001
0.781	0.124	0.094	0.001
0.044	0.035	0.018	0.903
0.920	0.056	0.001	0.023
0.030	0.968	0.001	0.001
0.959	0.001	0.039	0.001
0.924	0.001	0.001	0.074
0.028	0.168	0.070	0.734
0.973	0.001	0.025	0.001
>TCARTGCTGA	20-TCARTGCTGA	10.259829	-15.876834	0	T:39.0(1.05%),B:294.7(0.40%),P:1e-6	Tpos:104.7,Tstd:48.9,Bpos:96.4,Bstd:64.1,StrandBias:0.4,Multiplicity:1.11
0.001	0.001	0.001	0.997
0.001	0.997	0.001	0.001
0.755	0.078	0.166	0.001
0.527	0.001	0.471	0.001
0.001	0.056	0.127	0.816
0.001	0.015	0.983	0.001
0.001	0.929	0.069	0.001
0.001	0.001	0.001	0.997
0.001	0.001	0.997	0.001
0.900	0.001	0.001	0.098
>TAAACTGCGG	21-TAAACTGCGG	10.296193	-14.350096	0	T:5.0(0.13%),B:3.9(0.01%),P:1e-6	Tpos:102.6,Tstd:48.1,Bpos:101.7,Bstd:49.4,StrandBias:10.0,Multiplicity:1.00
0.100	0.100	0.100	0.700
0.700	0.100	0.100	0.100
0.700	0.100	0.100	0.100
0.700	0.100	0.100	0.100
0.100	0.700	0.100	0.100
0.100	0.100	0.100	0.700
0.100	0.100	0.700	0.100
0.100	0.700	0.100	0.100
0.100	0.100	0.700	0.100
0.100	0.100	0.700	0.100
>GGGATGATGC	22-GGGATGATGC	10.296193	-12.953550	0	T:5.0(0.13%),B:4.1(0.01%),P:1e-5	Tpos:117.4,Tstd:30.3,Bpos:59.7,Bstd:37.4,StrandBias:-2.0,Multiplicity:1.00
0.100	0.100	0.700	0.100
0.100	0.100	0.700	0.100
0.100	0.100	0.700	0.100
0.700	0.100	0.100	0.100
0.100	0.100	0.100	0.700
0.100	0.100	0.700	0.100
0.700	0.100	0.100	0.100
0.100	0.100	0.100	0.700
0.100	0.100	0.700	0.100
0.100	0.700	0.100	0.100
>GMACTGCAAT	23-GMACTGCAAT	9.964489	-11.856688	0	T:46.0(1.23%),B:442.7(0.60%),P:1e-5	Tpos:106.4,Tstd:57.2,Bpos:95.6,Bstd:91.4,StrandBias:0.1,Multiplicity:1.27
0.001	0.001	0.997	0.001
0.489	0.509	0.001	0.001
0.997	0.001	0.001	0.001
0.215	0.783	0.001	0.001
0.001	0.172	0.001	0.826
0.001	0.135	0.863	0.001
0.001	0.849	0.001	0.149
0.834	0.061	0.001	0.104
0.630	0.001	0.368	0.001
0.001	0.081	0.001	0.917
>TTTTGTTTCG	24-TTTTGTTTCG	9.760769	-11.263093	0	T:89.0(2.39%),B:1088.5(1.48%),P:1e-4	Tpos:85.2,Tstd:53.9,Bpos:100.9,Bstd:93.4,StrandBias:0.3,Multiplicity:1.12
0.001	0.011	0.023	0.965
0.073	0.001	0.019	0.907
0.010	0.016	0.010	0.964
0.001	0.001	0.001	0.997
0.016	0.001	0.982	0.001
0.078	0.001	0.001	0.920
0.010	0.001	0.001	0.988
0.001	0.001	0.097	0.901
0.099	0.456	0.237	0.208
0.040	0.001	0.958	0.001
>AGTACAGTAC	25-AGTACAGTAC	10.477406	-8.302968	0	T:28.0(0.75%),B:261.6(0.35%),P:1e-3	Tpos:99.8,Tstd:58.5,Bpos:92.6,Bstd:69.5,StrandBias:-2.2,Multiplicity:1.85
0.997	0.001	0.001	0.001
0.001	0.070	0.928	0.001
0.001	0.001	0.001	0.997
0.933	0.001	0.065	0.001
0.072	0.926	0.001	0.001
0.997	0.001	0.001	0.001
0.001	0.001	0.997	0.001
0.001	0.043	0.001	0.955
0.997	0.001	0.001	0.001
0.001	0.997	0.001	0.001
