>NGTTACRTAA	1-NGTTACRTAA	7.126330	-195.217008	0	T:1130.0(30.32%),B:12710.5(17.23%),P:1e-84	Tpos:99.7,Tstd:49.4,Bpos:101.3,Bstd:86.0,StrandBias:0.1,Multiplicity:1.13
0.216	0.331	0.187	0.266
0.238	0.167	0.544	0.051
0.040	0.016	0.012	0.932
0.121	0.036	0.191	0.652
0.803	0.012	0.174	0.011
0.036	0.611	0.111	0.242
0.380	0.069	0.506	0.045
0.009	0.114	0.015	0.862
0.710	0.259	0.030	0.001
0.903	0.001	0.005	0.091
>CTATTGTVTT	2-CTATTGTVTT	6.819487	-72.372212	0	T:1492.0(40.03%),B:22813.8(30.92%),P:1e-31	Tpos:99.7,Tstd:52.2,Bpos:99.7,Bstd:93.4,StrandBias:0.0,Multiplicity:1.33
0.001	0.544	0.292	0.163
0.108	0.290	0.096	0.506
0.720	0.001	0.001	0.278
0.001	0.007	0.002	0.990
0.001	0.009	0.096	0.894
0.033	0.073	0.887	0.007
0.132	0.004	0.001	0.863
0.283	0.406	0.283	0.028
0.306	0.068	0.001	0.625
0.102	0.111	0.177	0.610
>GATATAATCC	3-GATATAATCC	6.853998	-52.478861	0	T:484.0(12.99%),B:6032.9(8.18%),P:1e-22	Tpos:97.7,Tstd:56.1,Bpos:101.5,Bstd:88.4,StrandBias:0.0,Multiplicity:1.07
0.318	0.079	0.552	0.051
0.779	0.102	0.001	0.118
0.104	0.059	0.147	0.690
0.716	0.001	0.247	0.036
0.001	0.031	0.259	0.709
0.997	0.001	0.001	0.001
0.986	0.011	0.002	0.001
0.001	0.001	0.198	0.800
0.180	0.543	0.091	0.186
0.063	0.745	0.191	0.001
>GCCATTGTTC	4-GCCATTGTTC	5.204901	-45.849393	0	T:1933.0(51.86%),B:32685.4(44.30%),P:1e-19	Tpos:100.1,Tstd:53.8,Bpos:99.6,Bstd:81.2,StrandBias:0.0,Multiplicity:1.33
0.126	0.122	0.611	0.141
0.139	0.626	0.107	0.128
0.144	0.663	0.105	0.088
0.749	0.015	0.109	0.127
0.086	0.080	0.052	0.782
0.018	0.094	0.124	0.764
0.120	0.099	0.713	0.068
0.123	0.107	0.012	0.758
0.154	0.114	0.097	0.635
0.089	0.699	0.080	0.132
>GGTCAAYGAC	5-GGTCAAYGAC	8.454628	-44.616366	0	T:119.0(3.19%),B:899.1(1.22%),P:1e-19	Tpos:105.2,Tstd:52.8,Bpos:100.4,Bstd:67.4,StrandBias:-0.1,Multiplicity:1.03
0.125	0.018	0.810	0.047
0.011	0.018	0.859	0.112
0.280	0.001	0.112	0.607
0.001	0.817	0.173	0.009
0.811	0.169	0.001	0.019
0.472	0.184	0.178	0.166
0.104	0.441	0.001	0.454
0.001	0.052	0.946	0.001
0.718	0.249	0.032	0.001
0.152	0.596	0.251	0.001
>AACAAAGAGC	6-AACAAAGAGC	6.931616	-41.911598	0	T:513.0(13.76%),B:6859.6(9.30%),P:1e-18	Tpos:99.1,Tstd:53.2,Bpos:99.6,Bstd:80.5,StrandBias:0.1,Multiplicity:1.07
0.768	0.062	0.082	0.088
0.783	0.076	0.064	0.077
0.111	0.795	0.038	0.056
0.749	0.076	0.096	0.079
0.839	0.031	0.055	0.075
0.868	0.042	0.055	0.035
0.094	0.032	0.826	0.048
0.758	0.081	0.054	0.107
0.074	0.070	0.821	0.035
0.089	0.798	0.062	0.051
>GAACAAAAGG	7-GAACAAAAGG	6.673645	-41.899927	0	T:992.0(26.62%),B:15184.6(20.58%),P:1e-18	Tpos:101.6,Tstd:53.7,Bpos:100.8,Bstd:81.0,StrandBias:-0.0,Multiplicity:1.13
0.123	0.107	0.656	0.114
0.741	0.081	0.078	0.100
0.947	0.026	0.014	0.013
0.070	0.769	0.085	0.076
0.874	0.068	0.023	0.035
0.885	0.045	0.025	0.045
0.843	0.030	0.023	0.104
0.882	0.043	0.054	0.021
0.109	0.080	0.740	0.071
0.149	0.093	0.671	0.087
>GCTTTGTGCC	8-GCTTTGTGCC	6.881109	-37.673580	0	T:366.0(9.82%),B:4614.3(6.25%),P:1e-16	Tpos:98.3,Tstd:51.6,Bpos:100.2,Bstd:66.6,StrandBias:0.2,Multiplicity:1.03
0.001	0.308	0.635	0.056
0.089	0.692	0.068	0.151
0.173	0.142	0.005	0.680
0.001	0.147	0.210	0.642
0.001	0.001	0.318	0.680
0.001	0.080	0.918	0.001
0.001	0.001	0.061	0.937
0.001	0.328	0.670	0.001
0.169	0.571	0.203	0.057
0.080	0.673	0.175	0.072
>GGCTTAGCCA	9-GGCTTAGCCA	6.764253	-33.876242	0	T:169.0(4.53%),B:1724.0(2.34%),P:1e-14	Tpos:101.8,Tstd:54.0,Bpos:103.6,Bstd:67.3,StrandBias:0.0,Multiplicity:1.04
0.101	0.045	0.803	0.051
0.072	0.070	0.804	0.054
0.035	0.877	0.057	0.031
0.048	0.101	0.055	0.796
0.170	0.055	0.038	0.737
0.797	0.080	0.053	0.070
0.022	0.063	0.872	0.043
0.089	0.809	0.063	0.039
0.112	0.771	0.037	0.080
0.741	0.079	0.109	0.071
>ACAAAGCGGA	10-ACAAAGCGGA	8.406240	-33.530752	0	T:141.0(3.78%),B:1342.2(1.82%),P:1e-14	Tpos:99.4,Tstd:51.3,Bpos:101.7,Bstd:76.2,StrandBias:-0.1,Multiplicity:1.01
0.844	0.148	0.007	0.001
0.001	0.792	0.094	0.113
0.997	0.001	0.001	0.001
0.997	0.001	0.001	0.001
0.829	0.001	0.169	0.001
0.001	0.106	0.729	0.164
0.118	0.684	0.001	0.197
0.001	0.207	0.631	0.161
0.001	0.001	0.785	0.213
0.546	0.332	0.121	0.001
>GGCCTAATCC	11-GGCCTAATCC	7.167258	-32.445959	0	T:125.0(3.35%),B:1146.3(1.55%),P:1e-14	Tpos:108.5,Tstd:51.2,Bpos:101.6,Bstd:72.1,StrandBias:0.3,Multiplicity:1.00
0.092	0.087	0.757	0.064
0.085	0.095	0.744	0.076
0.067	0.799	0.082	0.052
0.119	0.660	0.083	0.138
0.065	0.050	0.028	0.857
0.798	0.022	0.136	0.044
0.860	0.073	0.032	0.035
0.062	0.032	0.080	0.826
0.034	0.877	0.056	0.033
0.061	0.830	0.052	0.057
>RTBCHTTCAT	12-RTBCHTTCAT	5.836892	-30.814117	0	T:1433.0(38.45%),B:24069.2(32.62%),P:1e-13	Tpos:102.2,Tstd:54.5,Bpos:100.4,Bstd:94.0,StrandBias:0.1,Multiplicity:1.26
0.412	0.069	0.323	0.197
0.001	0.100	0.185	0.714
0.001	0.411	0.278	0.309
0.080	0.627	0.091	0.202
0.334	0.200	0.146	0.321
0.165	0.001	0.243	0.591
0.001	0.070	0.034	0.895
0.149	0.570	0.001	0.280
0.767	0.002	0.196	0.035
0.011	0.041	0.261	0.687
>GGGTGTGACG	13-GGGTGTGACG	8.419890	-29.815578	0	T:54.0(1.45%),B:322.2(0.44%),P:1e-12	Tpos:99.8,Tstd:55.9,Bpos:103.0,Bstd:53.8,StrandBias:-0.3,Multiplicity:1.00
0.018	0.032	0.798	0.152
0.153	0.050	0.665	0.132
0.070	0.272	0.490	0.168
0.209	0.001	0.041	0.749
0.027	0.268	0.491	0.215
0.219	0.041	0.001	0.739
0.075	0.090	0.812	0.023
0.822	0.001	0.142	0.035
0.020	0.905	0.001	0.074
0.028	0.074	0.781	0.117
>TATTGTATTG	14-TATTGTATTG	10.682668	-26.542911	0	T:93.0(2.50%),B:821.3(1.11%),P:1e-11	Tpos:101.2,Tstd:56.6,Bpos:101.2,Bstd:172.9,StrandBias:-0.1,Multiplicity:4.97
0.001	0.050	0.001	0.948
0.964	0.001	0.034	0.001
0.001	0.001	0.001	0.997
0.001	0.013	0.001	0.985
0.001	0.001	0.997	0.001
0.001	0.073	0.001	0.925
0.997	0.001	0.001	0.001
0.001	0.001	0.001	0.997
0.001	0.001	0.001	0.997
0.001	0.001	0.961	0.037
>GCCAGGCATT	15-GCCAGGCATT	10.370250	-26.107283	0	T:34.0(0.91%),B:156.5(0.21%),P:1e-11	Tpos:100.1,Tstd:59.3,Bpos:100.9,Bstd:72.0,StrandBias:0.1,Multiplicity:1.00
0.001	0.001	0.901	0.097
0.001	0.997	0.001	0.001
0.001	0.899	0.099	0.001
0.804	0.001	0.194	0.001
0.259	0.001	0.739	0.001
0.001	0.001	0.960	0.038
0.001	0.997	0.001	0.001
0.652	0.001	0.001	0.346
0.001	0.001	0.013	0.985
0.040	0.001	0.001	0.958
>TCACAACACG	16-TCACAACACG	7.167601	-25.332959	0	T:219.0(5.88%),B:2681.5(3.63%),P:1e-11	Tpos:98.1,Tstd:51.5,Bpos:99.7,Bstd:74.5,StrandBias:-0.4,Multiplicity:1.03
0.032	0.076	0.058	0.834
0.078	0.749	0.065	0.108
0.799	0.096	0.052	0.053
0.047	0.805	0.054	0.094
0.804	0.044	0.122	0.030
0.810	0.046	0.075	0.069
0.094	0.796	0.069	0.041
0.782	0.047	0.095	0.076
0.079	0.799	0.089	0.033
0.084	0.037	0.828	0.051
>CATGTACGAG	17-CATGTACGAG	9.098432	-23.551662	0	T:55.0(1.48%),B:393.7(0.53%),P:1e-10	Tpos:91.0,Tstd:53.4,Bpos:101.4,Bstd:74.9,StrandBias:-0.1,Multiplicity:1.02
0.001	0.917	0.081	0.001
0.917	0.081	0.001	0.001
0.001	0.074	0.074	0.851
0.001	0.001	0.997	0.001
0.001	0.001	0.114	0.884
0.908	0.001	0.001	0.090
0.124	0.874	0.001	0.001
0.024	0.001	0.937	0.038
0.712	0.001	0.085	0.202
0.001	0.001	0.997	0.001
>TTCATGCTGA	18-TTCATGCTGA	9.004952	-19.348828	0	T:51.0(1.37%),B:395.1(0.54%),P:1e-8	Tpos:121.1,Tstd:54.3,Bpos:103.4,Bstd:122.4,StrandBias:-0.1,Multiplicity:1.02
0.215	0.248	0.099	0.439
0.001	0.001	0.001	0.997
0.001	0.997	0.001	0.001
0.997	0.001	0.001	0.001
0.001	0.001	0.001	0.997
0.001	0.001	0.997	0.001
0.001	0.997	0.001	0.001
0.001	0.001	0.001	0.997
0.037	0.001	0.961	0.001
0.997	0.001	0.001	0.001
>CCATACAATA	19-CCATACAATA	9.093066	-19.316255	0	T:120.0(3.22%),B:1339.4(1.82%),P:1e-8	Tpos:104.7,Tstd:53.5,Bpos:97.9,Bstd:89.0,StrandBias:-0.2,Multiplicity:1.03
0.083	0.833	0.077	0.007
0.001	0.997	0.001	0.001
0.781	0.124	0.094	0.001
0.044	0.035	0.018	0.903
0.920	0.056	0.001	0.023
0.030	0.968	0.001	0.001
0.959	0.001	0.039	0.001
0.924	0.001	0.001	0.074
0.028	0.168	0.070	0.734
0.973	0.001	0.025	0.001
>TCARTGCTGA	20-TCARTGCTGA	10.259829	-15.876834	0	T:39.0(1.05%),B:294.7(0.40%),P:1e-6	Tpos:104.7,Tstd:48.9,Bpos:96.4,Bstd:64.1,StrandBias:0.4,Multiplicity:1.11
0.001	0.001	0.001	0.997
0.001	0.997	0.001	0.001
0.755	0.078	0.166	0.001
0.527	0.001	0.471	0.001
0.001	0.056	0.127	0.816
0.001	0.015	0.983	0.001
0.001	0.929	0.069	0.001
0.001	0.001	0.001	0.997
0.001	0.001	0.997	0.001
0.900	0.001	0.001	0.098
>TAAACTGCGG	21-TAAACTGCGG	10.296193	-14.350096	0	T:5.0(0.13%),B:3.9(0.01%),P:1e-6	Tpos:102.6,Tstd:48.1,Bpos:101.7,Bstd:49.4,StrandBias:10.0,Multiplicity:1.00
0.100	0.100	0.100	0.700
0.700	0.100	0.100	0.100
0.700	0.100	0.100	0.100
0.700	0.100	0.100	0.100
0.100	0.700	0.100	0.100
0.100	0.100	0.100	0.700
0.100	0.100	0.700	0.100
0.100	0.700	0.100	0.100
0.100	0.100	0.700	0.100
0.100	0.100	0.700	0.100
>GGGATGATGC	22-GGGATGATGC	10.296193	-12.953550	0	T:5.0(0.13%),B:4.1(0.01%),P:1e-5	Tpos:117.4,Tstd:30.3,Bpos:59.7,Bstd:37.4,StrandBias:-2.0,Multiplicity:1.00
0.100	0.100	0.700	0.100
0.100	0.100	0.700	0.100
0.100	0.100	0.700	0.100
0.700	0.100	0.100	0.100
0.100	0.100	0.100	0.700
0.100	0.100	0.700	0.100
0.700	0.100	0.100	0.100
0.100	0.100	0.100	0.700
0.100	0.100	0.700	0.100
0.100	0.700	0.100	0.100
>GMACTGCAAT	23-GMACTGCAAT	9.964489	-11.856688	0	T:46.0(1.23%),B:442.7(0.60%),P:1e-5	Tpos:106.4,Tstd:57.2,Bpos:95.6,Bstd:91.4,StrandBias:0.1,Multiplicity:1.27
0.001	0.001	0.997	0.001
0.489	0.509	0.001	0.001
0.997	0.001	0.001	0.001
0.215	0.783	0.001	0.001
0.001	0.172	0.001	0.826
0.001	0.135	0.863	0.001
0.001	0.849	0.001	0.149
0.834	0.061	0.001	0.104
0.630	0.001	0.368	0.001
0.001	0.081	0.001	0.917
>TTTTGTTTCG	24-TTTTGTTTCG	9.760769	-11.263093	0	T:89.0(2.39%),B:1088.5(1.48%),P:1e-4	Tpos:85.2,Tstd:53.9,Bpos:100.9,Bstd:93.4,StrandBias:0.3,Multiplicity:1.12
0.001	0.011	0.023	0.965
0.073	0.001	0.019	0.907
0.010	0.016	0.010	0.964
0.001	0.001	0.001	0.997
0.016	0.001	0.982	0.001
0.078	0.001	0.001	0.920
0.010	0.001	0.001	0.988
0.001	0.001	0.097	0.901
0.099	0.456	0.237	0.208
0.040	0.001	0.958	0.001
>AGTACAGTAC	25-AGTACAGTAC	10.477406	-8.302968	0	T:28.0(0.75%),B:261.6(0.35%),P:1e-3	Tpos:99.8,Tstd:58.5,Bpos:92.6,Bstd:69.5,StrandBias:-2.2,Multiplicity:1.85
0.997	0.001	0.001	0.001
0.001	0.070	0.928	0.001
0.001	0.001	0.001	0.997
0.933	0.001	0.065	0.001
0.072	0.926	0.001	0.001
0.997	0.001	0.001	0.001
0.001	0.001	0.997	0.001
0.001	0.043	0.001	0.955
0.997	0.001	0.001	0.001
0.001	0.997	0.001	0.001
>ATGTTACATAAC	1-ATGTTACATAAC	7.644123	-118.536547	0	T:752.0(20.18%),B:8499.6(11.52%),P:1e-51	Tpos:101.1,Tstd:48.9,Bpos:102.2,Bstd:97.1,StrandBias:0.2,Multiplicity:1.10
0.751	0.058	0.107	0.084
0.098	0.079	0.095	0.728
0.106	0.098	0.753	0.043
0.041	0.001	0.006	0.952
0.103	0.010	0.070	0.817
0.866	0.001	0.099	0.034
0.027	0.850	0.015	0.108
0.865	0.001	0.115	0.019
0.023	0.080	0.003	0.894
0.848	0.070	0.029	0.053
0.971	0.001	0.001	0.027
0.109	0.703	0.083	0.105
>GTTACGTCACGA	2-GTTACGTCACGA	6.939536	-89.253299	0	T:529.0(14.19%),B:5774.5(7.83%),P:1e-38	Tpos:101.7,Tstd:52.4,Bpos:100.4,Bstd:67.2,StrandBias:0.0,Multiplicity:1.07
0.100	0.072	0.683	0.145
0.085	0.001	0.001	0.913
0.100	0.071	0.197	0.632
0.779	0.018	0.035	0.168
0.089	0.783	0.020	0.108
0.050	0.092	0.824	0.034
0.094	0.145	0.033	0.728
0.157	0.755	0.054	0.034
0.932	0.001	0.011	0.056
0.068	0.729	0.100	0.103
0.213	0.134	0.576	0.077
0.655	0.096	0.123	0.126
>TGTHHNDACATG	3-TGTHHNDACATG	7.610865	-71.285106	0	T:632.0(16.96%),B:7836.1(10.62%),P:1e-30	Tpos:100.4,Tstd:52.1,Bpos:100.0,Bstd:82.9,StrandBias:-0.0,Multiplicity:1.15
0.068	0.001	0.001	0.930
0.001	0.001	0.997	0.001
0.113	0.154	0.001	0.732
0.210	0.341	0.148	0.302
0.228	0.335	0.140	0.296
0.225	0.201	0.311	0.263
0.305	0.001	0.412	0.282
0.708	0.001	0.076	0.215
0.001	0.997	0.001	0.001
0.788	0.001	0.001	0.210
0.065	0.209	0.142	0.584
0.001	0.001	0.984	0.014
>CAATAGGCTTTG	4-CAATAGGCTTTG	9.509897	-58.673984	0	T:148.0(3.97%),B:1077.8(1.46%),P:1e-25	Tpos:97.7,Tstd:51.4,Bpos:102.5,Bstd:77.0,StrandBias:-0.1,Multiplicity:1.01
0.001	0.997	0.001	0.001
0.980	0.018	0.001	0.001
0.961	0.037	0.001	0.001
0.202	0.053	0.001	0.744
0.802	0.001	0.080	0.117
0.244	0.032	0.695	0.029
0.045	0.323	0.593	0.039
0.048	0.756	0.010	0.186
0.238	0.038	0.019	0.705
0.073	0.025	0.172	0.730
0.038	0.001	0.001	0.960
0.155	0.035	0.671	0.139
>AGGTCAATGACC	5-AGGTCAATGACC	8.954525	-54.782530	0	T:143.0(3.84%),B:1063.6(1.44%),P:1e-23	Tpos:104.1,Tstd:49.5,Bpos:102.6,Bstd:73.9,StrandBias:0.1,Multiplicity:1.03
0.809	0.047	0.099	0.045
0.054	0.035	0.826	0.085
0.014	0.046	0.893	0.047
0.055	0.018	0.074	0.853
0.066	0.818	0.031	0.085
0.845	0.042	0.045	0.068
0.690	0.114	0.086	0.110
0.031	0.052	0.050	0.867
0.028	0.021	0.900	0.051
0.856	0.059	0.055	0.030
0.131	0.814	0.033	0.022
0.051	0.830	0.046	0.073
>CCGATTATATAA	6-CCGATTATATAA	8.862089	-47.489270	0	T:146.0(3.92%),B:1191.8(1.62%),P:1e-20	Tpos:108.9,Tstd:54.8,Bpos:105.0,Bstd:92.8,StrandBias:-0.2,Multiplicity:1.00
0.105	0.814	0.045	0.036
0.122	0.737	0.067	0.074
0.116	0.077	0.716	0.091
0.846	0.034	0.064	0.056
0.069	0.027	0.027	0.877
0.064	0.014	0.096	0.826
0.904	0.041	0.014	0.041
0.036	0.037	0.027	0.900
0.842	0.021	0.073	0.064
0.041	0.069	0.014	0.876
0.825	0.069	0.055	0.051
0.842	0.050	0.023	0.085
>AAAACAATGCCA	7-AAAACAATGCCA	9.154461	-43.011502	0	T:317.0(8.51%),B:3692.6(5.01%),P:1e-18	Tpos:95.1,Tstd:53.5,Bpos:100.6,Bstd:79.0,StrandBias:-0.0,Multiplicity:1.06
0.791	0.079	0.078	0.052
0.819	0.068	0.056	0.057
0.834	0.071	0.041	0.054
0.850	0.047	0.035	0.068
0.055	0.844	0.053	0.048
0.932	0.029	0.016	0.023
0.883	0.044	0.045	0.028
0.069	0.032	0.072	0.827
0.068	0.025	0.840	0.067
0.086	0.764	0.104	0.046
0.095	0.791	0.059	0.055
0.828	0.052	0.056	0.064
>AACAAAAAGGCM	8-AACAAAAAGGCM	7.097892	-41.913340	0	T:787.0(21.12%),B:11538.3(15.64%),P:1e-18	Tpos:100.5,Tstd:52.9,Bpos:100.2,Bstd:85.3,StrandBias:-0.2,Multiplicity:1.11
0.787	0.092	0.078	0.043
0.910	0.050	0.001	0.039
0.264	0.622	0.052	0.062
0.937	0.001	0.059	0.003
0.700	0.202	0.051	0.047
0.950	0.001	0.001	0.048
0.855	0.043	0.082	0.020
0.632	0.023	0.192	0.153
0.250	0.045	0.659	0.046
0.118	0.162	0.667	0.053
0.087	0.643	0.212	0.058
0.311	0.449	0.100	0.140
>GATATAATACGT	9-GATATAATACGT	9.296353	-40.615014	0	T:78.0(2.09%),B:479.1(0.65%),P:1e-17	Tpos:91.9,Tstd:52.4,Bpos:96.0,Bstd:77.1,StrandBias:-0.2,Multiplicity:1.06
0.104	0.063	0.786	0.047
0.826	0.001	0.110	0.063
0.075	0.111	0.054	0.760
0.877	0.016	0.063	0.044
0.053	0.117	0.032	0.798
0.864	0.032	0.032	0.072
0.888	0.016	0.016	0.080
0.026	0.075	0.047	0.852
0.854	0.067	0.047	0.032
0.086	0.782	0.063	0.069
0.078	0.048	0.830	0.044
0.056	0.040	0.016	0.888
>RTTCAATTGAGC	10-RTTCAATTGAGC	12.853115	-31.873551	0	T:15.0(0.40%),B:16.8(0.02%),P:1e-13	Tpos:116.9,Tstd:46.1,Bpos:77.5,Bstd:56.8,StrandBias:1.5,Multiplicity:1.00
0.387	0.001	0.425	0.187
0.001	0.001	0.386	0.612
0.001	0.001	0.001	0.997
0.005	0.993	0.001	0.001
0.811	0.187	0.001	0.001
0.997	0.001	0.001	0.001
0.001	0.001	0.001	0.997
0.187	0.001	0.001	0.811
0.187	0.001	0.811	0.001
0.997	0.001	0.001	0.001
0.001	0.001	0.997	0.001
0.001	0.799	0.199	0.001
>TTGTATTGTATT	11-TTGTATTGTATT	11.349839	-31.176986	0	T:77.0(2.07%),B:562.5(0.76%),P:1e-13	Tpos:103.8,Tstd:55.5,Bpos:101.9,Bstd:189.5,StrandBias:-0.1,Multiplicity:1.90
0.051	0.001	0.001	0.947
0.031	0.150	0.043	0.776
0.087	0.022	0.857	0.034
0.105	0.197	0.081	0.617
0.671	0.036	0.136	0.157
0.024	0.051	0.034	0.891
0.051	0.054	0.001	0.894
0.060	0.018	0.868	0.054
0.024	0.204	0.079	0.693
0.708	0.059	0.232	0.001
0.085	0.028	0.026	0.861
0.009	0.085	0.016	0.890
>TATTGTTCCTTT	12-TATTGTTCCTTT	7.149705	-30.786597	0	T:420.0(11.27%),B:5743.1(7.78%),P:1e-13	Tpos:101.1,Tstd:50.9,Bpos:100.1,Bstd:91.3,StrandBias:0.1,Multiplicity:1.07
0.065	0.064	0.044	0.827
0.825	0.019	0.078	0.078
0.050	0.052	0.065	0.833
0.012	0.031	0.035	0.922
0.075	0.037	0.821	0.067
0.047	0.051	0.073	0.829
0.048	0.097	0.059	0.796
0.062	0.824	0.061	0.053
0.056	0.783	0.082	0.079
0.073	0.071	0.041	0.815
0.063	0.062	0.034	0.841
0.044	0.028	0.038	0.890
>TGTATTAGCTGG	13-TGTATTAGCTGG	12.078852	-27.384856	0	T:9.0(0.24%),B:4.4(0.01%),P:1e-11	Tpos:110.4,Tstd:37.1,Bpos:118.5,Bstd:36.9,StrandBias:0.3,Multiplicity:1.00
0.025	0.001	0.050	0.924
0.001	0.050	0.924	0.025
0.082	0.253	0.051	0.614
0.640	0.092	0.101	0.167
0.025	0.001	0.025	0.949
0.101	0.127	0.101	0.671
0.832	0.076	0.025	0.067
0.051	0.064	0.784	0.101
0.076	0.874	0.025	0.025
0.076	0.001	0.051	0.872
0.127	0.077	0.631	0.165
0.133	0.001	0.599	0.267
>ATTTTATTCTAT	14-ATTTTATTCTAT	12.125536	-26.885696	0	T:27.0(0.72%),B:95.8(0.13%),P:1e-11	Tpos:102.6,Tstd:45.9,Bpos:89.2,Bstd:77.5,StrandBias:-0.1,Multiplicity:1.13
0.784	0.214	0.001	0.001
0.001	0.001	0.001	0.997
0.001	0.001	0.202	0.796
0.093	0.187	0.122	0.598
0.001	0.001	0.185	0.813
0.690	0.093	0.216	0.001
0.092	0.001	0.001	0.906
0.060	0.310	0.001	0.629
0.041	0.793	0.165	0.001
0.001	0.001	0.001	0.997
0.575	0.309	0.001	0.115
0.001	0.001	0.001	0.997
>TTATTCAGCATT	15-TTATTCAGCATT	14.222916	-26.567939	0	T:12.0(0.32%),B:12.7(0.02%),P:1e-11	Tpos:99.2,Tstd:58.0,Bpos:108.8,Bstd:80.2,StrandBias:1.6,Multiplicity:1.00
0.001	0.001	0.001	0.997
0.001	0.001	0.001	0.997
0.997	0.001	0.001	0.001
0.001	0.001	0.001	0.997
0.001	0.001	0.001	0.997
0.001	0.997	0.001	0.001
0.997	0.001	0.001	0.001
0.001	0.001	0.997	0.001
0.001	0.997	0.001	0.001
0.881	0.117	0.001	0.001
0.001	0.001	0.209	0.789
0.001	0.001	0.001	0.997
>GGGATTAAGGCA	16-GGGATTAAGGCA	8.891487	-26.304773	0	T:59.0(1.58%),B:409.0(0.55%),P:1e-11	Tpos:101.8,Tstd:52.4,Bpos:105.3,Bstd:66.2,StrandBias:-0.1,Multiplicity:1.07
0.097	0.041	0.806	0.056
0.081	0.020	0.843	0.056
0.093	0.061	0.783	0.063
0.868	0.020	0.051	0.061
0.050	0.001	0.020	0.929
0.062	0.020	0.081	0.837
0.902	0.096	0.001	0.001
0.837	0.041	0.041	0.081
0.089	0.056	0.768	0.087
0.096	0.089	0.763	0.052
0.036	0.830	0.063	0.071
0.842	0.061	0.041	0.056
>GGCAATTTGCCA	17-GGCAATTTGCCA	8.916549	-24.946455	0	T:87.0(2.33%),B:768.4(1.04%),P:1e-10	Tpos:100.8,Tstd:50.3,Bpos:99.2,Bstd:70.9,StrandBias:0.2,Multiplicity:1.02
0.093	0.057	0.792	0.058
0.049	0.011	0.911	0.029
0.085	0.863	0.006	0.046
0.836	0.089	0.046	0.029
0.779	0.068	0.072	0.081
0.092	0.094	0.069	0.745
0.032	0.102	0.046	0.820
0.060	0.023	0.034	0.883
0.087	0.034	0.794	0.085
0.030	0.870	0.045	0.055
0.056	0.887	0.034	0.023
0.828	0.080	0.023	0.069
>TATTGTGTAATC	18-TATTGTGTAATC	14.215753	-24.542115	0	T:10.0(0.27%),B:8.7(0.01%),P:1e-10	Tpos:88.5,Tstd:60.2,Bpos:82.4,Bstd:42.6,StrandBias:-0.6,Multiplicity:1.00
0.001	0.001	0.001	0.997
0.997	0.001	0.001	0.001
0.001	0.118	0.001	0.880
0.001	0.001	0.001	0.997
0.001	0.001	0.997	0.001
0.001	0.001	0.001	0.997
0.001	0.001	0.997	0.001
0.001	0.001	0.118	0.880
0.997	0.001	0.001	0.001
0.880	0.001	0.118	0.001
0.001	0.001	0.001	0.997
0.001	0.997	0.001	0.001
>TAAGCTATTGTC	19-TAAGCTATTGTC	12.320829	-23.631104	0	T:23.0(0.62%),B:79.1(0.11%),P:1e-10	Tpos:83.7,Tstd:52.7,Bpos:108.1,Bstd:70.8,StrandBias:0.0,Multiplicity:1.00
0.047	0.001	0.047	0.905
0.911	0.001	0.047	0.041
0.965	0.001	0.001	0.033
0.001	0.083	0.883	0.033
0.001	0.997	0.001	0.001
0.083	0.186	0.001	0.730
0.880	0.001	0.054	0.065
0.001	0.001	0.001	0.997
0.001	0.001	0.001	0.997
0.064	0.001	0.934	0.001
0.001	0.001	0.001	0.997
0.001	0.872	0.126	0.001
>AAACCATTCATT	20-AAACCATTCATT	9.002589	-23.087568	0	T:222.0(5.96%),B:2799.2(3.79%),P:1e-10	Tpos:101.6,Tstd:53.2,Bpos:101.9,Bstd:89.6,StrandBias:-0.1,Multiplicity:1.07
0.832	0.051	0.075	0.042
0.830	0.027	0.068	0.075
0.809	0.069	0.062	0.060
0.078	0.809	0.059	0.054
0.080	0.788	0.057	0.075
0.802	0.046	0.078	0.074
0.050	0.045	0.048	0.857
0.016	0.052	0.062	0.870
0.062	0.830	0.050	0.058
0.903	0.012	0.001	0.084
0.074	0.069	0.066	0.791
0.017	0.071	0.034	0.878
>AACAAAGAGCAG	21-AACAAAGAGCAG	8.949085	-22.696015	0	T:143.0(3.84%),B:1596.4(2.16%),P:1e-9	Tpos:95.6,Tstd:51.7,Bpos:99.8,Bstd:76.3,StrandBias:0.2,Multiplicity:1.07
0.803	0.042	0.079	0.076
0.882	0.035	0.022	0.061
0.069	0.856	0.038	0.037
0.914	0.031	0.044	0.011
0.848	0.051	0.037	0.064
0.899	0.040	0.022	0.039
0.038	0.086	0.832	0.044
0.812	0.064	0.092	0.032
0.052	0.071	0.814	0.063
0.049	0.800	0.074	0.077
0.827	0.034	0.059	0.080
0.143	0.049	0.718	0.090
>AATGAATGAATG	22-AATGAATGAATG	11.857736	-12.637667	0	T:29.0(0.78%),B:214.9(0.29%),P:1e-5	Tpos:122.8,Tstd:49.2,Bpos:96.1,Bstd:71.7,StrandBias:0.9,Multiplicity:1.14
0.947	0.030	0.001	0.022
0.963	0.021	0.015	0.001
0.050	0.001	0.001	0.948
0.001	0.001	0.997	0.001
0.997	0.001	0.001	0.001
0.950	0.011	0.038	0.001
0.001	0.001	0.001	0.997
0.019	0.001	0.979	0.001
0.941	0.012	0.001	0.046
0.997	0.001	0.001	0.001
0.001	0.001	0.023	0.975
0.001	0.001	0.997	0.001
>TGTACTGTACTG	23-TGTACTGTACTG	12.766223	-12.329645	0	T:17.0(0.46%),B:88.4(0.12%),P:1e-5	Tpos:103.5,Tstd:58.0,Bpos:82.6,Bstd:53.8,StrandBias:2.6,Multiplicity:1.12
0.001	0.001	0.033	0.965
0.001	0.001	0.997	0.001
0.001	0.001	0.001	0.997
0.918	0.040	0.001	0.041
0.001	0.997	0.001	0.001
0.001	0.039	0.001	0.959
0.001	0.052	0.918	0.029
0.001	0.051	0.001	0.947
0.997	0.001	0.001	0.001
0.001	0.997	0.001	0.001
0.001	0.001	0.051	0.947
0.039	0.001	0.959	0.001
>AGAGAGAGAGAG	24-AGAGAGAGAGAG	8.924656	-8.528544	0	T:26.0(0.70%),B:231.2(0.31%),P:1e-3	Tpos:88.9,Tstd:67.7,Bpos:98.3,Bstd:58.2,StrandBias:1.0,Multiplicity:1.08
0.706	0.078	0.098	0.118
0.149	0.136	0.602	0.113
0.720	0.074	0.092	0.114
0.147	0.134	0.612	0.107
0.722	0.071	0.089	0.118
0.155	0.133	0.621	0.091
0.726	0.066	0.093	0.115
0.148	0.125	0.624	0.103
0.729	0.073	0.086	0.112
0.152	0.117	0.625	0.106
0.697	0.070	0.094	0.139
0.148	0.113	0.616	0.123
>TGAACTTGATCC	25-TGAACTTGATCC	14.376858	-5.344992	0	T:2.0(0.05%),B:2.7(0.00%),P:1e-2	Tpos:113.0,Tstd:55.0,Bpos:22.7,Bstd:5.9,StrandBias:2.8,Multiplicity:4.00
0.001	0.001	0.001	0.997
0.001	0.001	0.997	0.001
0.997	0.001	0.001	0.001
0.997	0.001	0.001	0.001
0.001	0.997	0.001	0.001
0.001	0.001	0.001	0.997
0.001	0.001	0.001	0.997
0.001	0.001	0.997	0.001
0.890	0.001	0.001	0.108
0.001	0.001	0.001	0.997
0.001	0.997	0.001	0.001
0.001	0.997	0.001	0.001
>TTAYRTAA	1-TTAYRTAA	6.602829	-157.166457	0	T:1171.0(31.42%),B:14266.9(19.34%),P:1e-68	Tpos:100.1,Tstd:50.9,Bpos:101.3,Bstd:91.4,StrandBias:-0.0,Multiplicity:1.16
0.106	0.023	0.012	0.859
0.001	0.027	0.306	0.666
0.901	0.013	0.038	0.048
0.001	0.445	0.065	0.489
0.497	0.001	0.490	0.012
0.065	0.030	0.012	0.893
0.865	0.095	0.005	0.035
0.887	0.014	0.098	0.001
>GGCWTTGT	2-GGCWTTGT	5.857478	-105.223193	0	T:2224.0(59.67%),B:35418.0(48.01%),P:1e-45	Tpos:99.8,Tstd:53.3,Bpos:99.9,Bstd:82.8,StrandBias:0.0,Multiplicity:1.45
0.001	0.422	0.576	0.001
0.001	0.261	0.626	0.112
0.001	0.665	0.001	0.333
0.502	0.001	0.001	0.496
0.001	0.001	0.001	0.997
0.001	0.001	0.001	0.997
0.308	0.001	0.690	0.001
0.001	0.001	0.001	0.997
>GTTACATA	3-GTTACATA	7.265230	-53.428462	0	T:568.0(15.24%),B:7359.6(9.98%),P:1e-23	Tpos:99.8,Tstd:52.6,Bpos:100.1,Bstd:83.2,StrandBias:0.3,Multiplicity:1.05
0.033	0.033	0.933	0.001
0.001	0.001	0.001	0.997
0.001	0.013	0.001	0.985
0.681	0.004	0.314	0.001
0.150	0.691	0.158	0.001
0.661	0.223	0.025	0.091
0.001	0.348	0.001	0.650
0.652	0.314	0.033	0.001
>GGACAATG	4-GGACAATG	5.630529	-48.550731	0	T:1358.0(36.44%),B:21527.1(29.18%),P:1e-21	Tpos:98.2,Tstd:54.2,Bpos:99.9,Bstd:79.9,StrandBias:0.0,Multiplicity:1.16
0.046	0.064	0.889	0.001
0.124	0.056	0.772	0.048
0.822	0.001	0.001	0.176
0.001	0.952	0.021	0.026
0.997	0.001	0.001	0.001
0.902	0.054	0.043	0.001
0.036	0.082	0.001	0.881
0.092	0.053	0.780	0.075
>AGGGMTTA	5-AGGGMTTA	6.360326	-48.453770	0	T:595.0(15.96%),B:7979.9(10.82%),P:1e-21	Tpos:100.7,Tstd:54.1,Bpos:102.5,Bstd:78.6,StrandBias:-0.0,Multiplicity:1.12
0.459	0.230	0.229	0.082
0.001	0.202	0.656	0.141
0.096	0.001	0.902	0.001
0.001	0.068	0.930	0.001
0.416	0.446	0.001	0.137
0.001	0.001	0.001	0.997
0.001	0.001	0.204	0.794
0.997	0.001	0.001	0.001
>ATCCGGTC	6-ATCCGGTC	5.463276	-31.257964	0	T:497.0(13.34%),B:7019.1(9.51%),P:1e-13	Tpos:99.3,Tstd:55.1,Bpos:100.2,Bstd:72.3,StrandBias:0.1,Multiplicity:1.08
0.743	0.083	0.079	0.095
0.086	0.114	0.109	0.691
0.009	0.895	0.042	0.054
0.044	0.816	0.080	0.060
0.099	0.089	0.629	0.183
0.097	0.092	0.700	0.111
0.025	0.107	0.063	0.805
0.066	0.728	0.100	0.106
>TGAAAGCC	7-TGAAAGCC	5.060695	-26.732890	0	T:1177.0(31.58%),B:19537.8(26.48%),P:1e-11	Tpos:100.2,Tstd:54.7,Bpos:99.8,Bstd:75.7,StrandBias:-0.0,Multiplicity:1.21
0.086	0.082	0.071	0.761
0.062	0.152	0.757	0.029
0.762	0.092	0.075	0.071
0.850	0.044	0.052	0.054
0.658	0.094	0.128	0.120
0.086	0.069	0.708	0.137
0.078	0.798	0.092	0.032
0.082	0.715	0.178	0.025
>CTCAATTC	8-CTCAATTC	5.257435	-24.667821	0	T:1138.0(30.53%),B:18962.7(25.70%),P:1e-10	Tpos:100.7,Tstd:55.9,Bpos:99.9,Bstd:82.9,StrandBias:0.0,Multiplicity:1.18
0.124	0.705	0.059	0.112
0.082	0.082	0.056	0.780
0.054	0.741	0.125	0.080
0.658	0.112	0.045	0.185
0.804	0.047	0.099	0.050
0.086	0.019	0.087	0.808
0.071	0.058	0.132	0.739
0.104	0.770	0.118	0.008
>TTGTATTG	9-TTGTATTG	1.910777	-24.229348	0	T:1723.0(46.23%),B:30187.9(40.92%),P:1e-10	Tpos:98.2,Tstd:54.9,Bpos:100.2,Bstd:98.9,StrandBias:0.0,Multiplicity:1.75
0.001	0.001	0.001	0.997
0.001	0.033	0.001	0.965
0.001	0.001	0.997	0.001
0.001	0.105	0.001	0.893
0.997	0.001	0.001	0.001
0.001	0.001	0.001	0.997
0.001	0.001	0.001	0.997
0.001	0.001	0.997	0.001
>ACAAAAGT	10-ACAAAAGT	8.552208	-22.052063	0	T:294.0(7.89%),B:4004.9(5.43%),P:1e-9	Tpos:98.9,Tstd:52.7,Bpos:100.8,Bstd:87.8,StrandBias:0.1,Multiplicity:1.04
0.855	0.143	0.001	0.001
0.001	0.927	0.071	0.001
0.997	0.001	0.001	0.001
0.921	0.077	0.001	0.001
0.655	0.001	0.001	0.343
0.997	0.001	0.001	0.001
0.001	0.001	0.997	0.001
0.001	0.001	0.001	0.997
>GACATGTT	11-GACATGTT	7.842671	-19.831268	0	T:349.0(9.36%),B:5026.1(6.81%),P:1e-8	Tpos:102.2,Tstd:55.7,Bpos:101.8,Bstd:85.2,StrandBias:-0.1,Multiplicity:1.07
0.088	0.001	0.624	0.287
0.997	0.001	0.001	0.001
0.001	0.997	0.001	0.001
0.923	0.001	0.075	0.001
0.001	0.084	0.072	0.843
0.001	0.001	0.997	0.001
0.001	0.001	0.001	0.997
0.001	0.001	0.001	0.997
>CCAGACAA	12-CCAGACAA	8.200134	-18.942309	0	T:199.0(5.34%),B:2573.6(3.49%),P:1e-8	Tpos:102.5,Tstd:55.3,Bpos:98.6,Bstd:73.6,StrandBias:0.3,Multiplicity:1.02
0.001	0.997	0.001	0.001
0.001	0.846	0.152	0.001
0.899	0.099	0.001	0.001
0.001	0.001	0.997	0.001
0.763	0.089	0.001	0.147
0.001	0.880	0.001	0.118
0.997	0.001	0.001	0.001
0.997	0.001	0.001	0.001
>TTGCGTAA	13-TTGCGTAA	7.505246	-17.820071	0	T:156.0(4.19%),B:1929.4(2.62%),P:1e-7	Tpos:96.1,Tstd:55.0,Bpos:97.2,Bstd:70.7,StrandBias:0.2,Multiplicity:1.02
0.001	0.001	0.067	0.931
0.001	0.001	0.001	0.997
0.001	0.135	0.863	0.001
0.001	0.997	0.001	0.001
0.001	0.001	0.997	0.001
0.001	0.001	0.001	0.997
0.774	0.224	0.001	0.001
0.997	0.001	0.001	0.001
>GATGAATG	14-GATGAATG	4.153511	-15.830865	0	T:512.0(13.74%),B:8116.8(11.00%),P:1e-6	Tpos:100.7,Tstd:53.1,Bpos:100.0,Bstd:85.4,StrandBias:0.2,Multiplicity:1.23
0.280	0.001	0.718	0.001
0.997	0.001	0.001	0.001
0.009	0.001	0.001	0.989
0.001	0.001	0.997	0.001
0.997	0.001	0.001	0.001
0.997	0.001	0.001	0.001
0.001	0.001	0.001	0.997
0.001	0.001	0.997	0.001
>TAATGAAC	15-TAATGAAC	8.652309	-15.599952	0	T:231.0(6.20%),B:3229.1(4.38%),P:1e-6	Tpos:98.7,Tstd:51.9,Bpos:96.7,Bstd:85.5,StrandBias:0.0,Multiplicity:1.04
0.001	0.001	0.001	0.997
0.997	0.001	0.001	0.001
0.780	0.001	0.001	0.218
0.001	0.001	0.001	0.997
0.001	0.001	0.997	0.001
0.997	0.001	0.001	0.001
0.703	0.182	0.001	0.114
0.001	0.997	0.001	0.001
>GATCCCAT	16-GATCCCAT	8.236954	-8.136390	0	T:25.0(0.67%),B:224.6(0.30%),P:1e-3	Tpos:111.6,Tstd:55.5,Bpos:95.0,Bstd:90.6,StrandBias:-0.1,Multiplicity:1.39
0.100	0.100	0.700	0.100
0.700	0.100	0.100	0.100
0.100	0.100	0.100	0.700
0.100	0.700	0.100	0.100
0.100	0.700	0.100	0.100
0.100	0.700	0.100	0.100
0.700	0.100	0.100	0.100
0.100	0.100	0.100	0.700
