>ATGTTACATAAC	1-ATGTTACATAAC	7.644123	-118.536547	0	T:752.0(20.18%),B:8499.6(11.52%),P:1e-51	Tpos:101.1,Tstd:48.9,Bpos:102.2,Bstd:97.1,StrandBias:0.2,Multiplicity:1.10
0.751	0.058	0.107	0.084
0.098	0.079	0.095	0.728
0.106	0.098	0.753	0.043
0.041	0.001	0.006	0.952
0.103	0.010	0.070	0.817
0.866	0.001	0.099	0.034
0.027	0.850	0.015	0.108
0.865	0.001	0.115	0.019
0.023	0.080	0.003	0.894
0.848	0.070	0.029	0.053
0.971	0.001	0.001	0.027
0.109	0.703	0.083	0.105
>GTTACGTCACGA	2-GTTACGTCACGA	6.939536	-89.253299	0	T:529.0(14.19%),B:5774.5(7.83%),P:1e-38	Tpos:101.7,Tstd:52.4,Bpos:100.4,Bstd:67.2,StrandBias:0.0,Multiplicity:1.07
0.100	0.072	0.683	0.145
0.085	0.001	0.001	0.913
0.100	0.071	0.197	0.632
0.779	0.018	0.035	0.168
0.089	0.783	0.020	0.108
0.050	0.092	0.824	0.034
0.094	0.145	0.033	0.728
0.157	0.755	0.054	0.034
0.932	0.001	0.011	0.056
0.068	0.729	0.100	0.103
0.213	0.134	0.576	0.077
0.655	0.096	0.123	0.126
>TGTHHNDACATG	3-TGTHHNDACATG	7.610865	-71.285106	0	T:632.0(16.96%),B:7836.1(10.62%),P:1e-30	Tpos:100.4,Tstd:52.1,Bpos:100.0,Bstd:82.9,StrandBias:-0.0,Multiplicity:1.15
0.068	0.001	0.001	0.930
0.001	0.001	0.997	0.001
0.113	0.154	0.001	0.732
0.210	0.341	0.148	0.302
0.228	0.335	0.140	0.296
0.225	0.201	0.311	0.263
0.305	0.001	0.412	0.282
0.708	0.001	0.076	0.215
0.001	0.997	0.001	0.001
0.788	0.001	0.001	0.210
0.065	0.209	0.142	0.584
0.001	0.001	0.984	0.014
>CAATAGGCTTTG	4-CAATAGGCTTTG	9.509897	-58.673984	0	T:148.0(3.97%),B:1077.8(1.46%),P:1e-25	Tpos:97.7,Tstd:51.4,Bpos:102.5,Bstd:77.0,StrandBias:-0.1,Multiplicity:1.01
0.001	0.997	0.001	0.001
0.980	0.018	0.001	0.001
0.961	0.037	0.001	0.001
0.202	0.053	0.001	0.744
0.802	0.001	0.080	0.117
0.244	0.032	0.695	0.029
0.045	0.323	0.593	0.039
0.048	0.756	0.010	0.186
0.238	0.038	0.019	0.705
0.073	0.025	0.172	0.730
0.038	0.001	0.001	0.960
0.155	0.035	0.671	0.139
>AGGTCAATGACC	5-AGGTCAATGACC	8.954525	-54.782530	0	T:143.0(3.84%),B:1063.6(1.44%),P:1e-23	Tpos:104.1,Tstd:49.5,Bpos:102.6,Bstd:73.9,StrandBias:0.1,Multiplicity:1.03
0.809	0.047	0.099	0.045
0.054	0.035	0.826	0.085
0.014	0.046	0.893	0.047
0.055	0.018	0.074	0.853
0.066	0.818	0.031	0.085
0.845	0.042	0.045	0.068
0.690	0.114	0.086	0.110
0.031	0.052	0.050	0.867
0.028	0.021	0.900	0.051
0.856	0.059	0.055	0.030
0.131	0.814	0.033	0.022
0.051	0.830	0.046	0.073
>CCGATTATATAA	6-CCGATTATATAA	8.862089	-47.489270	0	T:146.0(3.92%),B:1191.8(1.62%),P:1e-20	Tpos:108.9,Tstd:54.8,Bpos:105.0,Bstd:92.8,StrandBias:-0.2,Multiplicity:1.00
0.105	0.814	0.045	0.036
0.122	0.737	0.067	0.074
0.116	0.077	0.716	0.091
0.846	0.034	0.064	0.056
0.069	0.027	0.027	0.877
0.064	0.014	0.096	0.826
0.904	0.041	0.014	0.041
0.036	0.037	0.027	0.900
0.842	0.021	0.073	0.064
0.041	0.069	0.014	0.876
0.825	0.069	0.055	0.051
0.842	0.050	0.023	0.085
>AAAACAATGCCA	7-AAAACAATGCCA	9.154461	-43.011502	0	T:317.0(8.51%),B:3692.6(5.01%),P:1e-18	Tpos:95.1,Tstd:53.5,Bpos:100.6,Bstd:79.0,StrandBias:-0.0,Multiplicity:1.06
0.791	0.079	0.078	0.052
0.819	0.068	0.056	0.057
0.834	0.071	0.041	0.054
0.850	0.047	0.035	0.068
0.055	0.844	0.053	0.048
0.932	0.029	0.016	0.023
0.883	0.044	0.045	0.028
0.069	0.032	0.072	0.827
0.068	0.025	0.840	0.067
0.086	0.764	0.104	0.046
0.095	0.791	0.059	0.055
0.828	0.052	0.056	0.064
>AACAAAAAGGCM	8-AACAAAAAGGCM	7.097892	-41.913340	0	T:787.0(21.12%),B:11538.3(15.64%),P:1e-18	Tpos:100.5,Tstd:52.9,Bpos:100.2,Bstd:85.3,StrandBias:-0.2,Multiplicity:1.11
0.787	0.092	0.078	0.043
0.910	0.050	0.001	0.039
0.264	0.622	0.052	0.062
0.937	0.001	0.059	0.003
0.700	0.202	0.051	0.047
0.950	0.001	0.001	0.048
0.855	0.043	0.082	0.020
0.632	0.023	0.192	0.153
0.250	0.045	0.659	0.046
0.118	0.162	0.667	0.053
0.087	0.643	0.212	0.058
0.311	0.449	0.100	0.140
>GATATAATACGT	9-GATATAATACGT	9.296353	-40.615014	0	T:78.0(2.09%),B:479.1(0.65%),P:1e-17	Tpos:91.9,Tstd:52.4,Bpos:96.0,Bstd:77.1,StrandBias:-0.2,Multiplicity:1.06
0.104	0.063	0.786	0.047
0.826	0.001	0.110	0.063
0.075	0.111	0.054	0.760
0.877	0.016	0.063	0.044
0.053	0.117	0.032	0.798
0.864	0.032	0.032	0.072
0.888	0.016	0.016	0.080
0.026	0.075	0.047	0.852
0.854	0.067	0.047	0.032
0.086	0.782	0.063	0.069
0.078	0.048	0.830	0.044
0.056	0.040	0.016	0.888
>RTTCAATTGAGC	10-RTTCAATTGAGC	12.853115	-31.873551	0	T:15.0(0.40%),B:16.8(0.02%),P:1e-13	Tpos:116.9,Tstd:46.1,Bpos:77.5,Bstd:56.8,StrandBias:1.5,Multiplicity:1.00
0.387	0.001	0.425	0.187
0.001	0.001	0.386	0.612
0.001	0.001	0.001	0.997
0.005	0.993	0.001	0.001
0.811	0.187	0.001	0.001
0.997	0.001	0.001	0.001
0.001	0.001	0.001	0.997
0.187	0.001	0.001	0.811
0.187	0.001	0.811	0.001
0.997	0.001	0.001	0.001
0.001	0.001	0.997	0.001
0.001	0.799	0.199	0.001
>TTGTATTGTATT	11-TTGTATTGTATT	11.349839	-31.176986	0	T:77.0(2.07%),B:562.5(0.76%),P:1e-13	Tpos:103.8,Tstd:55.5,Bpos:101.9,Bstd:189.5,StrandBias:-0.1,Multiplicity:1.90
0.051	0.001	0.001	0.947
0.031	0.150	0.043	0.776
0.087	0.022	0.857	0.034
0.105	0.197	0.081	0.617
0.671	0.036	0.136	0.157
0.024	0.051	0.034	0.891
0.051	0.054	0.001	0.894
0.060	0.018	0.868	0.054
0.024	0.204	0.079	0.693
0.708	0.059	0.232	0.001
0.085	0.028	0.026	0.861
0.009	0.085	0.016	0.890
>TATTGTTCCTTT	12-TATTGTTCCTTT	7.149705	-30.786597	0	T:420.0(11.27%),B:5743.1(7.78%),P:1e-13	Tpos:101.1,Tstd:50.9,Bpos:100.1,Bstd:91.3,StrandBias:0.1,Multiplicity:1.07
0.065	0.064	0.044	0.827
0.825	0.019	0.078	0.078
0.050	0.052	0.065	0.833
0.012	0.031	0.035	0.922
0.075	0.037	0.821	0.067
0.047	0.051	0.073	0.829
0.048	0.097	0.059	0.796
0.062	0.824	0.061	0.053
0.056	0.783	0.082	0.079
0.073	0.071	0.041	0.815
0.063	0.062	0.034	0.841
0.044	0.028	0.038	0.890
>TGTATTAGCTGG	13-TGTATTAGCTGG	12.078852	-27.384856	0	T:9.0(0.24%),B:4.4(0.01%),P:1e-11	Tpos:110.4,Tstd:37.1,Bpos:118.5,Bstd:36.9,StrandBias:0.3,Multiplicity:1.00
0.025	0.001	0.050	0.924
0.001	0.050	0.924	0.025
0.082	0.253	0.051	0.614
0.640	0.092	0.101	0.167
0.025	0.001	0.025	0.949
0.101	0.127	0.101	0.671
0.832	0.076	0.025	0.067
0.051	0.064	0.784	0.101
0.076	0.874	0.025	0.025
0.076	0.001	0.051	0.872
0.127	0.077	0.631	0.165
0.133	0.001	0.599	0.267
>ATTTTATTCTAT	14-ATTTTATTCTAT	12.125536	-26.885696	0	T:27.0(0.72%),B:95.8(0.13%),P:1e-11	Tpos:102.6,Tstd:45.9,Bpos:89.2,Bstd:77.5,StrandBias:-0.1,Multiplicity:1.13
0.784	0.214	0.001	0.001
0.001	0.001	0.001	0.997
0.001	0.001	0.202	0.796
0.093	0.187	0.122	0.598
0.001	0.001	0.185	0.813
0.690	0.093	0.216	0.001
0.092	0.001	0.001	0.906
0.060	0.310	0.001	0.629
0.041	0.793	0.165	0.001
0.001	0.001	0.001	0.997
0.575	0.309	0.001	0.115
0.001	0.001	0.001	0.997
>TTATTCAGCATT	15-TTATTCAGCATT	14.222916	-26.567939	0	T:12.0(0.32%),B:12.7(0.02%),P:1e-11	Tpos:99.2,Tstd:58.0,Bpos:108.8,Bstd:80.2,StrandBias:1.6,Multiplicity:1.00
0.001	0.001	0.001	0.997
0.001	0.001	0.001	0.997
0.997	0.001	0.001	0.001
0.001	0.001	0.001	0.997
0.001	0.001	0.001	0.997
0.001	0.997	0.001	0.001
0.997	0.001	0.001	0.001
0.001	0.001	0.997	0.001
0.001	0.997	0.001	0.001
0.881	0.117	0.001	0.001
0.001	0.001	0.209	0.789
0.001	0.001	0.001	0.997
>GGGATTAAGGCA	16-GGGATTAAGGCA	8.891487	-26.304773	0	T:59.0(1.58%),B:409.0(0.55%),P:1e-11	Tpos:101.8,Tstd:52.4,Bpos:105.3,Bstd:66.2,StrandBias:-0.1,Multiplicity:1.07
0.097	0.041	0.806	0.056
0.081	0.020	0.843	0.056
0.093	0.061	0.783	0.063
0.868	0.020	0.051	0.061
0.050	0.001	0.020	0.929
0.062	0.020	0.081	0.837
0.902	0.096	0.001	0.001
0.837	0.041	0.041	0.081
0.089	0.056	0.768	0.087
0.096	0.089	0.763	0.052
0.036	0.830	0.063	0.071
0.842	0.061	0.041	0.056
>GGCAATTTGCCA	17-GGCAATTTGCCA	8.916549	-24.946455	0	T:87.0(2.33%),B:768.4(1.04%),P:1e-10	Tpos:100.8,Tstd:50.3,Bpos:99.2,Bstd:70.9,StrandBias:0.2,Multiplicity:1.02
0.093	0.057	0.792	0.058
0.049	0.011	0.911	0.029
0.085	0.863	0.006	0.046
0.836	0.089	0.046	0.029
0.779	0.068	0.072	0.081
0.092	0.094	0.069	0.745
0.032	0.102	0.046	0.820
0.060	0.023	0.034	0.883
0.087	0.034	0.794	0.085
0.030	0.870	0.045	0.055
0.056	0.887	0.034	0.023
0.828	0.080	0.023	0.069
>TATTGTGTAATC	18-TATTGTGTAATC	14.215753	-24.542115	0	T:10.0(0.27%),B:8.7(0.01%),P:1e-10	Tpos:88.5,Tstd:60.2,Bpos:82.4,Bstd:42.6,StrandBias:-0.6,Multiplicity:1.00
0.001	0.001	0.001	0.997
0.997	0.001	0.001	0.001
0.001	0.118	0.001	0.880
0.001	0.001	0.001	0.997
0.001	0.001	0.997	0.001
0.001	0.001	0.001	0.997
0.001	0.001	0.997	0.001
0.001	0.001	0.118	0.880
0.997	0.001	0.001	0.001
0.880	0.001	0.118	0.001
0.001	0.001	0.001	0.997
0.001	0.997	0.001	0.001
>TAAGCTATTGTC	19-TAAGCTATTGTC	12.320829	-23.631104	0	T:23.0(0.62%),B:79.1(0.11%),P:1e-10	Tpos:83.7,Tstd:52.7,Bpos:108.1,Bstd:70.8,StrandBias:0.0,Multiplicity:1.00
0.047	0.001	0.047	0.905
0.911	0.001	0.047	0.041
0.965	0.001	0.001	0.033
0.001	0.083	0.883	0.033
0.001	0.997	0.001	0.001
0.083	0.186	0.001	0.730
0.880	0.001	0.054	0.065
0.001	0.001	0.001	0.997
0.001	0.001	0.001	0.997
0.064	0.001	0.934	0.001
0.001	0.001	0.001	0.997
0.001	0.872	0.126	0.001
>AAACCATTCATT	20-AAACCATTCATT	9.002589	-23.087568	0	T:222.0(5.96%),B:2799.2(3.79%),P:1e-10	Tpos:101.6,Tstd:53.2,Bpos:101.9,Bstd:89.6,StrandBias:-0.1,Multiplicity:1.07
0.832	0.051	0.075	0.042
0.830	0.027	0.068	0.075
0.809	0.069	0.062	0.060
0.078	0.809	0.059	0.054
0.080	0.788	0.057	0.075
0.802	0.046	0.078	0.074
0.050	0.045	0.048	0.857
0.016	0.052	0.062	0.870
0.062	0.830	0.050	0.058
0.903	0.012	0.001	0.084
0.074	0.069	0.066	0.791
0.017	0.071	0.034	0.878
>AACAAAGAGCAG	21-AACAAAGAGCAG	8.949085	-22.696015	0	T:143.0(3.84%),B:1596.4(2.16%),P:1e-9	Tpos:95.6,Tstd:51.7,Bpos:99.8,Bstd:76.3,StrandBias:0.2,Multiplicity:1.07
0.803	0.042	0.079	0.076
0.882	0.035	0.022	0.061
0.069	0.856	0.038	0.037
0.914	0.031	0.044	0.011
0.848	0.051	0.037	0.064
0.899	0.040	0.022	0.039
0.038	0.086	0.832	0.044
0.812	0.064	0.092	0.032
0.052	0.071	0.814	0.063
0.049	0.800	0.074	0.077
0.827	0.034	0.059	0.080
0.143	0.049	0.718	0.090
>AATGAATGAATG	22-AATGAATGAATG	11.857736	-12.637667	0	T:29.0(0.78%),B:214.9(0.29%),P:1e-5	Tpos:122.8,Tstd:49.2,Bpos:96.1,Bstd:71.7,StrandBias:0.9,Multiplicity:1.14
0.947	0.030	0.001	0.022
0.963	0.021	0.015	0.001
0.050	0.001	0.001	0.948
0.001	0.001	0.997	0.001
0.997	0.001	0.001	0.001
0.950	0.011	0.038	0.001
0.001	0.001	0.001	0.997
0.019	0.001	0.979	0.001
0.941	0.012	0.001	0.046
0.997	0.001	0.001	0.001
0.001	0.001	0.023	0.975
0.001	0.001	0.997	0.001
>TGTACTGTACTG	23-TGTACTGTACTG	12.766223	-12.329645	0	T:17.0(0.46%),B:88.4(0.12%),P:1e-5	Tpos:103.5,Tstd:58.0,Bpos:82.6,Bstd:53.8,StrandBias:2.6,Multiplicity:1.12
0.001	0.001	0.033	0.965
0.001	0.001	0.997	0.001
0.001	0.001	0.001	0.997
0.918	0.040	0.001	0.041
0.001	0.997	0.001	0.001
0.001	0.039	0.001	0.959
0.001	0.052	0.918	0.029
0.001	0.051	0.001	0.947
0.997	0.001	0.001	0.001
0.001	0.997	0.001	0.001
0.001	0.001	0.051	0.947
0.039	0.001	0.959	0.001
>AGAGAGAGAGAG	24-AGAGAGAGAGAG	8.924656	-8.528544	0	T:26.0(0.70%),B:231.2(0.31%),P:1e-3	Tpos:88.9,Tstd:67.7,Bpos:98.3,Bstd:58.2,StrandBias:1.0,Multiplicity:1.08
0.706	0.078	0.098	0.118
0.149	0.136	0.602	0.113
0.720	0.074	0.092	0.114
0.147	0.134	0.612	0.107
0.722	0.071	0.089	0.118
0.155	0.133	0.621	0.091
0.726	0.066	0.093	0.115
0.148	0.125	0.624	0.103
0.729	0.073	0.086	0.112
0.152	0.117	0.625	0.106
0.697	0.070	0.094	0.139
0.148	0.113	0.616	0.123
>TGAACTTGATCC	25-TGAACTTGATCC	14.376858	-5.344992	0	T:2.0(0.05%),B:2.7(0.00%),P:1e-2	Tpos:113.0,Tstd:55.0,Bpos:22.7,Bstd:5.9,StrandBias:2.8,Multiplicity:4.00
0.001	0.001	0.001	0.997
0.001	0.001	0.997	0.001
0.997	0.001	0.001	0.001
0.997	0.001	0.001	0.001
0.001	0.997	0.001	0.001
0.001	0.001	0.001	0.997
0.001	0.001	0.001	0.997
0.001	0.001	0.997	0.001
0.890	0.001	0.001	0.108
0.001	0.001	0.001	0.997
0.001	0.997	0.001	0.001
0.001	0.997	0.001	0.001
