>TTAYRTAA	1-TTAYRTAA	6.602829	-157.166457	0	T:1171.0(31.42%),B:14266.9(19.34%),P:1e-68	Tpos:100.1,Tstd:50.9,Bpos:101.3,Bstd:91.4,StrandBias:-0.0,Multiplicity:1.16
0.106	0.023	0.012	0.859
0.001	0.027	0.306	0.666
0.901	0.013	0.038	0.048
0.001	0.445	0.065	0.489
0.497	0.001	0.490	0.012
0.065	0.030	0.012	0.893
0.865	0.095	0.005	0.035
0.887	0.014	0.098	0.001
>GGCWTTGT	2-GGCWTTGT	5.857478	-105.223193	0	T:2224.0(59.67%),B:35418.0(48.01%),P:1e-45	Tpos:99.8,Tstd:53.3,Bpos:99.9,Bstd:82.8,StrandBias:0.0,Multiplicity:1.45
0.001	0.422	0.576	0.001
0.001	0.261	0.626	0.112
0.001	0.665	0.001	0.333
0.502	0.001	0.001	0.496
0.001	0.001	0.001	0.997
0.001	0.001	0.001	0.997
0.308	0.001	0.690	0.001
0.001	0.001	0.001	0.997
>GTTACATA	3-GTTACATA	7.265230	-53.428462	0	T:568.0(15.24%),B:7359.6(9.98%),P:1e-23	Tpos:99.8,Tstd:52.6,Bpos:100.1,Bstd:83.2,StrandBias:0.3,Multiplicity:1.05
0.033	0.033	0.933	0.001
0.001	0.001	0.001	0.997
0.001	0.013	0.001	0.985
0.681	0.004	0.314	0.001
0.150	0.691	0.158	0.001
0.661	0.223	0.025	0.091
0.001	0.348	0.001	0.650
0.652	0.314	0.033	0.001
>GGACAATG	4-GGACAATG	5.630529	-48.550731	0	T:1358.0(36.44%),B:21527.1(29.18%),P:1e-21	Tpos:98.2,Tstd:54.2,Bpos:99.9,Bstd:79.9,StrandBias:0.0,Multiplicity:1.16
0.046	0.064	0.889	0.001
0.124	0.056	0.772	0.048
0.822	0.001	0.001	0.176
0.001	0.952	0.021	0.026
0.997	0.001	0.001	0.001
0.902	0.054	0.043	0.001
0.036	0.082	0.001	0.881
0.092	0.053	0.780	0.075
>AGGGMTTA	5-AGGGMTTA	6.360326	-48.453770	0	T:595.0(15.96%),B:7979.9(10.82%),P:1e-21	Tpos:100.7,Tstd:54.1,Bpos:102.5,Bstd:78.6,StrandBias:-0.0,Multiplicity:1.12
0.459	0.230	0.229	0.082
0.001	0.202	0.656	0.141
0.096	0.001	0.902	0.001
0.001	0.068	0.930	0.001
0.416	0.446	0.001	0.137
0.001	0.001	0.001	0.997
0.001	0.001	0.204	0.794
0.997	0.001	0.001	0.001
>ATCCGGTC	6-ATCCGGTC	5.463276	-31.257964	0	T:497.0(13.34%),B:7019.1(9.51%),P:1e-13	Tpos:99.3,Tstd:55.1,Bpos:100.2,Bstd:72.3,StrandBias:0.1,Multiplicity:1.08
0.743	0.083	0.079	0.095
0.086	0.114	0.109	0.691
0.009	0.895	0.042	0.054
0.044	0.816	0.080	0.060
0.099	0.089	0.629	0.183
0.097	0.092	0.700	0.111
0.025	0.107	0.063	0.805
0.066	0.728	0.100	0.106
>TGAAAGCC	7-TGAAAGCC	5.060695	-26.732890	0	T:1177.0(31.58%),B:19537.8(26.48%),P:1e-11	Tpos:100.2,Tstd:54.7,Bpos:99.8,Bstd:75.7,StrandBias:-0.0,Multiplicity:1.21
0.086	0.082	0.071	0.761
0.062	0.152	0.757	0.029
0.762	0.092	0.075	0.071
0.850	0.044	0.052	0.054
0.658	0.094	0.128	0.120
0.086	0.069	0.708	0.137
0.078	0.798	0.092	0.032
0.082	0.715	0.178	0.025
>CTCAATTC	8-CTCAATTC	5.257435	-24.667821	0	T:1138.0(30.53%),B:18962.7(25.70%),P:1e-10	Tpos:100.7,Tstd:55.9,Bpos:99.9,Bstd:82.9,StrandBias:0.0,Multiplicity:1.18
0.124	0.705	0.059	0.112
0.082	0.082	0.056	0.780
0.054	0.741	0.125	0.080
0.658	0.112	0.045	0.185
0.804	0.047	0.099	0.050
0.086	0.019	0.087	0.808
0.071	0.058	0.132	0.739
0.104	0.770	0.118	0.008
>TTGTATTG	9-TTGTATTG	1.910777	-24.229348	0	T:1723.0(46.23%),B:30187.9(40.92%),P:1e-10	Tpos:98.2,Tstd:54.9,Bpos:100.2,Bstd:98.9,StrandBias:0.0,Multiplicity:1.75
0.001	0.001	0.001	0.997
0.001	0.033	0.001	0.965
0.001	0.001	0.997	0.001
0.001	0.105	0.001	0.893
0.997	0.001	0.001	0.001
0.001	0.001	0.001	0.997
0.001	0.001	0.001	0.997
0.001	0.001	0.997	0.001
>ACAAAAGT	10-ACAAAAGT	8.552208	-22.052063	0	T:294.0(7.89%),B:4004.9(5.43%),P:1e-9	Tpos:98.9,Tstd:52.7,Bpos:100.8,Bstd:87.8,StrandBias:0.1,Multiplicity:1.04
0.855	0.143	0.001	0.001
0.001	0.927	0.071	0.001
0.997	0.001	0.001	0.001
0.921	0.077	0.001	0.001
0.655	0.001	0.001	0.343
0.997	0.001	0.001	0.001
0.001	0.001	0.997	0.001
0.001	0.001	0.001	0.997
>GACATGTT	11-GACATGTT	7.842671	-19.831268	0	T:349.0(9.36%),B:5026.1(6.81%),P:1e-8	Tpos:102.2,Tstd:55.7,Bpos:101.8,Bstd:85.2,StrandBias:-0.1,Multiplicity:1.07
0.088	0.001	0.624	0.287
0.997	0.001	0.001	0.001
0.001	0.997	0.001	0.001
0.923	0.001	0.075	0.001
0.001	0.084	0.072	0.843
0.001	0.001	0.997	0.001
0.001	0.001	0.001	0.997
0.001	0.001	0.001	0.997
>CCAGACAA	12-CCAGACAA	8.200134	-18.942309	0	T:199.0(5.34%),B:2573.6(3.49%),P:1e-8	Tpos:102.5,Tstd:55.3,Bpos:98.6,Bstd:73.6,StrandBias:0.3,Multiplicity:1.02
0.001	0.997	0.001	0.001
0.001	0.846	0.152	0.001
0.899	0.099	0.001	0.001
0.001	0.001	0.997	0.001
0.763	0.089	0.001	0.147
0.001	0.880	0.001	0.118
0.997	0.001	0.001	0.001
0.997	0.001	0.001	0.001
>TTGCGTAA	13-TTGCGTAA	7.505246	-17.820071	0	T:156.0(4.19%),B:1929.4(2.62%),P:1e-7	Tpos:96.1,Tstd:55.0,Bpos:97.2,Bstd:70.7,StrandBias:0.2,Multiplicity:1.02
0.001	0.001	0.067	0.931
0.001	0.001	0.001	0.997
0.001	0.135	0.863	0.001
0.001	0.997	0.001	0.001
0.001	0.001	0.997	0.001
0.001	0.001	0.001	0.997
0.774	0.224	0.001	0.001
0.997	0.001	0.001	0.001
>GATGAATG	14-GATGAATG	4.153511	-15.830865	0	T:512.0(13.74%),B:8116.8(11.00%),P:1e-6	Tpos:100.7,Tstd:53.1,Bpos:100.0,Bstd:85.4,StrandBias:0.2,Multiplicity:1.23
0.280	0.001	0.718	0.001
0.997	0.001	0.001	0.001
0.009	0.001	0.001	0.989
0.001	0.001	0.997	0.001
0.997	0.001	0.001	0.001
0.997	0.001	0.001	0.001
0.001	0.001	0.001	0.997
0.001	0.001	0.997	0.001
>TAATGAAC	15-TAATGAAC	8.652309	-15.599952	0	T:231.0(6.20%),B:3229.1(4.38%),P:1e-6	Tpos:98.7,Tstd:51.9,Bpos:96.7,Bstd:85.5,StrandBias:0.0,Multiplicity:1.04
0.001	0.001	0.001	0.997
0.997	0.001	0.001	0.001
0.780	0.001	0.001	0.218
0.001	0.001	0.001	0.997
0.001	0.001	0.997	0.001
0.997	0.001	0.001	0.001
0.703	0.182	0.001	0.114
0.001	0.997	0.001	0.001
>GATCCCAT	16-GATCCCAT	8.236954	-8.136390	0	T:25.0(0.67%),B:224.6(0.30%),P:1e-3	Tpos:111.6,Tstd:55.5,Bpos:95.0,Bstd:90.6,StrandBias:-0.1,Multiplicity:1.39
0.100	0.100	0.700	0.100
0.700	0.100	0.100	0.100
0.100	0.100	0.100	0.700
0.100	0.700	0.100	0.100
0.100	0.700	0.100	0.100
0.100	0.700	0.100	0.100
0.700	0.100	0.100	0.100
0.100	0.100	0.100	0.700
