>TGATATTT	1-TGATATTT	7.292103	-36.907742	0	T:153.0(30.12%),B:11011.6(15.50%),P:1e-16	Tpos:105.1,Tstd:55.1,Bpos:97.3,Bstd:142.8,StrandBias:-0.1,Multiplicity:1.20
0.001	0.001	0.001	0.997
0.001	0.175	0.740	0.084
0.941	0.001	0.001	0.057
0.001	0.001	0.077	0.921
0.798	0.001	0.001	0.200
0.001	0.001	0.001	0.997
0.088	0.104	0.001	0.807
0.001	0.043	0.035	0.921
>AAAAATTT	2-AAAAATTT	5.689624	-36.206853	0	T:280.0(55.12%),B:26420.1(37.19%),P:1e-15	Tpos:102.5,Tstd:55.9,Bpos:99.6,Bstd:142.1,StrandBias:-0.0,Multiplicity:1.59
0.640	0.239	0.051	0.070
0.647	0.139	0.080	0.134
0.897	0.054	0.010	0.039
0.927	0.010	0.027	0.036
0.789	0.077	0.038	0.096
0.177	0.048	0.029	0.746
0.133	0.064	0.121	0.682
0.150	0.079	0.093	0.678
>AAATTYTS	3-AAATTYTS	5.818210	-21.918504	0	T:220.0(43.31%),B:21452.3(30.20%),P:1e-9	Tpos:97.3,Tstd:57.8,Bpos:99.3,Bstd:115.6,StrandBias:-0.0,Multiplicity:1.20
0.784	0.001	0.205	0.010
0.849	0.011	0.022	0.118
0.806	0.154	0.022	0.018
0.087	0.141	0.120	0.652
0.032	0.084	0.258	0.626
0.001	0.546	0.044	0.409
0.246	0.034	0.081	0.639
0.224	0.432	0.343	0.001
>CTGGTAGT	4-CTGGTAGT	4.721433	-20.177656	0	T:198.0(38.98%),B:19052.7(26.82%),P:1e-8	Tpos:99.8,Tstd:56.9,Bpos:99.6,Bstd:85.9,StrandBias:0.4,Multiplicity:1.29
0.040	0.725	0.147	0.088
0.064	0.062	0.127	0.747
0.157	0.117	0.639	0.087
0.057	0.092	0.759	0.092
0.083	0.121	0.082	0.714
0.794	0.047	0.101	0.058
0.031	0.040	0.836	0.093
0.037	0.137	0.031	0.795
>GGCCCAAA	5-GGCCCAAA	6.525993	-19.822824	0	T:61.0(12.01%),B:3727.5(5.25%),P:1e-8	Tpos:95.2,Tstd:53.8,Bpos:100.0,Bstd:82.3,StrandBias:-0.4,Multiplicity:1.10
0.001	0.016	0.880	0.103
0.001	0.204	0.794	0.001
0.001	0.920	0.001	0.078
0.100	0.860	0.011	0.029
0.200	0.758	0.001	0.041
0.890	0.024	0.039	0.047
0.953	0.045	0.001	0.001
0.949	0.025	0.025	0.001
>CGTTTCTG	6-CGTTTCTG	7.183469	-15.470738	0	T:74.0(14.57%),B:5541.8(7.80%),P:1e-6	Tpos:94.5,Tstd:56.7,Bpos:99.6,Bstd:89.6,StrandBias:-0.2,Multiplicity:1.15
0.047	0.802	0.095	0.056
0.120	0.028	0.698	0.154
0.008	0.008	0.019	0.965
0.055	0.001	0.001	0.943
0.010	0.001	0.001	0.988
0.062	0.754	0.049	0.135
0.001	0.001	0.001	0.997
0.007	0.001	0.911	0.081
>TATGTTGT	7-TATGTTGT	8.236954	-13.765882	0	T:22.0(4.33%),B:905.9(1.28%),P:1e-5	Tpos:111.5,Tstd:57.0,Bpos:102.6,Bstd:114.0,StrandBias:-0.2,Multiplicity:1.00
0.100	0.100	0.100	0.700
0.700	0.100	0.100	0.100
0.100	0.100	0.100	0.700
0.100	0.100	0.700	0.100
0.100	0.100	0.100	0.700
0.100	0.100	0.100	0.700
0.100	0.100	0.700	0.100
0.100	0.100	0.100	0.700
>GAAGAAGA	8-GAAGAAGA	8.147418	-12.609983	0	T:42.0(8.27%),B:2708.7(3.81%),P:1e-5	Tpos:101.9,Tstd:51.5,Bpos:97.2,Bstd:93.5,StrandBias:-0.3,Multiplicity:1.05
0.121	0.001	0.749	0.129
0.997	0.001	0.001	0.001
0.812	0.111	0.001	0.076
0.001	0.001	0.997	0.001
0.997	0.001	0.001	0.001
0.940	0.001	0.058	0.001
0.001	0.001	0.997	0.001
0.997	0.001	0.001	0.001
>CTAGGCCT	9-CTAGGCCT	7.858229	-11.557496	0	T:20.0(3.94%),B:887.8(1.25%),P:1e-5	Tpos:110.4,Tstd:53.4,Bpos:97.1,Bstd:75.3,StrandBias:-0.1,Multiplicity:1.35
0.145	0.689	0.018	0.148
0.001	0.032	0.022	0.945
0.947	0.051	0.001	0.001
0.001	0.021	0.977	0.001
0.001	0.099	0.887	0.013
0.017	0.970	0.001	0.012
0.008	0.702	0.001	0.289
0.001	0.026	0.001	0.972
>CAGTACGG	10-CAGTACGG	6.835738	-10.868988	0	T:49.0(9.65%),B:3620.9(5.10%),P:1e-4	Tpos:115.2,Tstd:58.5,Bpos:99.7,Bstd:85.7,StrandBias:0.5,Multiplicity:1.24
0.001	0.957	0.018	0.024
0.928	0.047	0.024	0.001
0.001	0.021	0.916	0.062
0.038	0.013	0.025	0.924
0.823	0.001	0.124	0.052
0.123	0.794	0.029	0.054
0.293	0.001	0.705	0.001
0.001	0.001	0.997	0.001
>ATATATAT	11-ATATATAT	8.236954	-8.343599	0	T:14.0(2.76%),B:631.5(0.89%),P:1e-3	Tpos:96.2,Tstd:53.1,Bpos:106.3,Bstd:114.1,StrandBias:0.0,Multiplicity:1.07
0.700	0.100	0.100	0.100
0.100	0.100	0.100	0.700
0.700	0.100	0.100	0.100
0.100	0.100	0.100	0.700
0.700	0.100	0.100	0.100
0.100	0.100	0.100	0.700
0.700	0.100	0.100	0.100
0.100	0.100	0.100	0.700
>GATCAACA	12-GATCAACA	5.790867	-6.908449	0	T:23.0(4.53%),B:1550.4(2.18%),P:1e-3	Tpos:111.5,Tstd:50.1,Bpos:96.9,Bstd:91.3,StrandBias:1.2,Multiplicity:1.53
0.001	0.001	0.997	0.001
0.953	0.045	0.001	0.001
0.001	0.001	0.001	0.997
0.001	0.997	0.001	0.001
0.997	0.001	0.001	0.001
0.997	0.001	0.001	0.001
0.001	0.885	0.113	0.001
0.997	0.001	0.001	0.001
>GGGGGGGG	13-GGGGGGGG	7.062323	-6.369829	0	T:19.0(3.74%),B:1230.5(1.73%),P:1e-2	Tpos:82.7,Tstd:43.0,Bpos:99.6,Bstd:63.5,StrandBias:-2.4,Multiplicity:1.79
0.108	0.010	0.857	0.025
0.065	0.037	0.881	0.017
0.111	0.001	0.887	0.001
0.001	0.001	0.997	0.001
0.023	0.001	0.975	0.001
0.034	0.001	0.945	0.020
0.001	0.001	0.924	0.074
0.001	0.001	0.746	0.252
>KGCTCAAC	14-KGCTCAAC	9.083261	-5.458507	0	T:12.0(2.36%),B:681.3(0.96%),P:1e-2	Tpos:101.9,Tstd:38.5,Bpos:101.8,Bstd:74.8,StrandBias:-0.8,Multiplicity:1.17
0.057	0.001	0.435	0.507
0.001	0.001	0.997	0.001
0.142	0.856	0.001	0.001
0.001	0.001	0.062	0.936
0.001	0.997	0.001	0.001
0.951	0.001	0.047	0.001
0.997	0.001	0.001	0.001
0.001	0.647	0.351	0.001
>GTGTGTGT	15-GTGTGTGT	7.968913	-4.277411	0	T:34.0(6.69%),B:3175.1(4.47%),P:1e-1	Tpos:116.4,Tstd:55.6,Bpos:99.7,Bstd:68.7,StrandBias:1.2,Multiplicity:1.09
0.001	0.001	0.997	0.001
0.061	0.058	0.001	0.880
0.001	0.001	0.997	0.001
0.001	0.001	0.001	0.997
0.001	0.001	0.997	0.001
0.001	0.001	0.001	0.997
0.001	0.001	0.849	0.149
0.001	0.001	0.089	0.909
>CGTCCGTC	16-CGTCCGTC	8.236954	-3.563635	0	T:3.0(0.59%),B:91.3(0.13%),P:1e-1	Tpos:160.1,Tstd:23.4,Bpos:96.7,Bstd:41.9,StrandBias:-10.0,Multiplicity:3.00
0.100	0.700	0.100	0.100
0.100	0.100	0.700	0.100
0.100	0.100	0.100	0.700
0.100	0.700	0.100	0.100
0.100	0.700	0.100	0.100
0.100	0.100	0.700	0.100
0.100	0.100	0.100	0.700
0.100	0.700	0.100	0.100
>ATACATAC	17-ATACATAC	8.236954	-2.180431	0	T:12.0(2.36%),B:1124.8(1.58%),P:1e0	Tpos:137.7,Tstd:44.7,Bpos:100.8,Bstd:134.0,StrandBias:-2.6,Multiplicity:2.33
0.700	0.100	0.100	0.100
0.100	0.100	0.100	0.700
0.700	0.100	0.100	0.100
0.100	0.700	0.100	0.100
0.700	0.100	0.100	0.100
0.100	0.100	0.100	0.700
0.700	0.100	0.100	0.100
0.100	0.700	0.100	0.100
>AGAGAGAG	18-AGAGAGAG	8.236954	-1.228458	0	T:6.0(1.18%),B:626.2(0.88%),P:1e0	Tpos:81.2,Tstd:42.3,Bpos:91.8,Bstd:77.6,StrandBias:4.0,Multiplicity:1.00
0.700	0.100	0.100	0.100
0.100	0.100	0.700	0.100
0.700	0.100	0.100	0.100
0.100	0.100	0.700	0.100
0.700	0.100	0.100	0.100
0.100	0.100	0.700	0.100
0.700	0.100	0.100	0.100
0.100	0.100	0.700	0.100
