>AAAATTTGAT	1-AAAATTTGAT	7.120255	-41.924486	0	T:129.0(25.39%),B:7996.1(11.26%),P:1e-18	Tpos:97.6,Tstd:52.9,Bpos:100.6,Bstd:145.0,StrandBias:0.1,Multiplicity:1.29
0.746	0.066	0.093	0.095
0.869	0.049	0.048	0.034
0.834	0.035	0.054	0.077
0.855	0.040	0.051	0.054
0.074	0.048	0.049	0.829
0.129	0.083	0.056	0.732
0.055	0.065	0.051	0.829
0.097	0.064	0.760	0.079
0.733	0.071	0.098	0.098
0.047	0.075	0.060	0.818
>AAAATTTCAG	2-AAAATTTCAG	7.013114	-37.888826	0	T:151.0(29.72%),B:10678.5(15.03%),P:1e-16	Tpos:99.1,Tstd:58.3,Bpos:100.5,Bstd:131.1,StrandBias:0.0,Multiplicity:1.16
0.885	0.049	0.033	0.033
0.919	0.041	0.024	0.016
0.815	0.101	0.032	0.052
0.711	0.112	0.082	0.095
0.051	0.008	0.028	0.913
0.141	0.095	0.070	0.694
0.102	0.057	0.115	0.726
0.095	0.767	0.095	0.043
0.919	0.016	0.013	0.052
0.145	0.131	0.661	0.063
>GCKACMVTTT	3-GCKACMVTTT	6.979397	-26.984303	0	T:18.0(3.54%),B:265.0(0.37%),P:1e-11	Tpos:99.1,Tstd:55.4,Bpos:103.5,Bstd:69.8,StrandBias:0.5,Multiplicity:1.29
0.213	0.240	0.414	0.133
0.193	0.668	0.004	0.135
0.001	0.180	0.399	0.420
0.596	0.005	0.193	0.206
0.152	0.583	0.004	0.261
0.311	0.425	0.114	0.149
0.421	0.278	0.297	0.003
0.014	0.186	0.242	0.558
0.122	0.191	0.167	0.520
0.001	0.001	0.001	0.997
>TTTYRAAAAW	4-TTTYRAAAAW	6.955281	-26.381854	0	T:164.0(32.28%),B:13749.9(19.36%),P:1e-11	Tpos:93.5,Tstd:55.8,Bpos:101.0,Bstd:130.7,StrandBias:-0.2,Multiplicity:1.26
0.144	0.010	0.001	0.845
0.076	0.030	0.179	0.715
0.043	0.160	0.070	0.727
0.040	0.487	0.118	0.355
0.435	0.158	0.325	0.082
0.762	0.001	0.068	0.169
0.921	0.014	0.032	0.033
0.948	0.001	0.009	0.042
0.612	0.024	0.085	0.279
0.366	0.180	0.001	0.453
>KGCABTTCGK	5-KGCABTTCGK	7.302265	-25.910786	0	T:22.0(4.33%),B:456.1(0.64%),P:1e-11	Tpos:85.0,Tstd:52.5,Bpos:93.6,Bstd:81.4,StrandBias:-0.1,Multiplicity:1.00
0.012	0.001	0.488	0.499
0.268	0.001	0.495	0.236
0.377	0.551	0.001	0.071
0.968	0.001	0.001	0.030
0.117	0.286	0.239	0.357
0.335	0.057	0.001	0.607
0.286	0.001	0.127	0.586
0.147	0.484	0.291	0.078
0.101	0.196	0.696	0.007
0.001	0.022	0.533	0.444
>AGATATATAG	6-AGATATATAG	5.502686	-25.175140	0	T:156.0(30.71%),B:13026.6(18.34%),P:1e-10	Tpos:102.5,Tstd:55.9,Bpos:100.5,Bstd:121.9,StrandBias:-0.4,Multiplicity:1.19
0.724	0.096	0.074	0.106
0.130	0.109	0.645	0.116
0.843	0.011	0.113	0.033
0.120	0.118	0.001	0.761
0.779	0.112	0.004	0.105
0.114	0.090	0.097	0.699
0.620	0.137	0.117	0.126
0.143	0.147	0.099	0.611
0.685	0.079	0.131	0.105
0.118	0.126	0.649	0.107
>CTTSATCTTR	7-CTTSATCTTR	8.819478	-23.200171	0	T:29.0(5.71%),B:930.5(1.31%),P:1e-10	Tpos:108.8,Tstd:55.0,Bpos:94.2,Bstd:95.6,StrandBias:-0.5,Multiplicity:1.07
0.001	0.853	0.145	0.001
0.001	0.001	0.001	0.997
0.001	0.001	0.001	0.997
0.001	0.398	0.484	0.117
0.847	0.001	0.001	0.151
0.014	0.128	0.347	0.511
0.001	0.978	0.001	0.020
0.001	0.001	0.207	0.791
0.001	0.001	0.001	0.997
0.389	0.072	0.538	0.001
>GCCCAAAAAT	8-GCCCAAAAAT	5.481440	-23.128925	0	T:191.0(37.60%),B:17565.8(24.73%),P:1e-10	Tpos:97.1,Tstd:55.5,Bpos:100.3,Bstd:110.0,StrandBias:0.0,Multiplicity:1.28
0.145	0.188	0.477	0.190
0.148	0.635	0.063	0.154
0.078	0.789	0.052	0.081
0.070	0.767	0.087	0.076
0.836	0.032	0.043	0.089
0.699	0.096	0.047	0.158
0.837	0.091	0.044	0.028
0.718	0.078	0.086	0.118
0.630	0.171	0.061	0.138
0.073	0.215	0.022	0.690
>YMTTCGTYCA	9-YMTTCGTYCA	8.239293	-20.500548	0	T:26.0(5.12%),B:852.1(1.20%),P:1e-8	Tpos:104.3,Tstd:59.2,Bpos:100.2,Bstd:73.7,StrandBias:-0.1,Multiplicity:1.00
0.001	0.453	0.221	0.325
0.506	0.438	0.055	0.001
0.001	0.001	0.001	0.997
0.266	0.001	0.001	0.732
0.001	0.997	0.001	0.001
0.140	0.001	0.858	0.001
0.364	0.001	0.001	0.634
0.001	0.520	0.082	0.397
0.001	0.877	0.001	0.121
0.548	0.001	0.124	0.327
>TTTATTTTTT	10-TTTATTTTTT	9.532276	-16.410176	0	T:52.0(10.24%),B:3239.5(4.56%),P:1e-7	Tpos:99.6,Tstd:57.8,Bpos:97.3,Bstd:153.2,StrandBias:-0.4,Multiplicity:1.17
0.001	0.001	0.001	0.997
0.001	0.001	0.001	0.997
0.001	0.001	0.001	0.997
0.836	0.072	0.001	0.091
0.036	0.001	0.001	0.962
0.056	0.001	0.040	0.903
0.066	0.001	0.001	0.932
0.269	0.001	0.058	0.672
0.048	0.070	0.066	0.816
0.022	0.001	0.021	0.956
>TATATATATA	11-TATATATATA	10.296193	-15.533057	0	T:8.0(1.57%),B:81.0(0.11%),P:1e-6	Tpos:94.9,Tstd:53.0,Bpos:101.5,Bstd:129.0,StrandBias:0.0,Multiplicity:1.12
0.100	0.100	0.100	0.700
0.700	0.100	0.100	0.100
0.100	0.100	0.100	0.700
0.700	0.100	0.100	0.100
0.100	0.100	0.100	0.700
0.700	0.100	0.100	0.100
0.100	0.100	0.100	0.700
0.700	0.100	0.100	0.100
0.100	0.100	0.100	0.700
0.700	0.100	0.100	0.100
>AGAAGAMGAA	12-AGAAGAMGAA	9.251512	-15.501441	0	T:20.0(3.94%),B:681.2(0.96%),P:1e-6	Tpos:92.4,Tstd:46.4,Bpos:97.5,Bstd:76.1,StrandBias:-0.8,Multiplicity:1.00
0.997	0.001	0.001	0.001
0.001	0.001	0.997	0.001
0.997	0.001	0.001	0.001
0.886	0.060	0.001	0.053
0.029	0.039	0.931	0.001
0.886	0.001	0.064	0.049
0.398	0.546	0.033	0.023
0.001	0.036	0.962	0.001
0.937	0.001	0.061	0.001
0.895	0.001	0.060	0.044
>TACCAAGCTA	13-TACCAAGCTA	11.596475	-13.967264	0	T:5.0(0.98%),B:23.8(0.03%),P:1e-6	Tpos:81.1,Tstd:47.7,Bpos:104.8,Bstd:49.3,StrandBias:-1.3,Multiplicity:1.40
0.001	0.001	0.001	0.997
0.997	0.001	0.001	0.001
0.001	0.997	0.001	0.001
0.001	0.997	0.001	0.001
0.900	0.001	0.001	0.098
0.997	0.001	0.001	0.001
0.001	0.001	0.997	0.001
0.001	0.997	0.001	0.001
0.001	0.001	0.118	0.880
0.997	0.001	0.001	0.001
>AGGGGGGGTC	14-AGGGGGGGTC	10.296193	-13.339039	0	T:3.0(0.59%),B:3.5(0.00%),P:1e-5	Tpos:45.8,Tstd:30.2,Bpos:98.3,Bstd:34.4,StrandBias:-10.0,Multiplicity:2.50
0.700	0.100	0.100	0.100
0.100	0.100	0.700	0.100
0.100	0.100	0.700	0.100
0.100	0.100	0.700	0.100
0.100	0.100	0.700	0.100
0.100	0.100	0.700	0.100
0.100	0.100	0.700	0.100
0.100	0.100	0.700	0.100
0.100	0.100	0.100	0.700
0.100	0.700	0.100	0.100
>CWGTACAGTA	15-CWGTACAGTA	9.104483	-11.828971	0	T:19.0(3.74%),B:796.9(1.12%),P:1e-5	Tpos:129.9,Tstd:53.7,Bpos:101.0,Bstd:82.6,StrandBias:0.3,Multiplicity:1.42
0.041	0.957	0.001	0.001
0.464	0.001	0.001	0.534
0.001	0.001	0.969	0.029
0.001	0.001	0.001	0.997
0.947	0.051	0.001	0.001
0.001	0.997	0.001	0.001
0.677	0.001	0.001	0.321
0.001	0.001	0.997	0.001
0.001	0.001	0.044	0.954
0.955	0.043	0.001	0.001
>TCGTCTGGAT	16-TCGTCTGGAT	10.296193	-11.817211	0	T:3.0(0.59%),B:5.5(0.01%),P:1e-5	Tpos:78.8,Tstd:69.0,Bpos:87.8,Bstd:28.3,StrandBias:10.0,Multiplicity:1.33
0.100	0.100	0.100	0.700
0.100	0.700	0.100	0.100
0.100	0.100	0.700	0.100
0.100	0.100	0.100	0.700
0.100	0.700	0.100	0.100
0.100	0.100	0.100	0.700
0.100	0.100	0.700	0.100
0.100	0.100	0.700	0.100
0.700	0.100	0.100	0.100
0.100	0.100	0.100	0.700
>CGTACGTCCG	17-CGTACGTCCG	11.593735	-11.491988	0	T:4.0(0.79%),B:18.7(0.03%),P:1e-4	Tpos:90.2,Tstd:47.0,Bpos:92.4,Bstd:41.7,StrandBias:-1.6,Multiplicity:1.00
0.001	0.997	0.001	0.001
0.308	0.001	0.690	0.001
0.001	0.001	0.001	0.997
0.922	0.076	0.001	0.001
0.341	0.657	0.001	0.001
0.268	0.001	0.730	0.001
0.001	0.001	0.001	0.997
0.001	0.997	0.001	0.001
0.001	0.997	0.001	0.001
0.061	0.001	0.937	0.001
>TCATCCCTTC	18-TCATCCCTTC	8.327320	-8.497348	0	T:20.0(3.94%),B:1112.3(1.57%),P:1e-3	Tpos:75.5,Tstd:44.0,Bpos:105.0,Bstd:82.2,StrandBias:1.3,Multiplicity:1.00
0.001	0.001	0.001	0.997
0.001	0.997	0.001	0.001
0.997	0.001	0.001	0.001
0.001	0.001	0.001	0.997
0.001	0.760	0.001	0.238
0.001	0.632	0.042	0.325
0.420	0.578	0.001	0.001
0.001	0.001	0.001	0.997
0.001	0.001	0.001	0.997
0.303	0.695	0.001	0.001
>GGGGGGGGGG	19-GGGGGGGGGG	7.076457	-8.471100	0	T:14.0(2.76%),B:623.8(0.88%),P:1e-3	Tpos:80.1,Tstd:31.5,Bpos:100.4,Bstd:62.4,StrandBias:-3.2,Multiplicity:1.07
0.123	0.118	0.641	0.118
0.142	0.088	0.660	0.110
0.131	0.080	0.698	0.091
0.103	0.082	0.705	0.110
0.121	0.071	0.714	0.094
0.105	0.048	0.766	0.081
0.103	0.060	0.771	0.066
0.098	0.080	0.718	0.104
0.097	0.106	0.671	0.126
0.094	0.145	0.656	0.105
>TGTACGCGAC	20-TGTACGCGAC	10.296193	-8.392936	0	T:2.0(0.39%),B:3.8(0.01%),P:1e-3	Tpos:95.2,Tstd:68.6,Bpos:108.0,Bstd:32.4,StrandBias:1.6,Multiplicity:2.00
0.100	0.100	0.100	0.700
0.100	0.100	0.700	0.100
0.100	0.100	0.100	0.700
0.700	0.100	0.100	0.100
0.100	0.700	0.100	0.100
0.100	0.100	0.700	0.100
0.100	0.700	0.100	0.100
0.100	0.100	0.700	0.100
0.700	0.100	0.100	0.100
0.100	0.700	0.100	0.100
>AGAAACGSCT	21-AGAAACGSCT	10.720340	-7.343230	0	T:5.0(0.98%),B:94.6(0.13%),P:1e-3	Tpos:93.2,Tstd:53.8,Bpos:108.0,Bstd:64.4,StrandBias:3.0,Multiplicity:1.80
0.997	0.001	0.001	0.001
0.001	0.001	0.997	0.001
0.997	0.001	0.001	0.001
0.997	0.001	0.001	0.001
0.997	0.001	0.001	0.001
0.132	0.866	0.001	0.001
0.001	0.001	0.997	0.001
0.001	0.531	0.467	0.001
0.001	0.997	0.001	0.001
0.369	0.001	0.001	0.629
>GACGGACGGA	22-GACGGACGGA	11.912468	-5.364025	0	T:2.0(0.39%),B:14.9(0.02%),P:1e-2	Tpos:165.1,Tstd:17.9,Bpos:101.1,Bstd:34.8,StrandBias:10.0,Multiplicity:1.00
0.001	0.001	0.997	0.001
0.997	0.001	0.001	0.001
0.001	0.997	0.001	0.001
0.001	0.001	0.997	0.001
0.001	0.001	0.997	0.001
0.997	0.001	0.001	0.001
0.001	0.997	0.001	0.001
0.001	0.001	0.997	0.001
0.001	0.156	0.842	0.001
0.825	0.173	0.001	0.001
>TGTGTGTATG	23-TGTGTGTATG	9.260617	-4.601943	0	T:18.0(3.54%),B:1355.6(1.91%),P:1e-1	Tpos:142.8,Tstd:50.2,Bpos:102.2,Bstd:94.4,StrandBias:2.2,Multiplicity:1.06
0.001	0.001	0.001	0.997
0.016	0.001	0.982	0.001
0.035	0.036	0.033	0.896
0.291	0.019	0.689	0.001
0.038	0.001	0.001	0.960
0.001	0.017	0.981	0.001
0.001	0.001	0.032	0.966
0.597	0.001	0.373	0.029
0.033	0.001	0.041	0.925
0.001	0.001	0.997	0.001
>MGGGAGRGRG	24-MGGGAGRGRG	7.667499	-3.509361	0	T:9.0(1.77%),B:597.7(0.84%),P:1e-1	Tpos:84.3,Tstd:40.9,Bpos:91.4,Bstd:67.2,StrandBias:2.9,Multiplicity:1.56
0.452	0.462	0.001	0.086
0.390	0.001	0.608	0.001
0.379	0.001	0.553	0.067
0.001	0.233	0.472	0.294
0.555	0.265	0.129	0.051
0.001	0.001	0.795	0.203
0.468	0.001	0.530	0.001
0.001	0.407	0.591	0.001
0.470	0.001	0.503	0.026
0.001	0.001	0.723	0.275
>CTGACTAGGC	25-CTGACTAGGC	10.296193	-3.348758	0	T:1.0(0.20%),B:5.9(0.01%),P:1e-1	Tpos:111.0,Tstd:54.7,Bpos:138.2,Bstd:28.2,StrandBias:10.0,Multiplicity:6.00
0.100	0.700	0.100	0.100
0.100	0.100	0.100	0.700
0.100	0.100	0.700	0.100
0.700	0.100	0.100	0.100
0.100	0.700	0.100	0.100
0.100	0.100	0.100	0.700
0.700	0.100	0.100	0.100
0.100	0.100	0.700	0.100
0.100	0.100	0.700	0.100
0.100	0.700	0.100	0.100
