>AAAATTTGAT	1-AAAATTTGAT	7.120255	-41.924486	0	T:129.0(25.39%),B:7996.1(11.26%),P:1e-18	Tpos:97.6,Tstd:52.9,Bpos:100.6,Bstd:145.0,StrandBias:0.1,Multiplicity:1.29
0.746	0.066	0.093	0.095
0.869	0.049	0.048	0.034
0.834	0.035	0.054	0.077
0.855	0.040	0.051	0.054
0.074	0.048	0.049	0.829
0.129	0.083	0.056	0.732
0.055	0.065	0.051	0.829
0.097	0.064	0.760	0.079
0.733	0.071	0.098	0.098
0.047	0.075	0.060	0.818
>AAAATTTCAG	2-AAAATTTCAG	7.013114	-37.888826	0	T:151.0(29.72%),B:10678.5(15.03%),P:1e-16	Tpos:99.1,Tstd:58.3,Bpos:100.5,Bstd:131.1,StrandBias:0.0,Multiplicity:1.16
0.885	0.049	0.033	0.033
0.919	0.041	0.024	0.016
0.815	0.101	0.032	0.052
0.711	0.112	0.082	0.095
0.051	0.008	0.028	0.913
0.141	0.095	0.070	0.694
0.102	0.057	0.115	0.726
0.095	0.767	0.095	0.043
0.919	0.016	0.013	0.052
0.145	0.131	0.661	0.063
>GCKACMVTTT	3-GCKACMVTTT	6.979397	-26.984303	0	T:18.0(3.54%),B:265.0(0.37%),P:1e-11	Tpos:99.1,Tstd:55.4,Bpos:103.5,Bstd:69.8,StrandBias:0.5,Multiplicity:1.29
0.213	0.240	0.414	0.133
0.193	0.668	0.004	0.135
0.001	0.180	0.399	0.420
0.596	0.005	0.193	0.206
0.152	0.583	0.004	0.261
0.311	0.425	0.114	0.149
0.421	0.278	0.297	0.003
0.014	0.186	0.242	0.558
0.122	0.191	0.167	0.520
0.001	0.001	0.001	0.997
>TTTYRAAAAW	4-TTTYRAAAAW	6.955281	-26.381854	0	T:164.0(32.28%),B:13749.9(19.36%),P:1e-11	Tpos:93.5,Tstd:55.8,Bpos:101.0,Bstd:130.7,StrandBias:-0.2,Multiplicity:1.26
0.144	0.010	0.001	0.845
0.076	0.030	0.179	0.715
0.043	0.160	0.070	0.727
0.040	0.487	0.118	0.355
0.435	0.158	0.325	0.082
0.762	0.001	0.068	0.169
0.921	0.014	0.032	0.033
0.948	0.001	0.009	0.042
0.612	0.024	0.085	0.279
0.366	0.180	0.001	0.453
>KGCABTTCGK	5-KGCABTTCGK	7.302265	-25.910786	0	T:22.0(4.33%),B:456.1(0.64%),P:1e-11	Tpos:85.0,Tstd:52.5,Bpos:93.6,Bstd:81.4,StrandBias:-0.1,Multiplicity:1.00
0.012	0.001	0.488	0.499
0.268	0.001	0.495	0.236
0.377	0.551	0.001	0.071
0.968	0.001	0.001	0.030
0.117	0.286	0.239	0.357
0.335	0.057	0.001	0.607
0.286	0.001	0.127	0.586
0.147	0.484	0.291	0.078
0.101	0.196	0.696	0.007
0.001	0.022	0.533	0.444
>AGATATATAG	6-AGATATATAG	5.502686	-25.175140	0	T:156.0(30.71%),B:13026.6(18.34%),P:1e-10	Tpos:102.5,Tstd:55.9,Bpos:100.5,Bstd:121.9,StrandBias:-0.4,Multiplicity:1.19
0.724	0.096	0.074	0.106
0.130	0.109	0.645	0.116
0.843	0.011	0.113	0.033
0.120	0.118	0.001	0.761
0.779	0.112	0.004	0.105
0.114	0.090	0.097	0.699
0.620	0.137	0.117	0.126
0.143	0.147	0.099	0.611
0.685	0.079	0.131	0.105
0.118	0.126	0.649	0.107
>CTTSATCTTR	7-CTTSATCTTR	8.819478	-23.200171	0	T:29.0(5.71%),B:930.5(1.31%),P:1e-10	Tpos:108.8,Tstd:55.0,Bpos:94.2,Bstd:95.6,StrandBias:-0.5,Multiplicity:1.07
0.001	0.853	0.145	0.001
0.001	0.001	0.001	0.997
0.001	0.001	0.001	0.997
0.001	0.398	0.484	0.117
0.847	0.001	0.001	0.151
0.014	0.128	0.347	0.511
0.001	0.978	0.001	0.020
0.001	0.001	0.207	0.791
0.001	0.001	0.001	0.997
0.389	0.072	0.538	0.001
>GCCCAAAAAT	8-GCCCAAAAAT	5.481440	-23.128925	0	T:191.0(37.60%),B:17565.8(24.73%),P:1e-10	Tpos:97.1,Tstd:55.5,Bpos:100.3,Bstd:110.0,StrandBias:0.0,Multiplicity:1.28
0.145	0.188	0.477	0.190
0.148	0.635	0.063	0.154
0.078	0.789	0.052	0.081
0.070	0.767	0.087	0.076
0.836	0.032	0.043	0.089
0.699	0.096	0.047	0.158
0.837	0.091	0.044	0.028
0.718	0.078	0.086	0.118
0.630	0.171	0.061	0.138
0.073	0.215	0.022	0.690
>YMTTCGTYCA	9-YMTTCGTYCA	8.239293	-20.500548	0	T:26.0(5.12%),B:852.1(1.20%),P:1e-8	Tpos:104.3,Tstd:59.2,Bpos:100.2,Bstd:73.7,StrandBias:-0.1,Multiplicity:1.00
0.001	0.453	0.221	0.325
0.506	0.438	0.055	0.001
0.001	0.001	0.001	0.997
0.266	0.001	0.001	0.732
0.001	0.997	0.001	0.001
0.140	0.001	0.858	0.001
0.364	0.001	0.001	0.634
0.001	0.520	0.082	0.397
0.001	0.877	0.001	0.121
0.548	0.001	0.124	0.327
>TTTATTTTTT	10-TTTATTTTTT	9.532276	-16.410176	0	T:52.0(10.24%),B:3239.5(4.56%),P:1e-7	Tpos:99.6,Tstd:57.8,Bpos:97.3,Bstd:153.2,StrandBias:-0.4,Multiplicity:1.17
0.001	0.001	0.001	0.997
0.001	0.001	0.001	0.997
0.001	0.001	0.001	0.997
0.836	0.072	0.001	0.091
0.036	0.001	0.001	0.962
0.056	0.001	0.040	0.903
0.066	0.001	0.001	0.932
0.269	0.001	0.058	0.672
0.048	0.070	0.066	0.816
0.022	0.001	0.021	0.956
>TATATATATA	11-TATATATATA	10.296193	-15.533057	0	T:8.0(1.57%),B:81.0(0.11%),P:1e-6	Tpos:94.9,Tstd:53.0,Bpos:101.5,Bstd:129.0,StrandBias:0.0,Multiplicity:1.12
0.100	0.100	0.100	0.700
0.700	0.100	0.100	0.100
0.100	0.100	0.100	0.700
0.700	0.100	0.100	0.100
0.100	0.100	0.100	0.700
0.700	0.100	0.100	0.100
0.100	0.100	0.100	0.700
0.700	0.100	0.100	0.100
0.100	0.100	0.100	0.700
0.700	0.100	0.100	0.100
>AGAAGAMGAA	12-AGAAGAMGAA	9.251512	-15.501441	0	T:20.0(3.94%),B:681.2(0.96%),P:1e-6	Tpos:92.4,Tstd:46.4,Bpos:97.5,Bstd:76.1,StrandBias:-0.8,Multiplicity:1.00
0.997	0.001	0.001	0.001
0.001	0.001	0.997	0.001
0.997	0.001	0.001	0.001
0.886	0.060	0.001	0.053
0.029	0.039	0.931	0.001
0.886	0.001	0.064	0.049
0.398	0.546	0.033	0.023
0.001	0.036	0.962	0.001
0.937	0.001	0.061	0.001
0.895	0.001	0.060	0.044
>TACCAAGCTA	13-TACCAAGCTA	11.596475	-13.967264	0	T:5.0(0.98%),B:23.8(0.03%),P:1e-6	Tpos:81.1,Tstd:47.7,Bpos:104.8,Bstd:49.3,StrandBias:-1.3,Multiplicity:1.40
0.001	0.001	0.001	0.997
0.997	0.001	0.001	0.001
0.001	0.997	0.001	0.001
0.001	0.997	0.001	0.001
0.900	0.001	0.001	0.098
0.997	0.001	0.001	0.001
0.001	0.001	0.997	0.001
0.001	0.997	0.001	0.001
0.001	0.001	0.118	0.880
0.997	0.001	0.001	0.001
>AGGGGGGGTC	14-AGGGGGGGTC	10.296193	-13.339039	0	T:3.0(0.59%),B:3.5(0.00%),P:1e-5	Tpos:45.8,Tstd:30.2,Bpos:98.3,Bstd:34.4,StrandBias:-10.0,Multiplicity:2.50
0.700	0.100	0.100	0.100
0.100	0.100	0.700	0.100
0.100	0.100	0.700	0.100
0.100	0.100	0.700	0.100
0.100	0.100	0.700	0.100
0.100	0.100	0.700	0.100
0.100	0.100	0.700	0.100
0.100	0.100	0.700	0.100
0.100	0.100	0.100	0.700
0.100	0.700	0.100	0.100
>CWGTACAGTA	15-CWGTACAGTA	9.104483	-11.828971	0	T:19.0(3.74%),B:796.9(1.12%),P:1e-5	Tpos:129.9,Tstd:53.7,Bpos:101.0,Bstd:82.6,StrandBias:0.3,Multiplicity:1.42
0.041	0.957	0.001	0.001
0.464	0.001	0.001	0.534
0.001	0.001	0.969	0.029
0.001	0.001	0.001	0.997
0.947	0.051	0.001	0.001
0.001	0.997	0.001	0.001
0.677	0.001	0.001	0.321
0.001	0.001	0.997	0.001
0.001	0.001	0.044	0.954
0.955	0.043	0.001	0.001
>TCGTCTGGAT	16-TCGTCTGGAT	10.296193	-11.817211	0	T:3.0(0.59%),B:5.5(0.01%),P:1e-5	Tpos:78.8,Tstd:69.0,Bpos:87.8,Bstd:28.3,StrandBias:10.0,Multiplicity:1.33
0.100	0.100	0.100	0.700
0.100	0.700	0.100	0.100
0.100	0.100	0.700	0.100
0.100	0.100	0.100	0.700
0.100	0.700	0.100	0.100
0.100	0.100	0.100	0.700
0.100	0.100	0.700	0.100
0.100	0.100	0.700	0.100
0.700	0.100	0.100	0.100
0.100	0.100	0.100	0.700
>CGTACGTCCG	17-CGTACGTCCG	11.593735	-11.491988	0	T:4.0(0.79%),B:18.7(0.03%),P:1e-4	Tpos:90.2,Tstd:47.0,Bpos:92.4,Bstd:41.7,StrandBias:-1.6,Multiplicity:1.00
0.001	0.997	0.001	0.001
0.308	0.001	0.690	0.001
0.001	0.001	0.001	0.997
0.922	0.076	0.001	0.001
0.341	0.657	0.001	0.001
0.268	0.001	0.730	0.001
0.001	0.001	0.001	0.997
0.001	0.997	0.001	0.001
0.001	0.997	0.001	0.001
0.061	0.001	0.937	0.001
>TCATCCCTTC	18-TCATCCCTTC	8.327320	-8.497348	0	T:20.0(3.94%),B:1112.3(1.57%),P:1e-3	Tpos:75.5,Tstd:44.0,Bpos:105.0,Bstd:82.2,StrandBias:1.3,Multiplicity:1.00
0.001	0.001	0.001	0.997
0.001	0.997	0.001	0.001
0.997	0.001	0.001	0.001
0.001	0.001	0.001	0.997
0.001	0.760	0.001	0.238
0.001	0.632	0.042	0.325
0.420	0.578	0.001	0.001
0.001	0.001	0.001	0.997
0.001	0.001	0.001	0.997
0.303	0.695	0.001	0.001
>GGGGGGGGGG	19-GGGGGGGGGG	7.076457	-8.471100	0	T:14.0(2.76%),B:623.8(0.88%),P:1e-3	Tpos:80.1,Tstd:31.5,Bpos:100.4,Bstd:62.4,StrandBias:-3.2,Multiplicity:1.07
0.123	0.118	0.641	0.118
0.142	0.088	0.660	0.110
0.131	0.080	0.698	0.091
0.103	0.082	0.705	0.110
0.121	0.071	0.714	0.094
0.105	0.048	0.766	0.081
0.103	0.060	0.771	0.066
0.098	0.080	0.718	0.104
0.097	0.106	0.671	0.126
0.094	0.145	0.656	0.105
>TGTACGCGAC	20-TGTACGCGAC	10.296193	-8.392936	0	T:2.0(0.39%),B:3.8(0.01%),P:1e-3	Tpos:95.2,Tstd:68.6,Bpos:108.0,Bstd:32.4,StrandBias:1.6,Multiplicity:2.00
0.100	0.100	0.100	0.700
0.100	0.100	0.700	0.100
0.100	0.100	0.100	0.700
0.700	0.100	0.100	0.100
0.100	0.700	0.100	0.100
0.100	0.100	0.700	0.100
0.100	0.700	0.100	0.100
0.100	0.100	0.700	0.100
0.700	0.100	0.100	0.100
0.100	0.700	0.100	0.100
>AGAAACGSCT	21-AGAAACGSCT	10.720340	-7.343230	0	T:5.0(0.98%),B:94.6(0.13%),P:1e-3	Tpos:93.2,Tstd:53.8,Bpos:108.0,Bstd:64.4,StrandBias:3.0,Multiplicity:1.80
0.997	0.001	0.001	0.001
0.001	0.001	0.997	0.001
0.997	0.001	0.001	0.001
0.997	0.001	0.001	0.001
0.997	0.001	0.001	0.001
0.132	0.866	0.001	0.001
0.001	0.001	0.997	0.001
0.001	0.531	0.467	0.001
0.001	0.997	0.001	0.001
0.369	0.001	0.001	0.629
>GACGGACGGA	22-GACGGACGGA	11.912468	-5.364025	0	T:2.0(0.39%),B:14.9(0.02%),P:1e-2	Tpos:165.1,Tstd:17.9,Bpos:101.1,Bstd:34.8,StrandBias:10.0,Multiplicity:1.00
0.001	0.001	0.997	0.001
0.997	0.001	0.001	0.001
0.001	0.997	0.001	0.001
0.001	0.001	0.997	0.001
0.001	0.001	0.997	0.001
0.997	0.001	0.001	0.001
0.001	0.997	0.001	0.001
0.001	0.001	0.997	0.001
0.001	0.156	0.842	0.001
0.825	0.173	0.001	0.001
>TGTGTGTATG	23-TGTGTGTATG	9.260617	-4.601943	0	T:18.0(3.54%),B:1355.6(1.91%),P:1e-1	Tpos:142.8,Tstd:50.2,Bpos:102.2,Bstd:94.4,StrandBias:2.2,Multiplicity:1.06
0.001	0.001	0.001	0.997
0.016	0.001	0.982	0.001
0.035	0.036	0.033	0.896
0.291	0.019	0.689	0.001
0.038	0.001	0.001	0.960
0.001	0.017	0.981	0.001
0.001	0.001	0.032	0.966
0.597	0.001	0.373	0.029
0.033	0.001	0.041	0.925
0.001	0.001	0.997	0.001
>MGGGAGRGRG	24-MGGGAGRGRG	7.667499	-3.509361	0	T:9.0(1.77%),B:597.7(0.84%),P:1e-1	Tpos:84.3,Tstd:40.9,Bpos:91.4,Bstd:67.2,StrandBias:2.9,Multiplicity:1.56
0.452	0.462	0.001	0.086
0.390	0.001	0.608	0.001
0.379	0.001	0.553	0.067
0.001	0.233	0.472	0.294
0.555	0.265	0.129	0.051
0.001	0.001	0.795	0.203
0.468	0.001	0.530	0.001
0.001	0.407	0.591	0.001
0.470	0.001	0.503	0.026
0.001	0.001	0.723	0.275
>CTGACTAGGC	25-CTGACTAGGC	10.296193	-3.348758	0	T:1.0(0.20%),B:5.9(0.01%),P:1e-1	Tpos:111.0,Tstd:54.7,Bpos:138.2,Bstd:28.2,StrandBias:10.0,Multiplicity:6.00
0.100	0.700	0.100	0.100
0.100	0.100	0.100	0.700
0.100	0.100	0.700	0.100
0.700	0.100	0.100	0.100
0.100	0.700	0.100	0.100
0.100	0.100	0.100	0.700
0.700	0.100	0.100	0.100
0.100	0.100	0.700	0.100
0.100	0.100	0.700	0.100
0.100	0.700	0.100	0.100
>AAATTTAATTTT	1-AAATTTAATTTT	9.364138	-39.619200	0	T:52.0(10.24%),B:1715.9(2.42%),P:1e-17	Tpos:97.6,Tstd:58.5,Bpos:99.4,Bstd:139.8,StrandBias:0.3,Multiplicity:1.09
0.877	0.045	0.029	0.049
0.841	0.022	0.057	0.080
0.799	0.124	0.039	0.038
0.031	0.054	0.056	0.859
0.058	0.072	0.077	0.793
0.057	0.034	0.077	0.832
0.686	0.119	0.074	0.121
0.908	0.001	0.032	0.059
0.019	0.077	0.010	0.894
0.053	0.035	0.081	0.831
0.034	0.046	0.066	0.854
0.054	0.028	0.086	0.832
>TTTTAAAATTTT	2-TTTTAAAATTTT	8.339805	-39.356323	0	T:86.0(16.93%),B:4289.5(6.04%),P:1e-17	Tpos:101.5,Tstd:56.8,Bpos:98.8,Bstd:144.1,StrandBias:-0.1,Multiplicity:1.21
0.001	0.126	0.001	0.872
0.001	0.179	0.001	0.819
0.001	0.001	0.075	0.923
0.001	0.102	0.036	0.861
0.668	0.001	0.213	0.118
0.839	0.001	0.001	0.159
0.838	0.052	0.001	0.109
0.963	0.001	0.001	0.035
0.322	0.001	0.042	0.635
0.104	0.001	0.033	0.862
0.085	0.001	0.001	0.913
0.109	0.001	0.075	0.815
>AGAACTCAGGTG	3-AGAACTCAGGTG	14.210870	-26.624964	0	T:6.0(1.18%),B:5.1(0.01%),P:1e-11	Tpos:88.7,Tstd:65.6,Bpos:53.1,Bstd:35.9,StrandBias:-1.0,Multiplicity:1.00
0.997	0.001	0.001	0.001
0.001	0.415	0.583	0.001
0.997	0.001	0.001	0.001
0.997	0.001	0.001	0.001
0.001	0.997	0.001	0.001
0.001	0.001	0.194	0.804
0.001	0.997	0.001	0.001
0.804	0.001	0.001	0.194
0.001	0.001	0.997	0.001
0.001	0.001	0.997	0.001
0.001	0.001	0.001	0.997
0.001	0.001	0.997	0.001
>ATATATATGTGT	4-ATATATATGTGT	13.761957	-23.840063	0	T:7.0(1.38%),B:16.6(0.02%),P:1e-10	Tpos:88.1,Tstd:40.3,Bpos:114.6,Bstd:63.5,StrandBias:-0.5,Multiplicity:1.14
0.991	0.006	0.002	0.001
0.001	0.126	0.001	0.872
0.997	0.001	0.001	0.001
0.001	0.001	0.001	0.997
0.997	0.001	0.001	0.001
0.030	0.001	0.001	0.968
0.997	0.001	0.001	0.001
0.001	0.001	0.001	0.997
0.364	0.001	0.634	0.001
0.001	0.001	0.001	0.997
0.039	0.001	0.959	0.001
0.001	0.001	0.197	0.801
>ACTTCGCCCCAA	5-ACTTCGCCCCAA	10.453506	-21.336606	0	T:11.0(2.17%),B:106.6(0.15%),P:1e-9	Tpos:98.1,Tstd:60.5,Bpos:98.2,Bstd:49.4,StrandBias:1.3,Multiplicity:1.27
0.997	0.001	0.001	0.001
0.001	0.672	0.134	0.193
0.245	0.057	0.088	0.610
0.001	0.001	0.001	0.997
0.001	0.747	0.001	0.251
0.088	0.088	0.823	0.001
0.001	0.851	0.088	0.060
0.038	0.960	0.001	0.001
0.068	0.755	0.176	0.001
0.088	0.823	0.088	0.001
0.911	0.001	0.087	0.001
0.865	0.046	0.001	0.088
>ACAAGBTCAAGA	6-ACAAGBTCAAGA	9.049854	-19.346409	0	T:28.0(5.51%),B:1036.3(1.46%),P:1e-8	Tpos:116.6,Tstd:46.4,Bpos:97.3,Bstd:91.6,StrandBias:0.3,Multiplicity:1.11
0.997	0.001	0.001	0.001
0.001	0.914	0.084	0.001
0.865	0.133	0.001	0.001
0.997	0.001	0.001	0.001
0.285	0.001	0.713	0.001
0.136	0.311	0.249	0.304
0.085	0.001	0.001	0.913
0.001	0.895	0.103	0.001
0.997	0.001	0.001	0.001
0.884	0.001	0.001	0.114
0.115	0.020	0.864	0.001
0.582	0.091	0.115	0.212
>RAAGAAGAAGAA	7-RAAGAAGAAGAA	8.514161	-18.731450	0	T:59.0(11.61%),B:3652.1(5.14%),P:1e-8	Tpos:109.7,Tstd:52.5,Bpos:98.1,Bstd:115.0,StrandBias:-0.2,Multiplicity:1.05
0.377	0.001	0.390	0.232
0.614	0.091	0.121	0.174
0.794	0.122	0.001	0.083
0.111	0.001	0.791	0.097
0.767	0.116	0.001	0.116
0.683	0.001	0.105	0.211
0.204	0.109	0.473	0.214
0.858	0.084	0.001	0.057
0.726	0.069	0.132	0.073
0.396	0.001	0.602	0.001
0.984	0.001	0.001	0.014
0.807	0.087	0.105	0.001
>TAATGGCGGCTC	8-TAATGGCGGCTC	13.965959	-18.111234	0	T:6.0(1.18%),B:21.3(0.03%),P:1e-7	Tpos:128.1,Tstd:64.0,Bpos:101.2,Bstd:44.5,StrandBias:0.4,Multiplicity:1.17
0.001	0.001	0.001	0.997
0.997	0.001	0.001	0.001
0.997	0.001	0.001	0.001
0.001	0.001	0.001	0.997
0.001	0.001	0.997	0.001
0.131	0.001	0.867	0.001
0.001	0.997	0.001	0.001
0.244	0.001	0.545	0.210
0.001	0.001	0.997	0.001
0.001	0.997	0.001	0.001
0.001	0.001	0.001	0.997
0.001	0.997	0.001	0.001
>AGCSKGWGMTCA	9-AGCSKGWGMTCA	12.183768	-16.542123	0	T:4.0(0.79%),B:5.7(0.01%),P:1e-7	Tpos:98.5,Tstd:63.8,Bpos:77.7,Bstd:35.7,StrandBias:10.0,Multiplicity:2.00
0.997	0.001	0.001	0.001
0.001	0.001	0.997	0.001
0.001	0.997	0.001	0.001
0.001	0.469	0.454	0.076
0.001	0.001	0.529	0.469
0.001	0.001	0.997	0.001
0.453	0.001	0.001	0.545
0.001	0.001	0.997	0.001
0.545	0.453	0.001	0.001
0.001	0.001	0.001	0.997
0.001	0.997	0.001	0.001
0.997	0.001	0.001	0.001
>TATATATATATA	10-TATATATATATA	11.267875	-16.524969	0	T:8.0(1.57%),B:71.2(0.10%),P:1e-7	Tpos:97.3,Tstd:54.8,Bpos:104.4,Bstd:129.3,StrandBias:-0.1,Multiplicity:1.00
0.005	0.001	0.001	0.993
0.997	0.001	0.001	0.001
0.001	0.001	0.001	0.997
0.997	0.001	0.001	0.001
0.001	0.001	0.001	0.997
0.990	0.001	0.001	0.008
0.001	0.001	0.001	0.997
0.990	0.001	0.001	0.008
0.001	0.001	0.001	0.997
0.997	0.001	0.001	0.001
0.015	0.001	0.001	0.983
0.989	0.009	0.001	0.001
>AGTACAGTACAG	11-AGTACAGTACAG	8.874148	-16.011532	0	T:33.0(6.50%),B:1608.4(2.26%),P:1e-6	Tpos:131.4,Tstd:53.2,Bpos:99.6,Bstd:117.6,StrandBias:0.2,Multiplicity:1.09
0.565	0.222	0.001	0.212
0.294	0.001	0.473	0.233
0.001	0.001	0.186	0.812
0.777	0.001	0.046	0.176
0.001	0.596	0.001	0.402
0.997	0.001	0.001	0.001
0.001	0.001	0.997	0.001
0.116	0.001	0.218	0.665
0.783	0.001	0.182	0.034
0.306	0.692	0.001	0.001
0.726	0.071	0.001	0.202
0.001	0.170	0.577	0.252
>TGGTGTTATTTG	12-TGGTGTTATTTG	12.355432	-14.550107	0	T:3.0(0.59%),B:2.4(0.00%),P:1e-6	Tpos:115.8,Tstd:59.6,Bpos:82.1,Bstd:32.8,StrandBias:-10.0,Multiplicity:1.33
0.100	0.100	0.100	0.700
0.100	0.100	0.700	0.100
0.100	0.100	0.700	0.100
0.100	0.100	0.100	0.700
0.100	0.100	0.700	0.100
0.100	0.100	0.100	0.700
0.100	0.100	0.100	0.700
0.700	0.100	0.100	0.100
0.100	0.100	0.100	0.700
0.100	0.100	0.100	0.700
0.100	0.100	0.100	0.700
0.100	0.100	0.700	0.100
>GTGTGCGTGTGT	13-GTGTGCGTGTGT	10.632172	-13.101867	0	T:14.0(2.76%),B:405.0(0.57%),P:1e-5	Tpos:139.7,Tstd:53.1,Bpos:102.5,Bstd:56.3,StrandBias:2.3,Multiplicity:1.08
0.116	0.090	0.779	0.015
0.070	0.001	0.003	0.926
0.179	0.001	0.819	0.001
0.001	0.001	0.089	0.909
0.182	0.180	0.637	0.001
0.150	0.707	0.001	0.142
0.001	0.160	0.738	0.101
0.001	0.050	0.001	0.948
0.090	0.090	0.819	0.001
0.001	0.179	0.001	0.819
0.001	0.001	0.997	0.001
0.001	0.001	0.089	0.909
>AAATAAATAAAC	14-AAATAAATAAAC	11.190151	-13.015746	0	T:10.0(1.97%),B:197.4(0.28%),P:1e-5	Tpos:90.9,Tstd:53.7,Bpos:79.4,Bstd:135.6,StrandBias:-0.8,Multiplicity:1.30
0.776	0.095	0.058	0.071
0.814	0.052	0.038	0.096
0.818	0.057	0.036	0.089
0.159	0.109	0.080	0.652
0.735	0.103	0.089	0.073
0.772	0.074	0.042	0.112
0.747	0.076	0.092	0.085
0.110	0.126	0.058	0.706
0.779	0.081	0.060	0.080
0.776	0.090	0.069	0.065
0.760	0.075	0.064	0.101
0.163	0.665	0.068	0.104
>CACTTTGTACGC	15-CACTTTGTACGC	13.848670	-12.481318	0	T:3.0(0.59%),B:4.7(0.01%),P:1e-5	Tpos:68.7,Tstd:64.8,Bpos:108.8,Bstd:34.3,StrandBias:0.0,Multiplicity:2.00
0.001	0.624	0.374	0.001
0.687	0.001	0.311	0.001
0.001	0.687	0.001	0.311
0.001	0.001	0.001	0.997
0.001	0.001	0.001	0.997
0.001	0.001	0.001	0.997
0.001	0.001	0.687	0.311
0.001	0.001	0.001	0.997
0.997	0.001	0.001	0.001
0.001	0.997	0.001	0.001
0.001	0.311	0.687	0.001
0.001	0.997	0.001	0.001
>AGGCTTTGGTGC	16-AGGCTTTGGTGC	14.650554	-10.580674	0	T:2.0(0.39%),B:1.2(0.00%),P:1e-4	Tpos:95.1,Tstd:55.3,Bpos:114.5,Bstd:46.4,StrandBias:2.6,Multiplicity:3.50
0.997	0.001	0.001	0.001
0.001	0.001	0.997	0.001
0.142	0.001	0.856	0.001
0.001	0.997	0.001	0.001
0.001	0.001	0.001	0.997
0.001	0.001	0.001	0.997
0.001	0.001	0.001	0.997
0.001	0.001	0.997	0.001
0.001	0.001	0.997	0.001
0.001	0.001	0.001	0.997
0.001	0.001	0.997	0.001
0.001	0.997	0.001	0.001
>AGCTTGGTAGTC	17-AGCTTGGTAGTC	16.003707	-10.580674	0	T:2.0(0.39%),B:0.6(0.00%),P:1e-4	Tpos:83.8,Tstd:59.6,Bpos:103.2,Bstd:38.1,StrandBias:10.0,Multiplicity:2.00
0.997	0.001	0.001	0.001
0.001	0.001	0.997	0.001
0.001	0.852	0.001	0.146
0.001	0.001	0.001	0.997
0.315	0.001	0.041	0.643
0.001	0.001	0.997	0.001
0.001	0.001	0.997	0.001
0.001	0.001	0.001	0.997
0.997	0.001	0.001	0.001
0.001	0.001	0.997	0.001
0.001	0.001	0.001	0.997
0.001	0.997	0.001	0.001
>GKKGGGGGGGGG	18-GKKGGGGGGGGG	8.071432	-10.261109	0	T:17.0(3.35%),B:740.4(1.04%),P:1e-4	Tpos:78.0,Tstd:35.3,Bpos:99.1,Bstd:60.2,StrandBias:-2.3,Multiplicity:1.59
0.046	0.045	0.572	0.337
0.090	0.135	0.435	0.341
0.180	0.183	0.348	0.289
0.273	0.135	0.502	0.090
0.315	0.022	0.662	0.001
0.180	0.022	0.797	0.001
0.137	0.001	0.818	0.044
0.113	0.022	0.823	0.042
0.113	0.090	0.707	0.090
0.090	0.022	0.878	0.010
0.001	0.044	0.888	0.067
0.001	0.090	0.655	0.254
>CTACCATTTACT	19-CTACCATTTACT	14.650554	-8.392936	0	T:2.0(0.39%),B:3.1(0.00%),P:1e-3	Tpos:108.0,Tstd:52.7,Bpos:72.5,Bstd:28.3,StrandBias:10.0,Multiplicity:3.50
0.001	0.997	0.001	0.001
0.001	0.142	0.001	0.856
0.997	0.001	0.001	0.001
0.001	0.997	0.001	0.001
0.001	0.997	0.001	0.001
0.997	0.001	0.001	0.001
0.001	0.001	0.001	0.997
0.001	0.001	0.001	0.997
0.001	0.001	0.001	0.997
0.997	0.001	0.001	0.001
0.001	0.997	0.001	0.001
0.001	0.001	0.001	0.997
>TGTTGATCACTG	20-TGTTGATCACTG	12.832887	-5.832207	0	T:2.0(0.39%),B:11.5(0.02%),P:1e-2	Tpos:107.6,Tstd:49.7,Bpos:103.0,Bstd:45.2,StrandBias:-2.6,Multiplicity:3.50
0.156	0.079	0.078	0.687
0.001	0.001	0.719	0.279
0.082	0.078	0.001	0.839
0.001	0.001	0.155	0.843
0.078	0.081	0.682	0.159
0.787	0.156	0.001	0.056
0.004	0.004	0.370	0.622
0.001	0.997	0.001	0.001
0.921	0.001	0.001	0.077
0.005	0.616	0.377	0.002
0.004	0.001	0.078	0.917
0.078	0.156	0.620	0.146
>GTGTCAATATAT	21-GTGTCAATATAT	12.355432	-4.943971	0	T:1.0(0.20%),B:0.3(0.00%),P:1e-2	Tpos:101.0,Tstd:66.4,Bpos:192.0,Bstd:0.0,StrandBias:10.0,Multiplicity:4.00
0.100	0.100	0.700	0.100
0.100	0.100	0.100	0.700
0.100	0.100	0.700	0.100
0.100	0.100	0.100	0.700
0.100	0.700	0.100	0.100
0.700	0.100	0.100	0.100
0.700	0.100	0.100	0.100
0.100	0.100	0.100	0.700
0.700	0.100	0.100	0.100
0.100	0.100	0.100	0.700
0.700	0.100	0.100	0.100
0.100	0.100	0.100	0.700
>CTCYCTCTCTCT	22-CTCYCTCTCTCT	10.309038	-4.927796	0	T:7.0(1.38%),B:307.0(0.43%),P:1e-2	Tpos:81.7,Tstd:40.0,Bpos:88.5,Bstd:66.9,StrandBias:-4.1,Multiplicity:1.00
0.048	0.903	0.048	0.001
0.001	0.053	0.001	0.945
0.001	0.997	0.001	0.001
0.001	0.508	0.117	0.374
0.001	0.881	0.001	0.117
0.001	0.001	0.117	0.881
0.001	0.881	0.117	0.001
0.001	0.270	0.001	0.728
0.001	0.826	0.117	0.056
0.001	0.001	0.001	0.997
0.091	0.735	0.001	0.173
0.001	0.268	0.001	0.730
>CGTCCGTCCGTC	23-CGTCCGTCCGTC	12.355432	-4.254386	0	T:1.0(0.20%),B:2.5(0.00%),P:1e-1	Tpos:172.0,Tstd:6.8,Bpos:86.9,Bstd:31.8,StrandBias:-10.0,Multiplicity:1.00
0.100	0.700	0.100	0.100
0.100	0.100	0.700	0.100
0.100	0.100	0.100	0.700
0.100	0.700	0.100	0.100
0.100	0.700	0.100	0.100
0.100	0.100	0.700	0.100
0.100	0.100	0.100	0.700
0.100	0.700	0.100	0.100
0.100	0.700	0.100	0.100
0.100	0.100	0.700	0.100
0.100	0.100	0.100	0.700
0.100	0.700	0.100	0.100
>CATACATACATA	24-CATACATACATA	13.650512	-3.875541	0	T:4.0(0.79%),B:144.5(0.20%),P:1e-1	Tpos:149.1,Tstd:33.5,Bpos:103.3,Bstd:139.2,StrandBias:-10.0,Multiplicity:1.00
0.001	0.856	0.083	0.060
0.997	0.001	0.001	0.001
0.001	0.001	0.001	0.997
0.997	0.001	0.001	0.001
0.001	0.997	0.001	0.001
0.997	0.001	0.001	0.001
0.001	0.001	0.001	0.997
0.997	0.001	0.001	0.001
0.001	0.868	0.130	0.001
0.997	0.001	0.001	0.001
0.001	0.001	0.001	0.997
0.997	0.001	0.001	0.001
>TTCATTCATTCA	25-TTCATTCATTCA	12.355432	-0.760848	0	T:1.0(0.20%),B:88.2(0.12%),P:1e0	Tpos:61.0,Tstd:20.8,Bpos:106.4,Bstd:57.7,StrandBias:10.0,Multiplicity:1.00
0.100	0.100	0.100	0.700
0.100	0.100	0.100	0.700
0.100	0.700	0.100	0.100
0.700	0.100	0.100	0.100
0.100	0.100	0.100	0.700
0.100	0.100	0.100	0.700
0.100	0.700	0.100	0.100
0.700	0.100	0.100	0.100
0.100	0.100	0.100	0.700
0.100	0.100	0.100	0.700
0.100	0.700	0.100	0.100
0.700	0.100	0.100	0.100
>TGATATTT	1-TGATATTT	7.292103	-36.907742	0	T:153.0(30.12%),B:11011.6(15.50%),P:1e-16	Tpos:105.1,Tstd:55.1,Bpos:97.3,Bstd:142.8,StrandBias:-0.1,Multiplicity:1.20
0.001	0.001	0.001	0.997
0.001	0.175	0.740	0.084
0.941	0.001	0.001	0.057
0.001	0.001	0.077	0.921
0.798	0.001	0.001	0.200
0.001	0.001	0.001	0.997
0.088	0.104	0.001	0.807
0.001	0.043	0.035	0.921
>AAAAATTT	2-AAAAATTT	5.689624	-36.206853	0	T:280.0(55.12%),B:26420.1(37.19%),P:1e-15	Tpos:102.5,Tstd:55.9,Bpos:99.6,Bstd:142.1,StrandBias:-0.0,Multiplicity:1.59
0.640	0.239	0.051	0.070
0.647	0.139	0.080	0.134
0.897	0.054	0.010	0.039
0.927	0.010	0.027	0.036
0.789	0.077	0.038	0.096
0.177	0.048	0.029	0.746
0.133	0.064	0.121	0.682
0.150	0.079	0.093	0.678
>AAATTYTS	3-AAATTYTS	5.818210	-21.918504	0	T:220.0(43.31%),B:21452.3(30.20%),P:1e-9	Tpos:97.3,Tstd:57.8,Bpos:99.3,Bstd:115.6,StrandBias:-0.0,Multiplicity:1.20
0.784	0.001	0.205	0.010
0.849	0.011	0.022	0.118
0.806	0.154	0.022	0.018
0.087	0.141	0.120	0.652
0.032	0.084	0.258	0.626
0.001	0.546	0.044	0.409
0.246	0.034	0.081	0.639
0.224	0.432	0.343	0.001
>CTGGTAGT	4-CTGGTAGT	4.721433	-20.177656	0	T:198.0(38.98%),B:19052.7(26.82%),P:1e-8	Tpos:99.8,Tstd:56.9,Bpos:99.6,Bstd:85.9,StrandBias:0.4,Multiplicity:1.29
0.040	0.725	0.147	0.088
0.064	0.062	0.127	0.747
0.157	0.117	0.639	0.087
0.057	0.092	0.759	0.092
0.083	0.121	0.082	0.714
0.794	0.047	0.101	0.058
0.031	0.040	0.836	0.093
0.037	0.137	0.031	0.795
>GGCCCAAA	5-GGCCCAAA	6.525993	-19.822824	0	T:61.0(12.01%),B:3727.5(5.25%),P:1e-8	Tpos:95.2,Tstd:53.8,Bpos:100.0,Bstd:82.3,StrandBias:-0.4,Multiplicity:1.10
0.001	0.016	0.880	0.103
0.001	0.204	0.794	0.001
0.001	0.920	0.001	0.078
0.100	0.860	0.011	0.029
0.200	0.758	0.001	0.041
0.890	0.024	0.039	0.047
0.953	0.045	0.001	0.001
0.949	0.025	0.025	0.001
>CGTTTCTG	6-CGTTTCTG	7.183469	-15.470738	0	T:74.0(14.57%),B:5541.8(7.80%),P:1e-6	Tpos:94.5,Tstd:56.7,Bpos:99.6,Bstd:89.6,StrandBias:-0.2,Multiplicity:1.15
0.047	0.802	0.095	0.056
0.120	0.028	0.698	0.154
0.008	0.008	0.019	0.965
0.055	0.001	0.001	0.943
0.010	0.001	0.001	0.988
0.062	0.754	0.049	0.135
0.001	0.001	0.001	0.997
0.007	0.001	0.911	0.081
>TATGTTGT	7-TATGTTGT	8.236954	-13.765882	0	T:22.0(4.33%),B:905.9(1.28%),P:1e-5	Tpos:111.5,Tstd:57.0,Bpos:102.6,Bstd:114.0,StrandBias:-0.2,Multiplicity:1.00
0.100	0.100	0.100	0.700
0.700	0.100	0.100	0.100
0.100	0.100	0.100	0.700
0.100	0.100	0.700	0.100
0.100	0.100	0.100	0.700
0.100	0.100	0.100	0.700
0.100	0.100	0.700	0.100
0.100	0.100	0.100	0.700
>GAAGAAGA	8-GAAGAAGA	8.147418	-12.609983	0	T:42.0(8.27%),B:2708.7(3.81%),P:1e-5	Tpos:101.9,Tstd:51.5,Bpos:97.2,Bstd:93.5,StrandBias:-0.3,Multiplicity:1.05
0.121	0.001	0.749	0.129
0.997	0.001	0.001	0.001
0.812	0.111	0.001	0.076
0.001	0.001	0.997	0.001
0.997	0.001	0.001	0.001
0.940	0.001	0.058	0.001
0.001	0.001	0.997	0.001
0.997	0.001	0.001	0.001
>CTAGGCCT	9-CTAGGCCT	7.858229	-11.557496	0	T:20.0(3.94%),B:887.8(1.25%),P:1e-5	Tpos:110.4,Tstd:53.4,Bpos:97.1,Bstd:75.3,StrandBias:-0.1,Multiplicity:1.35
0.145	0.689	0.018	0.148
0.001	0.032	0.022	0.945
0.947	0.051	0.001	0.001
0.001	0.021	0.977	0.001
0.001	0.099	0.887	0.013
0.017	0.970	0.001	0.012
0.008	0.702	0.001	0.289
0.001	0.026	0.001	0.972
>CAGTACGG	10-CAGTACGG	6.835738	-10.868988	0	T:49.0(9.65%),B:3620.9(5.10%),P:1e-4	Tpos:115.2,Tstd:58.5,Bpos:99.7,Bstd:85.7,StrandBias:0.5,Multiplicity:1.24
0.001	0.957	0.018	0.024
0.928	0.047	0.024	0.001
0.001	0.021	0.916	0.062
0.038	0.013	0.025	0.924
0.823	0.001	0.124	0.052
0.123	0.794	0.029	0.054
0.293	0.001	0.705	0.001
0.001	0.001	0.997	0.001
>ATATATAT	11-ATATATAT	8.236954	-8.343599	0	T:14.0(2.76%),B:631.5(0.89%),P:1e-3	Tpos:96.2,Tstd:53.1,Bpos:106.3,Bstd:114.1,StrandBias:0.0,Multiplicity:1.07
0.700	0.100	0.100	0.100
0.100	0.100	0.100	0.700
0.700	0.100	0.100	0.100
0.100	0.100	0.100	0.700
0.700	0.100	0.100	0.100
0.100	0.100	0.100	0.700
0.700	0.100	0.100	0.100
0.100	0.100	0.100	0.700
>GATCAACA	12-GATCAACA	5.790867	-6.908449	0	T:23.0(4.53%),B:1550.4(2.18%),P:1e-3	Tpos:111.5,Tstd:50.1,Bpos:96.9,Bstd:91.3,StrandBias:1.2,Multiplicity:1.53
0.001	0.001	0.997	0.001
0.953	0.045	0.001	0.001
0.001	0.001	0.001	0.997
0.001	0.997	0.001	0.001
0.997	0.001	0.001	0.001
0.997	0.001	0.001	0.001
0.001	0.885	0.113	0.001
0.997	0.001	0.001	0.001
>GGGGGGGG	13-GGGGGGGG	7.062323	-6.369829	0	T:19.0(3.74%),B:1230.5(1.73%),P:1e-2	Tpos:82.7,Tstd:43.0,Bpos:99.6,Bstd:63.5,StrandBias:-2.4,Multiplicity:1.79
0.108	0.010	0.857	0.025
0.065	0.037	0.881	0.017
0.111	0.001	0.887	0.001
0.001	0.001	0.997	0.001
0.023	0.001	0.975	0.001
0.034	0.001	0.945	0.020
0.001	0.001	0.924	0.074
0.001	0.001	0.746	0.252
>KGCTCAAC	14-KGCTCAAC	9.083261	-5.458507	0	T:12.0(2.36%),B:681.3(0.96%),P:1e-2	Tpos:101.9,Tstd:38.5,Bpos:101.8,Bstd:74.8,StrandBias:-0.8,Multiplicity:1.17
0.057	0.001	0.435	0.507
0.001	0.001	0.997	0.001
0.142	0.856	0.001	0.001
0.001	0.001	0.062	0.936
0.001	0.997	0.001	0.001
0.951	0.001	0.047	0.001
0.997	0.001	0.001	0.001
0.001	0.647	0.351	0.001
>GTGTGTGT	15-GTGTGTGT	7.968913	-4.277411	0	T:34.0(6.69%),B:3175.1(4.47%),P:1e-1	Tpos:116.4,Tstd:55.6,Bpos:99.7,Bstd:68.7,StrandBias:1.2,Multiplicity:1.09
0.001	0.001	0.997	0.001
0.061	0.058	0.001	0.880
0.001	0.001	0.997	0.001
0.001	0.001	0.001	0.997
0.001	0.001	0.997	0.001
0.001	0.001	0.001	0.997
0.001	0.001	0.849	0.149
0.001	0.001	0.089	0.909
>CGTCCGTC	16-CGTCCGTC	8.236954	-3.563635	0	T:3.0(0.59%),B:91.3(0.13%),P:1e-1	Tpos:160.1,Tstd:23.4,Bpos:96.7,Bstd:41.9,StrandBias:-10.0,Multiplicity:3.00
0.100	0.700	0.100	0.100
0.100	0.100	0.700	0.100
0.100	0.100	0.100	0.700
0.100	0.700	0.100	0.100
0.100	0.700	0.100	0.100
0.100	0.100	0.700	0.100
0.100	0.100	0.100	0.700
0.100	0.700	0.100	0.100
>ATACATAC	17-ATACATAC	8.236954	-2.180431	0	T:12.0(2.36%),B:1124.8(1.58%),P:1e0	Tpos:137.7,Tstd:44.7,Bpos:100.8,Bstd:134.0,StrandBias:-2.6,Multiplicity:2.33
0.700	0.100	0.100	0.100
0.100	0.100	0.100	0.700
0.700	0.100	0.100	0.100
0.100	0.700	0.100	0.100
0.700	0.100	0.100	0.100
0.100	0.100	0.100	0.700
0.700	0.100	0.100	0.100
0.100	0.700	0.100	0.100
>AGAGAGAG	18-AGAGAGAG	8.236954	-1.228458	0	T:6.0(1.18%),B:626.2(0.88%),P:1e0	Tpos:81.2,Tstd:42.3,Bpos:91.8,Bstd:77.6,StrandBias:4.0,Multiplicity:1.00
0.700	0.100	0.100	0.100
0.100	0.100	0.700	0.100
0.700	0.100	0.100	0.100
0.100	0.100	0.700	0.100
0.700	0.100	0.100	0.100
0.100	0.100	0.700	0.100
0.700	0.100	0.100	0.100
0.100	0.100	0.700	0.100
