>AAATTTAATTTT	1-AAATTTAATTTT	9.364138	-39.619200	0	T:52.0(10.24%),B:1715.9(2.42%),P:1e-17	Tpos:97.6,Tstd:58.5,Bpos:99.4,Bstd:139.8,StrandBias:0.3,Multiplicity:1.09
0.877	0.045	0.029	0.049
0.841	0.022	0.057	0.080
0.799	0.124	0.039	0.038
0.031	0.054	0.056	0.859
0.058	0.072	0.077	0.793
0.057	0.034	0.077	0.832
0.686	0.119	0.074	0.121
0.908	0.001	0.032	0.059
0.019	0.077	0.010	0.894
0.053	0.035	0.081	0.831
0.034	0.046	0.066	0.854
0.054	0.028	0.086	0.832
>TTTTAAAATTTT	2-TTTTAAAATTTT	8.339805	-39.356323	0	T:86.0(16.93%),B:4289.5(6.04%),P:1e-17	Tpos:101.5,Tstd:56.8,Bpos:98.8,Bstd:144.1,StrandBias:-0.1,Multiplicity:1.21
0.001	0.126	0.001	0.872
0.001	0.179	0.001	0.819
0.001	0.001	0.075	0.923
0.001	0.102	0.036	0.861
0.668	0.001	0.213	0.118
0.839	0.001	0.001	0.159
0.838	0.052	0.001	0.109
0.963	0.001	0.001	0.035
0.322	0.001	0.042	0.635
0.104	0.001	0.033	0.862
0.085	0.001	0.001	0.913
0.109	0.001	0.075	0.815
>AGAACTCAGGTG	3-AGAACTCAGGTG	14.210870	-26.624964	0	T:6.0(1.18%),B:5.1(0.01%),P:1e-11	Tpos:88.7,Tstd:65.6,Bpos:53.1,Bstd:35.9,StrandBias:-1.0,Multiplicity:1.00
0.997	0.001	0.001	0.001
0.001	0.415	0.583	0.001
0.997	0.001	0.001	0.001
0.997	0.001	0.001	0.001
0.001	0.997	0.001	0.001
0.001	0.001	0.194	0.804
0.001	0.997	0.001	0.001
0.804	0.001	0.001	0.194
0.001	0.001	0.997	0.001
0.001	0.001	0.997	0.001
0.001	0.001	0.001	0.997
0.001	0.001	0.997	0.001
>ATATATATGTGT	4-ATATATATGTGT	13.761957	-23.840063	0	T:7.0(1.38%),B:16.6(0.02%),P:1e-10	Tpos:88.1,Tstd:40.3,Bpos:114.6,Bstd:63.5,StrandBias:-0.5,Multiplicity:1.14
0.991	0.006	0.002	0.001
0.001	0.126	0.001	0.872
0.997	0.001	0.001	0.001
0.001	0.001	0.001	0.997
0.997	0.001	0.001	0.001
0.030	0.001	0.001	0.968
0.997	0.001	0.001	0.001
0.001	0.001	0.001	0.997
0.364	0.001	0.634	0.001
0.001	0.001	0.001	0.997
0.039	0.001	0.959	0.001
0.001	0.001	0.197	0.801
>ACTTCGCCCCAA	5-ACTTCGCCCCAA	10.453506	-21.336606	0	T:11.0(2.17%),B:106.6(0.15%),P:1e-9	Tpos:98.1,Tstd:60.5,Bpos:98.2,Bstd:49.4,StrandBias:1.3,Multiplicity:1.27
0.997	0.001	0.001	0.001
0.001	0.672	0.134	0.193
0.245	0.057	0.088	0.610
0.001	0.001	0.001	0.997
0.001	0.747	0.001	0.251
0.088	0.088	0.823	0.001
0.001	0.851	0.088	0.060
0.038	0.960	0.001	0.001
0.068	0.755	0.176	0.001
0.088	0.823	0.088	0.001
0.911	0.001	0.087	0.001
0.865	0.046	0.001	0.088
>ACAAGBTCAAGA	6-ACAAGBTCAAGA	9.049854	-19.346409	0	T:28.0(5.51%),B:1036.3(1.46%),P:1e-8	Tpos:116.6,Tstd:46.4,Bpos:97.3,Bstd:91.6,StrandBias:0.3,Multiplicity:1.11
0.997	0.001	0.001	0.001
0.001	0.914	0.084	0.001
0.865	0.133	0.001	0.001
0.997	0.001	0.001	0.001
0.285	0.001	0.713	0.001
0.136	0.311	0.249	0.304
0.085	0.001	0.001	0.913
0.001	0.895	0.103	0.001
0.997	0.001	0.001	0.001
0.884	0.001	0.001	0.114
0.115	0.020	0.864	0.001
0.582	0.091	0.115	0.212
>RAAGAAGAAGAA	7-RAAGAAGAAGAA	8.514161	-18.731450	0	T:59.0(11.61%),B:3652.1(5.14%),P:1e-8	Tpos:109.7,Tstd:52.5,Bpos:98.1,Bstd:115.0,StrandBias:-0.2,Multiplicity:1.05
0.377	0.001	0.390	0.232
0.614	0.091	0.121	0.174
0.794	0.122	0.001	0.083
0.111	0.001	0.791	0.097
0.767	0.116	0.001	0.116
0.683	0.001	0.105	0.211
0.204	0.109	0.473	0.214
0.858	0.084	0.001	0.057
0.726	0.069	0.132	0.073
0.396	0.001	0.602	0.001
0.984	0.001	0.001	0.014
0.807	0.087	0.105	0.001
>TAATGGCGGCTC	8-TAATGGCGGCTC	13.965959	-18.111234	0	T:6.0(1.18%),B:21.3(0.03%),P:1e-7	Tpos:128.1,Tstd:64.0,Bpos:101.2,Bstd:44.5,StrandBias:0.4,Multiplicity:1.17
0.001	0.001	0.001	0.997
0.997	0.001	0.001	0.001
0.997	0.001	0.001	0.001
0.001	0.001	0.001	0.997
0.001	0.001	0.997	0.001
0.131	0.001	0.867	0.001
0.001	0.997	0.001	0.001
0.244	0.001	0.545	0.210
0.001	0.001	0.997	0.001
0.001	0.997	0.001	0.001
0.001	0.001	0.001	0.997
0.001	0.997	0.001	0.001
>AGCSKGWGMTCA	9-AGCSKGWGMTCA	12.183768	-16.542123	0	T:4.0(0.79%),B:5.7(0.01%),P:1e-7	Tpos:98.5,Tstd:63.8,Bpos:77.7,Bstd:35.7,StrandBias:10.0,Multiplicity:2.00
0.997	0.001	0.001	0.001
0.001	0.001	0.997	0.001
0.001	0.997	0.001	0.001
0.001	0.469	0.454	0.076
0.001	0.001	0.529	0.469
0.001	0.001	0.997	0.001
0.453	0.001	0.001	0.545
0.001	0.001	0.997	0.001
0.545	0.453	0.001	0.001
0.001	0.001	0.001	0.997
0.001	0.997	0.001	0.001
0.997	0.001	0.001	0.001
>TATATATATATA	10-TATATATATATA	11.267875	-16.524969	0	T:8.0(1.57%),B:71.2(0.10%),P:1e-7	Tpos:97.3,Tstd:54.8,Bpos:104.4,Bstd:129.3,StrandBias:-0.1,Multiplicity:1.00
0.005	0.001	0.001	0.993
0.997	0.001	0.001	0.001
0.001	0.001	0.001	0.997
0.997	0.001	0.001	0.001
0.001	0.001	0.001	0.997
0.990	0.001	0.001	0.008
0.001	0.001	0.001	0.997
0.990	0.001	0.001	0.008
0.001	0.001	0.001	0.997
0.997	0.001	0.001	0.001
0.015	0.001	0.001	0.983
0.989	0.009	0.001	0.001
>AGTACAGTACAG	11-AGTACAGTACAG	8.874148	-16.011532	0	T:33.0(6.50%),B:1608.4(2.26%),P:1e-6	Tpos:131.4,Tstd:53.2,Bpos:99.6,Bstd:117.6,StrandBias:0.2,Multiplicity:1.09
0.565	0.222	0.001	0.212
0.294	0.001	0.473	0.233
0.001	0.001	0.186	0.812
0.777	0.001	0.046	0.176
0.001	0.596	0.001	0.402
0.997	0.001	0.001	0.001
0.001	0.001	0.997	0.001
0.116	0.001	0.218	0.665
0.783	0.001	0.182	0.034
0.306	0.692	0.001	0.001
0.726	0.071	0.001	0.202
0.001	0.170	0.577	0.252
>TGGTGTTATTTG	12-TGGTGTTATTTG	12.355432	-14.550107	0	T:3.0(0.59%),B:2.4(0.00%),P:1e-6	Tpos:115.8,Tstd:59.6,Bpos:82.1,Bstd:32.8,StrandBias:-10.0,Multiplicity:1.33
0.100	0.100	0.100	0.700
0.100	0.100	0.700	0.100
0.100	0.100	0.700	0.100
0.100	0.100	0.100	0.700
0.100	0.100	0.700	0.100
0.100	0.100	0.100	0.700
0.100	0.100	0.100	0.700
0.700	0.100	0.100	0.100
0.100	0.100	0.100	0.700
0.100	0.100	0.100	0.700
0.100	0.100	0.100	0.700
0.100	0.100	0.700	0.100
>GTGTGCGTGTGT	13-GTGTGCGTGTGT	10.632172	-13.101867	0	T:14.0(2.76%),B:405.0(0.57%),P:1e-5	Tpos:139.7,Tstd:53.1,Bpos:102.5,Bstd:56.3,StrandBias:2.3,Multiplicity:1.08
0.116	0.090	0.779	0.015
0.070	0.001	0.003	0.926
0.179	0.001	0.819	0.001
0.001	0.001	0.089	0.909
0.182	0.180	0.637	0.001
0.150	0.707	0.001	0.142
0.001	0.160	0.738	0.101
0.001	0.050	0.001	0.948
0.090	0.090	0.819	0.001
0.001	0.179	0.001	0.819
0.001	0.001	0.997	0.001
0.001	0.001	0.089	0.909
>AAATAAATAAAC	14-AAATAAATAAAC	11.190151	-13.015746	0	T:10.0(1.97%),B:197.4(0.28%),P:1e-5	Tpos:90.9,Tstd:53.7,Bpos:79.4,Bstd:135.6,StrandBias:-0.8,Multiplicity:1.30
0.776	0.095	0.058	0.071
0.814	0.052	0.038	0.096
0.818	0.057	0.036	0.089
0.159	0.109	0.080	0.652
0.735	0.103	0.089	0.073
0.772	0.074	0.042	0.112
0.747	0.076	0.092	0.085
0.110	0.126	0.058	0.706
0.779	0.081	0.060	0.080
0.776	0.090	0.069	0.065
0.760	0.075	0.064	0.101
0.163	0.665	0.068	0.104
>CACTTTGTACGC	15-CACTTTGTACGC	13.848670	-12.481318	0	T:3.0(0.59%),B:4.7(0.01%),P:1e-5	Tpos:68.7,Tstd:64.8,Bpos:108.8,Bstd:34.3,StrandBias:0.0,Multiplicity:2.00
0.001	0.624	0.374	0.001
0.687	0.001	0.311	0.001
0.001	0.687	0.001	0.311
0.001	0.001	0.001	0.997
0.001	0.001	0.001	0.997
0.001	0.001	0.001	0.997
0.001	0.001	0.687	0.311
0.001	0.001	0.001	0.997
0.997	0.001	0.001	0.001
0.001	0.997	0.001	0.001
0.001	0.311	0.687	0.001
0.001	0.997	0.001	0.001
>AGGCTTTGGTGC	16-AGGCTTTGGTGC	14.650554	-10.580674	0	T:2.0(0.39%),B:1.2(0.00%),P:1e-4	Tpos:95.1,Tstd:55.3,Bpos:114.5,Bstd:46.4,StrandBias:2.6,Multiplicity:3.50
0.997	0.001	0.001	0.001
0.001	0.001	0.997	0.001
0.142	0.001	0.856	0.001
0.001	0.997	0.001	0.001
0.001	0.001	0.001	0.997
0.001	0.001	0.001	0.997
0.001	0.001	0.001	0.997
0.001	0.001	0.997	0.001
0.001	0.001	0.997	0.001
0.001	0.001	0.001	0.997
0.001	0.001	0.997	0.001
0.001	0.997	0.001	0.001
>AGCTTGGTAGTC	17-AGCTTGGTAGTC	16.003707	-10.580674	0	T:2.0(0.39%),B:0.6(0.00%),P:1e-4	Tpos:83.8,Tstd:59.6,Bpos:103.2,Bstd:38.1,StrandBias:10.0,Multiplicity:2.00
0.997	0.001	0.001	0.001
0.001	0.001	0.997	0.001
0.001	0.852	0.001	0.146
0.001	0.001	0.001	0.997
0.315	0.001	0.041	0.643
0.001	0.001	0.997	0.001
0.001	0.001	0.997	0.001
0.001	0.001	0.001	0.997
0.997	0.001	0.001	0.001
0.001	0.001	0.997	0.001
0.001	0.001	0.001	0.997
0.001	0.997	0.001	0.001
>GKKGGGGGGGGG	18-GKKGGGGGGGGG	8.071432	-10.261109	0	T:17.0(3.35%),B:740.4(1.04%),P:1e-4	Tpos:78.0,Tstd:35.3,Bpos:99.1,Bstd:60.2,StrandBias:-2.3,Multiplicity:1.59
0.046	0.045	0.572	0.337
0.090	0.135	0.435	0.341
0.180	0.183	0.348	0.289
0.273	0.135	0.502	0.090
0.315	0.022	0.662	0.001
0.180	0.022	0.797	0.001
0.137	0.001	0.818	0.044
0.113	0.022	0.823	0.042
0.113	0.090	0.707	0.090
0.090	0.022	0.878	0.010
0.001	0.044	0.888	0.067
0.001	0.090	0.655	0.254
>CTACCATTTACT	19-CTACCATTTACT	14.650554	-8.392936	0	T:2.0(0.39%),B:3.1(0.00%),P:1e-3	Tpos:108.0,Tstd:52.7,Bpos:72.5,Bstd:28.3,StrandBias:10.0,Multiplicity:3.50
0.001	0.997	0.001	0.001
0.001	0.142	0.001	0.856
0.997	0.001	0.001	0.001
0.001	0.997	0.001	0.001
0.001	0.997	0.001	0.001
0.997	0.001	0.001	0.001
0.001	0.001	0.001	0.997
0.001	0.001	0.001	0.997
0.001	0.001	0.001	0.997
0.997	0.001	0.001	0.001
0.001	0.997	0.001	0.001
0.001	0.001	0.001	0.997
>TGTTGATCACTG	20-TGTTGATCACTG	12.832887	-5.832207	0	T:2.0(0.39%),B:11.5(0.02%),P:1e-2	Tpos:107.6,Tstd:49.7,Bpos:103.0,Bstd:45.2,StrandBias:-2.6,Multiplicity:3.50
0.156	0.079	0.078	0.687
0.001	0.001	0.719	0.279
0.082	0.078	0.001	0.839
0.001	0.001	0.155	0.843
0.078	0.081	0.682	0.159
0.787	0.156	0.001	0.056
0.004	0.004	0.370	0.622
0.001	0.997	0.001	0.001
0.921	0.001	0.001	0.077
0.005	0.616	0.377	0.002
0.004	0.001	0.078	0.917
0.078	0.156	0.620	0.146
>GTGTCAATATAT	21-GTGTCAATATAT	12.355432	-4.943971	0	T:1.0(0.20%),B:0.3(0.00%),P:1e-2	Tpos:101.0,Tstd:66.4,Bpos:192.0,Bstd:0.0,StrandBias:10.0,Multiplicity:4.00
0.100	0.100	0.700	0.100
0.100	0.100	0.100	0.700
0.100	0.100	0.700	0.100
0.100	0.100	0.100	0.700
0.100	0.700	0.100	0.100
0.700	0.100	0.100	0.100
0.700	0.100	0.100	0.100
0.100	0.100	0.100	0.700
0.700	0.100	0.100	0.100
0.100	0.100	0.100	0.700
0.700	0.100	0.100	0.100
0.100	0.100	0.100	0.700
>CTCYCTCTCTCT	22-CTCYCTCTCTCT	10.309038	-4.927796	0	T:7.0(1.38%),B:307.0(0.43%),P:1e-2	Tpos:81.7,Tstd:40.0,Bpos:88.5,Bstd:66.9,StrandBias:-4.1,Multiplicity:1.00
0.048	0.903	0.048	0.001
0.001	0.053	0.001	0.945
0.001	0.997	0.001	0.001
0.001	0.508	0.117	0.374
0.001	0.881	0.001	0.117
0.001	0.001	0.117	0.881
0.001	0.881	0.117	0.001
0.001	0.270	0.001	0.728
0.001	0.826	0.117	0.056
0.001	0.001	0.001	0.997
0.091	0.735	0.001	0.173
0.001	0.268	0.001	0.730
>CGTCCGTCCGTC	23-CGTCCGTCCGTC	12.355432	-4.254386	0	T:1.0(0.20%),B:2.5(0.00%),P:1e-1	Tpos:172.0,Tstd:6.8,Bpos:86.9,Bstd:31.8,StrandBias:-10.0,Multiplicity:1.00
0.100	0.700	0.100	0.100
0.100	0.100	0.700	0.100
0.100	0.100	0.100	0.700
0.100	0.700	0.100	0.100
0.100	0.700	0.100	0.100
0.100	0.100	0.700	0.100
0.100	0.100	0.100	0.700
0.100	0.700	0.100	0.100
0.100	0.700	0.100	0.100
0.100	0.100	0.700	0.100
0.100	0.100	0.100	0.700
0.100	0.700	0.100	0.100
>CATACATACATA	24-CATACATACATA	13.650512	-3.875541	0	T:4.0(0.79%),B:144.5(0.20%),P:1e-1	Tpos:149.1,Tstd:33.5,Bpos:103.3,Bstd:139.2,StrandBias:-10.0,Multiplicity:1.00
0.001	0.856	0.083	0.060
0.997	0.001	0.001	0.001
0.001	0.001	0.001	0.997
0.997	0.001	0.001	0.001
0.001	0.997	0.001	0.001
0.997	0.001	0.001	0.001
0.001	0.001	0.001	0.997
0.997	0.001	0.001	0.001
0.001	0.868	0.130	0.001
0.997	0.001	0.001	0.001
0.001	0.001	0.001	0.997
0.997	0.001	0.001	0.001
>TTCATTCATTCA	25-TTCATTCATTCA	12.355432	-0.760848	0	T:1.0(0.20%),B:88.2(0.12%),P:1e0	Tpos:61.0,Tstd:20.8,Bpos:106.4,Bstd:57.7,StrandBias:10.0,Multiplicity:1.00
0.100	0.100	0.100	0.700
0.100	0.100	0.100	0.700
0.100	0.700	0.100	0.100
0.700	0.100	0.100	0.100
0.100	0.100	0.100	0.700
0.100	0.100	0.100	0.700
0.100	0.700	0.100	0.100
0.700	0.100	0.100	0.100
0.100	0.100	0.100	0.700
0.100	0.100	0.100	0.700
0.100	0.700	0.100	0.100
0.700	0.100	0.100	0.100
