>CGGGTATCTCTT	1-CGGGTATCTCTT	14.156767	-72.482926	0	T:12.0(1.35%),B:1.0(0.00%),P:1e-31	Tpos:94.2,Tstd:56.7,Bpos:114.7,Bstd:19.4,StrandBias:-1.8,Multiplicity:1.00
0.001	0.997	0.001	0.001
0.001	0.109	0.889	0.001
0.001	0.001	0.997	0.001
0.001	0.001	0.997	0.001
0.001	0.001	0.001	0.997
0.997	0.001	0.001	0.001
0.001	0.001	0.001	0.997
0.109	0.889	0.001	0.001
0.001	0.001	0.001	0.997
0.001	0.997	0.001	0.001
0.001	0.001	0.001	0.997
0.001	0.109	0.001	0.889
>TCTCAAAATTTT	2-TCTCAAAATTTT	6.493017	-63.959187	0	T:346.0(38.79%),B:15711.6(22.34%),P:1e-27	Tpos:95.6,Tstd:53.0,Bpos:99.7,Bstd:137.7,StrandBias:-0.2,Multiplicity:1.28
0.121	0.058	0.109	0.712
0.122	0.602	0.101	0.175
0.105	0.087	0.074	0.734
0.086	0.667	0.134	0.113
0.778	0.079	0.056	0.087
0.752	0.065	0.090	0.093
0.832	0.069	0.033	0.066
0.765	0.063	0.073	0.099
0.101	0.065	0.046	0.788
0.074	0.057	0.077	0.792
0.047	0.071	0.091	0.791
0.060	0.077	0.076	0.787
>WTTTTTTTTTTT	3-WTTTTTTTTTTT	8.121124	-51.669840	0	T:222.0(24.89%),B:8921.0(12.68%),P:1e-22	Tpos:101.5,Tstd:57.7,Bpos:98.0,Bstd:172.1,StrandBias:0.4,Multiplicity:1.21
0.562	0.001	0.001	0.436
0.347	0.001	0.001	0.651
0.297	0.001	0.001	0.701
0.272	0.001	0.001	0.726
0.230	0.001	0.113	0.656
0.250	0.009	0.098	0.643
0.368	0.001	0.097	0.534
0.351	0.011	0.002	0.636
0.238	0.001	0.001	0.760
0.188	0.001	0.001	0.810
0.198	0.229	0.001	0.572
0.213	0.081	0.001	0.705
>TTTCTGGACCTG	4-TTTCTGGACCTG	14.299897	-45.933976	0	T:9.0(1.01%),B:3.0(0.00%),P:1e-19	Tpos:95.6,Tstd:59.5,Bpos:79.2,Bstd:15.9,StrandBias:10.0,Multiplicity:1.00
0.001	0.001	0.001	0.997
0.001	0.001	0.001	0.997
0.001	0.001	0.001	0.997
0.001	0.997	0.001	0.001
0.001	0.001	0.001	0.997
0.001	0.001	0.997	0.001
0.100	0.001	0.898	0.001
0.997	0.001	0.001	0.001
0.001	0.997	0.001	0.001
0.001	0.997	0.001	0.001
0.001	0.001	0.001	0.997
0.001	0.001	0.997	0.001
>ATCCAGAGCCAA	5-ATCCAGAGCCAA	12.355432	-45.587154	0	T:8.0(0.90%),B:1.5(0.00%),P:1e-19	Tpos:111.6,Tstd:64.2,Bpos:119.1,Bstd:31.4,StrandBias:10.0,Multiplicity:1.00
0.700	0.100	0.100	0.100
0.100	0.100	0.100	0.700
0.100	0.700	0.100	0.100
0.100	0.700	0.100	0.100
0.700	0.100	0.100	0.100
0.100	0.100	0.700	0.100
0.700	0.100	0.100	0.100
0.100	0.100	0.700	0.100
0.100	0.700	0.100	0.100
0.100	0.700	0.100	0.100
0.700	0.100	0.100	0.100
0.700	0.100	0.100	0.100
>TATYTGCCTTTT	6-TATYTGCCTTTT	12.491578	-42.862519	0	T:15.0(1.68%),B:30.7(0.04%),P:1e-18	Tpos:100.7,Tstd:52.1,Bpos:140.1,Bstd:46.9,StrandBias:0.2,Multiplicity:1.00
0.001	0.001	0.037	0.961
0.666	0.001	0.001	0.332
0.001	0.097	0.001	0.901
0.001	0.469	0.001	0.529
0.101	0.001	0.001	0.897
0.050	0.050	0.899	0.001
0.038	0.725	0.101	0.136
0.001	0.778	0.050	0.171
0.001	0.090	0.001	0.908
0.202	0.101	0.195	0.502
0.151	0.101	0.093	0.655
0.001	0.053	0.178	0.768
>CACTTTTATTGG	7-CACTTTTATTGG	14.456900	-40.053147	0	T:8.0(0.90%),B:2.1(0.00%),P:1e-17	Tpos:90.2,Tstd:46.5,Bpos:110.3,Bstd:31.1,StrandBias:10.0,Multiplicity:1.00
0.001	0.997	0.001	0.001
0.997	0.001	0.001	0.001
0.001	0.997	0.001	0.001
0.001	0.001	0.001	0.997
0.001	0.001	0.001	0.997
0.001	0.001	0.001	0.997
0.001	0.001	0.001	0.997
0.881	0.117	0.001	0.001
0.001	0.001	0.001	0.997
0.001	0.001	0.001	0.997
0.001	0.001	0.997	0.001
0.001	0.001	0.997	0.001
>CTCCATAATGTC	8-CTCCATAATGTC	16.475784	-39.132184	0	T:7.0(0.78%),B:2.0(0.00%),P:1e-16	Tpos:73.7,Tstd:56.9,Bpos:158.1,Bstd:48.3,StrandBias:10.0,Multiplicity:1.00
0.001	0.997	0.001	0.001
0.001	0.001	0.001	0.997
0.001	0.997	0.001	0.001
0.001	0.997	0.001	0.001
0.997	0.001	0.001	0.001
0.001	0.001	0.001	0.997
0.997	0.001	0.001	0.001
0.997	0.001	0.001	0.001
0.001	0.001	0.001	0.997
0.001	0.001	0.997	0.001
0.117	0.001	0.001	0.881
0.001	0.997	0.001	0.001
>TAATCCTAGTTT	9-TAATCCTAGTTT	12.355432	-39.132184	0	T:7.0(0.78%),B:0.8(0.00%),P:1e-16	Tpos:87.4,Tstd:67.6,Bpos:71.9,Bstd:3.8,StrandBias:10.0,Multiplicity:1.00
0.100	0.100	0.100	0.700
0.700	0.100	0.100	0.100
0.700	0.100	0.100	0.100
0.100	0.100	0.100	0.700
0.100	0.700	0.100	0.100
0.100	0.700	0.100	0.100
0.100	0.100	0.100	0.700
0.700	0.100	0.100	0.100
0.100	0.100	0.700	0.100
0.100	0.100	0.100	0.700
0.100	0.100	0.100	0.700
0.100	0.100	0.100	0.700
>TGCCTGAGATTA	10-TGCCTGAGATTA	11.727155	-39.132184	0	T:7.0(0.78%),B:0.4(0.00%),P:1e-16	Tpos:105.1,Tstd:49.4,Bpos:41.0,Bstd:0.0,StrandBias:-10.0,Multiplicity:1.00
0.103	0.067	0.079	0.751
0.102	0.121	0.651	0.126
0.136	0.600	0.108	0.156
0.123	0.646	0.087	0.144
0.115	0.064	0.072	0.749
0.113	0.116	0.618	0.153
0.747	0.061	0.074	0.118
0.162	0.145	0.562	0.131
0.698	0.083	0.090	0.129
0.135	0.074	0.099	0.692
0.140	0.122	0.108	0.630
0.659	0.109	0.092	0.140
>CGGAGTGACATC	11-CGGAGTGACATC	12.355432	-39.132184	0	T:7.0(0.78%),B:0.3(0.00%),P:1e-16	Tpos:73.6,Tstd:41.0,Bpos:88.0,Bstd:0.0,StrandBias:10.0,Multiplicity:1.00
0.100	0.700	0.100	0.100
0.100	0.100	0.700	0.100
0.100	0.100	0.700	0.100
0.700	0.100	0.100	0.100
0.100	0.100	0.700	0.100
0.100	0.100	0.100	0.700
0.100	0.100	0.700	0.100
0.700	0.100	0.100	0.100
0.100	0.700	0.100	0.100
0.700	0.100	0.100	0.100
0.100	0.100	0.100	0.700
0.100	0.700	0.100	0.100
>TCTTGGAAACGA	12-TCTTGGAAACGA	12.355432	-34.291162	0	T:7.0(0.78%),B:3.0(0.00%),P:1e-14	Tpos:113.6,Tstd:50.8,Bpos:92.5,Bstd:20.6,StrandBias:10.0,Multiplicity:1.00
0.100	0.100	0.100	0.700
0.100	0.700	0.100	0.100
0.100	0.100	0.100	0.700
0.100	0.100	0.100	0.700
0.100	0.100	0.700	0.100
0.100	0.100	0.700	0.100
0.700	0.100	0.100	0.100
0.700	0.100	0.100	0.100
0.700	0.100	0.100	0.100
0.100	0.700	0.100	0.100
0.100	0.100	0.700	0.100
0.700	0.100	0.100	0.100
>TATTTGTCTTCG	13-TATTTGTCTTCG	12.355432	-34.291162	0	T:7.0(0.78%),B:2.7(0.00%),P:1e-14	Tpos:85.7,Tstd:56.9,Bpos:36.3,Bstd:28.6,StrandBias:10.0,Multiplicity:1.00
0.100	0.100	0.100	0.700
0.700	0.100	0.100	0.100
0.100	0.100	0.100	0.700
0.100	0.100	0.100	0.700
0.100	0.100	0.100	0.700
0.100	0.100	0.700	0.100
0.100	0.100	0.100	0.700
0.100	0.700	0.100	0.100
0.100	0.100	0.100	0.700
0.100	0.100	0.100	0.700
0.100	0.700	0.100	0.100
0.100	0.100	0.700	0.100
>AAGGGATTCACC	14-AAGGGATTCACC	12.355432	-34.291162	0	T:7.0(0.78%),B:2.2(0.00%),P:1e-14	Tpos:97.6,Tstd:50.8,Bpos:118.0,Bstd:3.1,StrandBias:10.0,Multiplicity:1.00
0.700	0.100	0.100	0.100
0.700	0.100	0.100	0.100
0.100	0.100	0.700	0.100
0.100	0.100	0.700	0.100
0.100	0.100	0.700	0.100
0.700	0.100	0.100	0.100
0.100	0.100	0.100	0.700
0.100	0.100	0.100	0.700
0.100	0.700	0.100	0.100
0.700	0.100	0.100	0.100
0.100	0.700	0.100	0.100
0.100	0.700	0.100	0.100
>ATATATATATAT	15-ATATATATATAT	9.346601	-31.555136	0	T:23.0(2.58%),B:213.3(0.30%),P:1e-13	Tpos:100.8,Tstd:56.1,Bpos:102.0,Bstd:127.6,StrandBias:0.2,Multiplicity:1.30
0.997	0.001	0.001	0.001
0.001	0.001	0.001	0.997
0.781	0.001	0.217	0.001
0.001	0.001	0.001	0.997
0.997	0.001	0.001	0.001
0.001	0.001	0.001	0.997
0.767	0.006	0.226	0.001
0.005	0.001	0.001	0.993
0.997	0.001	0.001	0.001
0.001	0.001	0.001	0.997
0.737	0.004	0.258	0.001
0.003	0.001	0.001	0.995
>TTATCAATGAAC	16-TTATCAATGAAC	12.355432	-29.461142	0	T:7.0(0.78%),B:4.7(0.01%),P:1e-12	Tpos:92.6,Tstd:41.0,Bpos:103.3,Bstd:28.0,StrandBias:10.0,Multiplicity:1.00
0.100	0.100	0.100	0.700
0.100	0.100	0.100	0.700
0.700	0.100	0.100	0.100
0.100	0.100	0.100	0.700
0.100	0.700	0.100	0.100
0.700	0.100	0.100	0.100
0.700	0.100	0.100	0.100
0.100	0.100	0.100	0.700
0.100	0.100	0.700	0.100
0.700	0.100	0.100	0.100
0.700	0.100	0.100	0.100
0.100	0.700	0.100	0.100
>TCTGTCTGTCTG	17-TCTGTCTGTCTG	12.795171	-24.327474	0	T:16.0(1.79%),B:130.0(0.18%),P:1e-10	Tpos:98.9,Tstd:58.1,Bpos:103.5,Bstd:91.5,StrandBias:-2.8,Multiplicity:1.31
0.001	0.001	0.001	0.997
0.001	0.997	0.001	0.001
0.001	0.001	0.001	0.997
0.313	0.001	0.685	0.001
0.001	0.001	0.001	0.997
0.001	0.978	0.020	0.001
0.001	0.001	0.001	0.997
0.295	0.001	0.513	0.191
0.001	0.001	0.001	0.997
0.001	0.997	0.001	0.001
0.001	0.001	0.001	0.997
0.321	0.001	0.506	0.172
>CATTTCYAATTC	18-CATTTCYAATTC	12.378806	-23.839625	0	T:7.0(0.78%),B:9.9(0.01%),P:1e-10	Tpos:68.3,Tstd:49.8,Bpos:114.6,Bstd:86.4,StrandBias:-2.5,Multiplicity:1.86
0.088	0.734	0.072	0.106
0.822	0.001	0.114	0.063
0.048	0.072	0.001	0.879
0.055	0.025	0.072	0.848
0.106	0.024	0.024	0.846
0.041	0.644	0.314	0.001
0.025	0.419	0.073	0.484
0.800	0.092	0.018	0.090
0.824	0.024	0.088	0.064
0.089	0.064	0.072	0.775
0.001	0.174	0.040	0.785
0.024	0.611	0.215	0.150
>CCATCATCATCA	19-CCATCATCATCA	12.767299	-13.612305	0	T:8.0(0.90%),B:59.2(0.08%),P:1e-5	Tpos:145.0,Tstd:39.5,Bpos:94.3,Bstd:83.8,StrandBias:-0.1,Multiplicity:1.50
0.001	0.580	0.001	0.418
0.143	0.713	0.143	0.001
0.713	0.001	0.143	0.143
0.001	0.022	0.001	0.976
0.416	0.582	0.001	0.001
0.997	0.001	0.001	0.001
0.001	0.007	0.001	0.991
0.001	0.997	0.001	0.001
0.713	0.001	0.143	0.143
0.001	0.001	0.001	0.997
0.107	0.891	0.001	0.001
0.997	0.001	0.001	0.001
>GAGARARAGAGA	20-GAGARARAGAGA	12.187812	-12.820369	0	T:18.0(2.02%),B:377.5(0.54%),P:1e-5	Tpos:64.9,Tstd:38.9,Bpos:89.4,Bstd:91.8,StrandBias:2.2,Multiplicity:1.11
0.178	0.001	0.820	0.001
0.624	0.001	0.371	0.004
0.407	0.001	0.591	0.001
0.997	0.001	0.001	0.001
0.435	0.001	0.563	0.001
0.997	0.001	0.001	0.001
0.543	0.001	0.455	0.001
0.987	0.001	0.001	0.011
0.003	0.001	0.995	0.001
0.992	0.001	0.006	0.001
0.001	0.001	0.981	0.017
0.614	0.001	0.384	0.001
>ATGCATGCATGC	21-ATGCATGCATGC	13.214497	-11.384134	0	T:6.0(0.67%),B:38.6(0.05%),P:1e-4	Tpos:95.3,Tstd:51.1,Bpos:105.0,Bstd:67.5,StrandBias:0.3,Multiplicity:1.00
0.949	0.001	0.049	0.001
0.001	0.049	0.001	0.949
0.035	0.055	0.909	0.001
0.001	0.909	0.066	0.024
0.997	0.001	0.001	0.001
0.001	0.001	0.001	0.997
0.001	0.001	0.997	0.001
0.001	0.997	0.001	0.001
0.997	0.001	0.001	0.001
0.001	0.001	0.001	0.997
0.060	0.049	0.890	0.001
0.001	0.973	0.001	0.025
>GGGGGGGGGGGG	22-GGGGGGGGGGGG	11.001904	-9.826100	0	T:11.0(1.23%),B:195.8(0.28%),P:1e-4	Tpos:91.9,Tstd:50.6,Bpos:96.7,Bstd:52.7,StrandBias:1.1,Multiplicity:1.00
0.097	0.103	0.681	0.119
0.121	0.123	0.698	0.058
0.140	0.052	0.749	0.059
0.097	0.022	0.829	0.052
0.082	0.043	0.784	0.091
0.099	0.022	0.836	0.043
0.085	0.043	0.786	0.086
0.070	0.041	0.786	0.103
0.049	0.086	0.770	0.095
0.079	0.086	0.702	0.133
0.082	0.079	0.716	0.123
0.145	0.022	0.666	0.167
>GTGCTCACGAGA	23-GTGCTCACGAGA	15.228318	-9.437676	0	T:2.0(0.22%),B:0.7(0.00%),P:1e-4	Tpos:112.2,Tstd:53.2,Bpos:96.0,Bstd:13.1,StrandBias:-2.0,Multiplicity:2.50
0.001	0.001	0.997	0.001
0.111	0.001	0.001	0.887
0.001	0.001	0.997	0.001
0.112	0.881	0.001	0.006
0.001	0.001	0.328	0.670
0.001	0.902	0.096	0.001
0.789	0.001	0.001	0.209
0.001	0.997	0.001	0.001
0.329	0.001	0.669	0.001
0.997	0.001	0.001	0.001
0.001	0.001	0.997	0.001
0.997	0.001	0.001	0.001
>AAGTAAGTAAGT	24-AAGTAAGTAAGT	12.355432	-8.059805	0	T:2.0(0.22%),B:2.5(0.00%),P:1e-3	Tpos:154.2,Tstd:50.7,Bpos:102.8,Bstd:8.0,StrandBias:1.8,Multiplicity:1.50
0.700	0.100	0.100	0.100
0.700	0.100	0.100	0.100
0.100	0.100	0.700	0.100
0.100	0.100	0.100	0.700
0.700	0.100	0.100	0.100
0.700	0.100	0.100	0.100
0.100	0.100	0.700	0.100
0.100	0.100	0.100	0.700
0.700	0.100	0.100	0.100
0.700	0.100	0.100	0.100
0.100	0.100	0.700	0.100
0.100	0.100	0.100	0.700
>TAATTAATTAAT	25-TAATTAATTAAT	14.309847	-3.062094	0	T:2.0(0.22%),B:27.2(0.04%),P:1e-1	Tpos:23.1,Tstd:21.5,Bpos:97.7,Bstd:108.1,StrandBias:-0.4,Multiplicity:1.00
0.001	0.001	0.001	0.997
0.997	0.001	0.001	0.001
0.997	0.001	0.001	0.001
0.001	0.001	0.001	0.997
0.001	0.001	0.001	0.997
0.897	0.001	0.001	0.101
0.997	0.001	0.001	0.001
0.001	0.001	0.001	0.997
0.001	0.001	0.001	0.997
0.997	0.001	0.001	0.001
0.997	0.001	0.001	0.001
0.001	0.001	0.001	0.997
