>ATTTTTGG	1-ATTTTTGG	5.020915	-71.856780	0	T:578.0(64.80%),B:31823.4(45.25%),P:1e-31	Tpos:100.9,Tstd:57.9,Bpos:100.9,Bstd:106.2,StrandBias:0.2,Multiplicity:1.41
0.788	0.101	0.047	0.064
0.145	0.157	0.083	0.615
0.060	0.026	0.084	0.830
0.019	0.116	0.007	0.858
0.013	0.150	0.051	0.786
0.052	0.147	0.119	0.682
0.127	0.059	0.742	0.072
0.142	0.047	0.706	0.105
>AAAAATTT	2-AAAAATTT	5.488901	-55.990447	0	T:498.0(55.83%),B:27252.4(38.75%),P:1e-24	Tpos:97.1,Tstd:54.6,Bpos:99.6,Bstd:143.7,StrandBias:-0.0,Multiplicity:1.61
0.825	0.131	0.043	0.001
0.900	0.001	0.098	0.001
0.962	0.001	0.001	0.036
0.997	0.001	0.001	0.001
0.827	0.038	0.050	0.085
0.103	0.001	0.001	0.895
0.151	0.001	0.001	0.847
0.102	0.031	0.128	0.739
>GGCCTAAT	3-GGCCTAAT	8.907337	-36.396533	0	T:37.0(4.15%),B:521.0(0.74%),P:1e-15	Tpos:95.5,Tstd:55.9,Bpos:95.3,Bstd:81.4,StrandBias:0.2,Multiplicity:1.03
0.001	0.001	0.997	0.001
0.001	0.001	0.817	0.181
0.001	0.997	0.001	0.001
0.001	0.997	0.001	0.001
0.001	0.001	0.001	0.997
0.997	0.001	0.001	0.001
0.942	0.056	0.001	0.001
0.001	0.001	0.327	0.671
>GATCTTGA	4-GATCTTGA	5.178196	-35.035222	0	T:349.0(39.13%),B:18807.5(26.74%),P:1e-15	Tpos:99.7,Tstd:54.9,Bpos:100.3,Bstd:103.8,StrandBias:-0.0,Multiplicity:1.32
0.048	0.127	0.753	0.072
0.731	0.081	0.079	0.109
0.052	0.068	0.048	0.832
0.084	0.742	0.029	0.145
0.140	0.078	0.024	0.758
0.172	0.053	0.147	0.628
0.083	0.041	0.750	0.126
0.810	0.055	0.042	0.093
>NTTCCTCN	5-NTTCCTCN	3.955298	-31.733499	0	T:279.0(31.28%),B:14366.5(20.43%),P:1e-13	Tpos:100.1,Tstd:57.7,Bpos:99.2,Bstd:103.7,StrandBias:-0.1,Multiplicity:1.22
0.256	0.235	0.234	0.274
0.123	0.130	0.155	0.592
0.121	0.140	0.122	0.617
0.111	0.592	0.140	0.157
0.147	0.529	0.130	0.194
0.126	0.150	0.146	0.578
0.191	0.504	0.162	0.143
0.314	0.258	0.196	0.232
>RCCAAATT	6-RCCAAATT	6.768186	-31.086055	0	T:194.0(21.75%),B:8894.2(12.65%),P:1e-13	Tpos:99.2,Tstd:56.9,Bpos:101.0,Bstd:102.4,StrandBias:-0.2,Multiplicity:1.09
0.484	0.001	0.514	0.001
0.257	0.741	0.001	0.001
0.001	0.660	0.257	0.082
0.967	0.001	0.031	0.001
0.642	0.001	0.001	0.356
0.739	0.259	0.001	0.001
0.001	0.061	0.126	0.812
0.001	0.301	0.001	0.697
>TGCCTTAG	7-TGCCTTAG	6.471119	-30.845024	0	T:102.0(11.43%),B:3562.4(5.07%),P:1e-13	Tpos:98.4,Tstd:54.6,Bpos:99.4,Bstd:79.5,StrandBias:-0.8,Multiplicity:1.05
0.001	0.013	0.033	0.953
0.008	0.030	0.961	0.001
0.195	0.728	0.076	0.001
0.018	0.944	0.006	0.032
0.001	0.069	0.001	0.929
0.031	0.061	0.278	0.630
0.956	0.010	0.033	0.001
0.063	0.028	0.908	0.001
>TCCAAGAA	8-TCCAAGAA	8.236954	-24.007075	0	T:23.0(2.58%),B:311.8(0.44%),P:1e-10	Tpos:103.3,Tstd:60.2,Bpos:109.1,Bstd:71.4,StrandBias:-1.0,Multiplicity:1.00
0.100	0.100	0.100	0.700
0.100	0.700	0.100	0.100
0.100	0.700	0.100	0.100
0.700	0.100	0.100	0.100
0.700	0.100	0.100	0.100
0.100	0.100	0.700	0.100
0.700	0.100	0.100	0.100
0.700	0.100	0.100	0.100
>TTCGGACT	9-TTCGGACT	8.236954	-20.031252	0	T:15.0(1.68%),B:151.3(0.22%),P:1e-8	Tpos:95.6,Tstd:57.6,Bpos:102.1,Bstd:62.0,StrandBias:1.2,Multiplicity:1.00
0.100	0.100	0.100	0.700
0.100	0.100	0.100	0.700
0.100	0.700	0.100	0.100
0.100	0.100	0.700	0.100
0.100	0.100	0.700	0.100
0.700	0.100	0.100	0.100
0.100	0.700	0.100	0.100
0.100	0.100	0.100	0.700
>AVATAVAT	10-AVATAVAT	7.755472	-17.222533	0	T:176.0(19.73%),B:9280.2(13.20%),P:1e-7	Tpos:101.7,Tstd:55.2,Bpos:102.2,Bstd:135.8,StrandBias:-0.0,Multiplicity:1.81
0.883	0.001	0.115	0.001
0.269	0.335	0.395	0.001
0.912	0.001	0.001	0.086
0.001	0.001	0.001	0.997
0.798	0.035	0.166	0.001
0.269	0.335	0.395	0.001
0.827	0.051	0.035	0.087
0.001	0.001	0.069	0.929
>WASGTCGT	11-WASGTCGT	6.627989	-16.840069	0	T:38.0(4.26%),B:1092.4(1.55%),P:1e-7	Tpos:123.4,Tstd:50.0,Bpos:99.5,Bstd:80.1,StrandBias:-0.4,Multiplicity:1.00
0.386	0.024	0.098	0.492
0.703	0.247	0.045	0.005
0.001	0.499	0.416	0.084
0.001	0.200	0.764	0.035
0.136	0.050	0.154	0.660
0.019	0.895	0.085	0.001
0.001	0.142	0.639	0.218
0.026	0.065	0.278	0.631
>GGGGGGGG	12-GGGGGGGG	7.523468	-16.492397	0	T:28.0(3.14%),B:665.9(0.95%),P:1e-7	Tpos:91.3,Tstd:55.7,Bpos:98.9,Bstd:54.8,StrandBias:0.6,Multiplicity:1.11
0.037	0.066	0.874	0.023
0.037	0.009	0.898	0.056
0.018	0.020	0.870	0.092
0.001	0.001	0.962	0.036
0.001	0.001	0.955	0.043
0.001	0.011	0.914	0.074
0.001	0.043	0.946	0.010
0.001	0.036	0.835	0.128
>TTCTGGAC	13-TTCTGGAC	8.236954	-16.418506	0	T:17.0(1.91%),B:260.2(0.37%),P:1e-7	Tpos:91.9,Tstd:70.1,Bpos:94.3,Bstd:73.6,StrandBias:1.2,Multiplicity:1.00
0.100	0.100	0.100	0.700
0.100	0.100	0.100	0.700
0.100	0.700	0.100	0.100
0.100	0.100	0.100	0.700
0.100	0.100	0.700	0.100
0.100	0.100	0.700	0.100
0.700	0.100	0.100	0.100
0.100	0.700	0.100	0.100
>CGATAGGG	14-CGATAGGG	7.727824	-14.992482	0	T:26.0(2.91%),B:632.1(0.90%),P:1e-6	Tpos:89.9,Tstd:51.0,Bpos:103.2,Bstd:64.9,StrandBias:-0.9,Multiplicity:1.24
0.001	0.997	0.001	0.001
0.001	0.001	0.997	0.001
0.605	0.001	0.393	0.001
0.001	0.206	0.001	0.792
0.885	0.001	0.001	0.113
0.001	0.001	0.997	0.001
0.001	0.001	0.997	0.001
0.001	0.001	0.997	0.001
>AGGGGCCT	15-AGGGGCCT	9.590913	-14.466070	0	T:14.0(1.57%),B:202.0(0.29%),P:1e-6	Tpos:120.9,Tstd:58.9,Bpos:98.3,Bstd:50.4,StrandBias:-1.5,Multiplicity:1.07
0.997	0.001	0.001	0.001
0.001	0.001	0.997	0.001
0.001	0.001	0.997	0.001
0.001	0.001	0.997	0.001
0.001	0.001	0.997	0.001
0.001	0.997	0.001	0.001
0.001	0.997	0.001	0.001
0.001	0.228	0.001	0.770
>GCTCRART	16-GCTCRART	7.972933	-14.387349	0	T:24.0(2.69%),B:569.5(0.81%),P:1e-6	Tpos:111.7,Tstd:58.1,Bpos:103.2,Bstd:68.5,StrandBias:-1.4,Multiplicity:1.09
0.001	0.001	0.997	0.001
0.001	0.993	0.005	0.001
0.151	0.208	0.001	0.640
0.001	0.683	0.155	0.161
0.400	0.192	0.407	0.001
0.596	0.075	0.146	0.183
0.433	0.143	0.423	0.001
0.001	0.001	0.001	0.997
>CCTACTAA	17-CCTACTAA	8.236954	-13.476454	0	T:11.0(1.23%),B:131.8(0.19%),P:1e-5	Tpos:142.4,Tstd:50.2,Bpos:99.1,Bstd:74.0,StrandBias:-1.2,Multiplicity:1.00
0.100	0.700	0.100	0.100
0.100	0.700	0.100	0.100
0.100	0.100	0.100	0.700
0.700	0.100	0.100	0.100
0.100	0.700	0.100	0.100
0.100	0.100	0.100	0.700
0.700	0.100	0.100	0.100
0.700	0.100	0.100	0.100
>ATAAGAAA	18-ATAAGAAA	6.119244	-13.284597	0	T:185.0(20.74%),B:10475.7(14.89%),P:1e-5	Tpos:94.6,Tstd:53.6,Bpos:98.5,Bstd:104.5,StrandBias:0.0,Multiplicity:1.22
0.962	0.036	0.001	0.001
0.001	0.107	0.001	0.891
0.671	0.001	0.001	0.327
0.666	0.332	0.001	0.001
0.001	0.001	0.997	0.001
0.815	0.001	0.001	0.183
0.997	0.001	0.001	0.001
0.641	0.092	0.266	0.001
>GGGTAGAT	19-GGGTAGAT	8.373331	-12.236142	0	T:41.0(4.60%),B:1483.7(2.11%),P:1e-5	Tpos:99.6,Tstd:56.3,Bpos:100.8,Bstd:93.5,StrandBias:0.3,Multiplicity:1.00
0.001	0.001	0.765	0.233
0.001	0.001	0.997	0.001
0.001	0.001	0.832	0.166
0.008	0.001	0.001	0.990
0.997	0.001	0.001	0.001
0.292	0.001	0.706	0.001
0.920	0.078	0.001	0.001
0.001	0.001	0.184	0.814
>CCABTCCW	20-CCABTCCW	6.505275	-11.749720	0	T:27.0(3.03%),B:805.4(1.15%),P:1e-5	Tpos:126.9,Tstd:53.3,Bpos:97.8,Bstd:72.9,StrandBias:1.1,Multiplicity:1.00
0.243	0.755	0.001	0.001
0.264	0.459	0.110	0.167
0.792	0.112	0.095	0.001
0.095	0.238	0.291	0.377
0.165	0.110	0.104	0.621
0.145	0.832	0.001	0.022
0.001	0.612	0.084	0.303
0.358	0.211	0.027	0.404
>TATATATA	21-TATATATA	8.236954	-9.763216	0	T:19.0(2.13%),B:521.6(0.74%),P:1e-4	Tpos:99.0,Tstd:57.9,Bpos:100.8,Bstd:125.0,StrandBias:0.0,Multiplicity:1.26
0.100	0.100	0.100	0.700
0.700	0.100	0.100	0.100
0.100	0.100	0.100	0.700
0.700	0.100	0.100	0.100
0.100	0.100	0.100	0.700
0.700	0.100	0.100	0.100
0.100	0.100	0.100	0.700
0.700	0.100	0.100	0.100
>AGACAKAC	22-AGACAKAC	8.439912	-8.900105	0	T:47.0(5.27%),B:2075.7(2.95%),P:1e-3	Tpos:88.8,Tstd:60.3,Bpos:104.0,Bstd:94.7,StrandBias:1.2,Multiplicity:2.00
0.927	0.001	0.001	0.071
0.001	0.001	0.679	0.319
0.997	0.001	0.001	0.001
0.001	0.646	0.352	0.001
0.927	0.001	0.001	0.071
0.001	0.001	0.501	0.497
0.997	0.001	0.001	0.001
0.001	0.696	0.239	0.064
>CATCATSA	23-CATCATSA	7.830950	-8.854366	0	T:42.0(4.71%),B:1787.6(2.54%),P:1e-3	Tpos:128.5,Tstd:50.6,Bpos:96.4,Bstd:108.3,StrandBias:0.0,Multiplicity:1.10
0.094	0.533	0.334	0.039
0.722	0.109	0.068	0.101
0.081	0.045	0.043	0.831
0.001	0.620	0.333	0.046
0.764	0.167	0.026	0.043
0.168	0.065	0.106	0.661
0.001	0.465	0.533	0.001
0.825	0.129	0.045	0.001
>SATASATA	24-SATASATA	8.671049	-2.830114	0	T:11.0(1.23%),B:502.2(0.71%),P:1e-1	Tpos:131.9,Tstd:49.9,Bpos:81.9,Bstd:123.3,StrandBias:-0.2,Multiplicity:1.36
0.001	0.458	0.540	0.001
0.671	0.132	0.059	0.138
0.058	0.001	0.001	0.940
0.924	0.074	0.001	0.001
0.001	0.459	0.451	0.089
0.693	0.075	0.094	0.138
0.001	0.001	0.074	0.924
0.962	0.036	0.001	0.001
>GAGAGAGA	25-GAGAGAGA	8.236954	-1.685301	0	T:14.0(1.57%),B:839.0(1.19%),P:1e0	Tpos:62.2,Tstd:37.7,Bpos:92.0,Bstd:89.9,StrandBias:2.4,Multiplicity:1.23
0.100	0.100	0.700	0.100
0.700	0.100	0.100	0.100
0.100	0.100	0.700	0.100
0.700	0.100	0.100	0.100
0.100	0.100	0.700	0.100
0.700	0.100	0.100	0.100
0.100	0.100	0.700	0.100
0.700	0.100	0.100	0.100
