>AATTTCTGGA	1-AATTTCTGGA	4.728083	-61.482142	0	T:567.0(63.57%),B:32018.2(45.53%),P:1e-26	Tpos:102.8,Tstd:55.0,Bpos:99.5,Bstd:110.9,StrandBias:0.0,Multiplicity:1.39
0.690	0.086	0.101	0.123
0.690	0.105	0.083	0.122
0.120	0.111	0.082	0.687
0.095	0.079	0.085	0.741
0.074	0.082	0.087	0.757
0.111	0.676	0.106	0.107
0.127	0.078	0.092	0.703
0.109	0.113	0.675	0.103
0.102	0.116	0.696	0.086
0.685	0.123	0.089	0.103
>HMAAAATTTT	2-HMAAAATTTT	6.687413	-59.626865	0	T:313.0(35.09%),B:13924.2(19.80%),P:1e-25	Tpos:98.3,Tstd:54.3,Bpos:99.8,Bstd:153.9,StrandBias:0.0,Multiplicity:1.34
0.239	0.338	0.041	0.382
0.497	0.366	0.049	0.088
0.833	0.094	0.016	0.057
0.766	0.012	0.101	0.121
0.978	0.001	0.001	0.020
0.657	0.025	0.001	0.317
0.343	0.001	0.004	0.652
0.137	0.001	0.001	0.861
0.141	0.001	0.098	0.760
0.001	0.001	0.116	0.882
>TTTTAAAATT	3-TTTTAAAATT	5.512843	-45.697155	0	T:476.0(53.36%),B:26765.2(38.06%),P:1e-19	Tpos:94.6,Tstd:56.1,Bpos:100.5,Bstd:134.0,StrandBias:0.1,Multiplicity:1.43
0.242	0.034	0.002	0.722
0.146	0.145	0.142	0.567
0.167	0.151	0.127	0.555
0.178	0.144	0.158	0.520
0.519	0.052	0.203	0.226
0.582	0.131	0.140	0.147
0.677	0.098	0.002	0.223
0.617	0.007	0.121	0.255
0.178	0.136	0.004	0.682
0.176	0.157	0.028	0.639
>GGGAWGCACC	4-GGGAWGCACC	7.780491	-39.123711	0	T:40.0(4.48%),B:565.3(0.80%),P:1e-16	Tpos:102.9,Tstd:54.5,Bpos:97.1,Bstd:68.1,StrandBias:-1.0,Multiplicity:1.00
0.051	0.281	0.667	0.001
0.001	0.001	0.997	0.001
0.153	0.001	0.845	0.001
0.630	0.001	0.294	0.075
0.370	0.052	0.164	0.415
0.001	0.001	0.765	0.233
0.179	0.712	0.045	0.064
0.724	0.200	0.001	0.075
0.001	0.708	0.090	0.201
0.001	0.997	0.001	0.001
>AGGCAGATAC	5-AGGCAGATAC	11.124810	-35.724998	0	T:15.0(1.68%),B:49.8(0.07%),P:1e-15	Tpos:105.7,Tstd:51.3,Bpos:102.8,Bstd:54.6,StrandBias:3.8,Multiplicity:1.00
0.825	0.001	0.001	0.173
0.001	0.001	0.997	0.001
0.001	0.001	0.997	0.001
0.001	0.997	0.001	0.001
0.997	0.001	0.001	0.001
0.001	0.001	0.997	0.001
0.997	0.001	0.001	0.001
0.001	0.001	0.001	0.997
0.907	0.001	0.001	0.091
0.001	0.880	0.118	0.001
>GAGATACCCG	6-GAGATACCCG	10.296193	-34.291162	0	T:7.0(0.78%),B:2.2(0.00%),P:1e-14	Tpos:104.4,Tstd:53.8,Bpos:57.7,Bstd:20.3,StrandBias:2.6,Multiplicity:1.00
0.100	0.100	0.700	0.100
0.700	0.100	0.100	0.100
0.100	0.100	0.700	0.100
0.700	0.100	0.100	0.100
0.100	0.100	0.100	0.700
0.700	0.100	0.100	0.100
0.100	0.700	0.100	0.100
0.100	0.700	0.100	0.100
0.100	0.700	0.100	0.100
0.100	0.100	0.700	0.100
>ACTGGGCTGG	7-ACTGGGCTGG	8.980678	-32.569350	0	T:13.0(1.46%),B:38.7(0.06%),P:1e-14	Tpos:106.8,Tstd:74.5,Bpos:94.2,Bstd:72.7,StrandBias:0.2,Multiplicity:1.00
0.572	0.265	0.038	0.125
0.001	0.614	0.175	0.210
0.144	0.202	0.103	0.551
0.025	0.178	0.771	0.026
0.064	0.001	0.884	0.051
0.027	0.026	0.893	0.054
0.324	0.559	0.001	0.116
0.027	0.051	0.076	0.846
0.075	0.283	0.490	0.151
0.110	0.025	0.812	0.053
>GTCTTCGGAC	8-GTCTTCGGAC	10.296193	-29.461142	0	T:7.0(0.78%),B:4.8(0.01%),P:1e-12	Tpos:89.7,Tstd:56.9,Bpos:110.8,Bstd:49.3,StrandBias:10.0,Multiplicity:1.00
0.100	0.100	0.700	0.100
0.100	0.100	0.100	0.700
0.100	0.700	0.100	0.100
0.100	0.100	0.100	0.700
0.100	0.100	0.100	0.700
0.100	0.700	0.100	0.100
0.100	0.100	0.700	0.100
0.100	0.100	0.700	0.100
0.700	0.100	0.100	0.100
0.100	0.700	0.100	0.100
>GCCTGAGATT	9-GCCTGAGATT	10.296193	-29.461142	0	T:7.0(0.78%),B:5.0(0.01%),P:1e-12	Tpos:105.1,Tstd:49.4,Bpos:105.2,Bstd:37.0,StrandBias:-10.0,Multiplicity:1.00
0.100	0.100	0.700	0.100
0.100	0.700	0.100	0.100
0.100	0.700	0.100	0.100
0.100	0.100	0.100	0.700
0.100	0.100	0.700	0.100
0.700	0.100	0.100	0.100
0.100	0.100	0.700	0.100
0.700	0.100	0.100	0.100
0.100	0.100	0.100	0.700
0.100	0.100	0.100	0.700
>TAAGGGGGTA	10-TAAGGGGGTA	10.296193	-26.241738	0	T:6.0(0.67%),B:3.4(0.00%),P:1e-11	Tpos:115.8,Tstd:53.4,Bpos:100.5,Bstd:51.5,StrandBias:10.0,Multiplicity:1.00
0.100	0.100	0.100	0.700
0.700	0.100	0.100	0.100
0.700	0.100	0.100	0.100
0.100	0.100	0.700	0.100
0.100	0.100	0.700	0.100
0.100	0.100	0.700	0.100
0.100	0.100	0.700	0.100
0.100	0.100	0.700	0.100
0.100	0.100	0.100	0.700
0.700	0.100	0.100	0.100
>CCTACCGTTT	11-CCTACCGTTT	11.027703	-26.041354	0	T:15.0(1.68%),B:97.3(0.14%),P:1e-11	Tpos:85.4,Tstd:43.3,Bpos:93.9,Bstd:82.5,StrandBias:1.5,Multiplicity:1.00
0.001	0.997	0.001	0.001
0.001	0.997	0.001	0.001
0.001	0.001	0.001	0.997
0.712	0.001	0.286	0.001
0.001	0.997	0.001	0.001
0.001	0.467	0.234	0.299
0.413	0.001	0.585	0.001
0.001	0.001	0.001	0.997
0.001	0.001	0.001	0.997
0.001	0.233	0.001	0.765
>GGGGACAAGG	12-GGGGACAAGG	10.296193	-24.526435	0	T:6.0(0.67%),B:4.9(0.01%),P:1e-10	Tpos:99.5,Tstd:24.6,Bpos:77.7,Bstd:24.1,StrandBias:2.3,Multiplicity:1.00
0.100	0.100	0.700	0.100
0.100	0.100	0.700	0.100
0.100	0.100	0.700	0.100
0.100	0.100	0.700	0.100
0.700	0.100	0.100	0.100
0.100	0.700	0.100	0.100
0.700	0.100	0.100	0.100
0.700	0.100	0.100	0.100
0.100	0.100	0.700	0.100
0.100	0.100	0.700	0.100
>CTCCTAAGTG	13-CTCCTAAGTG	10.296193	-24.526435	0	T:6.0(0.67%),B:4.8(0.01%),P:1e-10	Tpos:86.2,Tstd:61.0,Bpos:73.0,Bstd:44.8,StrandBias:-10.0,Multiplicity:1.00
0.100	0.700	0.100	0.100
0.100	0.100	0.100	0.700
0.100	0.700	0.100	0.100
0.100	0.700	0.100	0.100
0.100	0.100	0.100	0.700
0.700	0.100	0.100	0.100
0.700	0.100	0.100	0.100
0.100	0.100	0.700	0.100
0.100	0.100	0.100	0.700
0.100	0.100	0.700	0.100
>CAGAGCCAAT	14-CAGAGCCAAT	10.296193	-23.461947	0	T:9.0(1.01%),B:25.5(0.04%),P:1e-10	Tpos:118.1,Tstd:61.9,Bpos:81.4,Bstd:53.3,StrandBias:10.0,Multiplicity:1.00
0.100	0.700	0.100	0.100
0.700	0.100	0.100	0.100
0.100	0.100	0.700	0.100
0.700	0.100	0.100	0.100
0.100	0.100	0.700	0.100
0.100	0.700	0.100	0.100
0.100	0.700	0.100	0.100
0.700	0.100	0.100	0.100
0.700	0.100	0.100	0.100
0.100	0.100	0.100	0.700
>GCCTGGCGCA	15-GCCTGGCGCA	10.206592	-22.941078	0	T:11.0(1.23%),B:51.2(0.07%),P:1e-9	Tpos:119.1,Tstd:59.5,Bpos:103.9,Bstd:48.3,StrandBias:-0.9,Multiplicity:1.00
0.001	0.001	0.997	0.001
0.001	0.750	0.001	0.248
0.170	0.828	0.001	0.001
0.303	0.001	0.001	0.695
0.001	0.001	0.812	0.186
0.001	0.001	0.997	0.001
0.001	0.872	0.126	0.001
0.001	0.250	0.748	0.001
0.209	0.789	0.001	0.001
0.997	0.001	0.001	0.001
>TCTMTCTMTC	16-TCTMTCTMTC	7.663233	-20.919672	0	T:39.0(4.37%),B:976.9(1.39%),P:1e-9	Tpos:79.0,Tstd:49.7,Bpos:92.3,Bstd:92.1,StrandBias:-2.0,Multiplicity:1.37
0.001	0.001	0.001	0.997
0.001	0.997	0.001	0.001
0.009	0.011	0.001	0.979
0.516	0.375	0.001	0.108
0.001	0.011	0.001	0.987
0.103	0.895	0.001	0.001
0.001	0.001	0.001	0.997
0.521	0.411	0.067	0.001
0.001	0.001	0.001	0.997
0.001	0.997	0.001	0.001
>GATGATGATT	17-GATGATGATT	11.045038	-19.600726	0	T:15.0(1.68%),B:156.5(0.22%),P:1e-8	Tpos:104.4,Tstd:47.1,Bpos:96.1,Bstd:85.5,StrandBias:2.1,Multiplicity:1.00
0.001	0.001	0.997	0.001
0.828	0.001	0.001	0.170
0.140	0.001	0.001	0.858
0.001	0.001	0.827	0.171
0.997	0.001	0.001	0.001
0.001	0.389	0.001	0.609
0.001	0.001	0.733	0.265
0.997	0.001	0.001	0.001
0.003	0.027	0.001	0.969
0.001	0.172	0.171	0.656
>CAAGCCATGT	18-CAAGCCATGT	10.516824	-18.706595	0	T:14.0(1.57%),B:142.7(0.20%),P:1e-8	Tpos:97.2,Tstd:54.7,Bpos:100.8,Bstd:68.8,StrandBias:0.0,Multiplicity:1.43
0.001	0.997	0.001	0.001
0.505	0.289	0.205	0.001
0.719	0.177	0.001	0.103
0.001	0.001	0.997	0.001
0.001	0.647	0.351	0.001
0.001	0.997	0.001	0.001
0.919	0.079	0.001	0.001
0.001	0.001	0.001	0.997
0.246	0.001	0.752	0.001
0.001	0.001	0.001	0.997
>TATATATATA	19-TATATATATA	10.296193	-15.061859	0	T:9.0(1.01%),B:67.7(0.10%),P:1e-6	Tpos:98.0,Tstd:58.2,Bpos:97.3,Bstd:137.3,StrandBias:0.0,Multiplicity:1.56
0.100	0.100	0.100	0.700
0.700	0.100	0.100	0.100
0.100	0.100	0.100	0.700
0.700	0.100	0.100	0.100
0.100	0.100	0.100	0.700
0.700	0.100	0.100	0.100
0.100	0.100	0.100	0.700
0.700	0.100	0.100	0.100
0.100	0.100	0.100	0.700
0.700	0.100	0.100	0.100
>ACAGACAGAC	20-ACAGACAGAC	9.983294	-13.035473	0	T:24.0(2.69%),B:616.7(0.88%),P:1e-5	Tpos:98.1,Tstd:55.7,Bpos:102.1,Bstd:103.5,StrandBias:-0.5,Multiplicity:1.29
0.863	0.001	0.135	0.001
0.218	0.683	0.098	0.001
0.695	0.092	0.001	0.212
0.001	0.001	0.649	0.349
0.997	0.001	0.001	0.001
0.001	0.869	0.129	0.001
0.578	0.001	0.203	0.218
0.013	0.001	0.663	0.323
0.896	0.001	0.001	0.102
0.001	0.997	0.001	0.001
>GGGGGGGGGG	21-GGGGGGGGGG	7.846886	-12.464089	0	T:20.0(2.24%),B:467.3(0.66%),P:1e-5	Tpos:89.0,Tstd:54.3,Bpos:99.2,Bstd:54.7,StrandBias:1.1,Multiplicity:1.25
0.025	0.027	0.900	0.048
0.001	0.022	0.909	0.068
0.001	0.036	0.885	0.078
0.018	0.001	0.907	0.074
0.001	0.001	0.906	0.092
0.001	0.001	0.936	0.062
0.001	0.001	0.979	0.019
0.001	0.052	0.914	0.033
0.001	0.019	0.964	0.016
0.001	0.023	0.832	0.144
>TGATSATSAT	22-TGATSATSAT	6.691105	-8.730964	0	T:91.0(10.20%),B:4860.5(6.91%),P:1e-3	Tpos:120.3,Tstd:54.1,Bpos:97.4,Bstd:105.3,StrandBias:0.2,Multiplicity:1.13
0.148	0.084	0.128	0.640
0.020	0.368	0.553	0.059
0.660	0.153	0.135	0.052
0.039	0.081	0.095	0.785
0.067	0.435	0.385	0.113
0.764	0.116	0.083	0.037
0.082	0.090	0.265	0.563
0.039	0.417	0.535	0.009
0.822	0.097	0.061	0.020
0.018	0.085	0.182	0.715
>CATGCATCCA	23-CATGCATCCA	10.631449	-6.433686	0	T:9.0(1.01%),B:208.3(0.30%),P:1e-2	Tpos:92.7,Tstd:44.9,Bpos:105.8,Bstd:55.6,StrandBias:0.5,Multiplicity:1.00
0.001	0.735	0.001	0.263
0.997	0.001	0.001	0.001
0.001	0.001	0.001	0.997
0.001	0.001	0.997	0.001
0.210	0.714	0.075	0.001
0.997	0.001	0.001	0.001
0.210	0.001	0.001	0.788
0.001	0.878	0.120	0.001
0.001	0.808	0.190	0.001
0.997	0.001	0.001	0.001
>GAGCACAAGA	24-GAGCACAAGA	13.335493	-4.138691	0	T:2.0(0.22%),B:15.5(0.02%),P:1e-1	Tpos:92.2,Tstd:58.8,Bpos:91.3,Bstd:47.4,StrandBias:3.0,Multiplicity:4.50
0.001	0.001	0.997	0.001
0.784	0.214	0.001	0.001
0.001	0.001	0.771	0.227
0.001	0.997	0.001	0.001
0.997	0.001	0.001	0.001
0.001	0.997	0.001	0.001
0.997	0.001	0.001	0.001
0.997	0.001	0.001	0.001
0.001	0.001	0.997	0.001
0.997	0.001	0.001	0.001
>GTAAGTAAGT	25-GTAAGTAAGT	13.768693	-3.904951	0	T:2.0(0.22%),B:17.7(0.03%),P:1e-1	Tpos:155.8,Tstd:49.0,Bpos:103.5,Bstd:32.3,StrandBias:2.0,Multiplicity:1.50
0.001	0.001	0.997	0.001
0.063	0.001	0.001	0.935
0.997	0.001	0.001	0.001
0.997	0.001	0.001	0.001
0.001	0.001	0.997	0.001
0.001	0.001	0.001	0.997
0.997	0.001	0.001	0.001
0.997	0.001	0.001	0.001
0.001	0.001	0.997	0.001
0.001	0.001	0.001	0.997
