>AATTTCTGGA	1-AATTTCTGGA	4.728083	-61.482142	0	T:567.0(63.57%),B:32018.2(45.53%),P:1e-26	Tpos:102.8,Tstd:55.0,Bpos:99.5,Bstd:110.9,StrandBias:0.0,Multiplicity:1.39
0.690	0.086	0.101	0.123
0.690	0.105	0.083	0.122
0.120	0.111	0.082	0.687
0.095	0.079	0.085	0.741
0.074	0.082	0.087	0.757
0.111	0.676	0.106	0.107
0.127	0.078	0.092	0.703
0.109	0.113	0.675	0.103
0.102	0.116	0.696	0.086
0.685	0.123	0.089	0.103
>HMAAAATTTT	2-HMAAAATTTT	6.687413	-59.626865	0	T:313.0(35.09%),B:13924.2(19.80%),P:1e-25	Tpos:98.3,Tstd:54.3,Bpos:99.8,Bstd:153.9,StrandBias:0.0,Multiplicity:1.34
0.239	0.338	0.041	0.382
0.497	0.366	0.049	0.088
0.833	0.094	0.016	0.057
0.766	0.012	0.101	0.121
0.978	0.001	0.001	0.020
0.657	0.025	0.001	0.317
0.343	0.001	0.004	0.652
0.137	0.001	0.001	0.861
0.141	0.001	0.098	0.760
0.001	0.001	0.116	0.882
>TTTTAAAATT	3-TTTTAAAATT	5.512843	-45.697155	0	T:476.0(53.36%),B:26765.2(38.06%),P:1e-19	Tpos:94.6,Tstd:56.1,Bpos:100.5,Bstd:134.0,StrandBias:0.1,Multiplicity:1.43
0.242	0.034	0.002	0.722
0.146	0.145	0.142	0.567
0.167	0.151	0.127	0.555
0.178	0.144	0.158	0.520
0.519	0.052	0.203	0.226
0.582	0.131	0.140	0.147
0.677	0.098	0.002	0.223
0.617	0.007	0.121	0.255
0.178	0.136	0.004	0.682
0.176	0.157	0.028	0.639
>GGGAWGCACC	4-GGGAWGCACC	7.780491	-39.123711	0	T:40.0(4.48%),B:565.3(0.80%),P:1e-16	Tpos:102.9,Tstd:54.5,Bpos:97.1,Bstd:68.1,StrandBias:-1.0,Multiplicity:1.00
0.051	0.281	0.667	0.001
0.001	0.001	0.997	0.001
0.153	0.001	0.845	0.001
0.630	0.001	0.294	0.075
0.370	0.052	0.164	0.415
0.001	0.001	0.765	0.233
0.179	0.712	0.045	0.064
0.724	0.200	0.001	0.075
0.001	0.708	0.090	0.201
0.001	0.997	0.001	0.001
>AGGCAGATAC	5-AGGCAGATAC	11.124810	-35.724998	0	T:15.0(1.68%),B:49.8(0.07%),P:1e-15	Tpos:105.7,Tstd:51.3,Bpos:102.8,Bstd:54.6,StrandBias:3.8,Multiplicity:1.00
0.825	0.001	0.001	0.173
0.001	0.001	0.997	0.001
0.001	0.001	0.997	0.001
0.001	0.997	0.001	0.001
0.997	0.001	0.001	0.001
0.001	0.001	0.997	0.001
0.997	0.001	0.001	0.001
0.001	0.001	0.001	0.997
0.907	0.001	0.001	0.091
0.001	0.880	0.118	0.001
>GAGATACCCG	6-GAGATACCCG	10.296193	-34.291162	0	T:7.0(0.78%),B:2.2(0.00%),P:1e-14	Tpos:104.4,Tstd:53.8,Bpos:57.7,Bstd:20.3,StrandBias:2.6,Multiplicity:1.00
0.100	0.100	0.700	0.100
0.700	0.100	0.100	0.100
0.100	0.100	0.700	0.100
0.700	0.100	0.100	0.100
0.100	0.100	0.100	0.700
0.700	0.100	0.100	0.100
0.100	0.700	0.100	0.100
0.100	0.700	0.100	0.100
0.100	0.700	0.100	0.100
0.100	0.100	0.700	0.100
>ACTGGGCTGG	7-ACTGGGCTGG	8.980678	-32.569350	0	T:13.0(1.46%),B:38.7(0.06%),P:1e-14	Tpos:106.8,Tstd:74.5,Bpos:94.2,Bstd:72.7,StrandBias:0.2,Multiplicity:1.00
0.572	0.265	0.038	0.125
0.001	0.614	0.175	0.210
0.144	0.202	0.103	0.551
0.025	0.178	0.771	0.026
0.064	0.001	0.884	0.051
0.027	0.026	0.893	0.054
0.324	0.559	0.001	0.116
0.027	0.051	0.076	0.846
0.075	0.283	0.490	0.151
0.110	0.025	0.812	0.053
>GTCTTCGGAC	8-GTCTTCGGAC	10.296193	-29.461142	0	T:7.0(0.78%),B:4.8(0.01%),P:1e-12	Tpos:89.7,Tstd:56.9,Bpos:110.8,Bstd:49.3,StrandBias:10.0,Multiplicity:1.00
0.100	0.100	0.700	0.100
0.100	0.100	0.100	0.700
0.100	0.700	0.100	0.100
0.100	0.100	0.100	0.700
0.100	0.100	0.100	0.700
0.100	0.700	0.100	0.100
0.100	0.100	0.700	0.100
0.100	0.100	0.700	0.100
0.700	0.100	0.100	0.100
0.100	0.700	0.100	0.100
>GCCTGAGATT	9-GCCTGAGATT	10.296193	-29.461142	0	T:7.0(0.78%),B:5.0(0.01%),P:1e-12	Tpos:105.1,Tstd:49.4,Bpos:105.2,Bstd:37.0,StrandBias:-10.0,Multiplicity:1.00
0.100	0.100	0.700	0.100
0.100	0.700	0.100	0.100
0.100	0.700	0.100	0.100
0.100	0.100	0.100	0.700
0.100	0.100	0.700	0.100
0.700	0.100	0.100	0.100
0.100	0.100	0.700	0.100
0.700	0.100	0.100	0.100
0.100	0.100	0.100	0.700
0.100	0.100	0.100	0.700
>TAAGGGGGTA	10-TAAGGGGGTA	10.296193	-26.241738	0	T:6.0(0.67%),B:3.4(0.00%),P:1e-11	Tpos:115.8,Tstd:53.4,Bpos:100.5,Bstd:51.5,StrandBias:10.0,Multiplicity:1.00
0.100	0.100	0.100	0.700
0.700	0.100	0.100	0.100
0.700	0.100	0.100	0.100
0.100	0.100	0.700	0.100
0.100	0.100	0.700	0.100
0.100	0.100	0.700	0.100
0.100	0.100	0.700	0.100
0.100	0.100	0.700	0.100
0.100	0.100	0.100	0.700
0.700	0.100	0.100	0.100
>CCTACCGTTT	11-CCTACCGTTT	11.027703	-26.041354	0	T:15.0(1.68%),B:97.3(0.14%),P:1e-11	Tpos:85.4,Tstd:43.3,Bpos:93.9,Bstd:82.5,StrandBias:1.5,Multiplicity:1.00
0.001	0.997	0.001	0.001
0.001	0.997	0.001	0.001
0.001	0.001	0.001	0.997
0.712	0.001	0.286	0.001
0.001	0.997	0.001	0.001
0.001	0.467	0.234	0.299
0.413	0.001	0.585	0.001
0.001	0.001	0.001	0.997
0.001	0.001	0.001	0.997
0.001	0.233	0.001	0.765
>GGGGACAAGG	12-GGGGACAAGG	10.296193	-24.526435	0	T:6.0(0.67%),B:4.9(0.01%),P:1e-10	Tpos:99.5,Tstd:24.6,Bpos:77.7,Bstd:24.1,StrandBias:2.3,Multiplicity:1.00
0.100	0.100	0.700	0.100
0.100	0.100	0.700	0.100
0.100	0.100	0.700	0.100
0.100	0.100	0.700	0.100
0.700	0.100	0.100	0.100
0.100	0.700	0.100	0.100
0.700	0.100	0.100	0.100
0.700	0.100	0.100	0.100
0.100	0.100	0.700	0.100
0.100	0.100	0.700	0.100
>CTCCTAAGTG	13-CTCCTAAGTG	10.296193	-24.526435	0	T:6.0(0.67%),B:4.8(0.01%),P:1e-10	Tpos:86.2,Tstd:61.0,Bpos:73.0,Bstd:44.8,StrandBias:-10.0,Multiplicity:1.00
0.100	0.700	0.100	0.100
0.100	0.100	0.100	0.700
0.100	0.700	0.100	0.100
0.100	0.700	0.100	0.100
0.100	0.100	0.100	0.700
0.700	0.100	0.100	0.100
0.700	0.100	0.100	0.100
0.100	0.100	0.700	0.100
0.100	0.100	0.100	0.700
0.100	0.100	0.700	0.100
>CAGAGCCAAT	14-CAGAGCCAAT	10.296193	-23.461947	0	T:9.0(1.01%),B:25.5(0.04%),P:1e-10	Tpos:118.1,Tstd:61.9,Bpos:81.4,Bstd:53.3,StrandBias:10.0,Multiplicity:1.00
0.100	0.700	0.100	0.100
0.700	0.100	0.100	0.100
0.100	0.100	0.700	0.100
0.700	0.100	0.100	0.100
0.100	0.100	0.700	0.100
0.100	0.700	0.100	0.100
0.100	0.700	0.100	0.100
0.700	0.100	0.100	0.100
0.700	0.100	0.100	0.100
0.100	0.100	0.100	0.700
>GCCTGGCGCA	15-GCCTGGCGCA	10.206592	-22.941078	0	T:11.0(1.23%),B:51.2(0.07%),P:1e-9	Tpos:119.1,Tstd:59.5,Bpos:103.9,Bstd:48.3,StrandBias:-0.9,Multiplicity:1.00
0.001	0.001	0.997	0.001
0.001	0.750	0.001	0.248
0.170	0.828	0.001	0.001
0.303	0.001	0.001	0.695
0.001	0.001	0.812	0.186
0.001	0.001	0.997	0.001
0.001	0.872	0.126	0.001
0.001	0.250	0.748	0.001
0.209	0.789	0.001	0.001
0.997	0.001	0.001	0.001
>TCTMTCTMTC	16-TCTMTCTMTC	7.663233	-20.919672	0	T:39.0(4.37%),B:976.9(1.39%),P:1e-9	Tpos:79.0,Tstd:49.7,Bpos:92.3,Bstd:92.1,StrandBias:-2.0,Multiplicity:1.37
0.001	0.001	0.001	0.997
0.001	0.997	0.001	0.001
0.009	0.011	0.001	0.979
0.516	0.375	0.001	0.108
0.001	0.011	0.001	0.987
0.103	0.895	0.001	0.001
0.001	0.001	0.001	0.997
0.521	0.411	0.067	0.001
0.001	0.001	0.001	0.997
0.001	0.997	0.001	0.001
>GATGATGATT	17-GATGATGATT	11.045038	-19.600726	0	T:15.0(1.68%),B:156.5(0.22%),P:1e-8	Tpos:104.4,Tstd:47.1,Bpos:96.1,Bstd:85.5,StrandBias:2.1,Multiplicity:1.00
0.001	0.001	0.997	0.001
0.828	0.001	0.001	0.170
0.140	0.001	0.001	0.858
0.001	0.001	0.827	0.171
0.997	0.001	0.001	0.001
0.001	0.389	0.001	0.609
0.001	0.001	0.733	0.265
0.997	0.001	0.001	0.001
0.003	0.027	0.001	0.969
0.001	0.172	0.171	0.656
>CAAGCCATGT	18-CAAGCCATGT	10.516824	-18.706595	0	T:14.0(1.57%),B:142.7(0.20%),P:1e-8	Tpos:97.2,Tstd:54.7,Bpos:100.8,Bstd:68.8,StrandBias:0.0,Multiplicity:1.43
0.001	0.997	0.001	0.001
0.505	0.289	0.205	0.001
0.719	0.177	0.001	0.103
0.001	0.001	0.997	0.001
0.001	0.647	0.351	0.001
0.001	0.997	0.001	0.001
0.919	0.079	0.001	0.001
0.001	0.001	0.001	0.997
0.246	0.001	0.752	0.001
0.001	0.001	0.001	0.997
>TATATATATA	19-TATATATATA	10.296193	-15.061859	0	T:9.0(1.01%),B:67.7(0.10%),P:1e-6	Tpos:98.0,Tstd:58.2,Bpos:97.3,Bstd:137.3,StrandBias:0.0,Multiplicity:1.56
0.100	0.100	0.100	0.700
0.700	0.100	0.100	0.100
0.100	0.100	0.100	0.700
0.700	0.100	0.100	0.100
0.100	0.100	0.100	0.700
0.700	0.100	0.100	0.100
0.100	0.100	0.100	0.700
0.700	0.100	0.100	0.100
0.100	0.100	0.100	0.700
0.700	0.100	0.100	0.100
>ACAGACAGAC	20-ACAGACAGAC	9.983294	-13.035473	0	T:24.0(2.69%),B:616.7(0.88%),P:1e-5	Tpos:98.1,Tstd:55.7,Bpos:102.1,Bstd:103.5,StrandBias:-0.5,Multiplicity:1.29
0.863	0.001	0.135	0.001
0.218	0.683	0.098	0.001
0.695	0.092	0.001	0.212
0.001	0.001	0.649	0.349
0.997	0.001	0.001	0.001
0.001	0.869	0.129	0.001
0.578	0.001	0.203	0.218
0.013	0.001	0.663	0.323
0.896	0.001	0.001	0.102
0.001	0.997	0.001	0.001
>GGGGGGGGGG	21-GGGGGGGGGG	7.846886	-12.464089	0	T:20.0(2.24%),B:467.3(0.66%),P:1e-5	Tpos:89.0,Tstd:54.3,Bpos:99.2,Bstd:54.7,StrandBias:1.1,Multiplicity:1.25
0.025	0.027	0.900	0.048
0.001	0.022	0.909	0.068
0.001	0.036	0.885	0.078
0.018	0.001	0.907	0.074
0.001	0.001	0.906	0.092
0.001	0.001	0.936	0.062
0.001	0.001	0.979	0.019
0.001	0.052	0.914	0.033
0.001	0.019	0.964	0.016
0.001	0.023	0.832	0.144
>TGATSATSAT	22-TGATSATSAT	6.691105	-8.730964	0	T:91.0(10.20%),B:4860.5(6.91%),P:1e-3	Tpos:120.3,Tstd:54.1,Bpos:97.4,Bstd:105.3,StrandBias:0.2,Multiplicity:1.13
0.148	0.084	0.128	0.640
0.020	0.368	0.553	0.059
0.660	0.153	0.135	0.052
0.039	0.081	0.095	0.785
0.067	0.435	0.385	0.113
0.764	0.116	0.083	0.037
0.082	0.090	0.265	0.563
0.039	0.417	0.535	0.009
0.822	0.097	0.061	0.020
0.018	0.085	0.182	0.715
>CATGCATCCA	23-CATGCATCCA	10.631449	-6.433686	0	T:9.0(1.01%),B:208.3(0.30%),P:1e-2	Tpos:92.7,Tstd:44.9,Bpos:105.8,Bstd:55.6,StrandBias:0.5,Multiplicity:1.00
0.001	0.735	0.001	0.263
0.997	0.001	0.001	0.001
0.001	0.001	0.001	0.997
0.001	0.001	0.997	0.001
0.210	0.714	0.075	0.001
0.997	0.001	0.001	0.001
0.210	0.001	0.001	0.788
0.001	0.878	0.120	0.001
0.001	0.808	0.190	0.001
0.997	0.001	0.001	0.001
>GAGCACAAGA	24-GAGCACAAGA	13.335493	-4.138691	0	T:2.0(0.22%),B:15.5(0.02%),P:1e-1	Tpos:92.2,Tstd:58.8,Bpos:91.3,Bstd:47.4,StrandBias:3.0,Multiplicity:4.50
0.001	0.001	0.997	0.001
0.784	0.214	0.001	0.001
0.001	0.001	0.771	0.227
0.001	0.997	0.001	0.001
0.997	0.001	0.001	0.001
0.001	0.997	0.001	0.001
0.997	0.001	0.001	0.001
0.997	0.001	0.001	0.001
0.001	0.001	0.997	0.001
0.997	0.001	0.001	0.001
>GTAAGTAAGT	25-GTAAGTAAGT	13.768693	-3.904951	0	T:2.0(0.22%),B:17.7(0.03%),P:1e-1	Tpos:155.8,Tstd:49.0,Bpos:103.5,Bstd:32.3,StrandBias:2.0,Multiplicity:1.50
0.001	0.001	0.997	0.001
0.063	0.001	0.001	0.935
0.997	0.001	0.001	0.001
0.997	0.001	0.001	0.001
0.001	0.001	0.997	0.001
0.001	0.001	0.001	0.997
0.997	0.001	0.001	0.001
0.997	0.001	0.001	0.001
0.001	0.001	0.997	0.001
0.001	0.001	0.001	0.997
>CGGGTATCTCTT	1-CGGGTATCTCTT	14.156767	-72.482926	0	T:12.0(1.35%),B:1.0(0.00%),P:1e-31	Tpos:94.2,Tstd:56.7,Bpos:114.7,Bstd:19.4,StrandBias:-1.8,Multiplicity:1.00
0.001	0.997	0.001	0.001
0.001	0.109	0.889	0.001
0.001	0.001	0.997	0.001
0.001	0.001	0.997	0.001
0.001	0.001	0.001	0.997
0.997	0.001	0.001	0.001
0.001	0.001	0.001	0.997
0.109	0.889	0.001	0.001
0.001	0.001	0.001	0.997
0.001	0.997	0.001	0.001
0.001	0.001	0.001	0.997
0.001	0.109	0.001	0.889
>TCTCAAAATTTT	2-TCTCAAAATTTT	6.493017	-63.959187	0	T:346.0(38.79%),B:15711.6(22.34%),P:1e-27	Tpos:95.6,Tstd:53.0,Bpos:99.7,Bstd:137.7,StrandBias:-0.2,Multiplicity:1.28
0.121	0.058	0.109	0.712
0.122	0.602	0.101	0.175
0.105	0.087	0.074	0.734
0.086	0.667	0.134	0.113
0.778	0.079	0.056	0.087
0.752	0.065	0.090	0.093
0.832	0.069	0.033	0.066
0.765	0.063	0.073	0.099
0.101	0.065	0.046	0.788
0.074	0.057	0.077	0.792
0.047	0.071	0.091	0.791
0.060	0.077	0.076	0.787
>WTTTTTTTTTTT	3-WTTTTTTTTTTT	8.121124	-51.669840	0	T:222.0(24.89%),B:8921.0(12.68%),P:1e-22	Tpos:101.5,Tstd:57.7,Bpos:98.0,Bstd:172.1,StrandBias:0.4,Multiplicity:1.21
0.562	0.001	0.001	0.436
0.347	0.001	0.001	0.651
0.297	0.001	0.001	0.701
0.272	0.001	0.001	0.726
0.230	0.001	0.113	0.656
0.250	0.009	0.098	0.643
0.368	0.001	0.097	0.534
0.351	0.011	0.002	0.636
0.238	0.001	0.001	0.760
0.188	0.001	0.001	0.810
0.198	0.229	0.001	0.572
0.213	0.081	0.001	0.705
>TTTCTGGACCTG	4-TTTCTGGACCTG	14.299897	-45.933976	0	T:9.0(1.01%),B:3.0(0.00%),P:1e-19	Tpos:95.6,Tstd:59.5,Bpos:79.2,Bstd:15.9,StrandBias:10.0,Multiplicity:1.00
0.001	0.001	0.001	0.997
0.001	0.001	0.001	0.997
0.001	0.001	0.001	0.997
0.001	0.997	0.001	0.001
0.001	0.001	0.001	0.997
0.001	0.001	0.997	0.001
0.100	0.001	0.898	0.001
0.997	0.001	0.001	0.001
0.001	0.997	0.001	0.001
0.001	0.997	0.001	0.001
0.001	0.001	0.001	0.997
0.001	0.001	0.997	0.001
>ATCCAGAGCCAA	5-ATCCAGAGCCAA	12.355432	-45.587154	0	T:8.0(0.90%),B:1.5(0.00%),P:1e-19	Tpos:111.6,Tstd:64.2,Bpos:119.1,Bstd:31.4,StrandBias:10.0,Multiplicity:1.00
0.700	0.100	0.100	0.100
0.100	0.100	0.100	0.700
0.100	0.700	0.100	0.100
0.100	0.700	0.100	0.100
0.700	0.100	0.100	0.100
0.100	0.100	0.700	0.100
0.700	0.100	0.100	0.100
0.100	0.100	0.700	0.100
0.100	0.700	0.100	0.100
0.100	0.700	0.100	0.100
0.700	0.100	0.100	0.100
0.700	0.100	0.100	0.100
>TATYTGCCTTTT	6-TATYTGCCTTTT	12.491578	-42.862519	0	T:15.0(1.68%),B:30.7(0.04%),P:1e-18	Tpos:100.7,Tstd:52.1,Bpos:140.1,Bstd:46.9,StrandBias:0.2,Multiplicity:1.00
0.001	0.001	0.037	0.961
0.666	0.001	0.001	0.332
0.001	0.097	0.001	0.901
0.001	0.469	0.001	0.529
0.101	0.001	0.001	0.897
0.050	0.050	0.899	0.001
0.038	0.725	0.101	0.136
0.001	0.778	0.050	0.171
0.001	0.090	0.001	0.908
0.202	0.101	0.195	0.502
0.151	0.101	0.093	0.655
0.001	0.053	0.178	0.768
>CACTTTTATTGG	7-CACTTTTATTGG	14.456900	-40.053147	0	T:8.0(0.90%),B:2.1(0.00%),P:1e-17	Tpos:90.2,Tstd:46.5,Bpos:110.3,Bstd:31.1,StrandBias:10.0,Multiplicity:1.00
0.001	0.997	0.001	0.001
0.997	0.001	0.001	0.001
0.001	0.997	0.001	0.001
0.001	0.001	0.001	0.997
0.001	0.001	0.001	0.997
0.001	0.001	0.001	0.997
0.001	0.001	0.001	0.997
0.881	0.117	0.001	0.001
0.001	0.001	0.001	0.997
0.001	0.001	0.001	0.997
0.001	0.001	0.997	0.001
0.001	0.001	0.997	0.001
>CTCCATAATGTC	8-CTCCATAATGTC	16.475784	-39.132184	0	T:7.0(0.78%),B:2.0(0.00%),P:1e-16	Tpos:73.7,Tstd:56.9,Bpos:158.1,Bstd:48.3,StrandBias:10.0,Multiplicity:1.00
0.001	0.997	0.001	0.001
0.001	0.001	0.001	0.997
0.001	0.997	0.001	0.001
0.001	0.997	0.001	0.001
0.997	0.001	0.001	0.001
0.001	0.001	0.001	0.997
0.997	0.001	0.001	0.001
0.997	0.001	0.001	0.001
0.001	0.001	0.001	0.997
0.001	0.001	0.997	0.001
0.117	0.001	0.001	0.881
0.001	0.997	0.001	0.001
>TAATCCTAGTTT	9-TAATCCTAGTTT	12.355432	-39.132184	0	T:7.0(0.78%),B:0.8(0.00%),P:1e-16	Tpos:87.4,Tstd:67.6,Bpos:71.9,Bstd:3.8,StrandBias:10.0,Multiplicity:1.00
0.100	0.100	0.100	0.700
0.700	0.100	0.100	0.100
0.700	0.100	0.100	0.100
0.100	0.100	0.100	0.700
0.100	0.700	0.100	0.100
0.100	0.700	0.100	0.100
0.100	0.100	0.100	0.700
0.700	0.100	0.100	0.100
0.100	0.100	0.700	0.100
0.100	0.100	0.100	0.700
0.100	0.100	0.100	0.700
0.100	0.100	0.100	0.700
>TGCCTGAGATTA	10-TGCCTGAGATTA	11.727155	-39.132184	0	T:7.0(0.78%),B:0.4(0.00%),P:1e-16	Tpos:105.1,Tstd:49.4,Bpos:41.0,Bstd:0.0,StrandBias:-10.0,Multiplicity:1.00
0.103	0.067	0.079	0.751
0.102	0.121	0.651	0.126
0.136	0.600	0.108	0.156
0.123	0.646	0.087	0.144
0.115	0.064	0.072	0.749
0.113	0.116	0.618	0.153
0.747	0.061	0.074	0.118
0.162	0.145	0.562	0.131
0.698	0.083	0.090	0.129
0.135	0.074	0.099	0.692
0.140	0.122	0.108	0.630
0.659	0.109	0.092	0.140
>CGGAGTGACATC	11-CGGAGTGACATC	12.355432	-39.132184	0	T:7.0(0.78%),B:0.3(0.00%),P:1e-16	Tpos:73.6,Tstd:41.0,Bpos:88.0,Bstd:0.0,StrandBias:10.0,Multiplicity:1.00
0.100	0.700	0.100	0.100
0.100	0.100	0.700	0.100
0.100	0.100	0.700	0.100
0.700	0.100	0.100	0.100
0.100	0.100	0.700	0.100
0.100	0.100	0.100	0.700
0.100	0.100	0.700	0.100
0.700	0.100	0.100	0.100
0.100	0.700	0.100	0.100
0.700	0.100	0.100	0.100
0.100	0.100	0.100	0.700
0.100	0.700	0.100	0.100
>TCTTGGAAACGA	12-TCTTGGAAACGA	12.355432	-34.291162	0	T:7.0(0.78%),B:3.0(0.00%),P:1e-14	Tpos:113.6,Tstd:50.8,Bpos:92.5,Bstd:20.6,StrandBias:10.0,Multiplicity:1.00
0.100	0.100	0.100	0.700
0.100	0.700	0.100	0.100
0.100	0.100	0.100	0.700
0.100	0.100	0.100	0.700
0.100	0.100	0.700	0.100
0.100	0.100	0.700	0.100
0.700	0.100	0.100	0.100
0.700	0.100	0.100	0.100
0.700	0.100	0.100	0.100
0.100	0.700	0.100	0.100
0.100	0.100	0.700	0.100
0.700	0.100	0.100	0.100
>TATTTGTCTTCG	13-TATTTGTCTTCG	12.355432	-34.291162	0	T:7.0(0.78%),B:2.7(0.00%),P:1e-14	Tpos:85.7,Tstd:56.9,Bpos:36.3,Bstd:28.6,StrandBias:10.0,Multiplicity:1.00
0.100	0.100	0.100	0.700
0.700	0.100	0.100	0.100
0.100	0.100	0.100	0.700
0.100	0.100	0.100	0.700
0.100	0.100	0.100	0.700
0.100	0.100	0.700	0.100
0.100	0.100	0.100	0.700
0.100	0.700	0.100	0.100
0.100	0.100	0.100	0.700
0.100	0.100	0.100	0.700
0.100	0.700	0.100	0.100
0.100	0.100	0.700	0.100
>AAGGGATTCACC	14-AAGGGATTCACC	12.355432	-34.291162	0	T:7.0(0.78%),B:2.2(0.00%),P:1e-14	Tpos:97.6,Tstd:50.8,Bpos:118.0,Bstd:3.1,StrandBias:10.0,Multiplicity:1.00
0.700	0.100	0.100	0.100
0.700	0.100	0.100	0.100
0.100	0.100	0.700	0.100
0.100	0.100	0.700	0.100
0.100	0.100	0.700	0.100
0.700	0.100	0.100	0.100
0.100	0.100	0.100	0.700
0.100	0.100	0.100	0.700
0.100	0.700	0.100	0.100
0.700	0.100	0.100	0.100
0.100	0.700	0.100	0.100
0.100	0.700	0.100	0.100
>ATATATATATAT	15-ATATATATATAT	9.346601	-31.555136	0	T:23.0(2.58%),B:213.3(0.30%),P:1e-13	Tpos:100.8,Tstd:56.1,Bpos:102.0,Bstd:127.6,StrandBias:0.2,Multiplicity:1.30
0.997	0.001	0.001	0.001
0.001	0.001	0.001	0.997
0.781	0.001	0.217	0.001
0.001	0.001	0.001	0.997
0.997	0.001	0.001	0.001
0.001	0.001	0.001	0.997
0.767	0.006	0.226	0.001
0.005	0.001	0.001	0.993
0.997	0.001	0.001	0.001
0.001	0.001	0.001	0.997
0.737	0.004	0.258	0.001
0.003	0.001	0.001	0.995
>TTATCAATGAAC	16-TTATCAATGAAC	12.355432	-29.461142	0	T:7.0(0.78%),B:4.7(0.01%),P:1e-12	Tpos:92.6,Tstd:41.0,Bpos:103.3,Bstd:28.0,StrandBias:10.0,Multiplicity:1.00
0.100	0.100	0.100	0.700
0.100	0.100	0.100	0.700
0.700	0.100	0.100	0.100
0.100	0.100	0.100	0.700
0.100	0.700	0.100	0.100
0.700	0.100	0.100	0.100
0.700	0.100	0.100	0.100
0.100	0.100	0.100	0.700
0.100	0.100	0.700	0.100
0.700	0.100	0.100	0.100
0.700	0.100	0.100	0.100
0.100	0.700	0.100	0.100
>TCTGTCTGTCTG	17-TCTGTCTGTCTG	12.795171	-24.327474	0	T:16.0(1.79%),B:130.0(0.18%),P:1e-10	Tpos:98.9,Tstd:58.1,Bpos:103.5,Bstd:91.5,StrandBias:-2.8,Multiplicity:1.31
0.001	0.001	0.001	0.997
0.001	0.997	0.001	0.001
0.001	0.001	0.001	0.997
0.313	0.001	0.685	0.001
0.001	0.001	0.001	0.997
0.001	0.978	0.020	0.001
0.001	0.001	0.001	0.997
0.295	0.001	0.513	0.191
0.001	0.001	0.001	0.997
0.001	0.997	0.001	0.001
0.001	0.001	0.001	0.997
0.321	0.001	0.506	0.172
>CATTTCYAATTC	18-CATTTCYAATTC	12.378806	-23.839625	0	T:7.0(0.78%),B:9.9(0.01%),P:1e-10	Tpos:68.3,Tstd:49.8,Bpos:114.6,Bstd:86.4,StrandBias:-2.5,Multiplicity:1.86
0.088	0.734	0.072	0.106
0.822	0.001	0.114	0.063
0.048	0.072	0.001	0.879
0.055	0.025	0.072	0.848
0.106	0.024	0.024	0.846
0.041	0.644	0.314	0.001
0.025	0.419	0.073	0.484
0.800	0.092	0.018	0.090
0.824	0.024	0.088	0.064
0.089	0.064	0.072	0.775
0.001	0.174	0.040	0.785
0.024	0.611	0.215	0.150
>CCATCATCATCA	19-CCATCATCATCA	12.767299	-13.612305	0	T:8.0(0.90%),B:59.2(0.08%),P:1e-5	Tpos:145.0,Tstd:39.5,Bpos:94.3,Bstd:83.8,StrandBias:-0.1,Multiplicity:1.50
0.001	0.580	0.001	0.418
0.143	0.713	0.143	0.001
0.713	0.001	0.143	0.143
0.001	0.022	0.001	0.976
0.416	0.582	0.001	0.001
0.997	0.001	0.001	0.001
0.001	0.007	0.001	0.991
0.001	0.997	0.001	0.001
0.713	0.001	0.143	0.143
0.001	0.001	0.001	0.997
0.107	0.891	0.001	0.001
0.997	0.001	0.001	0.001
>GAGARARAGAGA	20-GAGARARAGAGA	12.187812	-12.820369	0	T:18.0(2.02%),B:377.5(0.54%),P:1e-5	Tpos:64.9,Tstd:38.9,Bpos:89.4,Bstd:91.8,StrandBias:2.2,Multiplicity:1.11
0.178	0.001	0.820	0.001
0.624	0.001	0.371	0.004
0.407	0.001	0.591	0.001
0.997	0.001	0.001	0.001
0.435	0.001	0.563	0.001
0.997	0.001	0.001	0.001
0.543	0.001	0.455	0.001
0.987	0.001	0.001	0.011
0.003	0.001	0.995	0.001
0.992	0.001	0.006	0.001
0.001	0.001	0.981	0.017
0.614	0.001	0.384	0.001
>ATGCATGCATGC	21-ATGCATGCATGC	13.214497	-11.384134	0	T:6.0(0.67%),B:38.6(0.05%),P:1e-4	Tpos:95.3,Tstd:51.1,Bpos:105.0,Bstd:67.5,StrandBias:0.3,Multiplicity:1.00
0.949	0.001	0.049	0.001
0.001	0.049	0.001	0.949
0.035	0.055	0.909	0.001
0.001	0.909	0.066	0.024
0.997	0.001	0.001	0.001
0.001	0.001	0.001	0.997
0.001	0.001	0.997	0.001
0.001	0.997	0.001	0.001
0.997	0.001	0.001	0.001
0.001	0.001	0.001	0.997
0.060	0.049	0.890	0.001
0.001	0.973	0.001	0.025
>GGGGGGGGGGGG	22-GGGGGGGGGGGG	11.001904	-9.826100	0	T:11.0(1.23%),B:195.8(0.28%),P:1e-4	Tpos:91.9,Tstd:50.6,Bpos:96.7,Bstd:52.7,StrandBias:1.1,Multiplicity:1.00
0.097	0.103	0.681	0.119
0.121	0.123	0.698	0.058
0.140	0.052	0.749	0.059
0.097	0.022	0.829	0.052
0.082	0.043	0.784	0.091
0.099	0.022	0.836	0.043
0.085	0.043	0.786	0.086
0.070	0.041	0.786	0.103
0.049	0.086	0.770	0.095
0.079	0.086	0.702	0.133
0.082	0.079	0.716	0.123
0.145	0.022	0.666	0.167
>GTGCTCACGAGA	23-GTGCTCACGAGA	15.228318	-9.437676	0	T:2.0(0.22%),B:0.7(0.00%),P:1e-4	Tpos:112.2,Tstd:53.2,Bpos:96.0,Bstd:13.1,StrandBias:-2.0,Multiplicity:2.50
0.001	0.001	0.997	0.001
0.111	0.001	0.001	0.887
0.001	0.001	0.997	0.001
0.112	0.881	0.001	0.006
0.001	0.001	0.328	0.670
0.001	0.902	0.096	0.001
0.789	0.001	0.001	0.209
0.001	0.997	0.001	0.001
0.329	0.001	0.669	0.001
0.997	0.001	0.001	0.001
0.001	0.001	0.997	0.001
0.997	0.001	0.001	0.001
>AAGTAAGTAAGT	24-AAGTAAGTAAGT	12.355432	-8.059805	0	T:2.0(0.22%),B:2.5(0.00%),P:1e-3	Tpos:154.2,Tstd:50.7,Bpos:102.8,Bstd:8.0,StrandBias:1.8,Multiplicity:1.50
0.700	0.100	0.100	0.100
0.700	0.100	0.100	0.100
0.100	0.100	0.700	0.100
0.100	0.100	0.100	0.700
0.700	0.100	0.100	0.100
0.700	0.100	0.100	0.100
0.100	0.100	0.700	0.100
0.100	0.100	0.100	0.700
0.700	0.100	0.100	0.100
0.700	0.100	0.100	0.100
0.100	0.100	0.700	0.100
0.100	0.100	0.100	0.700
>TAATTAATTAAT	25-TAATTAATTAAT	14.309847	-3.062094	0	T:2.0(0.22%),B:27.2(0.04%),P:1e-1	Tpos:23.1,Tstd:21.5,Bpos:97.7,Bstd:108.1,StrandBias:-0.4,Multiplicity:1.00
0.001	0.001	0.001	0.997
0.997	0.001	0.001	0.001
0.997	0.001	0.001	0.001
0.001	0.001	0.001	0.997
0.001	0.001	0.001	0.997
0.897	0.001	0.001	0.101
0.997	0.001	0.001	0.001
0.001	0.001	0.001	0.997
0.001	0.001	0.001	0.997
0.997	0.001	0.001	0.001
0.997	0.001	0.001	0.001
0.001	0.001	0.001	0.997
>ATTTTTGG	1-ATTTTTGG	5.020915	-71.856780	0	T:578.0(64.80%),B:31823.4(45.25%),P:1e-31	Tpos:100.9,Tstd:57.9,Bpos:100.9,Bstd:106.2,StrandBias:0.2,Multiplicity:1.41
0.788	0.101	0.047	0.064
0.145	0.157	0.083	0.615
0.060	0.026	0.084	0.830
0.019	0.116	0.007	0.858
0.013	0.150	0.051	0.786
0.052	0.147	0.119	0.682
0.127	0.059	0.742	0.072
0.142	0.047	0.706	0.105
>AAAAATTT	2-AAAAATTT	5.488901	-55.990447	0	T:498.0(55.83%),B:27252.4(38.75%),P:1e-24	Tpos:97.1,Tstd:54.6,Bpos:99.6,Bstd:143.7,StrandBias:-0.0,Multiplicity:1.61
0.825	0.131	0.043	0.001
0.900	0.001	0.098	0.001
0.962	0.001	0.001	0.036
0.997	0.001	0.001	0.001
0.827	0.038	0.050	0.085
0.103	0.001	0.001	0.895
0.151	0.001	0.001	0.847
0.102	0.031	0.128	0.739
>GGCCTAAT	3-GGCCTAAT	8.907337	-36.396533	0	T:37.0(4.15%),B:521.0(0.74%),P:1e-15	Tpos:95.5,Tstd:55.9,Bpos:95.3,Bstd:81.4,StrandBias:0.2,Multiplicity:1.03
0.001	0.001	0.997	0.001
0.001	0.001	0.817	0.181
0.001	0.997	0.001	0.001
0.001	0.997	0.001	0.001
0.001	0.001	0.001	0.997
0.997	0.001	0.001	0.001
0.942	0.056	0.001	0.001
0.001	0.001	0.327	0.671
>GATCTTGA	4-GATCTTGA	5.178196	-35.035222	0	T:349.0(39.13%),B:18807.5(26.74%),P:1e-15	Tpos:99.7,Tstd:54.9,Bpos:100.3,Bstd:103.8,StrandBias:-0.0,Multiplicity:1.32
0.048	0.127	0.753	0.072
0.731	0.081	0.079	0.109
0.052	0.068	0.048	0.832
0.084	0.742	0.029	0.145
0.140	0.078	0.024	0.758
0.172	0.053	0.147	0.628
0.083	0.041	0.750	0.126
0.810	0.055	0.042	0.093
>NTTCCTCN	5-NTTCCTCN	3.955298	-31.733499	0	T:279.0(31.28%),B:14366.5(20.43%),P:1e-13	Tpos:100.1,Tstd:57.7,Bpos:99.2,Bstd:103.7,StrandBias:-0.1,Multiplicity:1.22
0.256	0.235	0.234	0.274
0.123	0.130	0.155	0.592
0.121	0.140	0.122	0.617
0.111	0.592	0.140	0.157
0.147	0.529	0.130	0.194
0.126	0.150	0.146	0.578
0.191	0.504	0.162	0.143
0.314	0.258	0.196	0.232
>RCCAAATT	6-RCCAAATT	6.768186	-31.086055	0	T:194.0(21.75%),B:8894.2(12.65%),P:1e-13	Tpos:99.2,Tstd:56.9,Bpos:101.0,Bstd:102.4,StrandBias:-0.2,Multiplicity:1.09
0.484	0.001	0.514	0.001
0.257	0.741	0.001	0.001
0.001	0.660	0.257	0.082
0.967	0.001	0.031	0.001
0.642	0.001	0.001	0.356
0.739	0.259	0.001	0.001
0.001	0.061	0.126	0.812
0.001	0.301	0.001	0.697
>TGCCTTAG	7-TGCCTTAG	6.471119	-30.845024	0	T:102.0(11.43%),B:3562.4(5.07%),P:1e-13	Tpos:98.4,Tstd:54.6,Bpos:99.4,Bstd:79.5,StrandBias:-0.8,Multiplicity:1.05
0.001	0.013	0.033	0.953
0.008	0.030	0.961	0.001
0.195	0.728	0.076	0.001
0.018	0.944	0.006	0.032
0.001	0.069	0.001	0.929
0.031	0.061	0.278	0.630
0.956	0.010	0.033	0.001
0.063	0.028	0.908	0.001
>TCCAAGAA	8-TCCAAGAA	8.236954	-24.007075	0	T:23.0(2.58%),B:311.8(0.44%),P:1e-10	Tpos:103.3,Tstd:60.2,Bpos:109.1,Bstd:71.4,StrandBias:-1.0,Multiplicity:1.00
0.100	0.100	0.100	0.700
0.100	0.700	0.100	0.100
0.100	0.700	0.100	0.100
0.700	0.100	0.100	0.100
0.700	0.100	0.100	0.100
0.100	0.100	0.700	0.100
0.700	0.100	0.100	0.100
0.700	0.100	0.100	0.100
>TTCGGACT	9-TTCGGACT	8.236954	-20.031252	0	T:15.0(1.68%),B:151.3(0.22%),P:1e-8	Tpos:95.6,Tstd:57.6,Bpos:102.1,Bstd:62.0,StrandBias:1.2,Multiplicity:1.00
0.100	0.100	0.100	0.700
0.100	0.100	0.100	0.700
0.100	0.700	0.100	0.100
0.100	0.100	0.700	0.100
0.100	0.100	0.700	0.100
0.700	0.100	0.100	0.100
0.100	0.700	0.100	0.100
0.100	0.100	0.100	0.700
>AVATAVAT	10-AVATAVAT	7.755472	-17.222533	0	T:176.0(19.73%),B:9280.2(13.20%),P:1e-7	Tpos:101.7,Tstd:55.2,Bpos:102.2,Bstd:135.8,StrandBias:-0.0,Multiplicity:1.81
0.883	0.001	0.115	0.001
0.269	0.335	0.395	0.001
0.912	0.001	0.001	0.086
0.001	0.001	0.001	0.997
0.798	0.035	0.166	0.001
0.269	0.335	0.395	0.001
0.827	0.051	0.035	0.087
0.001	0.001	0.069	0.929
>WASGTCGT	11-WASGTCGT	6.627989	-16.840069	0	T:38.0(4.26%),B:1092.4(1.55%),P:1e-7	Tpos:123.4,Tstd:50.0,Bpos:99.5,Bstd:80.1,StrandBias:-0.4,Multiplicity:1.00
0.386	0.024	0.098	0.492
0.703	0.247	0.045	0.005
0.001	0.499	0.416	0.084
0.001	0.200	0.764	0.035
0.136	0.050	0.154	0.660
0.019	0.895	0.085	0.001
0.001	0.142	0.639	0.218
0.026	0.065	0.278	0.631
>GGGGGGGG	12-GGGGGGGG	7.523468	-16.492397	0	T:28.0(3.14%),B:665.9(0.95%),P:1e-7	Tpos:91.3,Tstd:55.7,Bpos:98.9,Bstd:54.8,StrandBias:0.6,Multiplicity:1.11
0.037	0.066	0.874	0.023
0.037	0.009	0.898	0.056
0.018	0.020	0.870	0.092
0.001	0.001	0.962	0.036
0.001	0.001	0.955	0.043
0.001	0.011	0.914	0.074
0.001	0.043	0.946	0.010
0.001	0.036	0.835	0.128
>TTCTGGAC	13-TTCTGGAC	8.236954	-16.418506	0	T:17.0(1.91%),B:260.2(0.37%),P:1e-7	Tpos:91.9,Tstd:70.1,Bpos:94.3,Bstd:73.6,StrandBias:1.2,Multiplicity:1.00
0.100	0.100	0.100	0.700
0.100	0.100	0.100	0.700
0.100	0.700	0.100	0.100
0.100	0.100	0.100	0.700
0.100	0.100	0.700	0.100
0.100	0.100	0.700	0.100
0.700	0.100	0.100	0.100
0.100	0.700	0.100	0.100
>CGATAGGG	14-CGATAGGG	7.727824	-14.992482	0	T:26.0(2.91%),B:632.1(0.90%),P:1e-6	Tpos:89.9,Tstd:51.0,Bpos:103.2,Bstd:64.9,StrandBias:-0.9,Multiplicity:1.24
0.001	0.997	0.001	0.001
0.001	0.001	0.997	0.001
0.605	0.001	0.393	0.001
0.001	0.206	0.001	0.792
0.885	0.001	0.001	0.113
0.001	0.001	0.997	0.001
0.001	0.001	0.997	0.001
0.001	0.001	0.997	0.001
>AGGGGCCT	15-AGGGGCCT	9.590913	-14.466070	0	T:14.0(1.57%),B:202.0(0.29%),P:1e-6	Tpos:120.9,Tstd:58.9,Bpos:98.3,Bstd:50.4,StrandBias:-1.5,Multiplicity:1.07
0.997	0.001	0.001	0.001
0.001	0.001	0.997	0.001
0.001	0.001	0.997	0.001
0.001	0.001	0.997	0.001
0.001	0.001	0.997	0.001
0.001	0.997	0.001	0.001
0.001	0.997	0.001	0.001
0.001	0.228	0.001	0.770
>GCTCRART	16-GCTCRART	7.972933	-14.387349	0	T:24.0(2.69%),B:569.5(0.81%),P:1e-6	Tpos:111.7,Tstd:58.1,Bpos:103.2,Bstd:68.5,StrandBias:-1.4,Multiplicity:1.09
0.001	0.001	0.997	0.001
0.001	0.993	0.005	0.001
0.151	0.208	0.001	0.640
0.001	0.683	0.155	0.161
0.400	0.192	0.407	0.001
0.596	0.075	0.146	0.183
0.433	0.143	0.423	0.001
0.001	0.001	0.001	0.997
>CCTACTAA	17-CCTACTAA	8.236954	-13.476454	0	T:11.0(1.23%),B:131.8(0.19%),P:1e-5	Tpos:142.4,Tstd:50.2,Bpos:99.1,Bstd:74.0,StrandBias:-1.2,Multiplicity:1.00
0.100	0.700	0.100	0.100
0.100	0.700	0.100	0.100
0.100	0.100	0.100	0.700
0.700	0.100	0.100	0.100
0.100	0.700	0.100	0.100
0.100	0.100	0.100	0.700
0.700	0.100	0.100	0.100
0.700	0.100	0.100	0.100
>ATAAGAAA	18-ATAAGAAA	6.119244	-13.284597	0	T:185.0(20.74%),B:10475.7(14.89%),P:1e-5	Tpos:94.6,Tstd:53.6,Bpos:98.5,Bstd:104.5,StrandBias:0.0,Multiplicity:1.22
0.962	0.036	0.001	0.001
0.001	0.107	0.001	0.891
0.671	0.001	0.001	0.327
0.666	0.332	0.001	0.001
0.001	0.001	0.997	0.001
0.815	0.001	0.001	0.183
0.997	0.001	0.001	0.001
0.641	0.092	0.266	0.001
>GGGTAGAT	19-GGGTAGAT	8.373331	-12.236142	0	T:41.0(4.60%),B:1483.7(2.11%),P:1e-5	Tpos:99.6,Tstd:56.3,Bpos:100.8,Bstd:93.5,StrandBias:0.3,Multiplicity:1.00
0.001	0.001	0.765	0.233
0.001	0.001	0.997	0.001
0.001	0.001	0.832	0.166
0.008	0.001	0.001	0.990
0.997	0.001	0.001	0.001
0.292	0.001	0.706	0.001
0.920	0.078	0.001	0.001
0.001	0.001	0.184	0.814
>CCABTCCW	20-CCABTCCW	6.505275	-11.749720	0	T:27.0(3.03%),B:805.4(1.15%),P:1e-5	Tpos:126.9,Tstd:53.3,Bpos:97.8,Bstd:72.9,StrandBias:1.1,Multiplicity:1.00
0.243	0.755	0.001	0.001
0.264	0.459	0.110	0.167
0.792	0.112	0.095	0.001
0.095	0.238	0.291	0.377
0.165	0.110	0.104	0.621
0.145	0.832	0.001	0.022
0.001	0.612	0.084	0.303
0.358	0.211	0.027	0.404
>TATATATA	21-TATATATA	8.236954	-9.763216	0	T:19.0(2.13%),B:521.6(0.74%),P:1e-4	Tpos:99.0,Tstd:57.9,Bpos:100.8,Bstd:125.0,StrandBias:0.0,Multiplicity:1.26
0.100	0.100	0.100	0.700
0.700	0.100	0.100	0.100
0.100	0.100	0.100	0.700
0.700	0.100	0.100	0.100
0.100	0.100	0.100	0.700
0.700	0.100	0.100	0.100
0.100	0.100	0.100	0.700
0.700	0.100	0.100	0.100
>AGACAKAC	22-AGACAKAC	8.439912	-8.900105	0	T:47.0(5.27%),B:2075.7(2.95%),P:1e-3	Tpos:88.8,Tstd:60.3,Bpos:104.0,Bstd:94.7,StrandBias:1.2,Multiplicity:2.00
0.927	0.001	0.001	0.071
0.001	0.001	0.679	0.319
0.997	0.001	0.001	0.001
0.001	0.646	0.352	0.001
0.927	0.001	0.001	0.071
0.001	0.001	0.501	0.497
0.997	0.001	0.001	0.001
0.001	0.696	0.239	0.064
>CATCATSA	23-CATCATSA	7.830950	-8.854366	0	T:42.0(4.71%),B:1787.6(2.54%),P:1e-3	Tpos:128.5,Tstd:50.6,Bpos:96.4,Bstd:108.3,StrandBias:0.0,Multiplicity:1.10
0.094	0.533	0.334	0.039
0.722	0.109	0.068	0.101
0.081	0.045	0.043	0.831
0.001	0.620	0.333	0.046
0.764	0.167	0.026	0.043
0.168	0.065	0.106	0.661
0.001	0.465	0.533	0.001
0.825	0.129	0.045	0.001
>SATASATA	24-SATASATA	8.671049	-2.830114	0	T:11.0(1.23%),B:502.2(0.71%),P:1e-1	Tpos:131.9,Tstd:49.9,Bpos:81.9,Bstd:123.3,StrandBias:-0.2,Multiplicity:1.36
0.001	0.458	0.540	0.001
0.671	0.132	0.059	0.138
0.058	0.001	0.001	0.940
0.924	0.074	0.001	0.001
0.001	0.459	0.451	0.089
0.693	0.075	0.094	0.138
0.001	0.001	0.074	0.924
0.962	0.036	0.001	0.001
>GAGAGAGA	25-GAGAGAGA	8.236954	-1.685301	0	T:14.0(1.57%),B:839.0(1.19%),P:1e0	Tpos:62.2,Tstd:37.7,Bpos:92.0,Bstd:89.9,StrandBias:2.4,Multiplicity:1.23
0.100	0.100	0.700	0.100
0.700	0.100	0.100	0.100
0.100	0.100	0.700	0.100
0.700	0.100	0.100	0.100
0.100	0.100	0.700	0.100
0.700	0.100	0.100	0.100
0.100	0.100	0.700	0.100
0.700	0.100	0.100	0.100
