>CCGCCATATT	1-CCGCCATATT	7.685447	-53.760998	0	T:236.0(19.60%),B:3408.6(9.91%),P:1e-23	Tpos:110.2,Tstd:41.3,Bpos:108.7,Bstd:45.8,StrandBias:-1.5,Multiplicity:1.04
0.094	0.762	0.005	0.139
0.269	0.729	0.001	0.001
0.108	0.001	0.771	0.120
0.194	0.733	0.042	0.031
0.067	0.876	0.056	0.001
0.922	0.001	0.001	0.076
0.303	0.001	0.001	0.695
0.419	0.206	0.169	0.205
0.001	0.185	0.001	0.813
0.028	0.001	0.047	0.924
>AGACYTTGGA	2-AGACYTTGGA	7.622505	-37.331882	0	T:83.0(6.89%),B:827.2(2.41%),P:1e-16	Tpos:111.6,Tstd:53.7,Bpos:106.2,Bstd:55.3,StrandBias:-0.5,Multiplicity:1.03
0.904	0.094	0.001	0.001
0.001	0.014	0.730	0.255
0.769	0.189	0.041	0.001
0.024	0.680	0.295	0.001
0.001	0.395	0.216	0.389
0.067	0.275	0.001	0.657
0.001	0.074	0.306	0.619
0.001	0.103	0.895	0.001
0.001	0.150	0.848	0.001
0.907	0.001	0.091	0.001
>TTCRYAAWTT	3-TTCRYAAWTT	6.746366	-32.775582	0	T:356.0(29.57%),B:6935.9(20.17%),P:1e-14	Tpos:86.6,Tstd:55.3,Bpos:91.2,Bstd:58.1,StrandBias:-0.1,Multiplicity:1.28
0.001	0.001	0.001	0.997
0.252	0.169	0.150	0.429
0.150	0.451	0.099	0.300
0.425	0.213	0.361	0.001
0.231	0.343	0.001	0.424
0.933	0.001	0.001	0.065
0.680	0.001	0.231	0.088
0.449	0.001	0.165	0.385
0.070	0.001	0.118	0.811
0.001	0.001	0.129	0.869
>TGACSGGTAG	4-TGACSGGTAG	7.731041	-30.699089	0	T:33.0(2.74%),B:180.2(0.52%),P:1e-13	Tpos:105.1,Tstd:52.4,Bpos:99.4,Bstd:59.2,StrandBias:-0.8,Multiplicity:1.03
0.060	0.024	0.133	0.783
0.209	0.019	0.543	0.229
0.714	0.224	0.001	0.061
0.181	0.475	0.124	0.219
0.185	0.439	0.375	0.001
0.011	0.317	0.500	0.172
0.190	0.019	0.731	0.060
0.023	0.016	0.019	0.942
0.513	0.025	0.306	0.156
0.006	0.040	0.748	0.206
>TCGTTCACAC	5-TCGTTCACAC	9.615442	-27.988083	0	T:28.0(2.33%),B:142.0(0.41%),P:1e-12	Tpos:101.0,Tstd:58.1,Bpos:92.5,Bstd:54.5,StrandBias:0.8,Multiplicity:1.00
0.030	0.044	0.095	0.831
0.041	0.920	0.038	0.001
0.001	0.038	0.917	0.044
0.001	0.043	0.001	0.955
0.029	0.001	0.001	0.969
0.064	0.813	0.085	0.038
0.738	0.147	0.001	0.114
0.001	0.997	0.001	0.001
0.935	0.063	0.001	0.001
0.015	0.951	0.001	0.033
>ACCCCTCTAG	6-ACCCCTCTAG	10.077178	-27.940170	0	T:14.0(1.16%),B:25.4(0.07%),P:1e-12	Tpos:87.6,Tstd:55.1,Bpos:93.5,Bstd:58.5,StrandBias:0.0,Multiplicity:1.00
0.760	0.042	0.099	0.099
0.001	0.871	0.049	0.079
0.059	0.939	0.001	0.001
0.067	0.931	0.001	0.001
0.001	0.931	0.067	0.001
0.001	0.001	0.001	0.997
0.001	0.997	0.001	0.001
0.044	0.001	0.001	0.954
0.997	0.001	0.001	0.001
0.001	0.289	0.709	0.001
>CGAACATCTA	7-CGAACATCTA	8.838724	-26.015369	0	T:31.0(2.57%),B:190.8(0.55%),P:1e-11	Tpos:92.1,Tstd:55.7,Bpos:94.1,Bstd:52.6,StrandBias:-0.2,Multiplicity:1.00
0.001	0.684	0.314	0.001
0.001	0.003	0.687	0.309
0.634	0.323	0.001	0.042
0.757	0.121	0.119	0.003
0.001	0.863	0.001	0.135
0.871	0.123	0.001	0.005
0.138	0.081	0.119	0.662
0.309	0.530	0.067	0.094
0.073	0.001	0.001	0.925
0.993	0.001	0.004	0.002
>TCTCASAGTT	8-TCTCASAGTT	7.615183	-25.160536	0	T:49.0(4.07%),B:452.5(1.32%),P:1e-10	Tpos:108.7,Tstd:58.3,Bpos:95.6,Bstd:53.8,StrandBias:0.3,Multiplicity:1.02
0.034	0.157	0.208	0.601
0.021	0.616	0.071	0.292
0.158	0.210	0.034	0.598
0.203	0.657	0.021	0.119
0.874	0.045	0.041	0.040
0.260	0.438	0.299	0.002
0.622	0.191	0.028	0.159
0.105	0.181	0.526	0.188
0.186	0.037	0.035	0.742
0.203	0.205	0.021	0.571
>GGCGGCGCCA	9-GGCGGCGCCA	6.880392	-24.381499	0	T:89.0(7.39%),B:1175.7(3.42%),P:1e-10	Tpos:99.4,Tstd:55.8,Bpos:104.5,Bstd:58.2,StrandBias:0.0,Multiplicity:1.04
0.044	0.184	0.745	0.027
0.016	0.001	0.828	0.155
0.001	0.997	0.001	0.001
0.224	0.187	0.504	0.085
0.009	0.273	0.703	0.015
0.099	0.828	0.072	0.001
0.035	0.142	0.687	0.136
0.236	0.651	0.006	0.107
0.108	0.840	0.001	0.051
0.483	0.038	0.280	0.199
>AGGTGCCTGC	10-AGGTGCCTGC	9.518320	-22.486294	0	T:20.0(1.66%),B:90.7(0.26%),P:1e-9	Tpos:101.6,Tstd:69.0,Bpos:109.3,Bstd:55.6,StrandBias:-0.4,Multiplicity:1.05
0.908	0.001	0.090	0.001
0.044	0.001	0.954	0.001
0.001	0.035	0.857	0.107
0.001	0.090	0.001	0.908
0.055	0.001	0.899	0.045
0.034	0.964	0.001	0.001
0.035	0.926	0.038	0.001
0.001	0.001	0.001	0.997
0.091	0.091	0.817	0.001
0.073	0.835	0.001	0.091
>TCCCTCCAAA	11-TCCCTCCAAA	8.376664	-21.195049	0	T:32.0(2.66%),B:246.2(0.72%),P:1e-9	Tpos:101.0,Tstd:65.2,Bpos:98.9,Bstd:54.8,StrandBias:1.1,Multiplicity:1.07
0.001	0.054	0.001	0.944
0.031	0.857	0.093	0.019
0.001	0.855	0.051	0.093
0.001	0.864	0.047	0.088
0.065	0.001	0.001	0.933
0.083	0.915	0.001	0.001
0.048	0.813	0.055	0.084
0.886	0.047	0.001	0.066
0.997	0.001	0.001	0.001
0.958	0.040	0.001	0.001
>GGTACTTGTT	12-GGTACTTGTT	7.414584	-18.668338	0	T:37.0(3.07%),B:351.4(1.02%),P:1e-8	Tpos:84.4,Tstd:53.3,Bpos:111.1,Bstd:56.8,StrandBias:-0.5,Multiplicity:1.08
0.184	0.144	0.586	0.086
0.044	0.219	0.685	0.052
0.195	0.035	0.025	0.745
0.569	0.036	0.219	0.176
0.107	0.558	0.212	0.123
0.045	0.192	0.208	0.555
0.032	0.085	0.062	0.821
0.174	0.182	0.538	0.106
0.052	0.228	0.052	0.668
0.016	0.182	0.020	0.782
>GCAAAGGTCT	13-GCAAAGGTCT	11.690321	-18.301764	0	T:11.0(0.91%),B:29.1(0.08%),P:1e-7	Tpos:123.5,Tstd:43.0,Bpos:101.4,Bstd:49.6,StrandBias:1.4,Multiplicity:1.00
0.001	0.117	0.881	0.001
0.001	0.997	0.001	0.001
0.997	0.001	0.001	0.001
0.997	0.001	0.001	0.001
0.997	0.001	0.001	0.001
0.001	0.001	0.997	0.001
0.001	0.001	0.997	0.001
0.001	0.001	0.001	0.997
0.001	0.997	0.001	0.001
0.001	0.001	0.001	0.997
>GBDKCDHGCR	14-GBDKCDHGCR	5.950321	-18.164892	0	T:88.0(7.31%),B:1318.2(3.83%),P:1e-7	Tpos:103.9,Tstd:53.5,Bpos:101.5,Bstd:56.3,StrandBias:-0.5,Multiplicity:1.07
0.057	0.042	0.841	0.060
0.121	0.300	0.245	0.334
0.264	0.031	0.295	0.410
0.090	0.166	0.298	0.446
0.038	0.721	0.205	0.036
0.409	0.027	0.264	0.300
0.391	0.299	0.034	0.276
0.062	0.066	0.656	0.216
0.057	0.713	0.070	0.160
0.342	0.200	0.431	0.027
>CGCGTCATAG	15-CGCGTCATAG	10.624496	-17.960446	0	T:11.0(0.91%),B:30.9(0.09%),P:1e-7	Tpos:131.3,Tstd:57.5,Bpos:114.0,Bstd:61.4,StrandBias:2.2,Multiplicity:1.00
0.177	0.821	0.001	0.001
0.001	0.001	0.997	0.001
0.001	0.997	0.001	0.001
0.001	0.001	0.997	0.001
0.001	0.001	0.001	0.997
0.001	0.997	0.001	0.001
0.997	0.001	0.001	0.001
0.001	0.001	0.001	0.997
0.771	0.227	0.001	0.001
0.001	0.001	0.997	0.001
>ACGCCAGTTC	16-ACGCCAGTTC	10.067081	-17.865550	0	T:14.0(1.16%),B:55.1(0.16%),P:1e-7	Tpos:124.9,Tstd:51.0,Bpos:94.9,Bstd:49.3,StrandBias:2.6,Multiplicity:1.00
0.507	0.187	0.305	0.001
0.273	0.718	0.008	0.001
0.001	0.274	0.724	0.001
0.001	0.997	0.001	0.001
0.001	0.997	0.001	0.001
0.997	0.001	0.001	0.001
0.392	0.008	0.599	0.001
0.206	0.001	0.001	0.792
0.051	0.001	0.001	0.947
0.001	0.736	0.234	0.029
>GAAGAAYCGG	17-GAAGAAYCGG	10.334503	-17.218160	0	T:14.0(1.16%),B:58.2(0.17%),P:1e-7	Tpos:116.5,Tstd:34.0,Bpos:116.1,Bstd:50.6,StrandBias:0.4,Multiplicity:1.00
0.232	0.001	0.766	0.001
0.997	0.001	0.001	0.001
0.966	0.032	0.001	0.001
0.017	0.233	0.749	0.001
0.997	0.001	0.001	0.001
0.997	0.001	0.001	0.001
0.001	0.565	0.001	0.433
0.001	0.900	0.001	0.098
0.001	0.001	0.997	0.001
0.001	0.030	0.968	0.001
>CACATGCCGC	18-CACATGCCGC	11.980469	-17.197552	0	T:6.0(0.50%),B:5.8(0.02%),P:1e-7	Tpos:149.8,Tstd:29.4,Bpos:86.5,Bstd:52.7,StrandBias:-2.3,Multiplicity:1.00
0.001	0.997	0.001	0.001
0.997	0.001	0.001	0.001
0.001	0.997	0.001	0.001
0.997	0.001	0.001	0.001
0.001	0.146	0.001	0.852
0.001	0.001	0.997	0.001
0.001	0.997	0.001	0.001
0.001	0.997	0.001	0.001
0.001	0.001	0.997	0.001
0.183	0.815	0.001	0.001
>AGGTCCGATC	19-AGGTCCGATC	13.584873	-16.619869	0	T:4.0(0.33%),B:1.9(0.01%),P:1e-7	Tpos:91.2,Tstd:69.5,Bpos:65.1,Bstd:45.4,StrandBias:1.6,Multiplicity:1.00
0.997	0.001	0.001	0.001
0.001	0.001	0.997	0.001
0.001	0.001	0.997	0.001
0.001	0.001	0.001	0.997
0.001	0.778	0.001	0.220
0.001	0.997	0.001	0.001
0.001	0.001	0.997	0.001
0.997	0.001	0.001	0.001
0.001	0.001	0.001	0.997
0.001	0.997	0.001	0.001
>ATGAGTTGTC	20-ATGAGTTGTC	6.210360	-16.537932	0	T:198.0(16.45%),B:3892.9(11.32%),P:1e-7	Tpos:104.7,Tstd:54.2,Bpos:97.8,Bstd:54.7,StrandBias:0.1,Multiplicity:1.07
0.858	0.095	0.001	0.046
0.025	0.105	0.107	0.763
0.060	0.045	0.755	0.140
0.822	0.001	0.111	0.066
0.130	0.108	0.761	0.001
0.069	0.001	0.155	0.775
0.148	0.021	0.124	0.707
0.080	0.042	0.721	0.157
0.332	0.001	0.011	0.656
0.017	0.835	0.130	0.018
>KTACGTACGT	21-KTACGTACGT	8.565317	-16.305789	0	T:30.0(2.49%),B:273.2(0.79%),P:1e-7	Tpos:103.6,Tstd:54.0,Bpos:97.2,Bstd:55.7,StrandBias:0.1,Multiplicity:1.00
0.001	0.002	0.564	0.433
0.001	0.136	0.154	0.709
0.937	0.001	0.007	0.055
0.001	0.997	0.001	0.001
0.001	0.007	0.878	0.114
0.006	0.001	0.158	0.835
0.992	0.001	0.006	0.001
0.045	0.844	0.105	0.006
0.001	0.063	0.930	0.006
0.124	0.001	0.001	0.874
>GGGCACGCGA	22-GGGCACGCGA	10.296193	-16.150956	0	T:5.0(0.42%),B:4.0(0.01%),P:1e-7	Tpos:87.2,Tstd:50.6,Bpos:159.1,Bstd:7.7,StrandBias:0.6,Multiplicity:1.00
0.100	0.100	0.700	0.100
0.100	0.100	0.700	0.100
0.100	0.100	0.700	0.100
0.100	0.700	0.100	0.100
0.700	0.100	0.100	0.100
0.100	0.700	0.100	0.100
0.100	0.100	0.700	0.100
0.100	0.700	0.100	0.100
0.100	0.100	0.700	0.100
0.700	0.100	0.100	0.100
>CACTTGCGCA	23-CACTTGCGCA	10.296193	-14.741514	0	T:5.0(0.42%),B:4.2(0.01%),P:1e-6	Tpos:82.6,Tstd:47.0,Bpos:67.6,Bstd:62.8,StrandBias:2.0,Multiplicity:1.00
0.100	0.700	0.100	0.100
0.700	0.100	0.100	0.100
0.100	0.700	0.100	0.100
0.100	0.100	0.100	0.700
0.100	0.100	0.100	0.700
0.100	0.100	0.700	0.100
0.100	0.700	0.100	0.100
0.100	0.100	0.700	0.100
0.100	0.700	0.100	0.100
0.700	0.100	0.100	0.100
>ATGTAGGGCT	24-ATGTAGGGCT	10.296193	-13.875144	0	T:4.0(0.33%),B:2.9(0.01%),P:1e-6	Tpos:98.2,Tstd:83.8,Bpos:82.2,Bstd:63.8,StrandBias:1.6,Multiplicity:1.00
0.700	0.100	0.100	0.100
0.100	0.100	0.100	0.700
0.100	0.100	0.700	0.100
0.100	0.100	0.100	0.700
0.700	0.100	0.100	0.100
0.100	0.100	0.700	0.100
0.100	0.100	0.700	0.100
0.100	0.100	0.700	0.100
0.100	0.700	0.100	0.100
0.100	0.100	0.100	0.700
>TCATGGCAGT	25-TCATGGCAGT	10.296193	-6.174761	0	T:4.0(0.33%),B:15.5(0.05%),P:1e-2	Tpos:85.5,Tstd:55.2,Bpos:101.2,Bstd:52.8,StrandBias:1.6,Multiplicity:2.00
0.100	0.100	0.100	0.700
0.100	0.700	0.100	0.100
0.700	0.100	0.100	0.100
0.100	0.100	0.100	0.700
0.100	0.100	0.700	0.100
0.100	0.100	0.700	0.100
0.100	0.700	0.100	0.100
0.700	0.100	0.100	0.100
0.100	0.100	0.700	0.100
0.100	0.100	0.100	0.700
>AAAATGGCGGAC	1-AAAATGGCGGAC	6.882636	-40.403346	0	T:252.0(20.93%),B:4153.4(12.08%),P:1e-17	Tpos:108.2,Tstd:44.0,Bpos:106.7,Bstd:47.4,StrandBias:0.8,Multiplicity:1.05
0.819	0.075	0.086	0.020
0.718	0.097	0.132	0.053
0.613	0.182	0.123	0.082
0.747	0.101	0.129	0.023
0.004	0.086	0.094	0.816
0.102	0.059	0.685	0.154
0.160	0.117	0.599	0.124
0.043	0.696	0.077	0.184
0.142	0.118	0.547	0.193
0.060	0.184	0.665	0.091
0.584	0.148	0.107	0.161
0.137	0.546	0.134	0.183
>RTACGAAAATCG	2-RTACGAAAATCG	9.984939	-34.456513	0	T:30.0(2.49%),B:127.9(0.37%),P:1e-14	Tpos:81.9,Tstd:55.7,Bpos:100.8,Bstd:55.9,StrandBias:0.6,Multiplicity:1.03
0.540	0.001	0.458	0.001
0.001	0.312	0.001	0.686
0.997	0.001	0.001	0.001
0.001	0.921	0.001	0.077
0.001	0.001	0.997	0.001
0.616	0.001	0.056	0.327
0.921	0.001	0.077	0.001
0.918	0.001	0.001	0.080
0.594	0.001	0.321	0.084
0.001	0.156	0.001	0.842
0.001	0.535	0.140	0.324
0.303	0.001	0.557	0.139
>CATGTGCCTTGT	3-CATGTGCCTTGT	13.740561	-30.650251	0	T:9.0(0.75%),B:4.7(0.01%),P:1e-13	Tpos:108.2,Tstd:59.0,Bpos:83.1,Bstd:42.7,StrandBias:0.3,Multiplicity:1.00
0.001	0.860	0.138	0.001
0.860	0.138	0.001	0.001
0.001	0.001	0.001	0.997
0.001	0.001	0.997	0.001
0.001	0.001	0.001	0.997
0.001	0.001	0.997	0.001
0.001	0.997	0.001	0.001
0.139	0.555	0.001	0.305
0.001	0.001	0.001	0.997
0.001	0.001	0.001	0.997
0.001	0.001	0.997	0.001
0.001	0.138	0.001	0.860
>AGGGAAAGGTMT	4-AGGGAAAGGTMT	11.418674	-29.193398	0	T:15.0(1.25%),B:28.2(0.08%),P:1e-12	Tpos:139.3,Tstd:24.0,Bpos:98.7,Bstd:48.7,StrandBias:2.0,Multiplicity:1.00
0.829	0.001	0.106	0.064
0.001	0.059	0.893	0.047
0.107	0.178	0.596	0.119
0.005	0.183	0.807	0.005
0.939	0.001	0.059	0.001
0.935	0.005	0.001	0.059
0.815	0.005	0.179	0.001
0.059	0.177	0.763	0.001
0.059	0.001	0.881	0.059
0.058	0.001	0.001	0.940
0.284	0.420	0.119	0.178
0.119	0.059	0.006	0.816
>TGGCGCCGCCAT	5-TGGCGCCGCCAT	9.550290	-29.035236	0	T:40.0(3.32%),B:279.4(0.81%),P:1e-12	Tpos:106.9,Tstd:44.1,Bpos:106.9,Bstd:45.1,StrandBias:-1.8,Multiplicity:1.07
0.123	0.077	0.138	0.662
0.050	0.001	0.900	0.049
0.082	0.049	0.747	0.122
0.050	0.890	0.024	0.036
0.036	0.001	0.914	0.049
0.148	0.664	0.077	0.111
0.052	0.805	0.044	0.099
0.066	0.024	0.825	0.085
0.024	0.951	0.001	0.024
0.001	0.955	0.043	0.001
0.808	0.082	0.001	0.109
0.041	0.049	0.024	0.886
>CTACGACGTTCG	6-CTACGACGTTCG	13.985383	-28.749550	0	T:8.0(0.66%),B:3.5(0.01%),P:1e-12	Tpos:50.5,Tstd:42.9,Bpos:64.3,Bstd:42.8,StrandBias:10.0,Multiplicity:1.00
0.001	0.997	0.001	0.001
0.001	0.001	0.001	0.997
0.644	0.354	0.001	0.001
0.001	0.997	0.001	0.001
0.001	0.001	0.838	0.160
0.838	0.160	0.001	0.001
0.001	0.997	0.001	0.001
0.001	0.001	0.997	0.001
0.001	0.001	0.001	0.997
0.001	0.001	0.160	0.838
0.001	0.997	0.001	0.001
0.001	0.001	0.997	0.001
>TTTCGCAAAAGA	7-TTTCGCAAAAGA	12.361243	-28.528608	0	T:13.0(1.08%),B:19.7(0.06%),P:1e-12	Tpos:81.1,Tstd:55.9,Bpos:90.9,Bstd:63.4,StrandBias:-0.7,Multiplicity:1.00
0.001	0.001	0.001	0.997
0.001	0.001	0.001	0.997
0.001	0.001	0.001	0.997
0.001	0.840	0.158	0.001
0.001	0.001	0.997	0.001
0.001	0.681	0.159	0.159
0.997	0.001	0.001	0.001
0.840	0.001	0.158	0.001
0.997	0.001	0.001	0.001
0.840	0.001	0.001	0.158
0.046	0.001	0.952	0.001
0.840	0.001	0.001	0.158
>CGTGCCAGGTCT	8-CGTGCCAGGTCT	14.002793	-26.734972	0	T:6.0(0.50%),B:2.0(0.01%),P:1e-11	Tpos:94.5,Tstd:62.6,Bpos:126.9,Bstd:4.4,StrandBias:1.0,Multiplicity:1.00
0.001	0.997	0.001	0.001
0.001	0.001	0.997	0.001
0.001	0.001	0.001	0.997
0.001	0.166	0.832	0.001
0.001	0.997	0.001	0.001
0.166	0.667	0.166	0.001
0.997	0.001	0.001	0.001
0.166	0.001	0.667	0.166
0.001	0.001	0.997	0.001
0.001	0.001	0.001	0.997
0.001	0.997	0.001	0.001
0.001	0.001	0.001	0.997
>GTCTGGTCGAGG	9-GTCTGGTCGAGG	9.731042	-25.704024	0	T:23.0(1.91%),B:103.8(0.30%),P:1e-11	Tpos:113.0,Tstd:41.7,Bpos:111.7,Bstd:43.4,StrandBias:1.2,Multiplicity:1.00
0.001	0.075	0.923	0.001
0.075	0.001	0.003	0.921
0.151	0.773	0.075	0.001
0.001	0.001	0.001	0.997
0.001	0.001	0.847	0.151
0.001	0.001	0.847	0.151
0.143	0.001	0.075	0.781
0.001	0.773	0.151	0.075
0.001	0.075	0.773	0.151
0.769	0.001	0.075	0.155
0.075	0.079	0.845	0.001
0.001	0.226	0.772	0.001
>TTCCCACAATGC	10-TTCCCACAATGC	9.480559	-25.463867	0	T:49.0(4.07%),B:448.0(1.30%),P:1e-11	Tpos:90.9,Tstd:43.3,Bpos:92.4,Bstd:45.6,StrandBias:0.7,Multiplicity:1.04
0.136	0.035	0.065	0.764
0.152	0.001	0.026	0.821
0.052	0.780	0.078	0.090
0.070	0.826	0.078	0.026
0.073	0.849	0.052	0.026
0.922	0.026	0.051	0.001
0.047	0.735	0.116	0.102
0.960	0.034	0.005	0.001
0.809	0.001	0.095	0.095
0.026	0.052	0.078	0.844
0.054	0.078	0.789	0.079
0.053	0.903	0.001	0.043
>CATCCAAGGTAT	11-CATCCAAGGTAT	13.791735	-23.424349	0	T:10.0(0.83%),B:13.9(0.04%),P:1e-10	Tpos:147.4,Tstd:53.3,Bpos:154.8,Bstd:51.1,StrandBias:3.2,Multiplicity:1.00
0.001	0.997	0.001	0.001
0.715	0.142	0.001	0.142
0.001	0.001	0.142	0.856
0.001	0.997	0.001	0.001
0.142	0.856	0.001	0.001
0.997	0.001	0.001	0.001
0.799	0.001	0.199	0.001
0.142	0.001	0.856	0.001
0.001	0.001	0.997	0.001
0.001	0.001	0.001	0.997
0.997	0.001	0.001	0.001
0.001	0.001	0.001	0.997
>ATAAAGATTCTT	12-ATAAAGATTCTT	13.523219	-22.714725	0	T:10.0(0.83%),B:14.3(0.04%),P:1e-9	Tpos:117.0,Tstd:51.9,Bpos:89.4,Bstd:53.7,StrandBias:0.3,Multiplicity:1.10
0.890	0.001	0.001	0.108
0.001	0.001	0.001	0.997
0.890	0.001	0.108	0.001
0.997	0.001	0.001	0.001
0.783	0.108	0.001	0.108
0.001	0.001	0.890	0.108
0.997	0.001	0.001	0.001
0.001	0.108	0.001	0.890
0.001	0.001	0.001	0.997
0.001	0.760	0.001	0.238
0.001	0.001	0.001	0.997
0.001	0.001	0.001	0.997
>TTTGCTGGTTCT	13-TTTGCTGGTTCT	13.264343	-22.104258	0	T:11.0(0.91%),B:20.7(0.06%),P:1e-9	Tpos:98.0,Tstd:47.4,Bpos:94.2,Bstd:54.3,StrandBias:-1.4,Multiplicity:1.00
0.001	0.001	0.001	0.997
0.001	0.001	0.001	0.997
0.001	0.001	0.001	0.997
0.001	0.113	0.885	0.001
0.001	0.885	0.113	0.001
0.001	0.113	0.001	0.885
0.001	0.001	0.997	0.001
0.001	0.078	0.843	0.078
0.001	0.001	0.001	0.997
0.001	0.001	0.001	0.997
0.001	0.839	0.069	0.091
0.114	0.114	0.001	0.771
>ATCGTAAGGTTC	14-ATCGTAAGGTTC	10.466295	-21.926818	0	T:19.0(1.58%),B:83.8(0.24%),P:1e-9	Tpos:132.7,Tstd:59.1,Bpos:118.1,Bstd:48.0,StrandBias:1.1,Multiplicity:1.00
0.997	0.001	0.001	0.001
0.004	0.001	0.001	0.994
0.083	0.499	0.167	0.250
0.001	0.001	0.915	0.083
0.001	0.083	0.001	0.915
0.833	0.083	0.083	0.001
0.832	0.001	0.166	0.001
0.172	0.001	0.660	0.167
0.001	0.088	0.828	0.083
0.001	0.001	0.001	0.997
0.172	0.057	0.083	0.688
0.140	0.858	0.001	0.001
>AAATTAGTCACA	15-AAATTAGTCACA	15.088354	-21.586011	0	T:5.0(0.42%),B:0.8(0.00%),P:1e-9	Tpos:44.0,Tstd:53.9,Bpos:190.0,Bstd:0.0,StrandBias:-0.6,Multiplicity:1.00
0.997	0.001	0.001	0.001
0.997	0.001	0.001	0.001
0.997	0.001	0.001	0.001
0.001	0.001	0.001	0.997
0.001	0.001	0.001	0.997
0.997	0.001	0.001	0.001
0.001	0.001	0.997	0.001
0.001	0.001	0.001	0.997
0.001	0.997	0.001	0.001
0.997	0.001	0.001	0.001
0.001	0.997	0.001	0.001
0.778	0.001	0.001	0.220
>GTTTMCGMMAAT	16-GTTTMCGMMAAT	9.612534	-20.894284	0	T:7.0(0.58%),B:5.6(0.02%),P:1e-9	Tpos:99.9,Tstd:46.2,Bpos:138.8,Bstd:31.3,StrandBias:-1.3,Multiplicity:1.00
0.268	0.054	0.449	0.229
0.027	0.006	0.016	0.951
0.006	0.183	0.181	0.630
0.041	0.016	0.026	0.917
0.383	0.407	0.165	0.046
0.218	0.482	0.016	0.284
0.263	0.016	0.478	0.243
0.404	0.534	0.028	0.034
0.344	0.485	0.001	0.170
0.714	0.257	0.006	0.023
0.574	0.016	0.162	0.248
0.054	0.018	0.312	0.616
>GCCCCAACTCAT	17-GCCCCAACTCAT	10.680607	-19.648408	0	T:7.0(0.58%),B:6.9(0.02%),P:1e-8	Tpos:121.4,Tstd:48.3,Bpos:85.2,Bstd:34.1,StrandBias:1.3,Multiplicity:1.00
0.001	0.001	0.997	0.001
0.001	0.997	0.001	0.001
0.001	0.997	0.001	0.001
0.001	0.997	0.001	0.001
0.001	0.997	0.001	0.001
0.997	0.001	0.001	0.001
0.997	0.001	0.001	0.001
0.045	0.953	0.001	0.001
0.001	0.001	0.001	0.997
0.232	0.465	0.301	0.001
0.766	0.001	0.232	0.001
0.256	0.256	0.023	0.466
>TGTATCATCAGA	18-TGTATCATCAGA	11.675285	-18.149290	0	T:5.0(0.42%),B:2.7(0.01%),P:1e-7	Tpos:144.4,Tstd:40.5,Bpos:152.3,Bstd:23.6,StrandBias:2.0,Multiplicity:1.00
0.055	0.044	0.099	0.802
0.151	0.083	0.667	0.099
0.082	0.093	0.066	0.759
0.723	0.082	0.103	0.092
0.038	0.061	0.092	0.809
0.082	0.737	0.083	0.098
0.808	0.067	0.038	0.087
0.097	0.067	0.111	0.725
0.079	0.791	0.066	0.064
0.793	0.066	0.060	0.081
0.126	0.093	0.685	0.096
0.703	0.076	0.080	0.141
>GCATGGATTTCA	19-GCATGGATTTCA	14.447998	-16.619869	0	T:4.0(0.33%),B:0.7(0.00%),P:1e-7	Tpos:120.5,Tstd:42.8,Bpos:131.0,Bstd:0.0,StrandBias:10.0,Multiplicity:1.50
0.001	0.001	0.997	0.001
0.157	0.841	0.001	0.001
0.997	0.001	0.001	0.001
0.001	0.001	0.157	0.841
0.001	0.125	0.873	0.001
0.001	0.001	0.997	0.001
0.997	0.001	0.001	0.001
0.001	0.001	0.001	0.997
0.001	0.001	0.001	0.997
0.001	0.001	0.001	0.997
0.001	0.997	0.001	0.001
0.997	0.001	0.001	0.001
>AAAATAATGASA	20-AAAATAATGASA	12.170486	-16.243727	0	T:8.0(0.66%),B:15.4(0.04%),P:1e-7	Tpos:92.1,Tstd:72.4,Bpos:97.9,Bstd:49.3,StrandBias:0.7,Multiplicity:1.00
0.997	0.001	0.001	0.001
0.997	0.001	0.001	0.001
0.997	0.001	0.001	0.001
0.963	0.001	0.035	0.001
0.001	0.001	0.001	0.997
0.614	0.001	0.001	0.384
0.997	0.001	0.001	0.001
0.001	0.001	0.001	0.997
0.001	0.001	0.997	0.001
0.997	0.001	0.001	0.001
0.001	0.550	0.448	0.001
0.997	0.001	0.001	0.001
>TGTCATCGTCAT	21-TGTCATCGTCAT	14.234355	-13.654740	0	T:5.0(0.42%),B:5.6(0.02%),P:1e-5	Tpos:106.2,Tstd:53.2,Bpos:106.6,Bstd:70.9,StrandBias:1.8,Multiplicity:1.80
0.001	0.001	0.001	0.997
0.001	0.001	0.997	0.001
0.001	0.001	0.125	0.873
0.001	0.997	0.001	0.001
0.997	0.001	0.001	0.001
0.001	0.001	0.001	0.997
0.001	0.997	0.001	0.001
0.001	0.001	0.997	0.001
0.001	0.001	0.001	0.997
0.001	0.997	0.001	0.001
0.747	0.126	0.126	0.001
0.001	0.001	0.001	0.997
>TACGTACGTACG	22-TACGTACGTACG	13.371141	-12.152641	0	T:6.0(0.50%),B:12.2(0.04%),P:1e-5	Tpos:120.5,Tstd:54.7,Bpos:66.3,Bstd:51.1,StrandBias:-0.3,Multiplicity:1.00
0.001	0.302	0.001	0.696
0.954	0.001	0.044	0.001
0.001	0.916	0.001	0.082
0.001	0.001	0.997	0.001
0.001	0.001	0.082	0.916
0.916	0.082	0.001	0.001
0.001	0.997	0.001	0.001
0.001	0.001	0.997	0.001
0.001	0.001	0.001	0.997
0.833	0.083	0.083	0.001
0.001	0.916	0.001	0.082
0.001	0.001	0.997	0.001
>ACTGACCCAGCA	23-ACTGACCCAGCA	14.818690	-7.421709	0	T:2.0(0.17%),B:0.9(0.00%),P:1e-3	Tpos:99.8,Tstd:55.9,Bpos:163.0,Bstd:0.0,StrandBias:-2.3,Multiplicity:3.00
0.997	0.001	0.001	0.001
0.001	0.997	0.001	0.001
0.001	0.168	0.001	0.830
0.001	0.001	0.997	0.001
0.997	0.001	0.001	0.001
0.001	0.997	0.001	0.001
0.001	0.997	0.001	0.001
0.001	0.997	0.001	0.001
0.997	0.001	0.001	0.001
0.001	0.001	0.997	0.001
0.001	0.997	0.001	0.001
0.997	0.001	0.001	0.001
>TTCGACTCAATG	24-TTCGACTCAATG	12.355432	-7.421709	0	T:2.0(0.17%),B:0.9(0.00%),P:1e-3	Tpos:108.2,Tstd:40.2,Bpos:11.0,Bstd:0.0,StrandBias:0.0,Multiplicity:2.00
0.100	0.100	0.100	0.700
0.100	0.100	0.100	0.700
0.100	0.700	0.100	0.100
0.100	0.100	0.700	0.100
0.700	0.100	0.100	0.100
0.100	0.700	0.100	0.100
0.100	0.100	0.100	0.700
0.100	0.700	0.100	0.100
0.700	0.100	0.100	0.100
0.700	0.100	0.100	0.100
0.100	0.100	0.100	0.700
0.100	0.100	0.700	0.100
>AGTGGTGATATT	25-AGTGGTGATATT	11.593290	-6.058611	0	T:2.0(0.17%),B:2.4(0.01%),P:1e-2	Tpos:85.0,Tstd:56.9,Bpos:127.9,Bstd:66.1,StrandBias:-10.0,Multiplicity:3.00
0.765	0.045	0.074	0.116
0.119	0.074	0.705	0.102
0.089	0.074	0.065	0.772
0.098	0.079	0.729	0.094
0.146	0.074	0.711	0.069
0.084	0.064	0.059	0.793
0.094	0.068	0.750	0.088
0.788	0.050	0.069	0.093
0.099	0.059	0.054	0.788
0.704	0.079	0.104	0.113
0.092	0.099	0.093	0.716
0.088	0.069	0.060	0.783
>ACCTGGCG	1-ACCTGGCG	7.029376	-23.948601	0	T:145.0(12.04%),B:2346.5(6.82%),P:1e-10	Tpos:111.4,Tstd:44.5,Bpos:108.2,Bstd:50.1,StrandBias:0.9,Multiplicity:1.05
0.960	0.037	0.001	0.002
0.289	0.643	0.003	0.065
0.331	0.562	0.018	0.089
0.001	0.057	0.287	0.655
0.001	0.344	0.502	0.153
0.001	0.154	0.844	0.001
0.001	0.966	0.032	0.001
0.001	0.106	0.718	0.175
>GGCGCCGC	2-GGCGCCGC	6.846567	-22.790276	0	T:87.0(7.23%),B:1174.7(3.42%),P:1e-9	Tpos:101.4,Tstd:55.2,Bpos:98.1,Bstd:58.4,StrandBias:-0.5,Multiplicity:1.08
0.118	0.001	0.880	0.001
0.129	0.001	0.785	0.085
0.001	0.972	0.026	0.001
0.001	0.001	0.959	0.039
0.070	0.776	0.153	0.001
0.071	0.825	0.020	0.084
0.046	0.013	0.879	0.062
0.001	0.974	0.001	0.024
>CCTGTGCC	3-CCTGTGCC	5.316724	-20.619041	0	T:281.0(23.34%),B:5705.2(16.59%),P:1e-8	Tpos:101.4,Tstd:55.6,Bpos:103.2,Bstd:57.1,StrandBias:0.1,Multiplicity:1.15
0.064	0.797	0.048	0.091
0.093	0.687	0.089	0.131
0.041	0.063	0.071	0.825
0.126	0.133	0.670	0.071
0.031	0.070	0.019	0.880
0.066	0.041	0.837	0.056
0.105	0.644	0.119	0.132
0.068	0.669	0.176	0.087
>GCGGAGTC	4-GCGGAGTC	7.594308	-16.397232	0	T:60.0(4.98%),B:803.1(2.33%),P:1e-7	Tpos:107.4,Tstd:56.9,Bpos:109.6,Bstd:56.7,StrandBias:-0.7,Multiplicity:1.07
0.066	0.001	0.714	0.219
0.001	0.973	0.001	0.025
0.115	0.001	0.713	0.171
0.088	0.039	0.872	0.001
0.997	0.001	0.001	0.001
0.001	0.063	0.935	0.001
0.001	0.001	0.001	0.997
0.029	0.817	0.029	0.125
>TGCGTATG	5-TGCGTATG	6.266521	-12.512965	0	T:88.0(7.31%),B:1511.8(4.40%),P:1e-5	Tpos:96.2,Tstd:58.4,Bpos:94.6,Bstd:56.5,StrandBias:0.1,Multiplicity:1.03
0.001	0.001	0.001	0.997
0.001	0.031	0.967	0.001
0.001	0.733	0.001	0.265
0.359	0.001	0.639	0.001
0.001	0.001	0.001	0.997
0.997	0.001	0.001	0.001
0.001	0.001	0.001	0.997
0.001	0.001	0.997	0.001
>TGCCATGA	6-TGCCATGA	8.236954	-5.718019	0	T:25.0(2.08%),B:388.3(1.13%),P:1e-2	Tpos:93.8,Tstd:57.4,Bpos:104.0,Bstd:50.9,StrandBias:-0.9,Multiplicity:1.16
0.100	0.100	0.100	0.700
0.100	0.100	0.700	0.100
0.100	0.700	0.100	0.100
0.100	0.700	0.100	0.100
0.700	0.100	0.100	0.100
0.100	0.100	0.100	0.700
0.100	0.100	0.700	0.100
0.700	0.100	0.100	0.100
