>AAAATGGCGGAC	1-AAAATGGCGGAC	6.882636	-40.403346	0	T:252.0(20.93%),B:4153.4(12.08%),P:1e-17	Tpos:108.2,Tstd:44.0,Bpos:106.7,Bstd:47.4,StrandBias:0.8,Multiplicity:1.05
0.819	0.075	0.086	0.020
0.718	0.097	0.132	0.053
0.613	0.182	0.123	0.082
0.747	0.101	0.129	0.023
0.004	0.086	0.094	0.816
0.102	0.059	0.685	0.154
0.160	0.117	0.599	0.124
0.043	0.696	0.077	0.184
0.142	0.118	0.547	0.193
0.060	0.184	0.665	0.091
0.584	0.148	0.107	0.161
0.137	0.546	0.134	0.183
>RTACGAAAATCG	2-RTACGAAAATCG	9.984939	-34.456513	0	T:30.0(2.49%),B:127.9(0.37%),P:1e-14	Tpos:81.9,Tstd:55.7,Bpos:100.8,Bstd:55.9,StrandBias:0.6,Multiplicity:1.03
0.540	0.001	0.458	0.001
0.001	0.312	0.001	0.686
0.997	0.001	0.001	0.001
0.001	0.921	0.001	0.077
0.001	0.001	0.997	0.001
0.616	0.001	0.056	0.327
0.921	0.001	0.077	0.001
0.918	0.001	0.001	0.080
0.594	0.001	0.321	0.084
0.001	0.156	0.001	0.842
0.001	0.535	0.140	0.324
0.303	0.001	0.557	0.139
>CATGTGCCTTGT	3-CATGTGCCTTGT	13.740561	-30.650251	0	T:9.0(0.75%),B:4.7(0.01%),P:1e-13	Tpos:108.2,Tstd:59.0,Bpos:83.1,Bstd:42.7,StrandBias:0.3,Multiplicity:1.00
0.001	0.860	0.138	0.001
0.860	0.138	0.001	0.001
0.001	0.001	0.001	0.997
0.001	0.001	0.997	0.001
0.001	0.001	0.001	0.997
0.001	0.001	0.997	0.001
0.001	0.997	0.001	0.001
0.139	0.555	0.001	0.305
0.001	0.001	0.001	0.997
0.001	0.001	0.001	0.997
0.001	0.001	0.997	0.001
0.001	0.138	0.001	0.860
>AGGGAAAGGTMT	4-AGGGAAAGGTMT	11.418674	-29.193398	0	T:15.0(1.25%),B:28.2(0.08%),P:1e-12	Tpos:139.3,Tstd:24.0,Bpos:98.7,Bstd:48.7,StrandBias:2.0,Multiplicity:1.00
0.829	0.001	0.106	0.064
0.001	0.059	0.893	0.047
0.107	0.178	0.596	0.119
0.005	0.183	0.807	0.005
0.939	0.001	0.059	0.001
0.935	0.005	0.001	0.059
0.815	0.005	0.179	0.001
0.059	0.177	0.763	0.001
0.059	0.001	0.881	0.059
0.058	0.001	0.001	0.940
0.284	0.420	0.119	0.178
0.119	0.059	0.006	0.816
>TGGCGCCGCCAT	5-TGGCGCCGCCAT	9.550290	-29.035236	0	T:40.0(3.32%),B:279.4(0.81%),P:1e-12	Tpos:106.9,Tstd:44.1,Bpos:106.9,Bstd:45.1,StrandBias:-1.8,Multiplicity:1.07
0.123	0.077	0.138	0.662
0.050	0.001	0.900	0.049
0.082	0.049	0.747	0.122
0.050	0.890	0.024	0.036
0.036	0.001	0.914	0.049
0.148	0.664	0.077	0.111
0.052	0.805	0.044	0.099
0.066	0.024	0.825	0.085
0.024	0.951	0.001	0.024
0.001	0.955	0.043	0.001
0.808	0.082	0.001	0.109
0.041	0.049	0.024	0.886
>CTACGACGTTCG	6-CTACGACGTTCG	13.985383	-28.749550	0	T:8.0(0.66%),B:3.5(0.01%),P:1e-12	Tpos:50.5,Tstd:42.9,Bpos:64.3,Bstd:42.8,StrandBias:10.0,Multiplicity:1.00
0.001	0.997	0.001	0.001
0.001	0.001	0.001	0.997
0.644	0.354	0.001	0.001
0.001	0.997	0.001	0.001
0.001	0.001	0.838	0.160
0.838	0.160	0.001	0.001
0.001	0.997	0.001	0.001
0.001	0.001	0.997	0.001
0.001	0.001	0.001	0.997
0.001	0.001	0.160	0.838
0.001	0.997	0.001	0.001
0.001	0.001	0.997	0.001
>TTTCGCAAAAGA	7-TTTCGCAAAAGA	12.361243	-28.528608	0	T:13.0(1.08%),B:19.7(0.06%),P:1e-12	Tpos:81.1,Tstd:55.9,Bpos:90.9,Bstd:63.4,StrandBias:-0.7,Multiplicity:1.00
0.001	0.001	0.001	0.997
0.001	0.001	0.001	0.997
0.001	0.001	0.001	0.997
0.001	0.840	0.158	0.001
0.001	0.001	0.997	0.001
0.001	0.681	0.159	0.159
0.997	0.001	0.001	0.001
0.840	0.001	0.158	0.001
0.997	0.001	0.001	0.001
0.840	0.001	0.001	0.158
0.046	0.001	0.952	0.001
0.840	0.001	0.001	0.158
>CGTGCCAGGTCT	8-CGTGCCAGGTCT	14.002793	-26.734972	0	T:6.0(0.50%),B:2.0(0.01%),P:1e-11	Tpos:94.5,Tstd:62.6,Bpos:126.9,Bstd:4.4,StrandBias:1.0,Multiplicity:1.00
0.001	0.997	0.001	0.001
0.001	0.001	0.997	0.001
0.001	0.001	0.001	0.997
0.001	0.166	0.832	0.001
0.001	0.997	0.001	0.001
0.166	0.667	0.166	0.001
0.997	0.001	0.001	0.001
0.166	0.001	0.667	0.166
0.001	0.001	0.997	0.001
0.001	0.001	0.001	0.997
0.001	0.997	0.001	0.001
0.001	0.001	0.001	0.997
>GTCTGGTCGAGG	9-GTCTGGTCGAGG	9.731042	-25.704024	0	T:23.0(1.91%),B:103.8(0.30%),P:1e-11	Tpos:113.0,Tstd:41.7,Bpos:111.7,Bstd:43.4,StrandBias:1.2,Multiplicity:1.00
0.001	0.075	0.923	0.001
0.075	0.001	0.003	0.921
0.151	0.773	0.075	0.001
0.001	0.001	0.001	0.997
0.001	0.001	0.847	0.151
0.001	0.001	0.847	0.151
0.143	0.001	0.075	0.781
0.001	0.773	0.151	0.075
0.001	0.075	0.773	0.151
0.769	0.001	0.075	0.155
0.075	0.079	0.845	0.001
0.001	0.226	0.772	0.001
>TTCCCACAATGC	10-TTCCCACAATGC	9.480559	-25.463867	0	T:49.0(4.07%),B:448.0(1.30%),P:1e-11	Tpos:90.9,Tstd:43.3,Bpos:92.4,Bstd:45.6,StrandBias:0.7,Multiplicity:1.04
0.136	0.035	0.065	0.764
0.152	0.001	0.026	0.821
0.052	0.780	0.078	0.090
0.070	0.826	0.078	0.026
0.073	0.849	0.052	0.026
0.922	0.026	0.051	0.001
0.047	0.735	0.116	0.102
0.960	0.034	0.005	0.001
0.809	0.001	0.095	0.095
0.026	0.052	0.078	0.844
0.054	0.078	0.789	0.079
0.053	0.903	0.001	0.043
>CATCCAAGGTAT	11-CATCCAAGGTAT	13.791735	-23.424349	0	T:10.0(0.83%),B:13.9(0.04%),P:1e-10	Tpos:147.4,Tstd:53.3,Bpos:154.8,Bstd:51.1,StrandBias:3.2,Multiplicity:1.00
0.001	0.997	0.001	0.001
0.715	0.142	0.001	0.142
0.001	0.001	0.142	0.856
0.001	0.997	0.001	0.001
0.142	0.856	0.001	0.001
0.997	0.001	0.001	0.001
0.799	0.001	0.199	0.001
0.142	0.001	0.856	0.001
0.001	0.001	0.997	0.001
0.001	0.001	0.001	0.997
0.997	0.001	0.001	0.001
0.001	0.001	0.001	0.997
>ATAAAGATTCTT	12-ATAAAGATTCTT	13.523219	-22.714725	0	T:10.0(0.83%),B:14.3(0.04%),P:1e-9	Tpos:117.0,Tstd:51.9,Bpos:89.4,Bstd:53.7,StrandBias:0.3,Multiplicity:1.10
0.890	0.001	0.001	0.108
0.001	0.001	0.001	0.997
0.890	0.001	0.108	0.001
0.997	0.001	0.001	0.001
0.783	0.108	0.001	0.108
0.001	0.001	0.890	0.108
0.997	0.001	0.001	0.001
0.001	0.108	0.001	0.890
0.001	0.001	0.001	0.997
0.001	0.760	0.001	0.238
0.001	0.001	0.001	0.997
0.001	0.001	0.001	0.997
>TTTGCTGGTTCT	13-TTTGCTGGTTCT	13.264343	-22.104258	0	T:11.0(0.91%),B:20.7(0.06%),P:1e-9	Tpos:98.0,Tstd:47.4,Bpos:94.2,Bstd:54.3,StrandBias:-1.4,Multiplicity:1.00
0.001	0.001	0.001	0.997
0.001	0.001	0.001	0.997
0.001	0.001	0.001	0.997
0.001	0.113	0.885	0.001
0.001	0.885	0.113	0.001
0.001	0.113	0.001	0.885
0.001	0.001	0.997	0.001
0.001	0.078	0.843	0.078
0.001	0.001	0.001	0.997
0.001	0.001	0.001	0.997
0.001	0.839	0.069	0.091
0.114	0.114	0.001	0.771
>ATCGTAAGGTTC	14-ATCGTAAGGTTC	10.466295	-21.926818	0	T:19.0(1.58%),B:83.8(0.24%),P:1e-9	Tpos:132.7,Tstd:59.1,Bpos:118.1,Bstd:48.0,StrandBias:1.1,Multiplicity:1.00
0.997	0.001	0.001	0.001
0.004	0.001	0.001	0.994
0.083	0.499	0.167	0.250
0.001	0.001	0.915	0.083
0.001	0.083	0.001	0.915
0.833	0.083	0.083	0.001
0.832	0.001	0.166	0.001
0.172	0.001	0.660	0.167
0.001	0.088	0.828	0.083
0.001	0.001	0.001	0.997
0.172	0.057	0.083	0.688
0.140	0.858	0.001	0.001
>AAATTAGTCACA	15-AAATTAGTCACA	15.088354	-21.586011	0	T:5.0(0.42%),B:0.8(0.00%),P:1e-9	Tpos:44.0,Tstd:53.9,Bpos:190.0,Bstd:0.0,StrandBias:-0.6,Multiplicity:1.00
0.997	0.001	0.001	0.001
0.997	0.001	0.001	0.001
0.997	0.001	0.001	0.001
0.001	0.001	0.001	0.997
0.001	0.001	0.001	0.997
0.997	0.001	0.001	0.001
0.001	0.001	0.997	0.001
0.001	0.001	0.001	0.997
0.001	0.997	0.001	0.001
0.997	0.001	0.001	0.001
0.001	0.997	0.001	0.001
0.778	0.001	0.001	0.220
>GTTTMCGMMAAT	16-GTTTMCGMMAAT	9.612534	-20.894284	0	T:7.0(0.58%),B:5.6(0.02%),P:1e-9	Tpos:99.9,Tstd:46.2,Bpos:138.8,Bstd:31.3,StrandBias:-1.3,Multiplicity:1.00
0.268	0.054	0.449	0.229
0.027	0.006	0.016	0.951
0.006	0.183	0.181	0.630
0.041	0.016	0.026	0.917
0.383	0.407	0.165	0.046
0.218	0.482	0.016	0.284
0.263	0.016	0.478	0.243
0.404	0.534	0.028	0.034
0.344	0.485	0.001	0.170
0.714	0.257	0.006	0.023
0.574	0.016	0.162	0.248
0.054	0.018	0.312	0.616
>GCCCCAACTCAT	17-GCCCCAACTCAT	10.680607	-19.648408	0	T:7.0(0.58%),B:6.9(0.02%),P:1e-8	Tpos:121.4,Tstd:48.3,Bpos:85.2,Bstd:34.1,StrandBias:1.3,Multiplicity:1.00
0.001	0.001	0.997	0.001
0.001	0.997	0.001	0.001
0.001	0.997	0.001	0.001
0.001	0.997	0.001	0.001
0.001	0.997	0.001	0.001
0.997	0.001	0.001	0.001
0.997	0.001	0.001	0.001
0.045	0.953	0.001	0.001
0.001	0.001	0.001	0.997
0.232	0.465	0.301	0.001
0.766	0.001	0.232	0.001
0.256	0.256	0.023	0.466
>TGTATCATCAGA	18-TGTATCATCAGA	11.675285	-18.149290	0	T:5.0(0.42%),B:2.7(0.01%),P:1e-7	Tpos:144.4,Tstd:40.5,Bpos:152.3,Bstd:23.6,StrandBias:2.0,Multiplicity:1.00
0.055	0.044	0.099	0.802
0.151	0.083	0.667	0.099
0.082	0.093	0.066	0.759
0.723	0.082	0.103	0.092
0.038	0.061	0.092	0.809
0.082	0.737	0.083	0.098
0.808	0.067	0.038	0.087
0.097	0.067	0.111	0.725
0.079	0.791	0.066	0.064
0.793	0.066	0.060	0.081
0.126	0.093	0.685	0.096
0.703	0.076	0.080	0.141
>GCATGGATTTCA	19-GCATGGATTTCA	14.447998	-16.619869	0	T:4.0(0.33%),B:0.7(0.00%),P:1e-7	Tpos:120.5,Tstd:42.8,Bpos:131.0,Bstd:0.0,StrandBias:10.0,Multiplicity:1.50
0.001	0.001	0.997	0.001
0.157	0.841	0.001	0.001
0.997	0.001	0.001	0.001
0.001	0.001	0.157	0.841
0.001	0.125	0.873	0.001
0.001	0.001	0.997	0.001
0.997	0.001	0.001	0.001
0.001	0.001	0.001	0.997
0.001	0.001	0.001	0.997
0.001	0.001	0.001	0.997
0.001	0.997	0.001	0.001
0.997	0.001	0.001	0.001
>AAAATAATGASA	20-AAAATAATGASA	12.170486	-16.243727	0	T:8.0(0.66%),B:15.4(0.04%),P:1e-7	Tpos:92.1,Tstd:72.4,Bpos:97.9,Bstd:49.3,StrandBias:0.7,Multiplicity:1.00
0.997	0.001	0.001	0.001
0.997	0.001	0.001	0.001
0.997	0.001	0.001	0.001
0.963	0.001	0.035	0.001
0.001	0.001	0.001	0.997
0.614	0.001	0.001	0.384
0.997	0.001	0.001	0.001
0.001	0.001	0.001	0.997
0.001	0.001	0.997	0.001
0.997	0.001	0.001	0.001
0.001	0.550	0.448	0.001
0.997	0.001	0.001	0.001
>TGTCATCGTCAT	21-TGTCATCGTCAT	14.234355	-13.654740	0	T:5.0(0.42%),B:5.6(0.02%),P:1e-5	Tpos:106.2,Tstd:53.2,Bpos:106.6,Bstd:70.9,StrandBias:1.8,Multiplicity:1.80
0.001	0.001	0.001	0.997
0.001	0.001	0.997	0.001
0.001	0.001	0.125	0.873
0.001	0.997	0.001	0.001
0.997	0.001	0.001	0.001
0.001	0.001	0.001	0.997
0.001	0.997	0.001	0.001
0.001	0.001	0.997	0.001
0.001	0.001	0.001	0.997
0.001	0.997	0.001	0.001
0.747	0.126	0.126	0.001
0.001	0.001	0.001	0.997
>TACGTACGTACG	22-TACGTACGTACG	13.371141	-12.152641	0	T:6.0(0.50%),B:12.2(0.04%),P:1e-5	Tpos:120.5,Tstd:54.7,Bpos:66.3,Bstd:51.1,StrandBias:-0.3,Multiplicity:1.00
0.001	0.302	0.001	0.696
0.954	0.001	0.044	0.001
0.001	0.916	0.001	0.082
0.001	0.001	0.997	0.001
0.001	0.001	0.082	0.916
0.916	0.082	0.001	0.001
0.001	0.997	0.001	0.001
0.001	0.001	0.997	0.001
0.001	0.001	0.001	0.997
0.833	0.083	0.083	0.001
0.001	0.916	0.001	0.082
0.001	0.001	0.997	0.001
>ACTGACCCAGCA	23-ACTGACCCAGCA	14.818690	-7.421709	0	T:2.0(0.17%),B:0.9(0.00%),P:1e-3	Tpos:99.8,Tstd:55.9,Bpos:163.0,Bstd:0.0,StrandBias:-2.3,Multiplicity:3.00
0.997	0.001	0.001	0.001
0.001	0.997	0.001	0.001
0.001	0.168	0.001	0.830
0.001	0.001	0.997	0.001
0.997	0.001	0.001	0.001
0.001	0.997	0.001	0.001
0.001	0.997	0.001	0.001
0.001	0.997	0.001	0.001
0.997	0.001	0.001	0.001
0.001	0.001	0.997	0.001
0.001	0.997	0.001	0.001
0.997	0.001	0.001	0.001
>TTCGACTCAATG	24-TTCGACTCAATG	12.355432	-7.421709	0	T:2.0(0.17%),B:0.9(0.00%),P:1e-3	Tpos:108.2,Tstd:40.2,Bpos:11.0,Bstd:0.0,StrandBias:0.0,Multiplicity:2.00
0.100	0.100	0.100	0.700
0.100	0.100	0.100	0.700
0.100	0.700	0.100	0.100
0.100	0.100	0.700	0.100
0.700	0.100	0.100	0.100
0.100	0.700	0.100	0.100
0.100	0.100	0.100	0.700
0.100	0.700	0.100	0.100
0.700	0.100	0.100	0.100
0.700	0.100	0.100	0.100
0.100	0.100	0.100	0.700
0.100	0.100	0.700	0.100
>AGTGGTGATATT	25-AGTGGTGATATT	11.593290	-6.058611	0	T:2.0(0.17%),B:2.4(0.01%),P:1e-2	Tpos:85.0,Tstd:56.9,Bpos:127.9,Bstd:66.1,StrandBias:-10.0,Multiplicity:3.00
0.765	0.045	0.074	0.116
0.119	0.074	0.705	0.102
0.089	0.074	0.065	0.772
0.098	0.079	0.729	0.094
0.146	0.074	0.711	0.069
0.084	0.064	0.059	0.793
0.094	0.068	0.750	0.088
0.788	0.050	0.069	0.093
0.099	0.059	0.054	0.788
0.704	0.079	0.104	0.113
0.092	0.099	0.093	0.716
0.088	0.069	0.060	0.783
