>ACCTGGCG	1-ACCTGGCG	7.029376	-23.948601	0	T:145.0(12.04%),B:2346.5(6.82%),P:1e-10	Tpos:111.4,Tstd:44.5,Bpos:108.2,Bstd:50.1,StrandBias:0.9,Multiplicity:1.05
0.960	0.037	0.001	0.002
0.289	0.643	0.003	0.065
0.331	0.562	0.018	0.089
0.001	0.057	0.287	0.655
0.001	0.344	0.502	0.153
0.001	0.154	0.844	0.001
0.001	0.966	0.032	0.001
0.001	0.106	0.718	0.175
>GGCGCCGC	2-GGCGCCGC	6.846567	-22.790276	0	T:87.0(7.23%),B:1174.7(3.42%),P:1e-9	Tpos:101.4,Tstd:55.2,Bpos:98.1,Bstd:58.4,StrandBias:-0.5,Multiplicity:1.08
0.118	0.001	0.880	0.001
0.129	0.001	0.785	0.085
0.001	0.972	0.026	0.001
0.001	0.001	0.959	0.039
0.070	0.776	0.153	0.001
0.071	0.825	0.020	0.084
0.046	0.013	0.879	0.062
0.001	0.974	0.001	0.024
>CCTGTGCC	3-CCTGTGCC	5.316724	-20.619041	0	T:281.0(23.34%),B:5705.2(16.59%),P:1e-8	Tpos:101.4,Tstd:55.6,Bpos:103.2,Bstd:57.1,StrandBias:0.1,Multiplicity:1.15
0.064	0.797	0.048	0.091
0.093	0.687	0.089	0.131
0.041	0.063	0.071	0.825
0.126	0.133	0.670	0.071
0.031	0.070	0.019	0.880
0.066	0.041	0.837	0.056
0.105	0.644	0.119	0.132
0.068	0.669	0.176	0.087
>GCGGAGTC	4-GCGGAGTC	7.594308	-16.397232	0	T:60.0(4.98%),B:803.1(2.33%),P:1e-7	Tpos:107.4,Tstd:56.9,Bpos:109.6,Bstd:56.7,StrandBias:-0.7,Multiplicity:1.07
0.066	0.001	0.714	0.219
0.001	0.973	0.001	0.025
0.115	0.001	0.713	0.171
0.088	0.039	0.872	0.001
0.997	0.001	0.001	0.001
0.001	0.063	0.935	0.001
0.001	0.001	0.001	0.997
0.029	0.817	0.029	0.125
>TGCGTATG	5-TGCGTATG	6.266521	-12.512965	0	T:88.0(7.31%),B:1511.8(4.40%),P:1e-5	Tpos:96.2,Tstd:58.4,Bpos:94.6,Bstd:56.5,StrandBias:0.1,Multiplicity:1.03
0.001	0.001	0.001	0.997
0.001	0.031	0.967	0.001
0.001	0.733	0.001	0.265
0.359	0.001	0.639	0.001
0.001	0.001	0.001	0.997
0.997	0.001	0.001	0.001
0.001	0.001	0.001	0.997
0.001	0.001	0.997	0.001
>TGCCATGA	6-TGCCATGA	8.236954	-5.718019	0	T:25.0(2.08%),B:388.3(1.13%),P:1e-2	Tpos:93.8,Tstd:57.4,Bpos:104.0,Bstd:50.9,StrandBias:-0.9,Multiplicity:1.16
0.100	0.100	0.100	0.700
0.100	0.100	0.700	0.100
0.100	0.700	0.100	0.100
0.100	0.700	0.100	0.100
0.700	0.100	0.100	0.100
0.100	0.100	0.100	0.700
0.100	0.100	0.700	0.100
0.700	0.100	0.100	0.100
