>TTTTAAAATTTT	1-TTTTAAAATTTT	6.719877	-73.882665	0	T:370.0(42.48%),B:16771.5(24.10%),P:1e-32	Tpos:99.9,Tstd:54.0,Bpos:98.9,Bstd:151.7,StrandBias:-0.1,Multiplicity:1.37
0.097	0.092	0.057	0.754
0.080	0.068	0.066	0.786
0.063	0.138	0.106	0.693
0.078	0.083	0.091	0.748
0.673	0.093	0.090	0.144
0.719	0.078	0.072	0.131
0.786	0.047	0.059	0.108
0.697	0.054	0.077	0.172
0.147	0.076	0.065	0.712
0.066	0.062	0.047	0.825
0.046	0.059	0.055	0.840
0.076	0.078	0.075	0.771
>TTTTTGAAAAAT	2-TTTTTGAAAAAT	9.186644	-41.919526	0	T:82.0(9.41%),B:2110.7(3.03%),P:1e-18	Tpos:107.9,Tstd:50.2,Bpos:101.3,Bstd:130.6,StrandBias:0.3,Multiplicity:1.03
0.038	0.100	0.072	0.790
0.085	0.046	0.001	0.868
0.070	0.056	0.073	0.801
0.024	0.122	0.028	0.826
0.043	0.046	0.026	0.885
0.031	0.145	0.804	0.020
0.774	0.072	0.026	0.128
0.866	0.056	0.013	0.065
0.923	0.039	0.013	0.025
0.814	0.073	0.056	0.057
0.825	0.089	0.039	0.047
0.058	0.084	0.030	0.828
>TTTGATGAAATT	3-TTTGATGAAATT	9.053130	-34.556965	0	T:71.0(8.15%),B:1895.5(2.72%),P:1e-15	Tpos:99.4,Tstd:54.8,Bpos:99.6,Bstd:134.2,StrandBias:-0.1,Multiplicity:1.10
0.121	0.081	0.028	0.770
0.081	0.045	0.039	0.835
0.040	0.071	0.045	0.844
0.046	0.112	0.771	0.071
0.844	0.060	0.047	0.049
0.037	0.017	0.053	0.893
0.056	0.065	0.823	0.056
0.862	0.046	0.047	0.045
0.807	0.092	0.041	0.060
0.832	0.051	0.012	0.105
0.032	0.038	0.044	0.886
0.024	0.043	0.099	0.834
>MTMTATATMTMT	4-MTMTATATMTMT	9.067523	-33.113759	0	T:25.0(2.87%),B:246.2(0.35%),P:1e-14	Tpos:80.8,Tstd:63.6,Bpos:103.2,Bstd:134.1,StrandBias:0.1,Multiplicity:1.12
0.418	0.281	0.076	0.224
0.169	0.050	0.081	0.700
0.483	0.398	0.111	0.008
0.138	0.001	0.121	0.740
0.578	0.286	0.084	0.052
0.061	0.004	0.001	0.934
0.508	0.330	0.001	0.161
0.077	0.040	0.027	0.856
0.397	0.320	0.096	0.187
0.180	0.117	0.037	0.666
0.397	0.257	0.136	0.210
0.277	0.001	0.023	0.699
>AAATAGCCAAAA	5-AAATAGCCAAAA	9.029653	-30.905853	0	T:63.0(7.23%),B:1676.1(2.41%),P:1e-13	Tpos:101.5,Tstd:59.0,Bpos:97.7,Bstd:129.4,StrandBias:-0.3,Multiplicity:1.08
0.835	0.001	0.053	0.111
0.829	0.053	0.001	0.117
0.820	0.053	0.001	0.126
0.254	0.030	0.001	0.715
0.747	0.036	0.054	0.163
0.207	0.236	0.556	0.001
0.047	0.804	0.086	0.063
0.123	0.550	0.218	0.109
0.967	0.001	0.001	0.031
0.731	0.001	0.215	0.053
0.785	0.161	0.001	0.053
0.943	0.001	0.055	0.001
>CAAGATATCTCT	6-CAAGATATCTCT	10.073755	-29.268479	0	T:24.0(2.76%),B:267.5(0.38%),P:1e-12	Tpos:121.0,Tstd:51.8,Bpos:113.4,Bstd:89.2,StrandBias:0.3,Multiplicity:1.04
0.127	0.776	0.001	0.096
0.823	0.071	0.001	0.105
0.799	0.061	0.035	0.105
0.056	0.105	0.743	0.096
0.928	0.035	0.001	0.036
0.001	0.070	0.035	0.894
0.893	0.036	0.070	0.001
0.070	0.070	0.001	0.859
0.140	0.734	0.001	0.125
0.001	0.001	0.104	0.894
0.001	0.768	0.049	0.182
0.070	0.001	0.035	0.894
>CAAGAGGTTAAA	7-CAAGAGGTTAAA	13.030704	-24.746326	0	T:7.0(0.80%),B:8.1(0.01%),P:1e-10	Tpos:124.6,Tstd:47.0,Bpos:118.5,Bstd:66.8,StrandBias:2.6,Multiplicity:1.00
0.001	0.997	0.001	0.001
0.853	0.145	0.001	0.001
0.997	0.001	0.001	0.001
0.001	0.001	0.997	0.001
0.997	0.001	0.001	0.001
0.001	0.001	0.997	0.001
0.001	0.184	0.814	0.001
0.001	0.001	0.001	0.997
0.001	0.001	0.001	0.997
0.820	0.001	0.001	0.178
0.997	0.001	0.001	0.001
0.997	0.001	0.001	0.001
>ACAGAAAATCTG	8-ACAGAAAATCTG	9.112864	-22.672436	0	T:36.0(4.13%),B:806.3(1.16%),P:1e-9	Tpos:87.9,Tstd:55.6,Bpos:105.5,Bstd:104.2,StrandBias:0.1,Multiplicity:1.00
0.761	0.139	0.050	0.050
0.001	0.768	0.134	0.097
0.903	0.001	0.048	0.048
0.133	0.130	0.736	0.001
0.873	0.002	0.091	0.034
0.850	0.099	0.050	0.001
0.843	0.001	0.001	0.155
0.756	0.098	0.097	0.049
0.001	0.010	0.001	0.988
0.050	0.858	0.090	0.002
0.041	0.049	0.049	0.861
0.085	0.001	0.789	0.125
>CATCATCATCAT	9-CATCATCATCAT	12.805775	-22.296645	0	T:11.0(1.26%),B:55.1(0.08%),P:1e-9	Tpos:79.7,Tstd:44.7,Bpos:100.1,Bstd:94.7,StrandBias:1.4,Multiplicity:1.27
0.027	0.962	0.001	0.010
0.893	0.020	0.050	0.037
0.001	0.001	0.001	0.997
0.001	0.971	0.001	0.027
0.974	0.001	0.024	0.001
0.001	0.001	0.036	0.962
0.001	0.986	0.001	0.012
0.940	0.037	0.022	0.001
0.001	0.027	0.001	0.971
0.025	0.912	0.022	0.041
0.997	0.001	0.001	0.001
0.016	0.073	0.001	0.910
>GGGGGGGGGGGG	10-GGGGGGGGGGGG	5.599614	-20.615799	0	T:73.0(8.38%),B:2687.6(3.86%),P:1e-8	Tpos:100.1,Tstd:56.1,Bpos:99.1,Bstd:61.8,StrandBias:-0.1,Multiplicity:1.11
0.158	0.069	0.623	0.150
0.135	0.072	0.655	0.138
0.141	0.071	0.665	0.123
0.134	0.046	0.683	0.137
0.152	0.049	0.680	0.119
0.154	0.051	0.671	0.124
0.171	0.044	0.690	0.095
0.150	0.040	0.725	0.085
0.155	0.046	0.674	0.125
0.138	0.062	0.659	0.141
0.132	0.071	0.656	0.141
0.141	0.119	0.619	0.121
>GTTGTTGTTGTT	11-GTTGTTGTTGTT	16.368374	-19.516354	0	T:9.0(1.03%),B:40.6(0.06%),P:1e-8	Tpos:55.9,Tstd:52.7,Bpos:105.5,Bstd:49.2,StrandBias:0.1,Multiplicity:1.11
0.001	0.001	0.997	0.001
0.001	0.001	0.001	0.997
0.001	0.001	0.001	0.997
0.066	0.001	0.932	0.001
0.001	0.001	0.001	0.997
0.020	0.001	0.001	0.978
0.001	0.001	0.997	0.001
0.001	0.001	0.001	0.997
0.001	0.001	0.001	0.997
0.061	0.001	0.937	0.001
0.037	0.001	0.026	0.936
0.020	0.001	0.001	0.978
>CTCAGATTGCAC	12-CTCAGATTGCAC	12.355432	-17.955855	0	T:4.0(0.46%),B:2.4(0.00%),P:1e-7	Tpos:89.7,Tstd:63.0,Bpos:27.5,Bstd:27.3,StrandBias:1.0,Multiplicity:1.50
0.100	0.700	0.100	0.100
0.100	0.100	0.100	0.700
0.100	0.700	0.100	0.100
0.700	0.100	0.100	0.100
0.100	0.100	0.700	0.100
0.700	0.100	0.100	0.100
0.100	0.100	0.100	0.700
0.100	0.100	0.100	0.700
0.100	0.100	0.700	0.100
0.100	0.700	0.100	0.100
0.700	0.100	0.100	0.100
0.100	0.700	0.100	0.100
>TWGATGGTAGCT	13-TWGATGGTAGCT	12.638308	-15.810529	0	T:5.0(0.57%),B:9.7(0.01%),P:1e-6	Tpos:105.6,Tstd:60.0,Bpos:85.0,Bstd:46.3,StrandBias:1.2,Multiplicity:2.00
0.001	0.290	0.236	0.473
0.472	0.001	0.001	0.526
0.001	0.001	0.997	0.001
0.997	0.001	0.001	0.001
0.001	0.001	0.001	0.997
0.236	0.001	0.762	0.001
0.001	0.001	0.997	0.001
0.001	0.236	0.001	0.762
0.997	0.001	0.001	0.001
0.001	0.001	0.997	0.001
0.001	0.997	0.001	0.001
0.001	0.236	0.001	0.762
>CGTGCGTGCGTC	14-CGTGCGTGCGTC	9.539932	-13.377146	0	T:13.0(1.49%),B:193.8(0.28%),P:1e-5	Tpos:127.4,Tstd:41.5,Bpos:101.4,Bstd:53.9,StrandBias:-1.2,Multiplicity:1.00
0.001	0.748	0.001	0.250
0.191	0.001	0.557	0.251
0.001	0.001	0.001	0.997
0.001	0.254	0.744	0.001
0.001	0.997	0.001	0.001
0.189	0.001	0.559	0.251
0.001	0.001	0.001	0.997
0.046	0.253	0.700	0.001
0.252	0.746	0.001	0.001
0.001	0.001	0.997	0.001
0.001	0.001	0.001	0.997
0.001	0.757	0.241	0.001
>ACATCCATCCAT	15-ACATCCATCCAT	10.486512	-12.754757	0	T:18.0(2.07%),B:384.6(0.55%),P:1e-5	Tpos:123.7,Tstd:41.6,Bpos:101.5,Bstd:119.6,StrandBias:-0.5,Multiplicity:1.24
0.804	0.023	0.100	0.073
0.143	0.781	0.001	0.075
0.842	0.059	0.001	0.098
0.025	0.036	0.031	0.908
0.259	0.611	0.070	0.060
0.067	0.896	0.036	0.001
0.890	0.001	0.073	0.036
0.064	0.023	0.062	0.851
0.130	0.626	0.196	0.048
0.036	0.902	0.061	0.001
0.927	0.001	0.036	0.036
0.030	0.001	0.001	0.968
>GTACACAGCCGT	16-GTACACAGCCGT	8.484343	-12.607073	0	T:6.0(0.69%),B:31.2(0.04%),P:1e-5	Tpos:103.9,Tstd:47.8,Bpos:101.4,Bstd:64.9,StrandBias:1.6,Multiplicity:2.00
0.001	0.001	0.666	0.332
0.001	0.001	0.001	0.997
0.997	0.001	0.001	0.001
0.001	0.666	0.332	0.001
0.997	0.001	0.001	0.001
0.001	0.997	0.001	0.001
0.666	0.001	0.001	0.332
0.001	0.001	0.997	0.001
0.001	0.997	0.001	0.001
0.001	0.666	0.001	0.332
0.001	0.001	0.997	0.001
0.001	0.001	0.001	0.997
>YTACCYACATAY	17-YTACCYACATAY	12.240220	-12.470348	0	T:4.0(0.46%),B:8.8(0.01%),P:1e-5	Tpos:139.7,Tstd:23.5,Bpos:91.6,Bstd:28.7,StrandBias:-10.0,Multiplicity:1.00
0.001	0.539	0.001	0.459
0.001	0.001	0.001	0.997
0.997	0.001	0.001	0.001
0.001	0.997	0.001	0.001
0.001	0.997	0.001	0.001
0.001	0.448	0.001	0.550
0.997	0.001	0.001	0.001
0.001	0.997	0.001	0.001
0.907	0.091	0.001	0.001
0.001	0.001	0.001	0.997
0.997	0.001	0.001	0.001
0.001	0.550	0.001	0.448
>CTGGATGTAGTG	18-CTGGATGTAGTG	14.706872	-9.464400	0	T:2.0(0.23%),B:1.6(0.00%),P:1e-4	Tpos:97.0,Tstd:28.0,Bpos:74.1,Bstd:37.0,StrandBias:-10.0,Multiplicity:1.00
0.001	0.997	0.001	0.001
0.001	0.001	0.001	0.997
0.001	0.001	0.997	0.001
0.001	0.001	0.997	0.001
0.814	0.184	0.001	0.001
0.001	0.001	0.001	0.997
0.001	0.001	0.997	0.001
0.001	0.001	0.001	0.997
0.997	0.001	0.001	0.001
0.184	0.001	0.814	0.001
0.001	0.001	0.001	0.997
0.001	0.001	0.997	0.001
>STGTSTGTCTGT	19-STGTSTGTCTGT	9.567702	-8.402012	0	T:29.0(3.33%),B:1108.2(1.59%),P:1e-3	Tpos:105.6,Tstd:49.6,Bpos:93.8,Bstd:80.2,StrandBias:1.0,Multiplicity:1.48
0.023	0.452	0.499	0.026
0.001	0.001	0.017	0.981
0.001	0.385	0.590	0.024
0.001	0.001	0.001	0.997
0.001	0.434	0.564	0.001
0.001	0.001	0.001	0.997
0.103	0.296	0.600	0.001
0.001	0.001	0.001	0.997
0.001	0.591	0.369	0.039
0.109	0.001	0.001	0.889
0.001	0.268	0.730	0.001
0.001	0.001	0.001	0.997
>CCATTTATATCA	20-CCATTTATATCA	12.355432	-8.086416	0	T:2.0(0.23%),B:2.7(0.00%),P:1e-3	Tpos:120.6,Tstd:45.4,Bpos:167.4,Bstd:13.8,StrandBias:-2.0,Multiplicity:2.50
0.100	0.700	0.100	0.100
0.100	0.700	0.100	0.100
0.700	0.100	0.100	0.100
0.100	0.100	0.100	0.700
0.100	0.100	0.100	0.700
0.100	0.100	0.100	0.700
0.700	0.100	0.100	0.100
0.100	0.100	0.100	0.700
0.700	0.100	0.100	0.100
0.100	0.100	0.100	0.700
0.100	0.700	0.100	0.100
0.700	0.100	0.100	0.100
>GTTCTCACATCA	21-GTTCTCACATCA	12.355432	-4.387136	0	T:1.0(0.11%),B:0.2(0.00%),P:1e-1	Tpos:95.0,Tstd:52.0,Bpos:136.0,Bstd:0.0,StrandBias:10.0,Multiplicity:7.00
0.100	0.100	0.700	0.100
0.100	0.100	0.100	0.700
0.100	0.100	0.100	0.700
0.100	0.700	0.100	0.100
0.100	0.100	0.100	0.700
0.100	0.700	0.100	0.100
0.700	0.100	0.100	0.100
0.100	0.700	0.100	0.100
0.700	0.100	0.100	0.100
0.100	0.100	0.100	0.700
0.100	0.700	0.100	0.100
0.700	0.100	0.100	0.100
>ATGAAACATACC	22-ATGAAACATACC	12.355432	-4.387136	0	T:1.0(0.11%),B:1.5(0.00%),P:1e-1	Tpos:92.2,Tstd:55.0,Bpos:65.6,Bstd:31.9,StrandBias:10.0,Multiplicity:6.00
0.700	0.100	0.100	0.100
0.100	0.100	0.100	0.700
0.100	0.100	0.700	0.100
0.700	0.100	0.100	0.100
0.700	0.100	0.100	0.100
0.700	0.100	0.100	0.100
0.100	0.700	0.100	0.100
0.700	0.100	0.100	0.100
0.100	0.100	0.100	0.700
0.700	0.100	0.100	0.100
0.100	0.700	0.100	0.100
0.100	0.700	0.100	0.100
>ATAGGATCATTT	23-ATAGGATCATTT	12.355432	-4.387136	0	T:1.0(0.11%),B:0.0(0.00%),P:1e-1	Tpos:92.0,Tstd:53.2,Bpos:0.0,Bstd:0.0,StrandBias:10.0,Multiplicity:4.00
0.700	0.100	0.100	0.100
0.100	0.100	0.100	0.700
0.700	0.100	0.100	0.100
0.100	0.100	0.700	0.100
0.100	0.100	0.700	0.100
0.700	0.100	0.100	0.100
0.100	0.100	0.100	0.700
0.100	0.700	0.100	0.100
0.700	0.100	0.100	0.100
0.100	0.100	0.100	0.700
0.100	0.100	0.100	0.700
0.100	0.100	0.100	0.700
>TTTTTTTCCGCA	24-TTTTTTTCCGCA	12.355432	-3.700219	0	T:1.0(0.11%),B:2.2(0.00%),P:1e-1	Tpos:98.0,Tstd:51.5,Bpos:117.2,Bstd:1.5,StrandBias:10.0,Multiplicity:4.00
0.100	0.100	0.100	0.700
0.100	0.100	0.100	0.700
0.100	0.100	0.100	0.700
0.100	0.100	0.100	0.700
0.100	0.100	0.100	0.700
0.100	0.100	0.100	0.700
0.100	0.100	0.100	0.700
0.100	0.700	0.100	0.100
0.100	0.700	0.100	0.100
0.100	0.100	0.700	0.100
0.100	0.700	0.100	0.100
0.700	0.100	0.100	0.100
>TGGCTGTAATGG	25-TGGCTGTAATGG	12.355432	-3.300971	0	T:1.0(0.11%),B:3.1(0.00%),P:1e-1	Tpos:91.0,Tstd:58.8,Bpos:140.1,Bstd:30.6,StrandBias:-10.0,Multiplicity:9.00
0.100	0.100	0.100	0.700
0.100	0.100	0.700	0.100
0.100	0.100	0.700	0.100
0.100	0.700	0.100	0.100
0.100	0.100	0.100	0.700
0.100	0.100	0.700	0.100
0.100	0.100	0.100	0.700
0.700	0.100	0.100	0.100
0.700	0.100	0.100	0.100
0.100	0.100	0.100	0.700
0.100	0.100	0.700	0.100
0.100	0.100	0.700	0.100
