>AAWTTTTAAA	1-AAWTTTTAAA	6.773001	-60.954310	0	T:361.0(41.45%),B:17244.2(24.78%),P:1e-26	Tpos:102.5,Tstd:54.2,Bpos:101.3,Bstd:154.3,StrandBias:-0.0,Multiplicity:1.57
0.962	0.001	0.013	0.024
0.857	0.017	0.007	0.119
0.469	0.013	0.008	0.510
0.175	0.015	0.039	0.771
0.129	0.004	0.012	0.855
0.049	0.098	0.005	0.848
0.137	0.121	0.292	0.451
0.625	0.094	0.133	0.148
0.642	0.027	0.164	0.167
0.574	0.041	0.206	0.179
>CTCAAATTTT	2-CTCAAATTTT	4.701118	-55.539208	0	T:540.0(62.00%),B:31094.4(44.67%),P:1e-24	Tpos:101.1,Tstd:55.2,Bpos:99.9,Bstd:110.3,StrandBias:-0.1,Multiplicity:1.39
0.100	0.696	0.102	0.102
0.116	0.106	0.095	0.683
0.086	0.687	0.123	0.104
0.724	0.099	0.097	0.080
0.693	0.087	0.114	0.106
0.704	0.101	0.098	0.097
0.107	0.097	0.092	0.704
0.093	0.099	0.089	0.719
0.091	0.084	0.093	0.732
0.113	0.127	0.102	0.658
>AAACGTAAAA	3-AAACGTAAAA	6.977132	-42.313887	0	T:229.0(26.29%),B:10223.0(14.69%),P:1e-18	Tpos:101.2,Tstd:61.7,Bpos:101.8,Bstd:115.4,StrandBias:-0.2,Multiplicity:1.08
0.840	0.054	0.039	0.067
0.863	0.050	0.045	0.042
0.771	0.074	0.062	0.093
0.147	0.688	0.107	0.058
0.096	0.086	0.717	0.101
0.072	0.061	0.045	0.822
0.812	0.045	0.045	0.098
0.815	0.072	0.046	0.067
0.836	0.058	0.031	0.075
0.840	0.070	0.031	0.059
>AAAAAAATTT	4-AAAAAAATTT	7.343146	-40.600261	0	T:220.0(25.26%),B:9804.8(14.09%),P:1e-17	Tpos:100.8,Tstd:54.6,Bpos:102.4,Bstd:149.0,StrandBias:-0.3,Multiplicity:1.15
0.912	0.027	0.054	0.007
0.799	0.093	0.030	0.078
0.847	0.061	0.057	0.035
0.843	0.042	0.007	0.108
0.851	0.033	0.027	0.089
0.713	0.043	0.062	0.182
0.781	0.051	0.040	0.128
0.133	0.040	0.061	0.766
0.159	0.033	0.090	0.718
0.049	0.049	0.125	0.777
>TATATATMTA	5-TATATATMTA	8.119385	-33.269253	0	T:21.0(2.41%),B:157.7(0.23%),P:1e-14	Tpos:80.6,Tstd:65.0,Bpos:99.5,Bstd:135.0,StrandBias:0.1,Multiplicity:1.10
0.223	0.206	0.130	0.441
0.666	0.141	0.017	0.176
0.027	0.225	0.113	0.635
0.573	0.314	0.001	0.112
0.030	0.111	0.124	0.735
0.572	0.203	0.111	0.114
0.095	0.186	0.077	0.642
0.381	0.448	0.169	0.001
0.027	0.017	0.172	0.784
0.577	0.148	0.198	0.077
>CCCAAAAACT	6-CCCAAAAACT	5.832595	-31.797465	0	T:282.0(32.38%),B:14785.3(21.24%),P:1e-13	Tpos:98.8,Tstd:56.2,Bpos:100.2,Bstd:117.7,StrandBias:0.1,Multiplicity:1.13
0.141	0.615	0.130	0.114
0.231	0.563	0.099	0.107
0.216	0.637	0.040	0.107
0.788	0.047	0.116	0.049
0.752	0.066	0.052	0.130
0.810	0.044	0.090	0.056
0.804	0.032	0.086	0.078
0.772	0.102	0.063	0.063
0.161	0.646	0.084	0.109
0.157	0.157	0.069	0.617
>CTGCAACATC	7-CTGCAACATC	8.632506	-31.431133	0	T:31.0(3.56%),B:431.2(0.62%),P:1e-13	Tpos:97.5,Tstd:50.1,Bpos:104.4,Bstd:67.7,StrandBias:-0.4,Multiplicity:1.00
0.149	0.780	0.043	0.028
0.161	0.001	0.139	0.699
0.148	0.135	0.625	0.092
0.098	0.814	0.075	0.013
0.806	0.067	0.126	0.001
0.801	0.001	0.180	0.018
0.300	0.618	0.081	0.001
0.756	0.086	0.051	0.107
0.139	0.058	0.094	0.709
0.001	0.793	0.065	0.141
>AGTAGGCCTA	8-AGTAGGCCTA	9.788133	-27.071932	0	T:20.0(2.30%),B:194.6(0.28%),P:1e-11	Tpos:101.1,Tstd:47.0,Bpos:98.6,Bstd:64.5,StrandBias:0.1,Multiplicity:1.05
0.692	0.001	0.160	0.147
0.068	0.061	0.851	0.020
0.001	0.001	0.001	0.997
0.929	0.001	0.069	0.001
0.056	0.001	0.942	0.001
0.001	0.001	0.923	0.075
0.001	0.895	0.047	0.057
0.001	0.997	0.001	0.001
0.001	0.064	0.001	0.934
0.892	0.001	0.064	0.043
>CTCGATATCG	9-CTCGATATCG	6.446532	-26.045429	0	T:130.0(14.93%),B:5538.3(7.96%),P:1e-11	Tpos:103.4,Tstd:55.4,Bpos:99.3,Bstd:96.1,StrandBias:0.0,Multiplicity:1.16
0.248	0.542	0.197	0.013
0.138	0.177	0.193	0.492
0.001	0.589	0.135	0.275
0.220	0.001	0.522	0.257
0.803	0.195	0.001	0.001
0.123	0.011	0.001	0.865
0.685	0.001	0.001	0.313
0.001	0.063	0.001	0.935
0.174	0.707	0.001	0.118
0.237	0.052	0.710	0.001
>ACTGATACAG	10-ACTGATACAG	9.342720	-23.625237	0	T:29.0(3.33%),B:517.8(0.74%),P:1e-10	Tpos:86.8,Tstd:52.7,Bpos:97.1,Bstd:73.6,StrandBias:0.5,Multiplicity:1.11
0.960	0.001	0.038	0.001
0.001	0.724	0.274	0.001
0.113	0.059	0.106	0.722
0.001	0.023	0.975	0.001
0.997	0.001	0.001	0.001
0.001	0.001	0.001	0.997
0.917	0.001	0.043	0.039
0.035	0.894	0.042	0.029
0.875	0.061	0.001	0.063
0.001	0.036	0.962	0.001
>GGGTSACCCC	11-GGGTSACCCC	9.290684	-22.700221	0	T:19.0(2.18%),B:222.2(0.32%),P:1e-9	Tpos:100.1,Tstd:65.7,Bpos:111.4,Bstd:117.1,StrandBias:0.1,Multiplicity:1.07
0.001	0.004	0.833	0.162
0.164	0.039	0.796	0.001
0.001	0.082	0.916	0.001
0.050	0.001	0.172	0.777
0.232	0.290	0.404	0.075
0.895	0.098	0.001	0.006
0.001	0.997	0.001	0.001
0.067	0.931	0.001	0.001
0.001	0.997	0.001	0.001
0.193	0.586	0.001	0.220
>GGGGGGGGGG	12-GGGGGGGGGG	6.433008	-17.462830	0	T:51.0(5.86%),B:1716.4(2.47%),P:1e-7	Tpos:99.8,Tstd:57.5,Bpos:99.9,Bstd:62.0,StrandBias:-0.3,Multiplicity:1.20
0.109	0.077	0.679	0.135
0.129	0.071	0.679	0.121
0.108	0.077	0.703	0.112
0.124	0.061	0.720	0.095
0.169	0.071	0.661	0.099
0.126	0.061	0.709	0.104
0.092	0.037	0.775	0.096
0.134	0.047	0.717	0.102
0.128	0.071	0.696	0.105
0.107	0.121	0.663	0.109
>ATTTTATTTT	13-ATTTTATTTT	11.879131	-16.672367	0	T:24.0(2.76%),B:507.8(0.73%),P:1e-7	Tpos:88.5,Tstd:49.2,Bpos:94.7,Bstd:116.1,StrandBias:-0.2,Multiplicity:1.12
0.997	0.001	0.001	0.001
0.001	0.001	0.001	0.997
0.001	0.033	0.001	0.965
0.001	0.001	0.001	0.997
0.001	0.001	0.001	0.997
0.997	0.001	0.001	0.001
0.001	0.001	0.001	0.997
0.001	0.146	0.244	0.609
0.001	0.001	0.001	0.997
0.001	0.001	0.001	0.997
>CCCGTTTCAC	14-CCCGTTTCAC	10.296193	-16.343950	0	T:4.0(0.46%),B:3.8(0.01%),P:1e-7	Tpos:66.0,Tstd:44.2,Bpos:132.7,Bstd:22.8,StrandBias:10.0,Multiplicity:1.00
0.100	0.700	0.100	0.100
0.100	0.700	0.100	0.100
0.100	0.700	0.100	0.100
0.100	0.100	0.700	0.100
0.100	0.100	0.100	0.700
0.100	0.100	0.100	0.700
0.100	0.100	0.100	0.700
0.100	0.700	0.100	0.100
0.700	0.100	0.100	0.100
0.100	0.700	0.100	0.100
>GTTGTTGTTG	15-GTTGTTGTTG	7.501000	-15.727233	0	T:17.0(1.95%),B:277.7(0.40%),P:1e-6	Tpos:69.6,Tstd:56.0,Bpos:95.2,Bstd:53.1,StrandBias:0.2,Multiplicity:1.59
0.001	0.001	0.997	0.001
0.001	0.001	0.001	0.997
0.001	0.001	0.001	0.997
0.001	0.001	0.997	0.001
0.001	0.001	0.001	0.997
0.026	0.001	0.001	0.972
0.068	0.001	0.930	0.001
0.001	0.001	0.001	0.997
0.001	0.001	0.001	0.997
0.001	0.001	0.997	0.001
>GAGGAGGAGG	16-GAGGAGGAGG	8.523675	-14.445892	0	T:13.0(1.49%),B:175.3(0.25%),P:1e-6	Tpos:116.3,Tstd:49.4,Bpos:98.2,Bstd:69.8,StrandBias:-1.0,Multiplicity:1.00
0.001	0.001	0.997	0.001
0.997	0.001	0.001	0.001
0.001	0.099	0.899	0.001
0.084	0.001	0.914	0.001
0.997	0.001	0.001	0.001
0.001	0.124	0.874	0.001
0.001	0.331	0.667	0.001
0.997	0.001	0.001	0.001
0.347	0.001	0.651	0.001
0.001	0.001	0.997	0.001
>TCTGTSTGTC	17-TCTGTSTGTC	10.015929	-11.921557	0	T:14.0(1.61%),B:256.5(0.37%),P:1e-5	Tpos:125.1,Tstd:33.3,Bpos:99.2,Bstd:70.9,StrandBias:1.1,Multiplicity:1.14
0.140	0.001	0.001	0.858
0.163	0.608	0.228	0.001
0.001	0.001	0.053	0.945
0.039	0.335	0.511	0.115
0.001	0.001	0.001	0.997
0.090	0.491	0.418	0.001
0.001	0.300	0.001	0.698
0.001	0.323	0.607	0.069
0.001	0.001	0.001	0.997
0.138	0.625	0.001	0.236
>GATGATGATG	18-GATGATGATG	9.829015	-11.736125	0	T:17.0(1.95%),B:374.9(0.54%),P:1e-5	Tpos:81.7,Tstd:53.1,Bpos:90.3,Bstd:127.5,StrandBias:-1.0,Multiplicity:1.29
0.001	0.080	0.799	0.120
0.903	0.001	0.095	0.001
0.001	0.194	0.073	0.732
0.001	0.001	0.997	0.001
0.798	0.200	0.001	0.001
0.001	0.192	0.283	0.524
0.005	0.001	0.993	0.001
0.917	0.081	0.001	0.001
0.050	0.164	0.001	0.785
0.001	0.001	0.997	0.001
>GCTGAGTACA	19-GCTGAGTACA	10.778893	-10.910066	0	T:8.0(0.92%),B:87.1(0.13%),P:1e-4	Tpos:92.1,Tstd:49.8,Bpos:98.1,Bstd:55.4,StrandBias:0.0,Multiplicity:1.00
0.125	0.001	0.873	0.001
0.001	0.997	0.001	0.001
0.001	0.253	0.001	0.745
0.001	0.001	0.745	0.253
0.899	0.001	0.001	0.099
0.001	0.001	0.997	0.001
0.001	0.001	0.001	0.997
0.997	0.001	0.001	0.001
0.001	0.997	0.001	0.001
0.745	0.001	0.001	0.253
>GTGTGTGTGT	20-GTGTGTGTGT	8.951528	-10.536499	0	T:38.0(4.36%),B:1454.6(2.09%),P:1e-4	Tpos:112.7,Tstd:49.4,Bpos:99.7,Bstd:63.8,StrandBias:2.1,Multiplicity:1.03
0.027	0.064	0.908	0.001
0.021	0.027	0.001	0.951
0.001	0.180	0.818	0.001
0.001	0.026	0.001	0.972
0.069	0.109	0.821	0.001
0.001	0.001	0.001	0.997
0.077	0.078	0.829	0.016
0.020	0.001	0.001	0.978
0.040	0.051	0.908	0.001
0.001	0.058	0.019	0.922
>TGATGGTAGC	21-TGATGGTAGC	10.296193	-9.165486	0	T:3.0(0.34%),B:7.0(0.01%),P:1e-3	Tpos:106.7,Tstd:60.3,Bpos:112.2,Bstd:42.0,StrandBias:2.6,Multiplicity:2.33
0.100	0.100	0.100	0.700
0.100	0.100	0.700	0.100
0.700	0.100	0.100	0.100
0.100	0.100	0.100	0.700
0.100	0.100	0.700	0.100
0.100	0.100	0.700	0.100
0.100	0.100	0.100	0.700
0.700	0.100	0.100	0.100
0.100	0.100	0.700	0.100
0.100	0.700	0.100	0.100
>ACMTACATAC	22-ACMTACATAC	8.587996	-6.063263	0	T:16.0(1.84%),B:560.6(0.81%),P:1e-2	Tpos:117.1,Tstd:47.4,Bpos:102.7,Bstd:121.0,StrandBias:-1.8,Multiplicity:1.25
0.570	0.150	0.235	0.045
0.068	0.655	0.142	0.135
0.363	0.495	0.122	0.020
0.001	0.125	0.084	0.790
0.997	0.001	0.001	0.001
0.040	0.901	0.001	0.058
0.623	0.273	0.017	0.087
0.212	0.125	0.167	0.495
0.682	0.123	0.113	0.082
0.122	0.750	0.078	0.050
>TCTCACATCA	23-TCTCACATCA	11.582107	-4.307501	0	T:3.0(0.34%),B:39.5(0.06%),P:1e-1	Tpos:93.3,Tstd:51.4,Bpos:119.7,Bstd:41.8,StrandBias:10.0,Multiplicity:3.00
0.001	0.001	0.001	0.997
0.001	0.997	0.001	0.001
0.001	0.105	0.001	0.893
0.001	0.997	0.001	0.001
0.997	0.001	0.001	0.001
0.001	0.997	0.001	0.001
0.997	0.001	0.001	0.001
0.001	0.001	0.001	0.997
0.001	0.997	0.001	0.001
0.997	0.001	0.001	0.001
>GAGAGAGAGA	24-GAGAGAGAGA	9.794531	-2.304445	0	T:6.0(0.69%),B:252.2(0.36%),P:1e-1	Tpos:83.4,Tstd:53.8,Bpos:89.1,Bstd:84.5,StrandBias:0.3,Multiplicity:1.50
0.001	0.001	0.997	0.001
0.982	0.016	0.001	0.001
0.001	0.001	0.997	0.001
0.980	0.018	0.001	0.001
0.001	0.001	0.997	0.001
0.968	0.017	0.001	0.014
0.001	0.001	0.997	0.001
0.967	0.019	0.013	0.001
0.001	0.001	0.997	0.001
0.981	0.010	0.001	0.008
>GCTGTAATGG	25-GCTGTAATGG	10.296193	-1.464761	0	T:1.0(0.11%),B:21.6(0.03%),P:1e0	Tpos:90.0,Tstd:58.8,Bpos:107.2,Bstd:55.6,StrandBias:-10.0,Multiplicity:9.00
0.100	0.100	0.700	0.100
0.100	0.700	0.100	0.100
0.100	0.100	0.100	0.700
0.100	0.100	0.700	0.100
0.100	0.100	0.100	0.700
0.700	0.100	0.100	0.100
0.700	0.100	0.100	0.100
0.100	0.100	0.100	0.700
0.100	0.100	0.700	0.100
0.100	0.100	0.700	0.100
>TTTTAAAATTTT	1-TTTTAAAATTTT	6.719877	-73.882665	0	T:370.0(42.48%),B:16771.5(24.10%),P:1e-32	Tpos:99.9,Tstd:54.0,Bpos:98.9,Bstd:151.7,StrandBias:-0.1,Multiplicity:1.37
0.097	0.092	0.057	0.754
0.080	0.068	0.066	0.786
0.063	0.138	0.106	0.693
0.078	0.083	0.091	0.748
0.673	0.093	0.090	0.144
0.719	0.078	0.072	0.131
0.786	0.047	0.059	0.108
0.697	0.054	0.077	0.172
0.147	0.076	0.065	0.712
0.066	0.062	0.047	0.825
0.046	0.059	0.055	0.840
0.076	0.078	0.075	0.771
>TTTTTGAAAAAT	2-TTTTTGAAAAAT	9.186644	-41.919526	0	T:82.0(9.41%),B:2110.7(3.03%),P:1e-18	Tpos:107.9,Tstd:50.2,Bpos:101.3,Bstd:130.6,StrandBias:0.3,Multiplicity:1.03
0.038	0.100	0.072	0.790
0.085	0.046	0.001	0.868
0.070	0.056	0.073	0.801
0.024	0.122	0.028	0.826
0.043	0.046	0.026	0.885
0.031	0.145	0.804	0.020
0.774	0.072	0.026	0.128
0.866	0.056	0.013	0.065
0.923	0.039	0.013	0.025
0.814	0.073	0.056	0.057
0.825	0.089	0.039	0.047
0.058	0.084	0.030	0.828
>TTTGATGAAATT	3-TTTGATGAAATT	9.053130	-34.556965	0	T:71.0(8.15%),B:1895.5(2.72%),P:1e-15	Tpos:99.4,Tstd:54.8,Bpos:99.6,Bstd:134.2,StrandBias:-0.1,Multiplicity:1.10
0.121	0.081	0.028	0.770
0.081	0.045	0.039	0.835
0.040	0.071	0.045	0.844
0.046	0.112	0.771	0.071
0.844	0.060	0.047	0.049
0.037	0.017	0.053	0.893
0.056	0.065	0.823	0.056
0.862	0.046	0.047	0.045
0.807	0.092	0.041	0.060
0.832	0.051	0.012	0.105
0.032	0.038	0.044	0.886
0.024	0.043	0.099	0.834
>MTMTATATMTMT	4-MTMTATATMTMT	9.067523	-33.113759	0	T:25.0(2.87%),B:246.2(0.35%),P:1e-14	Tpos:80.8,Tstd:63.6,Bpos:103.2,Bstd:134.1,StrandBias:0.1,Multiplicity:1.12
0.418	0.281	0.076	0.224
0.169	0.050	0.081	0.700
0.483	0.398	0.111	0.008
0.138	0.001	0.121	0.740
0.578	0.286	0.084	0.052
0.061	0.004	0.001	0.934
0.508	0.330	0.001	0.161
0.077	0.040	0.027	0.856
0.397	0.320	0.096	0.187
0.180	0.117	0.037	0.666
0.397	0.257	0.136	0.210
0.277	0.001	0.023	0.699
>AAATAGCCAAAA	5-AAATAGCCAAAA	9.029653	-30.905853	0	T:63.0(7.23%),B:1676.1(2.41%),P:1e-13	Tpos:101.5,Tstd:59.0,Bpos:97.7,Bstd:129.4,StrandBias:-0.3,Multiplicity:1.08
0.835	0.001	0.053	0.111
0.829	0.053	0.001	0.117
0.820	0.053	0.001	0.126
0.254	0.030	0.001	0.715
0.747	0.036	0.054	0.163
0.207	0.236	0.556	0.001
0.047	0.804	0.086	0.063
0.123	0.550	0.218	0.109
0.967	0.001	0.001	0.031
0.731	0.001	0.215	0.053
0.785	0.161	0.001	0.053
0.943	0.001	0.055	0.001
>CAAGATATCTCT	6-CAAGATATCTCT	10.073755	-29.268479	0	T:24.0(2.76%),B:267.5(0.38%),P:1e-12	Tpos:121.0,Tstd:51.8,Bpos:113.4,Bstd:89.2,StrandBias:0.3,Multiplicity:1.04
0.127	0.776	0.001	0.096
0.823	0.071	0.001	0.105
0.799	0.061	0.035	0.105
0.056	0.105	0.743	0.096
0.928	0.035	0.001	0.036
0.001	0.070	0.035	0.894
0.893	0.036	0.070	0.001
0.070	0.070	0.001	0.859
0.140	0.734	0.001	0.125
0.001	0.001	0.104	0.894
0.001	0.768	0.049	0.182
0.070	0.001	0.035	0.894
>CAAGAGGTTAAA	7-CAAGAGGTTAAA	13.030704	-24.746326	0	T:7.0(0.80%),B:8.1(0.01%),P:1e-10	Tpos:124.6,Tstd:47.0,Bpos:118.5,Bstd:66.8,StrandBias:2.6,Multiplicity:1.00
0.001	0.997	0.001	0.001
0.853	0.145	0.001	0.001
0.997	0.001	0.001	0.001
0.001	0.001	0.997	0.001
0.997	0.001	0.001	0.001
0.001	0.001	0.997	0.001
0.001	0.184	0.814	0.001
0.001	0.001	0.001	0.997
0.001	0.001	0.001	0.997
0.820	0.001	0.001	0.178
0.997	0.001	0.001	0.001
0.997	0.001	0.001	0.001
>ACAGAAAATCTG	8-ACAGAAAATCTG	9.112864	-22.672436	0	T:36.0(4.13%),B:806.3(1.16%),P:1e-9	Tpos:87.9,Tstd:55.6,Bpos:105.5,Bstd:104.2,StrandBias:0.1,Multiplicity:1.00
0.761	0.139	0.050	0.050
0.001	0.768	0.134	0.097
0.903	0.001	0.048	0.048
0.133	0.130	0.736	0.001
0.873	0.002	0.091	0.034
0.850	0.099	0.050	0.001
0.843	0.001	0.001	0.155
0.756	0.098	0.097	0.049
0.001	0.010	0.001	0.988
0.050	0.858	0.090	0.002
0.041	0.049	0.049	0.861
0.085	0.001	0.789	0.125
>CATCATCATCAT	9-CATCATCATCAT	12.805775	-22.296645	0	T:11.0(1.26%),B:55.1(0.08%),P:1e-9	Tpos:79.7,Tstd:44.7,Bpos:100.1,Bstd:94.7,StrandBias:1.4,Multiplicity:1.27
0.027	0.962	0.001	0.010
0.893	0.020	0.050	0.037
0.001	0.001	0.001	0.997
0.001	0.971	0.001	0.027
0.974	0.001	0.024	0.001
0.001	0.001	0.036	0.962
0.001	0.986	0.001	0.012
0.940	0.037	0.022	0.001
0.001	0.027	0.001	0.971
0.025	0.912	0.022	0.041
0.997	0.001	0.001	0.001
0.016	0.073	0.001	0.910
>GGGGGGGGGGGG	10-GGGGGGGGGGGG	5.599614	-20.615799	0	T:73.0(8.38%),B:2687.6(3.86%),P:1e-8	Tpos:100.1,Tstd:56.1,Bpos:99.1,Bstd:61.8,StrandBias:-0.1,Multiplicity:1.11
0.158	0.069	0.623	0.150
0.135	0.072	0.655	0.138
0.141	0.071	0.665	0.123
0.134	0.046	0.683	0.137
0.152	0.049	0.680	0.119
0.154	0.051	0.671	0.124
0.171	0.044	0.690	0.095
0.150	0.040	0.725	0.085
0.155	0.046	0.674	0.125
0.138	0.062	0.659	0.141
0.132	0.071	0.656	0.141
0.141	0.119	0.619	0.121
>GTTGTTGTTGTT	11-GTTGTTGTTGTT	16.368374	-19.516354	0	T:9.0(1.03%),B:40.6(0.06%),P:1e-8	Tpos:55.9,Tstd:52.7,Bpos:105.5,Bstd:49.2,StrandBias:0.1,Multiplicity:1.11
0.001	0.001	0.997	0.001
0.001	0.001	0.001	0.997
0.001	0.001	0.001	0.997
0.066	0.001	0.932	0.001
0.001	0.001	0.001	0.997
0.020	0.001	0.001	0.978
0.001	0.001	0.997	0.001
0.001	0.001	0.001	0.997
0.001	0.001	0.001	0.997
0.061	0.001	0.937	0.001
0.037	0.001	0.026	0.936
0.020	0.001	0.001	0.978
>CTCAGATTGCAC	12-CTCAGATTGCAC	12.355432	-17.955855	0	T:4.0(0.46%),B:2.4(0.00%),P:1e-7	Tpos:89.7,Tstd:63.0,Bpos:27.5,Bstd:27.3,StrandBias:1.0,Multiplicity:1.50
0.100	0.700	0.100	0.100
0.100	0.100	0.100	0.700
0.100	0.700	0.100	0.100
0.700	0.100	0.100	0.100
0.100	0.100	0.700	0.100
0.700	0.100	0.100	0.100
0.100	0.100	0.100	0.700
0.100	0.100	0.100	0.700
0.100	0.100	0.700	0.100
0.100	0.700	0.100	0.100
0.700	0.100	0.100	0.100
0.100	0.700	0.100	0.100
>TWGATGGTAGCT	13-TWGATGGTAGCT	12.638308	-15.810529	0	T:5.0(0.57%),B:9.7(0.01%),P:1e-6	Tpos:105.6,Tstd:60.0,Bpos:85.0,Bstd:46.3,StrandBias:1.2,Multiplicity:2.00
0.001	0.290	0.236	0.473
0.472	0.001	0.001	0.526
0.001	0.001	0.997	0.001
0.997	0.001	0.001	0.001
0.001	0.001	0.001	0.997
0.236	0.001	0.762	0.001
0.001	0.001	0.997	0.001
0.001	0.236	0.001	0.762
0.997	0.001	0.001	0.001
0.001	0.001	0.997	0.001
0.001	0.997	0.001	0.001
0.001	0.236	0.001	0.762
>CGTGCGTGCGTC	14-CGTGCGTGCGTC	9.539932	-13.377146	0	T:13.0(1.49%),B:193.8(0.28%),P:1e-5	Tpos:127.4,Tstd:41.5,Bpos:101.4,Bstd:53.9,StrandBias:-1.2,Multiplicity:1.00
0.001	0.748	0.001	0.250
0.191	0.001	0.557	0.251
0.001	0.001	0.001	0.997
0.001	0.254	0.744	0.001
0.001	0.997	0.001	0.001
0.189	0.001	0.559	0.251
0.001	0.001	0.001	0.997
0.046	0.253	0.700	0.001
0.252	0.746	0.001	0.001
0.001	0.001	0.997	0.001
0.001	0.001	0.001	0.997
0.001	0.757	0.241	0.001
>ACATCCATCCAT	15-ACATCCATCCAT	10.486512	-12.754757	0	T:18.0(2.07%),B:384.6(0.55%),P:1e-5	Tpos:123.7,Tstd:41.6,Bpos:101.5,Bstd:119.6,StrandBias:-0.5,Multiplicity:1.24
0.804	0.023	0.100	0.073
0.143	0.781	0.001	0.075
0.842	0.059	0.001	0.098
0.025	0.036	0.031	0.908
0.259	0.611	0.070	0.060
0.067	0.896	0.036	0.001
0.890	0.001	0.073	0.036
0.064	0.023	0.062	0.851
0.130	0.626	0.196	0.048
0.036	0.902	0.061	0.001
0.927	0.001	0.036	0.036
0.030	0.001	0.001	0.968
>GTACACAGCCGT	16-GTACACAGCCGT	8.484343	-12.607073	0	T:6.0(0.69%),B:31.2(0.04%),P:1e-5	Tpos:103.9,Tstd:47.8,Bpos:101.4,Bstd:64.9,StrandBias:1.6,Multiplicity:2.00
0.001	0.001	0.666	0.332
0.001	0.001	0.001	0.997
0.997	0.001	0.001	0.001
0.001	0.666	0.332	0.001
0.997	0.001	0.001	0.001
0.001	0.997	0.001	0.001
0.666	0.001	0.001	0.332
0.001	0.001	0.997	0.001
0.001	0.997	0.001	0.001
0.001	0.666	0.001	0.332
0.001	0.001	0.997	0.001
0.001	0.001	0.001	0.997
>YTACCYACATAY	17-YTACCYACATAY	12.240220	-12.470348	0	T:4.0(0.46%),B:8.8(0.01%),P:1e-5	Tpos:139.7,Tstd:23.5,Bpos:91.6,Bstd:28.7,StrandBias:-10.0,Multiplicity:1.00
0.001	0.539	0.001	0.459
0.001	0.001	0.001	0.997
0.997	0.001	0.001	0.001
0.001	0.997	0.001	0.001
0.001	0.997	0.001	0.001
0.001	0.448	0.001	0.550
0.997	0.001	0.001	0.001
0.001	0.997	0.001	0.001
0.907	0.091	0.001	0.001
0.001	0.001	0.001	0.997
0.997	0.001	0.001	0.001
0.001	0.550	0.001	0.448
>CTGGATGTAGTG	18-CTGGATGTAGTG	14.706872	-9.464400	0	T:2.0(0.23%),B:1.6(0.00%),P:1e-4	Tpos:97.0,Tstd:28.0,Bpos:74.1,Bstd:37.0,StrandBias:-10.0,Multiplicity:1.00
0.001	0.997	0.001	0.001
0.001	0.001	0.001	0.997
0.001	0.001	0.997	0.001
0.001	0.001	0.997	0.001
0.814	0.184	0.001	0.001
0.001	0.001	0.001	0.997
0.001	0.001	0.997	0.001
0.001	0.001	0.001	0.997
0.997	0.001	0.001	0.001
0.184	0.001	0.814	0.001
0.001	0.001	0.001	0.997
0.001	0.001	0.997	0.001
>STGTSTGTCTGT	19-STGTSTGTCTGT	9.567702	-8.402012	0	T:29.0(3.33%),B:1108.2(1.59%),P:1e-3	Tpos:105.6,Tstd:49.6,Bpos:93.8,Bstd:80.2,StrandBias:1.0,Multiplicity:1.48
0.023	0.452	0.499	0.026
0.001	0.001	0.017	0.981
0.001	0.385	0.590	0.024
0.001	0.001	0.001	0.997
0.001	0.434	0.564	0.001
0.001	0.001	0.001	0.997
0.103	0.296	0.600	0.001
0.001	0.001	0.001	0.997
0.001	0.591	0.369	0.039
0.109	0.001	0.001	0.889
0.001	0.268	0.730	0.001
0.001	0.001	0.001	0.997
>CCATTTATATCA	20-CCATTTATATCA	12.355432	-8.086416	0	T:2.0(0.23%),B:2.7(0.00%),P:1e-3	Tpos:120.6,Tstd:45.4,Bpos:167.4,Bstd:13.8,StrandBias:-2.0,Multiplicity:2.50
0.100	0.700	0.100	0.100
0.100	0.700	0.100	0.100
0.700	0.100	0.100	0.100
0.100	0.100	0.100	0.700
0.100	0.100	0.100	0.700
0.100	0.100	0.100	0.700
0.700	0.100	0.100	0.100
0.100	0.100	0.100	0.700
0.700	0.100	0.100	0.100
0.100	0.100	0.100	0.700
0.100	0.700	0.100	0.100
0.700	0.100	0.100	0.100
>GTTCTCACATCA	21-GTTCTCACATCA	12.355432	-4.387136	0	T:1.0(0.11%),B:0.2(0.00%),P:1e-1	Tpos:95.0,Tstd:52.0,Bpos:136.0,Bstd:0.0,StrandBias:10.0,Multiplicity:7.00
0.100	0.100	0.700	0.100
0.100	0.100	0.100	0.700
0.100	0.100	0.100	0.700
0.100	0.700	0.100	0.100
0.100	0.100	0.100	0.700
0.100	0.700	0.100	0.100
0.700	0.100	0.100	0.100
0.100	0.700	0.100	0.100
0.700	0.100	0.100	0.100
0.100	0.100	0.100	0.700
0.100	0.700	0.100	0.100
0.700	0.100	0.100	0.100
>ATGAAACATACC	22-ATGAAACATACC	12.355432	-4.387136	0	T:1.0(0.11%),B:1.5(0.00%),P:1e-1	Tpos:92.2,Tstd:55.0,Bpos:65.6,Bstd:31.9,StrandBias:10.0,Multiplicity:6.00
0.700	0.100	0.100	0.100
0.100	0.100	0.100	0.700
0.100	0.100	0.700	0.100
0.700	0.100	0.100	0.100
0.700	0.100	0.100	0.100
0.700	0.100	0.100	0.100
0.100	0.700	0.100	0.100
0.700	0.100	0.100	0.100
0.100	0.100	0.100	0.700
0.700	0.100	0.100	0.100
0.100	0.700	0.100	0.100
0.100	0.700	0.100	0.100
>ATAGGATCATTT	23-ATAGGATCATTT	12.355432	-4.387136	0	T:1.0(0.11%),B:0.0(0.00%),P:1e-1	Tpos:92.0,Tstd:53.2,Bpos:0.0,Bstd:0.0,StrandBias:10.0,Multiplicity:4.00
0.700	0.100	0.100	0.100
0.100	0.100	0.100	0.700
0.700	0.100	0.100	0.100
0.100	0.100	0.700	0.100
0.100	0.100	0.700	0.100
0.700	0.100	0.100	0.100
0.100	0.100	0.100	0.700
0.100	0.700	0.100	0.100
0.700	0.100	0.100	0.100
0.100	0.100	0.100	0.700
0.100	0.100	0.100	0.700
0.100	0.100	0.100	0.700
>TTTTTTTCCGCA	24-TTTTTTTCCGCA	12.355432	-3.700219	0	T:1.0(0.11%),B:2.2(0.00%),P:1e-1	Tpos:98.0,Tstd:51.5,Bpos:117.2,Bstd:1.5,StrandBias:10.0,Multiplicity:4.00
0.100	0.100	0.100	0.700
0.100	0.100	0.100	0.700
0.100	0.100	0.100	0.700
0.100	0.100	0.100	0.700
0.100	0.100	0.100	0.700
0.100	0.100	0.100	0.700
0.100	0.100	0.100	0.700
0.100	0.700	0.100	0.100
0.100	0.700	0.100	0.100
0.100	0.100	0.700	0.100
0.100	0.700	0.100	0.100
0.700	0.100	0.100	0.100
>TGGCTGTAATGG	25-TGGCTGTAATGG	12.355432	-3.300971	0	T:1.0(0.11%),B:3.1(0.00%),P:1e-1	Tpos:91.0,Tstd:58.8,Bpos:140.1,Bstd:30.6,StrandBias:-10.0,Multiplicity:9.00
0.100	0.100	0.100	0.700
0.100	0.100	0.700	0.100
0.100	0.100	0.700	0.100
0.100	0.700	0.100	0.100
0.100	0.100	0.100	0.700
0.100	0.100	0.700	0.100
0.100	0.100	0.100	0.700
0.700	0.100	0.100	0.100
0.700	0.100	0.100	0.100
0.100	0.100	0.100	0.700
0.100	0.100	0.700	0.100
0.100	0.100	0.700	0.100
>AWTTTTGG	1-AWTTTTGG	5.121015	-61.383122	0	T:605.0(69.46%),B:35788.2(51.42%),P:1e-26	Tpos:100.6,Tstd:56.1,Bpos:100.3,Bstd:128.1,StrandBias:-0.1,Multiplicity:1.42
0.891	0.001	0.071	0.037
0.371	0.146	0.205	0.278
0.003	0.001	0.026	0.970
0.001	0.001	0.001	0.997
0.001	0.034	0.001	0.964
0.017	0.073	0.024	0.886
0.096	0.082	0.601	0.221
0.290	0.134	0.575	0.001
>AAAAATTT	2-AAAAATTT	5.954686	-60.987092	0	T:415.0(47.65%),B:21025.2(30.21%),P:1e-26	Tpos:101.5,Tstd:54.4,Bpos:99.7,Bstd:144.7,StrandBias:-0.2,Multiplicity:1.44
0.564	0.168	0.067	0.201
0.676	0.163	0.069	0.092
0.926	0.037	0.036	0.001
0.927	0.022	0.020	0.031
0.784	0.093	0.001	0.122
0.233	0.042	0.081	0.644
0.140	0.034	0.022	0.804
0.083	0.060	0.178	0.679
>YAAASTTT	3-YAAASTTT	5.846739	-51.386041	0	T:527.0(60.51%),B:30535.7(43.87%),P:1e-22	Tpos:102.2,Tstd:55.7,Bpos:99.5,Bstd:108.1,StrandBias:0.1,Multiplicity:1.25
0.137	0.483	0.001	0.379
0.507	0.230	0.207	0.056
0.997	0.001	0.001	0.001
0.997	0.001	0.001	0.001
0.001	0.432	0.296	0.270
0.001	0.001	0.001	0.997
0.001	0.001	0.001	0.997
0.001	0.291	0.198	0.510
>RAAATATA	4-RAAATATA	4.103584	-47.711321	0	T:247.0(28.36%),B:10901.4(15.66%),P:1e-20	Tpos:95.1,Tstd:60.5,Bpos:98.2,Bstd:137.9,StrandBias:-0.0,Multiplicity:1.16
0.482	0.001	0.516	0.001
0.997	0.001	0.001	0.001
0.997	0.001	0.001	0.001
0.604	0.001	0.394	0.001
0.001	0.001	0.001	0.997
0.997	0.001	0.001	0.001
0.005	0.001	0.001	0.993
0.920	0.078	0.001	0.001
>CTCAAATK	5-CTCAAATK	4.397468	-39.747871	0	T:285.0(32.72%),B:14113.6(20.28%),P:1e-17	Tpos:99.9,Tstd:56.3,Bpos:101.7,Bstd:119.3,StrandBias:0.0,Multiplicity:1.16
0.103	0.895	0.001	0.001
0.001	0.001	0.001	0.997
0.001	0.650	0.348	0.001
0.995	0.003	0.001	0.001
0.620	0.001	0.001	0.378
0.997	0.001	0.001	0.001
0.001	0.001	0.012	0.986
0.001	0.001	0.475	0.523
>GATATCGG	6-GATATCGG	5.323824	-23.435670	0	T:206.0(23.65%),B:10631.3(15.27%),P:1e-10	Tpos:104.1,Tstd:54.5,Bpos:99.3,Bstd:94.6,StrandBias:0.1,Multiplicity:1.18
0.077	0.066	0.742	0.115
0.887	0.069	0.026	0.018
0.053	0.054	0.041	0.852
0.796	0.045	0.059	0.100
0.056	0.068	0.031	0.845
0.173	0.714	0.066	0.047
0.093	0.062	0.662	0.183
0.175	0.125	0.510	0.190
>AAAATCTG	7-AAAATCTG	8.235089	-22.705517	0	T:98.0(11.25%),B:3934.5(5.65%),P:1e-9	Tpos:101.6,Tstd:57.4,Bpos:103.6,Bstd:106.6,StrandBias:0.5,Multiplicity:1.00
0.997	0.001	0.001	0.001
0.997	0.001	0.001	0.001
0.997	0.001	0.001	0.001
0.997	0.001	0.001	0.001
0.222	0.166	0.001	0.611
0.001	0.890	0.108	0.001
0.001	0.047	0.001	0.951
0.070	0.001	0.928	0.001
>GGGGGGGG	8-GGGGGGGG	8.379594	-20.789361	0	T:38.0(4.36%),B:951.5(1.37%),P:1e-9	Tpos:100.4,Tstd:59.0,Bpos:99.7,Bstd:62.5,StrandBias:0.3,Multiplicity:1.18
0.228	0.001	0.770	0.001
0.001	0.001	0.997	0.001
0.366	0.001	0.632	0.001
0.001	0.001	0.997	0.001
0.069	0.001	0.929	0.001
0.001	0.001	0.997	0.001
0.130	0.001	0.868	0.001
0.001	0.001	0.997	0.001
>TTTCCTTA	9-TTTCCTTA	7.932236	-18.715880	0	T:66.0(7.58%),B:2431.1(3.49%),P:1e-8	Tpos:93.3,Tstd:54.4,Bpos:97.1,Bstd:109.9,StrandBias:-0.6,Multiplicity:1.04
0.001	0.001	0.001	0.997
0.001	0.001	0.001	0.997
0.001	0.065	0.001	0.933
0.001	0.861	0.001	0.137
0.001	0.997	0.001	0.001
0.001	0.001	0.001	0.997
0.001	0.001	0.227	0.771
0.997	0.001	0.001	0.001
>TAGACCTW	10-TAGACCTW	8.021988	-18.382782	0	T:35.0(4.02%),B:908.0(1.30%),P:1e-7	Tpos:101.0,Tstd:48.8,Bpos:99.1,Bstd:78.5,StrandBias:0.1,Multiplicity:1.00
0.002	0.123	0.056	0.819
0.881	0.117	0.001	0.001
0.001	0.001	0.997	0.001
0.580	0.001	0.303	0.116
0.001	0.667	0.331	0.001
0.274	0.724	0.001	0.001
0.001	0.017	0.003	0.979
0.475	0.164	0.001	0.359
>GAGGAGGA	11-GAGGAGGA	7.000738	-16.851261	0	T:61.0(7.00%),B:2282.6(3.28%),P:1e-7	Tpos:90.3,Tstd:56.1,Bpos:100.1,Bstd:76.8,StrandBias:-0.6,Multiplicity:1.11
0.001	0.001	0.971	0.027
0.997	0.001	0.001	0.001
0.001	0.081	0.871	0.047
0.081	0.001	0.801	0.117
0.897	0.001	0.101	0.001
0.200	0.001	0.714	0.085
0.001	0.001	0.949	0.049
0.997	0.001	0.001	0.001
>ATGATGAT	12-ATGATGAT	4.161567	-13.783674	0	T:63.0(7.23%),B:2619.0(3.76%),P:1e-5	Tpos:91.2,Tstd:55.6,Bpos:96.8,Bstd:120.3,StrandBias:-0.8,Multiplicity:1.13
0.997	0.001	0.001	0.001
0.001	0.001	0.001	0.997
0.001	0.001	0.997	0.001
0.997	0.001	0.001	0.001
0.001	0.001	0.001	0.997
0.001	0.001	0.997	0.001
0.843	0.001	0.001	0.155
0.001	0.001	0.001	0.997
>TATATATA	13-TATATATA	8.236954	-11.905034	0	T:21.0(2.41%),B:535.9(0.77%),P:1e-5	Tpos:81.2,Tstd:67.3,Bpos:101.3,Bstd:124.9,StrandBias:0.0,Multiplicity:1.10
0.100	0.100	0.100	0.700
0.700	0.100	0.100	0.100
0.100	0.100	0.100	0.700
0.700	0.100	0.100	0.100
0.100	0.100	0.100	0.700
0.700	0.100	0.100	0.100
0.100	0.100	0.100	0.700
0.700	0.100	0.100	0.100
>GGGTCACC	14-GGGTCACC	8.417457	-10.091559	0	T:26.0(2.99%),B:849.6(1.22%),P:1e-4	Tpos:93.6,Tstd:62.1,Bpos:100.3,Bstd:90.5,StrandBias:0.5,Multiplicity:1.04
0.001	0.130	0.868	0.001
0.001	0.001	0.997	0.001
0.001	0.001	0.997	0.001
0.001	0.001	0.001	0.997
0.083	0.642	0.194	0.081
0.997	0.001	0.001	0.001
0.001	0.997	0.001	0.001
0.001	0.997	0.001	0.001
>CTGTGTGT	15-CTGTGTGT	9.020245	-8.143799	0	T:54.0(6.20%),B:2609.0(3.75%),P:1e-3	Tpos:109.0,Tstd:50.6,Bpos:101.8,Bstd:75.6,StrandBias:1.0,Multiplicity:1.24
0.001	0.677	0.321	0.001
0.001	0.001	0.014	0.984
0.004	0.037	0.958	0.001
0.001	0.001	0.001	0.997
0.003	0.193	0.803	0.001
0.011	0.004	0.001	0.984
0.001	0.277	0.721	0.001
0.087	0.006	0.001	0.906
>CCTACCTA	16-CCTACCTA	8.227301	-7.799348	0	T:17.0(1.95%),B:520.3(0.75%),P:1e-3	Tpos:111.7,Tstd:58.7,Bpos:92.4,Bstd:77.7,StrandBias:-1.2,Multiplicity:1.44
0.001	0.997	0.001	0.001
0.001	0.883	0.115	0.001
0.001	0.001	0.001	0.997
0.997	0.001	0.001	0.001
0.111	0.887	0.001	0.001
0.001	0.924	0.074	0.001
0.001	0.001	0.001	0.997
0.997	0.001	0.001	0.001
>BTTGTTGN	17-BTTGTTGN	5.226776	-7.191055	0	T:40.0(4.59%),B:1847.7(2.65%),P:1e-3	Tpos:88.2,Tstd:62.1,Bpos:100.0,Bstd:70.4,StrandBias:0.3,Multiplicity:1.21
0.174	0.266	0.351	0.210
0.201	0.110	0.130	0.559
0.187	0.103	0.125	0.585
0.141	0.160	0.553	0.146
0.131	0.189	0.146	0.534
0.189	0.125	0.171	0.515
0.118	0.118	0.643	0.121
0.185	0.220	0.334	0.261
>GATACAGA	18-GATACAGA	6.875909	-6.734985	0	T:135.0(15.50%),B:8341.4(11.98%),P:1e-2	Tpos:101.4,Tstd:52.5,Bpos:99.7,Bstd:110.9,StrandBias:-0.3,Multiplicity:1.52
0.001	0.277	0.721	0.001
0.997	0.001	0.001	0.001
0.001	0.001	0.256	0.742
0.752	0.246	0.001	0.001
0.001	0.997	0.001	0.001
0.656	0.001	0.001	0.342
0.001	0.001	0.739	0.259
0.665	0.001	0.217	0.117
>ATCTATCT	19-ATCTATCT	6.291044	-5.544567	0	T:157.0(18.03%),B:10230.7(14.70%),P:1e-2	Tpos:94.8,Tstd:52.5,Bpos:100.3,Bstd:115.9,StrandBias:0.3,Multiplicity:1.56
0.700	0.100	0.100	0.100
0.100	0.100	0.100	0.700
0.100	0.700	0.100	0.100
0.100	0.100	0.100	0.700
0.700	0.100	0.100	0.100
0.100	0.100	0.100	0.700
0.100	0.700	0.100	0.100
0.100	0.100	0.100	0.700
>GAGAGAGA	20-GAGAGAGA	7.607039	-2.911300	0	T:18.0(2.07%),B:943.1(1.36%),P:1e-1	Tpos:84.6,Tstd:54.3,Bpos:92.1,Bstd:84.8,StrandBias:0.4,Multiplicity:1.20
0.001	0.001	0.997	0.001
0.966	0.032	0.001	0.001
0.001	0.001	0.997	0.001
0.997	0.001	0.001	0.001
0.001	0.001	0.997	0.001
0.977	0.021	0.001	0.001
0.001	0.001	0.997	0.001
0.997	0.001	0.001	0.001
