>AAWTTTTAAA	1-AAWTTTTAAA	6.773001	-60.954310	0	T:361.0(41.45%),B:17244.2(24.78%),P:1e-26	Tpos:102.5,Tstd:54.2,Bpos:101.3,Bstd:154.3,StrandBias:-0.0,Multiplicity:1.57
0.962	0.001	0.013	0.024
0.857	0.017	0.007	0.119
0.469	0.013	0.008	0.510
0.175	0.015	0.039	0.771
0.129	0.004	0.012	0.855
0.049	0.098	0.005	0.848
0.137	0.121	0.292	0.451
0.625	0.094	0.133	0.148
0.642	0.027	0.164	0.167
0.574	0.041	0.206	0.179
>CTCAAATTTT	2-CTCAAATTTT	4.701118	-55.539208	0	T:540.0(62.00%),B:31094.4(44.67%),P:1e-24	Tpos:101.1,Tstd:55.2,Bpos:99.9,Bstd:110.3,StrandBias:-0.1,Multiplicity:1.39
0.100	0.696	0.102	0.102
0.116	0.106	0.095	0.683
0.086	0.687	0.123	0.104
0.724	0.099	0.097	0.080
0.693	0.087	0.114	0.106
0.704	0.101	0.098	0.097
0.107	0.097	0.092	0.704
0.093	0.099	0.089	0.719
0.091	0.084	0.093	0.732
0.113	0.127	0.102	0.658
>AAACGTAAAA	3-AAACGTAAAA	6.977132	-42.313887	0	T:229.0(26.29%),B:10223.0(14.69%),P:1e-18	Tpos:101.2,Tstd:61.7,Bpos:101.8,Bstd:115.4,StrandBias:-0.2,Multiplicity:1.08
0.840	0.054	0.039	0.067
0.863	0.050	0.045	0.042
0.771	0.074	0.062	0.093
0.147	0.688	0.107	0.058
0.096	0.086	0.717	0.101
0.072	0.061	0.045	0.822
0.812	0.045	0.045	0.098
0.815	0.072	0.046	0.067
0.836	0.058	0.031	0.075
0.840	0.070	0.031	0.059
>AAAAAAATTT	4-AAAAAAATTT	7.343146	-40.600261	0	T:220.0(25.26%),B:9804.8(14.09%),P:1e-17	Tpos:100.8,Tstd:54.6,Bpos:102.4,Bstd:149.0,StrandBias:-0.3,Multiplicity:1.15
0.912	0.027	0.054	0.007
0.799	0.093	0.030	0.078
0.847	0.061	0.057	0.035
0.843	0.042	0.007	0.108
0.851	0.033	0.027	0.089
0.713	0.043	0.062	0.182
0.781	0.051	0.040	0.128
0.133	0.040	0.061	0.766
0.159	0.033	0.090	0.718
0.049	0.049	0.125	0.777
>TATATATMTA	5-TATATATMTA	8.119385	-33.269253	0	T:21.0(2.41%),B:157.7(0.23%),P:1e-14	Tpos:80.6,Tstd:65.0,Bpos:99.5,Bstd:135.0,StrandBias:0.1,Multiplicity:1.10
0.223	0.206	0.130	0.441
0.666	0.141	0.017	0.176
0.027	0.225	0.113	0.635
0.573	0.314	0.001	0.112
0.030	0.111	0.124	0.735
0.572	0.203	0.111	0.114
0.095	0.186	0.077	0.642
0.381	0.448	0.169	0.001
0.027	0.017	0.172	0.784
0.577	0.148	0.198	0.077
>CCCAAAAACT	6-CCCAAAAACT	5.832595	-31.797465	0	T:282.0(32.38%),B:14785.3(21.24%),P:1e-13	Tpos:98.8,Tstd:56.2,Bpos:100.2,Bstd:117.7,StrandBias:0.1,Multiplicity:1.13
0.141	0.615	0.130	0.114
0.231	0.563	0.099	0.107
0.216	0.637	0.040	0.107
0.788	0.047	0.116	0.049
0.752	0.066	0.052	0.130
0.810	0.044	0.090	0.056
0.804	0.032	0.086	0.078
0.772	0.102	0.063	0.063
0.161	0.646	0.084	0.109
0.157	0.157	0.069	0.617
>CTGCAACATC	7-CTGCAACATC	8.632506	-31.431133	0	T:31.0(3.56%),B:431.2(0.62%),P:1e-13	Tpos:97.5,Tstd:50.1,Bpos:104.4,Bstd:67.7,StrandBias:-0.4,Multiplicity:1.00
0.149	0.780	0.043	0.028
0.161	0.001	0.139	0.699
0.148	0.135	0.625	0.092
0.098	0.814	0.075	0.013
0.806	0.067	0.126	0.001
0.801	0.001	0.180	0.018
0.300	0.618	0.081	0.001
0.756	0.086	0.051	0.107
0.139	0.058	0.094	0.709
0.001	0.793	0.065	0.141
>AGTAGGCCTA	8-AGTAGGCCTA	9.788133	-27.071932	0	T:20.0(2.30%),B:194.6(0.28%),P:1e-11	Tpos:101.1,Tstd:47.0,Bpos:98.6,Bstd:64.5,StrandBias:0.1,Multiplicity:1.05
0.692	0.001	0.160	0.147
0.068	0.061	0.851	0.020
0.001	0.001	0.001	0.997
0.929	0.001	0.069	0.001
0.056	0.001	0.942	0.001
0.001	0.001	0.923	0.075
0.001	0.895	0.047	0.057
0.001	0.997	0.001	0.001
0.001	0.064	0.001	0.934
0.892	0.001	0.064	0.043
>CTCGATATCG	9-CTCGATATCG	6.446532	-26.045429	0	T:130.0(14.93%),B:5538.3(7.96%),P:1e-11	Tpos:103.4,Tstd:55.4,Bpos:99.3,Bstd:96.1,StrandBias:0.0,Multiplicity:1.16
0.248	0.542	0.197	0.013
0.138	0.177	0.193	0.492
0.001	0.589	0.135	0.275
0.220	0.001	0.522	0.257
0.803	0.195	0.001	0.001
0.123	0.011	0.001	0.865
0.685	0.001	0.001	0.313
0.001	0.063	0.001	0.935
0.174	0.707	0.001	0.118
0.237	0.052	0.710	0.001
>ACTGATACAG	10-ACTGATACAG	9.342720	-23.625237	0	T:29.0(3.33%),B:517.8(0.74%),P:1e-10	Tpos:86.8,Tstd:52.7,Bpos:97.1,Bstd:73.6,StrandBias:0.5,Multiplicity:1.11
0.960	0.001	0.038	0.001
0.001	0.724	0.274	0.001
0.113	0.059	0.106	0.722
0.001	0.023	0.975	0.001
0.997	0.001	0.001	0.001
0.001	0.001	0.001	0.997
0.917	0.001	0.043	0.039
0.035	0.894	0.042	0.029
0.875	0.061	0.001	0.063
0.001	0.036	0.962	0.001
>GGGTSACCCC	11-GGGTSACCCC	9.290684	-22.700221	0	T:19.0(2.18%),B:222.2(0.32%),P:1e-9	Tpos:100.1,Tstd:65.7,Bpos:111.4,Bstd:117.1,StrandBias:0.1,Multiplicity:1.07
0.001	0.004	0.833	0.162
0.164	0.039	0.796	0.001
0.001	0.082	0.916	0.001
0.050	0.001	0.172	0.777
0.232	0.290	0.404	0.075
0.895	0.098	0.001	0.006
0.001	0.997	0.001	0.001
0.067	0.931	0.001	0.001
0.001	0.997	0.001	0.001
0.193	0.586	0.001	0.220
>GGGGGGGGGG	12-GGGGGGGGGG	6.433008	-17.462830	0	T:51.0(5.86%),B:1716.4(2.47%),P:1e-7	Tpos:99.8,Tstd:57.5,Bpos:99.9,Bstd:62.0,StrandBias:-0.3,Multiplicity:1.20
0.109	0.077	0.679	0.135
0.129	0.071	0.679	0.121
0.108	0.077	0.703	0.112
0.124	0.061	0.720	0.095
0.169	0.071	0.661	0.099
0.126	0.061	0.709	0.104
0.092	0.037	0.775	0.096
0.134	0.047	0.717	0.102
0.128	0.071	0.696	0.105
0.107	0.121	0.663	0.109
>ATTTTATTTT	13-ATTTTATTTT	11.879131	-16.672367	0	T:24.0(2.76%),B:507.8(0.73%),P:1e-7	Tpos:88.5,Tstd:49.2,Bpos:94.7,Bstd:116.1,StrandBias:-0.2,Multiplicity:1.12
0.997	0.001	0.001	0.001
0.001	0.001	0.001	0.997
0.001	0.033	0.001	0.965
0.001	0.001	0.001	0.997
0.001	0.001	0.001	0.997
0.997	0.001	0.001	0.001
0.001	0.001	0.001	0.997
0.001	0.146	0.244	0.609
0.001	0.001	0.001	0.997
0.001	0.001	0.001	0.997
>CCCGTTTCAC	14-CCCGTTTCAC	10.296193	-16.343950	0	T:4.0(0.46%),B:3.8(0.01%),P:1e-7	Tpos:66.0,Tstd:44.2,Bpos:132.7,Bstd:22.8,StrandBias:10.0,Multiplicity:1.00
0.100	0.700	0.100	0.100
0.100	0.700	0.100	0.100
0.100	0.700	0.100	0.100
0.100	0.100	0.700	0.100
0.100	0.100	0.100	0.700
0.100	0.100	0.100	0.700
0.100	0.100	0.100	0.700
0.100	0.700	0.100	0.100
0.700	0.100	0.100	0.100
0.100	0.700	0.100	0.100
>GTTGTTGTTG	15-GTTGTTGTTG	7.501000	-15.727233	0	T:17.0(1.95%),B:277.7(0.40%),P:1e-6	Tpos:69.6,Tstd:56.0,Bpos:95.2,Bstd:53.1,StrandBias:0.2,Multiplicity:1.59
0.001	0.001	0.997	0.001
0.001	0.001	0.001	0.997
0.001	0.001	0.001	0.997
0.001	0.001	0.997	0.001
0.001	0.001	0.001	0.997
0.026	0.001	0.001	0.972
0.068	0.001	0.930	0.001
0.001	0.001	0.001	0.997
0.001	0.001	0.001	0.997
0.001	0.001	0.997	0.001
>GAGGAGGAGG	16-GAGGAGGAGG	8.523675	-14.445892	0	T:13.0(1.49%),B:175.3(0.25%),P:1e-6	Tpos:116.3,Tstd:49.4,Bpos:98.2,Bstd:69.8,StrandBias:-1.0,Multiplicity:1.00
0.001	0.001	0.997	0.001
0.997	0.001	0.001	0.001
0.001	0.099	0.899	0.001
0.084	0.001	0.914	0.001
0.997	0.001	0.001	0.001
0.001	0.124	0.874	0.001
0.001	0.331	0.667	0.001
0.997	0.001	0.001	0.001
0.347	0.001	0.651	0.001
0.001	0.001	0.997	0.001
>TCTGTSTGTC	17-TCTGTSTGTC	10.015929	-11.921557	0	T:14.0(1.61%),B:256.5(0.37%),P:1e-5	Tpos:125.1,Tstd:33.3,Bpos:99.2,Bstd:70.9,StrandBias:1.1,Multiplicity:1.14
0.140	0.001	0.001	0.858
0.163	0.608	0.228	0.001
0.001	0.001	0.053	0.945
0.039	0.335	0.511	0.115
0.001	0.001	0.001	0.997
0.090	0.491	0.418	0.001
0.001	0.300	0.001	0.698
0.001	0.323	0.607	0.069
0.001	0.001	0.001	0.997
0.138	0.625	0.001	0.236
>GATGATGATG	18-GATGATGATG	9.829015	-11.736125	0	T:17.0(1.95%),B:374.9(0.54%),P:1e-5	Tpos:81.7,Tstd:53.1,Bpos:90.3,Bstd:127.5,StrandBias:-1.0,Multiplicity:1.29
0.001	0.080	0.799	0.120
0.903	0.001	0.095	0.001
0.001	0.194	0.073	0.732
0.001	0.001	0.997	0.001
0.798	0.200	0.001	0.001
0.001	0.192	0.283	0.524
0.005	0.001	0.993	0.001
0.917	0.081	0.001	0.001
0.050	0.164	0.001	0.785
0.001	0.001	0.997	0.001
>GCTGAGTACA	19-GCTGAGTACA	10.778893	-10.910066	0	T:8.0(0.92%),B:87.1(0.13%),P:1e-4	Tpos:92.1,Tstd:49.8,Bpos:98.1,Bstd:55.4,StrandBias:0.0,Multiplicity:1.00
0.125	0.001	0.873	0.001
0.001	0.997	0.001	0.001
0.001	0.253	0.001	0.745
0.001	0.001	0.745	0.253
0.899	0.001	0.001	0.099
0.001	0.001	0.997	0.001
0.001	0.001	0.001	0.997
0.997	0.001	0.001	0.001
0.001	0.997	0.001	0.001
0.745	0.001	0.001	0.253
>GTGTGTGTGT	20-GTGTGTGTGT	8.951528	-10.536499	0	T:38.0(4.36%),B:1454.6(2.09%),P:1e-4	Tpos:112.7,Tstd:49.4,Bpos:99.7,Bstd:63.8,StrandBias:2.1,Multiplicity:1.03
0.027	0.064	0.908	0.001
0.021	0.027	0.001	0.951
0.001	0.180	0.818	0.001
0.001	0.026	0.001	0.972
0.069	0.109	0.821	0.001
0.001	0.001	0.001	0.997
0.077	0.078	0.829	0.016
0.020	0.001	0.001	0.978
0.040	0.051	0.908	0.001
0.001	0.058	0.019	0.922
>TGATGGTAGC	21-TGATGGTAGC	10.296193	-9.165486	0	T:3.0(0.34%),B:7.0(0.01%),P:1e-3	Tpos:106.7,Tstd:60.3,Bpos:112.2,Bstd:42.0,StrandBias:2.6,Multiplicity:2.33
0.100	0.100	0.100	0.700
0.100	0.100	0.700	0.100
0.700	0.100	0.100	0.100
0.100	0.100	0.100	0.700
0.100	0.100	0.700	0.100
0.100	0.100	0.700	0.100
0.100	0.100	0.100	0.700
0.700	0.100	0.100	0.100
0.100	0.100	0.700	0.100
0.100	0.700	0.100	0.100
>ACMTACATAC	22-ACMTACATAC	8.587996	-6.063263	0	T:16.0(1.84%),B:560.6(0.81%),P:1e-2	Tpos:117.1,Tstd:47.4,Bpos:102.7,Bstd:121.0,StrandBias:-1.8,Multiplicity:1.25
0.570	0.150	0.235	0.045
0.068	0.655	0.142	0.135
0.363	0.495	0.122	0.020
0.001	0.125	0.084	0.790
0.997	0.001	0.001	0.001
0.040	0.901	0.001	0.058
0.623	0.273	0.017	0.087
0.212	0.125	0.167	0.495
0.682	0.123	0.113	0.082
0.122	0.750	0.078	0.050
>TCTCACATCA	23-TCTCACATCA	11.582107	-4.307501	0	T:3.0(0.34%),B:39.5(0.06%),P:1e-1	Tpos:93.3,Tstd:51.4,Bpos:119.7,Bstd:41.8,StrandBias:10.0,Multiplicity:3.00
0.001	0.001	0.001	0.997
0.001	0.997	0.001	0.001
0.001	0.105	0.001	0.893
0.001	0.997	0.001	0.001
0.997	0.001	0.001	0.001
0.001	0.997	0.001	0.001
0.997	0.001	0.001	0.001
0.001	0.001	0.001	0.997
0.001	0.997	0.001	0.001
0.997	0.001	0.001	0.001
>GAGAGAGAGA	24-GAGAGAGAGA	9.794531	-2.304445	0	T:6.0(0.69%),B:252.2(0.36%),P:1e-1	Tpos:83.4,Tstd:53.8,Bpos:89.1,Bstd:84.5,StrandBias:0.3,Multiplicity:1.50
0.001	0.001	0.997	0.001
0.982	0.016	0.001	0.001
0.001	0.001	0.997	0.001
0.980	0.018	0.001	0.001
0.001	0.001	0.997	0.001
0.968	0.017	0.001	0.014
0.001	0.001	0.997	0.001
0.967	0.019	0.013	0.001
0.001	0.001	0.997	0.001
0.981	0.010	0.001	0.008
>GCTGTAATGG	25-GCTGTAATGG	10.296193	-1.464761	0	T:1.0(0.11%),B:21.6(0.03%),P:1e0	Tpos:90.0,Tstd:58.8,Bpos:107.2,Bstd:55.6,StrandBias:-10.0,Multiplicity:9.00
0.100	0.100	0.700	0.100
0.100	0.700	0.100	0.100
0.100	0.100	0.100	0.700
0.100	0.100	0.700	0.100
0.100	0.100	0.100	0.700
0.700	0.100	0.100	0.100
0.700	0.100	0.100	0.100
0.100	0.100	0.100	0.700
0.100	0.100	0.700	0.100
0.100	0.100	0.700	0.100
