>AWTTTTGG	1-AWTTTTGG	5.121015	-61.383122	0	T:605.0(69.46%),B:35788.2(51.42%),P:1e-26	Tpos:100.6,Tstd:56.1,Bpos:100.3,Bstd:128.1,StrandBias:-0.1,Multiplicity:1.42
0.891	0.001	0.071	0.037
0.371	0.146	0.205	0.278
0.003	0.001	0.026	0.970
0.001	0.001	0.001	0.997
0.001	0.034	0.001	0.964
0.017	0.073	0.024	0.886
0.096	0.082	0.601	0.221
0.290	0.134	0.575	0.001
>AAAAATTT	2-AAAAATTT	5.954686	-60.987092	0	T:415.0(47.65%),B:21025.2(30.21%),P:1e-26	Tpos:101.5,Tstd:54.4,Bpos:99.7,Bstd:144.7,StrandBias:-0.2,Multiplicity:1.44
0.564	0.168	0.067	0.201
0.676	0.163	0.069	0.092
0.926	0.037	0.036	0.001
0.927	0.022	0.020	0.031
0.784	0.093	0.001	0.122
0.233	0.042	0.081	0.644
0.140	0.034	0.022	0.804
0.083	0.060	0.178	0.679
>YAAASTTT	3-YAAASTTT	5.846739	-51.386041	0	T:527.0(60.51%),B:30535.7(43.87%),P:1e-22	Tpos:102.2,Tstd:55.7,Bpos:99.5,Bstd:108.1,StrandBias:0.1,Multiplicity:1.25
0.137	0.483	0.001	0.379
0.507	0.230	0.207	0.056
0.997	0.001	0.001	0.001
0.997	0.001	0.001	0.001
0.001	0.432	0.296	0.270
0.001	0.001	0.001	0.997
0.001	0.001	0.001	0.997
0.001	0.291	0.198	0.510
>RAAATATA	4-RAAATATA	4.103584	-47.711321	0	T:247.0(28.36%),B:10901.4(15.66%),P:1e-20	Tpos:95.1,Tstd:60.5,Bpos:98.2,Bstd:137.9,StrandBias:-0.0,Multiplicity:1.16
0.482	0.001	0.516	0.001
0.997	0.001	0.001	0.001
0.997	0.001	0.001	0.001
0.604	0.001	0.394	0.001
0.001	0.001	0.001	0.997
0.997	0.001	0.001	0.001
0.005	0.001	0.001	0.993
0.920	0.078	0.001	0.001
>CTCAAATK	5-CTCAAATK	4.397468	-39.747871	0	T:285.0(32.72%),B:14113.6(20.28%),P:1e-17	Tpos:99.9,Tstd:56.3,Bpos:101.7,Bstd:119.3,StrandBias:0.0,Multiplicity:1.16
0.103	0.895	0.001	0.001
0.001	0.001	0.001	0.997
0.001	0.650	0.348	0.001
0.995	0.003	0.001	0.001
0.620	0.001	0.001	0.378
0.997	0.001	0.001	0.001
0.001	0.001	0.012	0.986
0.001	0.001	0.475	0.523
>GATATCGG	6-GATATCGG	5.323824	-23.435670	0	T:206.0(23.65%),B:10631.3(15.27%),P:1e-10	Tpos:104.1,Tstd:54.5,Bpos:99.3,Bstd:94.6,StrandBias:0.1,Multiplicity:1.18
0.077	0.066	0.742	0.115
0.887	0.069	0.026	0.018
0.053	0.054	0.041	0.852
0.796	0.045	0.059	0.100
0.056	0.068	0.031	0.845
0.173	0.714	0.066	0.047
0.093	0.062	0.662	0.183
0.175	0.125	0.510	0.190
>AAAATCTG	7-AAAATCTG	8.235089	-22.705517	0	T:98.0(11.25%),B:3934.5(5.65%),P:1e-9	Tpos:101.6,Tstd:57.4,Bpos:103.6,Bstd:106.6,StrandBias:0.5,Multiplicity:1.00
0.997	0.001	0.001	0.001
0.997	0.001	0.001	0.001
0.997	0.001	0.001	0.001
0.997	0.001	0.001	0.001
0.222	0.166	0.001	0.611
0.001	0.890	0.108	0.001
0.001	0.047	0.001	0.951
0.070	0.001	0.928	0.001
>GGGGGGGG	8-GGGGGGGG	8.379594	-20.789361	0	T:38.0(4.36%),B:951.5(1.37%),P:1e-9	Tpos:100.4,Tstd:59.0,Bpos:99.7,Bstd:62.5,StrandBias:0.3,Multiplicity:1.18
0.228	0.001	0.770	0.001
0.001	0.001	0.997	0.001
0.366	0.001	0.632	0.001
0.001	0.001	0.997	0.001
0.069	0.001	0.929	0.001
0.001	0.001	0.997	0.001
0.130	0.001	0.868	0.001
0.001	0.001	0.997	0.001
>TTTCCTTA	9-TTTCCTTA	7.932236	-18.715880	0	T:66.0(7.58%),B:2431.1(3.49%),P:1e-8	Tpos:93.3,Tstd:54.4,Bpos:97.1,Bstd:109.9,StrandBias:-0.6,Multiplicity:1.04
0.001	0.001	0.001	0.997
0.001	0.001	0.001	0.997
0.001	0.065	0.001	0.933
0.001	0.861	0.001	0.137
0.001	0.997	0.001	0.001
0.001	0.001	0.001	0.997
0.001	0.001	0.227	0.771
0.997	0.001	0.001	0.001
>TAGACCTW	10-TAGACCTW	8.021988	-18.382782	0	T:35.0(4.02%),B:908.0(1.30%),P:1e-7	Tpos:101.0,Tstd:48.8,Bpos:99.1,Bstd:78.5,StrandBias:0.1,Multiplicity:1.00
0.002	0.123	0.056	0.819
0.881	0.117	0.001	0.001
0.001	0.001	0.997	0.001
0.580	0.001	0.303	0.116
0.001	0.667	0.331	0.001
0.274	0.724	0.001	0.001
0.001	0.017	0.003	0.979
0.475	0.164	0.001	0.359
>GAGGAGGA	11-GAGGAGGA	7.000738	-16.851261	0	T:61.0(7.00%),B:2282.6(3.28%),P:1e-7	Tpos:90.3,Tstd:56.1,Bpos:100.1,Bstd:76.8,StrandBias:-0.6,Multiplicity:1.11
0.001	0.001	0.971	0.027
0.997	0.001	0.001	0.001
0.001	0.081	0.871	0.047
0.081	0.001	0.801	0.117
0.897	0.001	0.101	0.001
0.200	0.001	0.714	0.085
0.001	0.001	0.949	0.049
0.997	0.001	0.001	0.001
>ATGATGAT	12-ATGATGAT	4.161567	-13.783674	0	T:63.0(7.23%),B:2619.0(3.76%),P:1e-5	Tpos:91.2,Tstd:55.6,Bpos:96.8,Bstd:120.3,StrandBias:-0.8,Multiplicity:1.13
0.997	0.001	0.001	0.001
0.001	0.001	0.001	0.997
0.001	0.001	0.997	0.001
0.997	0.001	0.001	0.001
0.001	0.001	0.001	0.997
0.001	0.001	0.997	0.001
0.843	0.001	0.001	0.155
0.001	0.001	0.001	0.997
>TATATATA	13-TATATATA	8.236954	-11.905034	0	T:21.0(2.41%),B:535.9(0.77%),P:1e-5	Tpos:81.2,Tstd:67.3,Bpos:101.3,Bstd:124.9,StrandBias:0.0,Multiplicity:1.10
0.100	0.100	0.100	0.700
0.700	0.100	0.100	0.100
0.100	0.100	0.100	0.700
0.700	0.100	0.100	0.100
0.100	0.100	0.100	0.700
0.700	0.100	0.100	0.100
0.100	0.100	0.100	0.700
0.700	0.100	0.100	0.100
>GGGTCACC	14-GGGTCACC	8.417457	-10.091559	0	T:26.0(2.99%),B:849.6(1.22%),P:1e-4	Tpos:93.6,Tstd:62.1,Bpos:100.3,Bstd:90.5,StrandBias:0.5,Multiplicity:1.04
0.001	0.130	0.868	0.001
0.001	0.001	0.997	0.001
0.001	0.001	0.997	0.001
0.001	0.001	0.001	0.997
0.083	0.642	0.194	0.081
0.997	0.001	0.001	0.001
0.001	0.997	0.001	0.001
0.001	0.997	0.001	0.001
>CTGTGTGT	15-CTGTGTGT	9.020245	-8.143799	0	T:54.0(6.20%),B:2609.0(3.75%),P:1e-3	Tpos:109.0,Tstd:50.6,Bpos:101.8,Bstd:75.6,StrandBias:1.0,Multiplicity:1.24
0.001	0.677	0.321	0.001
0.001	0.001	0.014	0.984
0.004	0.037	0.958	0.001
0.001	0.001	0.001	0.997
0.003	0.193	0.803	0.001
0.011	0.004	0.001	0.984
0.001	0.277	0.721	0.001
0.087	0.006	0.001	0.906
>CCTACCTA	16-CCTACCTA	8.227301	-7.799348	0	T:17.0(1.95%),B:520.3(0.75%),P:1e-3	Tpos:111.7,Tstd:58.7,Bpos:92.4,Bstd:77.7,StrandBias:-1.2,Multiplicity:1.44
0.001	0.997	0.001	0.001
0.001	0.883	0.115	0.001
0.001	0.001	0.001	0.997
0.997	0.001	0.001	0.001
0.111	0.887	0.001	0.001
0.001	0.924	0.074	0.001
0.001	0.001	0.001	0.997
0.997	0.001	0.001	0.001
>BTTGTTGN	17-BTTGTTGN	5.226776	-7.191055	0	T:40.0(4.59%),B:1847.7(2.65%),P:1e-3	Tpos:88.2,Tstd:62.1,Bpos:100.0,Bstd:70.4,StrandBias:0.3,Multiplicity:1.21
0.174	0.266	0.351	0.210
0.201	0.110	0.130	0.559
0.187	0.103	0.125	0.585
0.141	0.160	0.553	0.146
0.131	0.189	0.146	0.534
0.189	0.125	0.171	0.515
0.118	0.118	0.643	0.121
0.185	0.220	0.334	0.261
>GATACAGA	18-GATACAGA	6.875909	-6.734985	0	T:135.0(15.50%),B:8341.4(11.98%),P:1e-2	Tpos:101.4,Tstd:52.5,Bpos:99.7,Bstd:110.9,StrandBias:-0.3,Multiplicity:1.52
0.001	0.277	0.721	0.001
0.997	0.001	0.001	0.001
0.001	0.001	0.256	0.742
0.752	0.246	0.001	0.001
0.001	0.997	0.001	0.001
0.656	0.001	0.001	0.342
0.001	0.001	0.739	0.259
0.665	0.001	0.217	0.117
>ATCTATCT	19-ATCTATCT	6.291044	-5.544567	0	T:157.0(18.03%),B:10230.7(14.70%),P:1e-2	Tpos:94.8,Tstd:52.5,Bpos:100.3,Bstd:115.9,StrandBias:0.3,Multiplicity:1.56
0.700	0.100	0.100	0.100
0.100	0.100	0.100	0.700
0.100	0.700	0.100	0.100
0.100	0.100	0.100	0.700
0.700	0.100	0.100	0.100
0.100	0.100	0.100	0.700
0.100	0.700	0.100	0.100
0.100	0.100	0.100	0.700
>GAGAGAGA	20-GAGAGAGA	7.607039	-2.911300	0	T:18.0(2.07%),B:943.1(1.36%),P:1e-1	Tpos:84.6,Tstd:54.3,Bpos:92.1,Bstd:84.8,StrandBias:0.4,Multiplicity:1.20
0.001	0.001	0.997	0.001
0.966	0.032	0.001	0.001
0.001	0.001	0.997	0.001
0.997	0.001	0.001	0.001
0.001	0.001	0.997	0.001
0.977	0.021	0.001	0.001
0.001	0.001	0.997	0.001
0.997	0.001	0.001	0.001
