>NGTTACGTAA	1-NGTTACGTAA	7.759075	-76.019086	0	T:101.0(17.35%),B:1455.7(4.16%),P:1e-33	Tpos:78.3,Tstd:46.7,Bpos:87.2,Bstd:56.9,StrandBias:-0.1,Multiplicity:1.12
0.287	0.319	0.173	0.221
0.262	0.195	0.451	0.092
0.001	0.001	0.001	0.997
0.001	0.001	0.001	0.997
0.776	0.001	0.222	0.001
0.001	0.759	0.001	0.239
0.399	0.001	0.599	0.001
0.001	0.001	0.001	0.997
0.997	0.001	0.001	0.001
0.997	0.001	0.001	0.001
>AATTCCTTTT	2-AATTCCTTTT	9.211079	-31.325120	0	T:34.0(5.84%),B:399.2(1.14%),P:1e-13	Tpos:95.3,Tstd:56.6,Bpos:93.5,Bstd:55.7,StrandBias:0.0,Multiplicity:1.03
0.882	0.091	0.001	0.026
0.930	0.030	0.039	0.001
0.001	0.001	0.001	0.997
0.025	0.057	0.001	0.917
0.001	0.997	0.001	0.001
0.015	0.963	0.001	0.021
0.245	0.052	0.001	0.702
0.042	0.035	0.148	0.775
0.001	0.039	0.032	0.928
0.001	0.035	0.001	0.963
>GAGTTAAACG	3-GAGTTAAACG	11.840802	-23.725745	0	T:8.0(1.37%),B:12.6(0.04%),P:1e-10	Tpos:148.8,Tstd:18.7,Bpos:115.3,Bstd:48.3,StrandBias:1.6,Multiplicity:1.00
0.001	0.001	0.997	0.001
0.997	0.001	0.001	0.001
0.001	0.001	0.997	0.001
0.001	0.001	0.001	0.997
0.001	0.001	0.001	0.997
0.997	0.001	0.001	0.001
0.997	0.001	0.001	0.001
0.997	0.001	0.001	0.001
0.001	0.997	0.001	0.001
0.001	0.136	0.862	0.001
>CGCAGGCGTC	4-CGCAGGCGTC	10.346067	-23.498416	0	T:11.0(1.89%),B:37.1(0.11%),P:1e-10	Tpos:97.4,Tstd:71.4,Bpos:99.4,Bstd:56.6,StrandBias:-0.3,Multiplicity:1.00
0.001	0.867	0.131	0.001
0.001	0.001	0.997	0.001
0.001	0.867	0.131	0.001
0.924	0.074	0.001	0.001
0.001	0.001	0.976	0.022
0.052	0.001	0.877	0.070
0.131	0.867	0.001	0.001
0.080	0.001	0.918	0.001
0.001	0.109	0.001	0.889
0.052	0.887	0.001	0.060
>GGTCACCTCC	5-GGTCACCTCC	9.960423	-23.334934	0	T:17.0(2.92%),B:124.5(0.36%),P:1e-10	Tpos:77.9,Tstd:51.8,Bpos:87.8,Bstd:53.8,StrandBias:-2.2,Multiplicity:1.00
0.001	0.001	0.997	0.001
0.001	0.110	0.729	0.160
0.001	0.001	0.001	0.997
0.001	0.939	0.059	0.001
0.997	0.001	0.001	0.001
0.001	0.603	0.336	0.060
0.001	0.941	0.057	0.001
0.001	0.001	0.001	0.997
0.001	0.941	0.001	0.057
0.001	0.923	0.001	0.075
>TATTCTCTAC	6-TATTCTCTAC	9.719977	-23.188562	0	T:19.0(3.26%),B:163.1(0.47%),P:1e-10	Tpos:108.7,Tstd:44.8,Bpos:107.8,Bstd:55.1,StrandBias:-1.1,Multiplicity:1.00
0.200	0.057	0.001	0.742
0.912	0.046	0.001	0.041
0.001	0.071	0.092	0.836
0.001	0.001	0.001	0.997
0.001	0.942	0.056	0.001
0.001	0.001	0.001	0.997
0.001	0.962	0.036	0.001
0.041	0.048	0.001	0.910
0.923	0.041	0.001	0.035
0.060	0.835	0.104	0.001
>CCACTGACCC	7-CCACTGACCC	10.296193	-22.926757	0	T:6.0(1.03%),B:4.3(0.01%),P:1e-9	Tpos:111.7,Tstd:19.0,Bpos:66.1,Bstd:50.6,StrandBias:-10.0,Multiplicity:1.00
0.100	0.700	0.100	0.100
0.100	0.700	0.100	0.100
0.700	0.100	0.100	0.100
0.100	0.700	0.100	0.100
0.100	0.100	0.100	0.700
0.100	0.100	0.700	0.100
0.700	0.100	0.100	0.100
0.100	0.700	0.100	0.100
0.100	0.700	0.100	0.100
0.100	0.700	0.100	0.100
>AGACACTGCC	8-AGACACTGCC	10.428722	-22.848905	0	T:13.0(2.23%),B:64.0(0.18%),P:1e-9	Tpos:102.8,Tstd:44.9,Bpos:102.9,Bstd:51.6,StrandBias:-0.7,Multiplicity:1.00
0.997	0.001	0.001	0.001
0.001	0.001	0.997	0.001
0.740	0.001	0.258	0.001
0.001	0.997	0.001	0.001
0.997	0.001	0.001	0.001
0.001	0.901	0.097	0.001
0.001	0.001	0.001	0.997
0.413	0.001	0.585	0.001
0.001	0.997	0.001	0.001
0.001	0.782	0.216	0.001
>GTCTCTTCAA	9-GTCTCTTCAA	7.956710	-21.143765	0	T:22.0(3.78%),B:253.6(0.72%),P:1e-9	Tpos:98.2,Tstd:52.2,Bpos:109.9,Bstd:53.9,StrandBias:-0.1,Multiplicity:1.14
0.066	0.071	0.692	0.171
0.247	0.016	0.234	0.503
0.029	0.628	0.194	0.149
0.255	0.044	0.045	0.656
0.036	0.615	0.027	0.322
0.024	0.182	0.225	0.569
0.169	0.027	0.268	0.536
0.028	0.869	0.065	0.038
0.854	0.030	0.036	0.080
0.521	0.236	0.021	0.222
>TGCATAAAGG	10-TGCATAAAGG	10.383497	-20.795194	0	T:13.0(2.23%),B:76.0(0.22%),P:1e-9	Tpos:46.3,Tstd:45.5,Bpos:81.2,Bstd:54.5,StrandBias:-1.1,Multiplicity:1.60
0.001	0.001	0.001	0.997
0.001	0.001	0.997	0.001
0.001	0.997	0.001	0.001
0.997	0.001	0.001	0.001
0.047	0.001	0.001	0.951
0.997	0.001	0.001	0.001
0.997	0.001	0.001	0.001
0.997	0.001	0.001	0.001
0.001	0.083	0.915	0.001
0.001	0.001	0.732	0.266
>TCTGCTCTGC	11-TCTGCTCTGC	8.217088	-20.105627	0	T:22.0(3.78%),B:268.2(0.77%),P:1e-8	Tpos:111.7,Tstd:52.5,Bpos:98.9,Bstd:55.1,StrandBias:-0.2,Multiplicity:1.09
0.048	0.062	0.001	0.889
0.089	0.839	0.001	0.071
0.043	0.062	0.001	0.894
0.001	0.001	0.997	0.001
0.062	0.882	0.001	0.055
0.059	0.001	0.079	0.861
0.001	0.997	0.001	0.001
0.001	0.095	0.001	0.903
0.001	0.001	0.946	0.052
0.040	0.844	0.075	0.041
>ATACATAACA	12-ATACATAACA	6.894966	-19.758278	0	T:83.0(14.26%),B:2518.0(7.19%),P:1e-8	Tpos:95.7,Tstd:52.9,Bpos:96.6,Bstd:57.7,StrandBias:-0.3,Multiplicity:1.09
0.816	0.065	0.061	0.058
0.030	0.094	0.049	0.827
0.806	0.037	0.070	0.087
0.061	0.814	0.080	0.045
0.775	0.066	0.089	0.070
0.048	0.055	0.101	0.796
0.774	0.083	0.058	0.085
0.810	0.081	0.050	0.059
0.041	0.801	0.087	0.071
0.788	0.066	0.094	0.052
>GTACTGTGGA	13-GTACTGTGGA	12.515737	-19.568742	0	T:9.0(1.55%),B:30.1(0.09%),P:1e-8	Tpos:140.6,Tstd:45.1,Bpos:123.3,Bstd:52.5,StrandBias:1.8,Multiplicity:1.00
0.001	0.001	0.652	0.346
0.001	0.001	0.001	0.997
0.997	0.001	0.001	0.001
0.001	0.997	0.001	0.001
0.219	0.001	0.001	0.779
0.001	0.001	0.997	0.001
0.013	0.001	0.001	0.985
0.001	0.001	0.997	0.001
0.001	0.001	0.997	0.001
0.997	0.001	0.001	0.001
>TAGCTTTGAA	14-TAGCTTTGAA	8.172951	-18.460556	0	T:27.0(4.64%),B:434.8(1.24%),P:1e-8	Tpos:108.7,Tstd:62.6,Bpos:97.3,Bstd:53.8,StrandBias:-0.6,Multiplicity:1.08
0.001	0.001	0.052	0.946
0.811	0.041	0.087	0.061
0.001	0.001	0.975	0.023
0.038	0.832	0.063	0.067
0.001	0.001	0.001	0.997
0.049	0.001	0.046	0.904
0.001	0.106	0.001	0.892
0.001	0.055	0.874	0.070
0.949	0.049	0.001	0.001
0.851	0.048	0.058	0.043
>GTTCGGGATT	15-GTTCGGGATT	12.339793	-18.414007	0	T:5.0(0.86%),B:4.5(0.01%),P:1e-7	Tpos:156.2,Tstd:30.2,Bpos:130.0,Bstd:63.3,StrandBias:-2.0,Multiplicity:1.00
0.001	0.001	0.997	0.001
0.001	0.001	0.224	0.774
0.001	0.001	0.001	0.997
0.001	0.997	0.001	0.001
0.001	0.001	0.997	0.001
0.001	0.001	0.997	0.001
0.001	0.001	0.997	0.001
0.997	0.001	0.001	0.001
0.001	0.001	0.001	0.997
0.001	0.001	0.001	0.997
>GGCYCATAGA	16-GGCYCATAGA	10.458738	-18.042836	0	T:8.0(1.37%),B:25.8(0.07%),P:1e-7	Tpos:96.3,Tstd:52.8,Bpos:95.1,Bstd:59.8,StrandBias:2.0,Multiplicity:1.25
0.001	0.001	0.997	0.001
0.001	0.001	0.997	0.001
0.170	0.828	0.001	0.001
0.001	0.425	0.227	0.348
0.001	0.997	0.001	0.001
0.767	0.001	0.001	0.231
0.192	0.001	0.001	0.806
0.651	0.347	0.001	0.001
0.001	0.001	0.997	0.001
0.997	0.001	0.001	0.001
>CACAGGATGA	17-CACAGGATGA	10.296193	-17.267135	0	T:7.0(1.20%),B:18.0(0.05%),P:1e-7	Tpos:103.7,Tstd:39.0,Bpos:130.4,Bstd:39.5,StrandBias:-10.0,Multiplicity:1.00
0.100	0.700	0.100	0.100
0.700	0.100	0.100	0.100
0.100	0.700	0.100	0.100
0.700	0.100	0.100	0.100
0.100	0.100	0.700	0.100
0.100	0.100	0.700	0.100
0.700	0.100	0.100	0.100
0.100	0.100	0.100	0.700
0.100	0.100	0.700	0.100
0.700	0.100	0.100	0.100
>CTGCCGCCTT	18-CTGCCGCCTT	10.296193	-16.830892	0	T:4.0(0.69%),B:2.1(0.01%),P:1e-7	Tpos:93.8,Tstd:37.2,Bpos:97.9,Bstd:60.7,StrandBias:0.0,Multiplicity:1.00
0.100	0.700	0.100	0.100
0.100	0.100	0.100	0.700
0.100	0.100	0.700	0.100
0.100	0.700	0.100	0.100
0.100	0.700	0.100	0.100
0.100	0.100	0.700	0.100
0.100	0.700	0.100	0.100
0.100	0.700	0.100	0.100
0.100	0.100	0.100	0.700
0.100	0.100	0.100	0.700
>CAGCGAGGGA	19-CAGCGAGGGA	10.389787	-16.729550	0	T:10.0(1.72%),B:56.7(0.16%),P:1e-7	Tpos:85.0,Tstd:32.8,Bpos:112.0,Bstd:55.6,StrandBias:0.6,Multiplicity:1.00
0.001	0.978	0.020	0.001
0.997	0.001	0.001	0.001
0.423	0.001	0.575	0.001
0.001	0.997	0.001	0.001
0.001	0.001	0.697	0.301
0.848	0.001	0.001	0.150
0.001	0.150	0.848	0.001
0.114	0.226	0.659	0.001
0.001	0.001	0.683	0.315
0.975	0.001	0.001	0.023
>GTATTAGGGA	20-GTATTAGGGA	12.461536	-16.414091	0	T:5.0(0.86%),B:6.7(0.02%),P:1e-7	Tpos:95.8,Tstd:46.3,Bpos:40.8,Bstd:37.0,StrandBias:-10.0,Multiplicity:1.00
0.001	0.001	0.997	0.001
0.001	0.001	0.001	0.997
0.997	0.001	0.001	0.001
0.001	0.001	0.001	0.997
0.001	0.001	0.253	0.745
0.997	0.001	0.001	0.001
0.001	0.001	0.997	0.001
0.001	0.001	0.997	0.001
0.001	0.001	0.997	0.001
0.997	0.001	0.001	0.001
>CTCGCTCTCT	21-CTCGCTCTCT	6.989332	-16.293883	0	T:57.0(9.79%),B:1597.1(4.56%),P:1e-7	Tpos:82.8,Tstd:49.6,Bpos:89.6,Bstd:54.0,StrandBias:1.6,Multiplicity:1.11
0.056	0.750	0.167	0.027
0.142	0.017	0.121	0.720
0.053	0.842	0.001	0.104
0.023	0.090	0.807	0.080
0.065	0.831	0.027	0.077
0.028	0.061	0.117	0.794
0.030	0.802	0.083	0.085
0.138	0.012	0.081	0.769
0.058	0.836	0.035	0.071
0.060	0.028	0.054	0.858
>CATTAGCRAT	22-CATTAGCRAT	8.743411	-16.197723	0	T:25.0(4.30%),B:424.6(1.21%),P:1e-7	Tpos:103.9,Tstd:58.1,Bpos:94.5,Bstd:56.7,StrandBias:0.1,Multiplicity:1.04
0.166	0.832	0.001	0.001
0.997	0.001	0.001	0.001
0.001	0.001	0.166	0.832
0.354	0.001	0.001	0.644
0.873	0.001	0.125	0.001
0.001	0.001	0.997	0.001
0.001	0.997	0.001	0.001
0.460	0.001	0.538	0.001
0.997	0.001	0.001	0.001
0.272	0.001	0.001	0.726
>ACAGCCSGCA	23-ACAGCCSGCA	10.425987	-15.100709	0	T:9.0(1.55%),B:51.9(0.15%),P:1e-6	Tpos:114.4,Tstd:59.5,Bpos:105.5,Bstd:60.2,StrandBias:0.8,Multiplicity:1.22
0.997	0.001	0.001	0.001
0.007	0.738	0.001	0.254
0.861	0.001	0.001	0.137
0.046	0.355	0.598	0.001
0.001	0.997	0.001	0.001
0.001	0.997	0.001	0.001
0.001	0.333	0.449	0.217
0.001	0.001	0.997	0.001
0.001	0.667	0.331	0.001
0.997	0.001	0.001	0.001
>CATGGAGGAG	24-CATGGAGGAG	6.019845	-15.089602	0	T:37.0(6.36%),B:864.3(2.47%),P:1e-6	Tpos:111.9,Tstd:53.2,Bpos:107.1,Bstd:53.2,StrandBias:1.1,Multiplicity:1.08
0.001	0.997	0.001	0.001
0.939	0.029	0.001	0.031
0.001	0.073	0.001	0.925
0.046	0.001	0.952	0.001
0.026	0.001	0.972	0.001
0.951	0.047	0.001	0.001
0.001	0.168	0.716	0.115
0.020	0.001	0.978	0.001
0.717	0.009	0.001	0.273
0.001	0.001	0.997	0.001
>ATTTAACSTT	25-ATTTAACSTT	8.416116	-11.815487	0	T:26.0(4.47%),B:579.3(1.65%),P:1e-5	Tpos:92.4,Tstd:50.4,Bpos:90.6,Bstd:58.7,StrandBias:-0.1,Multiplicity:1.04
0.997	0.001	0.001	0.001
0.003	0.085	0.071	0.841
0.001	0.001	0.001	0.997
0.085	0.001	0.073	0.841
0.879	0.119	0.001	0.001
0.746	0.079	0.104	0.071
0.038	0.960	0.001	0.001
0.039	0.443	0.505	0.013
0.001	0.161	0.001	0.837
0.103	0.001	0.001	0.895
