>TRCRTAAN	1-TRCRTAAN	6.706810	-43.019398	0	T:108.0(18.56%),B:2525.3(7.21%),P:1e-18	Tpos:75.8,Tstd:48.8,Bpos:88.4,Bstd:58.1,StrandBias:0.1,Multiplicity:1.30
0.047	0.146	0.131	0.676
0.463	0.135	0.386	0.016
0.016	0.734	0.115	0.135
0.447	0.100	0.384	0.068
0.001	0.058	0.059	0.882
0.753	0.066	0.123	0.058
0.842	0.028	0.098	0.032
0.290	0.253	0.175	0.282
>CCACAGTA	2-CCACAGTA	6.798117	-16.646232	0	T:74.0(12.71%),B:2302.4(6.57%),P:1e-7	Tpos:106.4,Tstd:55.1,Bpos:98.6,Bstd:55.8,StrandBias:0.1,Multiplicity:1.05
0.001	0.883	0.065	0.051
0.168	0.747	0.001	0.084
0.526	0.093	0.022	0.359
0.111	0.801	0.076	0.012
0.750	0.029	0.039	0.182
0.146	0.169	0.649	0.036
0.001	0.001	0.062	0.936
0.746	0.088	0.108	0.058
>CGCTCTCT	3-CGCTCTCT	7.280265	-13.341146	0	T:54.0(9.28%),B:1626.0(4.64%),P:1e-5	Tpos:79.3,Tstd:50.5,Bpos:90.2,Bstd:55.1,StrandBias:2.1,Multiplicity:1.09
0.015	0.983	0.001	0.001
0.028	0.001	0.628	0.343
0.056	0.942	0.001	0.001
0.001	0.001	0.021	0.977
0.001	0.836	0.135	0.028
0.001	0.059	0.051	0.889
0.023	0.917	0.001	0.059
0.001	0.001	0.001	0.997
>AGGAGTTG	4-AGGAGTTG	6.671385	-12.795743	0	T:67.0(11.51%),B:2232.8(6.38%),P:1e-5	Tpos:95.7,Tstd:60.1,Bpos:105.2,Bstd:55.3,StrandBias:0.9,Multiplicity:1.12
0.859	0.029	0.054	0.058
0.035	0.012	0.894	0.059
0.029	0.028	0.942	0.001
0.956	0.001	0.024	0.019
0.117	0.032	0.800	0.051
0.001	0.058	0.073	0.868
0.030	0.109	0.001	0.860
0.115	0.001	0.864	0.020
>CCCGAACC	5-CCCGAACC	8.852915	-11.824988	0	T:14.0(2.41%),B:195.2(0.56%),P:1e-5	Tpos:127.4,Tstd:47.1,Bpos:113.8,Bstd:56.9,StrandBias:0.8,Multiplicity:1.00
0.001	0.997	0.001	0.001
0.001	0.997	0.001	0.001
0.001	0.997	0.001	0.001
0.001	0.001	0.997	0.001
0.997	0.001	0.001	0.001
0.997	0.001	0.001	0.001
0.001	0.747	0.143	0.109
0.001	0.997	0.001	0.001
>CGTCCMTG	6-CGTCCMTG	8.564590	-7.857014	0	T:27.0(4.64%),B:783.6(2.24%),P:1e-3	Tpos:98.5,Tstd:52.0,Bpos:104.5,Bstd:55.4,StrandBias:-0.8,Multiplicity:1.22
0.001	0.997	0.001	0.001
0.001	0.001	0.997	0.001
0.001	0.001	0.001	0.997
0.001	0.920	0.078	0.001
0.001	0.726	0.001	0.272
0.497	0.365	0.001	0.137
0.001	0.001	0.001	0.997
0.001	0.347	0.651	0.001
