>NGTTACGTAA	1-NGTTACGTAA	7.759075	-76.019086	0	T:101.0(17.35%),B:1455.7(4.16%),P:1e-33	Tpos:78.3,Tstd:46.7,Bpos:87.2,Bstd:56.9,StrandBias:-0.1,Multiplicity:1.12
0.287	0.319	0.173	0.221
0.262	0.195	0.451	0.092
0.001	0.001	0.001	0.997
0.001	0.001	0.001	0.997
0.776	0.001	0.222	0.001
0.001	0.759	0.001	0.239
0.399	0.001	0.599	0.001
0.001	0.001	0.001	0.997
0.997	0.001	0.001	0.001
0.997	0.001	0.001	0.001
>AATTCCTTTT	2-AATTCCTTTT	9.211079	-31.325120	0	T:34.0(5.84%),B:399.2(1.14%),P:1e-13	Tpos:95.3,Tstd:56.6,Bpos:93.5,Bstd:55.7,StrandBias:0.0,Multiplicity:1.03
0.882	0.091	0.001	0.026
0.930	0.030	0.039	0.001
0.001	0.001	0.001	0.997
0.025	0.057	0.001	0.917
0.001	0.997	0.001	0.001
0.015	0.963	0.001	0.021
0.245	0.052	0.001	0.702
0.042	0.035	0.148	0.775
0.001	0.039	0.032	0.928
0.001	0.035	0.001	0.963
>GAGTTAAACG	3-GAGTTAAACG	11.840802	-23.725745	0	T:8.0(1.37%),B:12.6(0.04%),P:1e-10	Tpos:148.8,Tstd:18.7,Bpos:115.3,Bstd:48.3,StrandBias:1.6,Multiplicity:1.00
0.001	0.001	0.997	0.001
0.997	0.001	0.001	0.001
0.001	0.001	0.997	0.001
0.001	0.001	0.001	0.997
0.001	0.001	0.001	0.997
0.997	0.001	0.001	0.001
0.997	0.001	0.001	0.001
0.997	0.001	0.001	0.001
0.001	0.997	0.001	0.001
0.001	0.136	0.862	0.001
>CGCAGGCGTC	4-CGCAGGCGTC	10.346067	-23.498416	0	T:11.0(1.89%),B:37.1(0.11%),P:1e-10	Tpos:97.4,Tstd:71.4,Bpos:99.4,Bstd:56.6,StrandBias:-0.3,Multiplicity:1.00
0.001	0.867	0.131	0.001
0.001	0.001	0.997	0.001
0.001	0.867	0.131	0.001
0.924	0.074	0.001	0.001
0.001	0.001	0.976	0.022
0.052	0.001	0.877	0.070
0.131	0.867	0.001	0.001
0.080	0.001	0.918	0.001
0.001	0.109	0.001	0.889
0.052	0.887	0.001	0.060
>GGTCACCTCC	5-GGTCACCTCC	9.960423	-23.334934	0	T:17.0(2.92%),B:124.5(0.36%),P:1e-10	Tpos:77.9,Tstd:51.8,Bpos:87.8,Bstd:53.8,StrandBias:-2.2,Multiplicity:1.00
0.001	0.001	0.997	0.001
0.001	0.110	0.729	0.160
0.001	0.001	0.001	0.997
0.001	0.939	0.059	0.001
0.997	0.001	0.001	0.001
0.001	0.603	0.336	0.060
0.001	0.941	0.057	0.001
0.001	0.001	0.001	0.997
0.001	0.941	0.001	0.057
0.001	0.923	0.001	0.075
>TATTCTCTAC	6-TATTCTCTAC	9.719977	-23.188562	0	T:19.0(3.26%),B:163.1(0.47%),P:1e-10	Tpos:108.7,Tstd:44.8,Bpos:107.8,Bstd:55.1,StrandBias:-1.1,Multiplicity:1.00
0.200	0.057	0.001	0.742
0.912	0.046	0.001	0.041
0.001	0.071	0.092	0.836
0.001	0.001	0.001	0.997
0.001	0.942	0.056	0.001
0.001	0.001	0.001	0.997
0.001	0.962	0.036	0.001
0.041	0.048	0.001	0.910
0.923	0.041	0.001	0.035
0.060	0.835	0.104	0.001
>CCACTGACCC	7-CCACTGACCC	10.296193	-22.926757	0	T:6.0(1.03%),B:4.3(0.01%),P:1e-9	Tpos:111.7,Tstd:19.0,Bpos:66.1,Bstd:50.6,StrandBias:-10.0,Multiplicity:1.00
0.100	0.700	0.100	0.100
0.100	0.700	0.100	0.100
0.700	0.100	0.100	0.100
0.100	0.700	0.100	0.100
0.100	0.100	0.100	0.700
0.100	0.100	0.700	0.100
0.700	0.100	0.100	0.100
0.100	0.700	0.100	0.100
0.100	0.700	0.100	0.100
0.100	0.700	0.100	0.100
>AGACACTGCC	8-AGACACTGCC	10.428722	-22.848905	0	T:13.0(2.23%),B:64.0(0.18%),P:1e-9	Tpos:102.8,Tstd:44.9,Bpos:102.9,Bstd:51.6,StrandBias:-0.7,Multiplicity:1.00
0.997	0.001	0.001	0.001
0.001	0.001	0.997	0.001
0.740	0.001	0.258	0.001
0.001	0.997	0.001	0.001
0.997	0.001	0.001	0.001
0.001	0.901	0.097	0.001
0.001	0.001	0.001	0.997
0.413	0.001	0.585	0.001
0.001	0.997	0.001	0.001
0.001	0.782	0.216	0.001
>GTCTCTTCAA	9-GTCTCTTCAA	7.956710	-21.143765	0	T:22.0(3.78%),B:253.6(0.72%),P:1e-9	Tpos:98.2,Tstd:52.2,Bpos:109.9,Bstd:53.9,StrandBias:-0.1,Multiplicity:1.14
0.066	0.071	0.692	0.171
0.247	0.016	0.234	0.503
0.029	0.628	0.194	0.149
0.255	0.044	0.045	0.656
0.036	0.615	0.027	0.322
0.024	0.182	0.225	0.569
0.169	0.027	0.268	0.536
0.028	0.869	0.065	0.038
0.854	0.030	0.036	0.080
0.521	0.236	0.021	0.222
>TGCATAAAGG	10-TGCATAAAGG	10.383497	-20.795194	0	T:13.0(2.23%),B:76.0(0.22%),P:1e-9	Tpos:46.3,Tstd:45.5,Bpos:81.2,Bstd:54.5,StrandBias:-1.1,Multiplicity:1.60
0.001	0.001	0.001	0.997
0.001	0.001	0.997	0.001
0.001	0.997	0.001	0.001
0.997	0.001	0.001	0.001
0.047	0.001	0.001	0.951
0.997	0.001	0.001	0.001
0.997	0.001	0.001	0.001
0.997	0.001	0.001	0.001
0.001	0.083	0.915	0.001
0.001	0.001	0.732	0.266
>TCTGCTCTGC	11-TCTGCTCTGC	8.217088	-20.105627	0	T:22.0(3.78%),B:268.2(0.77%),P:1e-8	Tpos:111.7,Tstd:52.5,Bpos:98.9,Bstd:55.1,StrandBias:-0.2,Multiplicity:1.09
0.048	0.062	0.001	0.889
0.089	0.839	0.001	0.071
0.043	0.062	0.001	0.894
0.001	0.001	0.997	0.001
0.062	0.882	0.001	0.055
0.059	0.001	0.079	0.861
0.001	0.997	0.001	0.001
0.001	0.095	0.001	0.903
0.001	0.001	0.946	0.052
0.040	0.844	0.075	0.041
>ATACATAACA	12-ATACATAACA	6.894966	-19.758278	0	T:83.0(14.26%),B:2518.0(7.19%),P:1e-8	Tpos:95.7,Tstd:52.9,Bpos:96.6,Bstd:57.7,StrandBias:-0.3,Multiplicity:1.09
0.816	0.065	0.061	0.058
0.030	0.094	0.049	0.827
0.806	0.037	0.070	0.087
0.061	0.814	0.080	0.045
0.775	0.066	0.089	0.070
0.048	0.055	0.101	0.796
0.774	0.083	0.058	0.085
0.810	0.081	0.050	0.059
0.041	0.801	0.087	0.071
0.788	0.066	0.094	0.052
>GTACTGTGGA	13-GTACTGTGGA	12.515737	-19.568742	0	T:9.0(1.55%),B:30.1(0.09%),P:1e-8	Tpos:140.6,Tstd:45.1,Bpos:123.3,Bstd:52.5,StrandBias:1.8,Multiplicity:1.00
0.001	0.001	0.652	0.346
0.001	0.001	0.001	0.997
0.997	0.001	0.001	0.001
0.001	0.997	0.001	0.001
0.219	0.001	0.001	0.779
0.001	0.001	0.997	0.001
0.013	0.001	0.001	0.985
0.001	0.001	0.997	0.001
0.001	0.001	0.997	0.001
0.997	0.001	0.001	0.001
>TAGCTTTGAA	14-TAGCTTTGAA	8.172951	-18.460556	0	T:27.0(4.64%),B:434.8(1.24%),P:1e-8	Tpos:108.7,Tstd:62.6,Bpos:97.3,Bstd:53.8,StrandBias:-0.6,Multiplicity:1.08
0.001	0.001	0.052	0.946
0.811	0.041	0.087	0.061
0.001	0.001	0.975	0.023
0.038	0.832	0.063	0.067
0.001	0.001	0.001	0.997
0.049	0.001	0.046	0.904
0.001	0.106	0.001	0.892
0.001	0.055	0.874	0.070
0.949	0.049	0.001	0.001
0.851	0.048	0.058	0.043
>GTTCGGGATT	15-GTTCGGGATT	12.339793	-18.414007	0	T:5.0(0.86%),B:4.5(0.01%),P:1e-7	Tpos:156.2,Tstd:30.2,Bpos:130.0,Bstd:63.3,StrandBias:-2.0,Multiplicity:1.00
0.001	0.001	0.997	0.001
0.001	0.001	0.224	0.774
0.001	0.001	0.001	0.997
0.001	0.997	0.001	0.001
0.001	0.001	0.997	0.001
0.001	0.001	0.997	0.001
0.001	0.001	0.997	0.001
0.997	0.001	0.001	0.001
0.001	0.001	0.001	0.997
0.001	0.001	0.001	0.997
>GGCYCATAGA	16-GGCYCATAGA	10.458738	-18.042836	0	T:8.0(1.37%),B:25.8(0.07%),P:1e-7	Tpos:96.3,Tstd:52.8,Bpos:95.1,Bstd:59.8,StrandBias:2.0,Multiplicity:1.25
0.001	0.001	0.997	0.001
0.001	0.001	0.997	0.001
0.170	0.828	0.001	0.001
0.001	0.425	0.227	0.348
0.001	0.997	0.001	0.001
0.767	0.001	0.001	0.231
0.192	0.001	0.001	0.806
0.651	0.347	0.001	0.001
0.001	0.001	0.997	0.001
0.997	0.001	0.001	0.001
>CACAGGATGA	17-CACAGGATGA	10.296193	-17.267135	0	T:7.0(1.20%),B:18.0(0.05%),P:1e-7	Tpos:103.7,Tstd:39.0,Bpos:130.4,Bstd:39.5,StrandBias:-10.0,Multiplicity:1.00
0.100	0.700	0.100	0.100
0.700	0.100	0.100	0.100
0.100	0.700	0.100	0.100
0.700	0.100	0.100	0.100
0.100	0.100	0.700	0.100
0.100	0.100	0.700	0.100
0.700	0.100	0.100	0.100
0.100	0.100	0.100	0.700
0.100	0.100	0.700	0.100
0.700	0.100	0.100	0.100
>CTGCCGCCTT	18-CTGCCGCCTT	10.296193	-16.830892	0	T:4.0(0.69%),B:2.1(0.01%),P:1e-7	Tpos:93.8,Tstd:37.2,Bpos:97.9,Bstd:60.7,StrandBias:0.0,Multiplicity:1.00
0.100	0.700	0.100	0.100
0.100	0.100	0.100	0.700
0.100	0.100	0.700	0.100
0.100	0.700	0.100	0.100
0.100	0.700	0.100	0.100
0.100	0.100	0.700	0.100
0.100	0.700	0.100	0.100
0.100	0.700	0.100	0.100
0.100	0.100	0.100	0.700
0.100	0.100	0.100	0.700
>CAGCGAGGGA	19-CAGCGAGGGA	10.389787	-16.729550	0	T:10.0(1.72%),B:56.7(0.16%),P:1e-7	Tpos:85.0,Tstd:32.8,Bpos:112.0,Bstd:55.6,StrandBias:0.6,Multiplicity:1.00
0.001	0.978	0.020	0.001
0.997	0.001	0.001	0.001
0.423	0.001	0.575	0.001
0.001	0.997	0.001	0.001
0.001	0.001	0.697	0.301
0.848	0.001	0.001	0.150
0.001	0.150	0.848	0.001
0.114	0.226	0.659	0.001
0.001	0.001	0.683	0.315
0.975	0.001	0.001	0.023
>GTATTAGGGA	20-GTATTAGGGA	12.461536	-16.414091	0	T:5.0(0.86%),B:6.7(0.02%),P:1e-7	Tpos:95.8,Tstd:46.3,Bpos:40.8,Bstd:37.0,StrandBias:-10.0,Multiplicity:1.00
0.001	0.001	0.997	0.001
0.001	0.001	0.001	0.997
0.997	0.001	0.001	0.001
0.001	0.001	0.001	0.997
0.001	0.001	0.253	0.745
0.997	0.001	0.001	0.001
0.001	0.001	0.997	0.001
0.001	0.001	0.997	0.001
0.001	0.001	0.997	0.001
0.997	0.001	0.001	0.001
>CTCGCTCTCT	21-CTCGCTCTCT	6.989332	-16.293883	0	T:57.0(9.79%),B:1597.1(4.56%),P:1e-7	Tpos:82.8,Tstd:49.6,Bpos:89.6,Bstd:54.0,StrandBias:1.6,Multiplicity:1.11
0.056	0.750	0.167	0.027
0.142	0.017	0.121	0.720
0.053	0.842	0.001	0.104
0.023	0.090	0.807	0.080
0.065	0.831	0.027	0.077
0.028	0.061	0.117	0.794
0.030	0.802	0.083	0.085
0.138	0.012	0.081	0.769
0.058	0.836	0.035	0.071
0.060	0.028	0.054	0.858
>CATTAGCRAT	22-CATTAGCRAT	8.743411	-16.197723	0	T:25.0(4.30%),B:424.6(1.21%),P:1e-7	Tpos:103.9,Tstd:58.1,Bpos:94.5,Bstd:56.7,StrandBias:0.1,Multiplicity:1.04
0.166	0.832	0.001	0.001
0.997	0.001	0.001	0.001
0.001	0.001	0.166	0.832
0.354	0.001	0.001	0.644
0.873	0.001	0.125	0.001
0.001	0.001	0.997	0.001
0.001	0.997	0.001	0.001
0.460	0.001	0.538	0.001
0.997	0.001	0.001	0.001
0.272	0.001	0.001	0.726
>ACAGCCSGCA	23-ACAGCCSGCA	10.425987	-15.100709	0	T:9.0(1.55%),B:51.9(0.15%),P:1e-6	Tpos:114.4,Tstd:59.5,Bpos:105.5,Bstd:60.2,StrandBias:0.8,Multiplicity:1.22
0.997	0.001	0.001	0.001
0.007	0.738	0.001	0.254
0.861	0.001	0.001	0.137
0.046	0.355	0.598	0.001
0.001	0.997	0.001	0.001
0.001	0.997	0.001	0.001
0.001	0.333	0.449	0.217
0.001	0.001	0.997	0.001
0.001	0.667	0.331	0.001
0.997	0.001	0.001	0.001
>CATGGAGGAG	24-CATGGAGGAG	6.019845	-15.089602	0	T:37.0(6.36%),B:864.3(2.47%),P:1e-6	Tpos:111.9,Tstd:53.2,Bpos:107.1,Bstd:53.2,StrandBias:1.1,Multiplicity:1.08
0.001	0.997	0.001	0.001
0.939	0.029	0.001	0.031
0.001	0.073	0.001	0.925
0.046	0.001	0.952	0.001
0.026	0.001	0.972	0.001
0.951	0.047	0.001	0.001
0.001	0.168	0.716	0.115
0.020	0.001	0.978	0.001
0.717	0.009	0.001	0.273
0.001	0.001	0.997	0.001
>ATTTAACSTT	25-ATTTAACSTT	8.416116	-11.815487	0	T:26.0(4.47%),B:579.3(1.65%),P:1e-5	Tpos:92.4,Tstd:50.4,Bpos:90.6,Bstd:58.7,StrandBias:-0.1,Multiplicity:1.04
0.997	0.001	0.001	0.001
0.003	0.085	0.071	0.841
0.001	0.001	0.001	0.997
0.085	0.001	0.073	0.841
0.879	0.119	0.001	0.001
0.746	0.079	0.104	0.071
0.038	0.960	0.001	0.001
0.039	0.443	0.505	0.013
0.001	0.161	0.001	0.837
0.103	0.001	0.001	0.895
>VWRTTACGTAAC	1-VWRTTACGTAAC	8.903420	-95.056426	0	T:75.0(12.89%),B:582.8(1.66%),P:1e-41	Tpos:75.8,Tstd:44.7,Bpos:86.6,Bstd:55.5,StrandBias:-0.1,Multiplicity:1.03
0.336	0.232	0.314	0.118
0.252	0.218	0.143	0.387
0.378	0.150	0.426	0.046
0.001	0.024	0.001	0.974
0.001	0.001	0.165	0.833
0.910	0.001	0.088	0.001
0.001	0.603	0.001	0.395
0.225	0.001	0.773	0.001
0.001	0.024	0.001	0.974
0.924	0.074	0.001	0.001
0.997	0.001	0.001	0.001
0.110	0.489	0.224	0.176
>TTGCATAAAGGT	2-TTGCATAAAGGT	12.860194	-41.365901	0	T:11.0(1.89%),B:7.5(0.02%),P:1e-17	Tpos:59.9,Tstd:53.5,Bpos:110.9,Bstd:64.5,StrandBias:-1.5,Multiplicity:1.36
0.001	0.001	0.311	0.687
0.001	0.001	0.001	0.997
0.001	0.001	0.997	0.001
0.001	0.997	0.001	0.001
0.997	0.001	0.001	0.001
0.064	0.001	0.001	0.934
0.997	0.001	0.001	0.001
0.997	0.001	0.001	0.001
0.934	0.001	0.001	0.064
0.001	0.064	0.934	0.001
0.001	0.001	0.687	0.311
0.001	0.048	0.065	0.886
>CACAGGATGAAA	3-CACAGGATGAAA	14.439659	-37.914283	0	T:8.0(1.37%),B:2.8(0.01%),P:1e-16	Tpos:112.0,Tstd:44.0,Bpos:114.3,Bstd:41.3,StrandBias:-2.8,Multiplicity:1.00
0.001	0.997	0.001	0.001
0.997	0.001	0.001	0.001
0.001	0.997	0.001	0.001
0.997	0.001	0.001	0.001
0.001	0.001	0.997	0.001
0.001	0.001	0.997	0.001
0.997	0.001	0.001	0.001
0.001	0.001	0.001	0.997
0.115	0.001	0.883	0.001
0.997	0.001	0.001	0.001
0.997	0.001	0.001	0.001
0.997	0.001	0.001	0.001
>TGCAATTGCATA	4-TGCAATTGCATA	12.355432	-32.418306	0	T:7.0(1.20%),B:2.5(0.01%),P:1e-14	Tpos:73.3,Tstd:47.2,Bpos:91.8,Bstd:35.6,StrandBias:0.5,Multiplicity:1.00
0.100	0.100	0.100	0.700
0.100	0.100	0.700	0.100
0.100	0.700	0.100	0.100
0.700	0.100	0.100	0.100
0.700	0.100	0.100	0.100
0.100	0.100	0.100	0.700
0.100	0.100	0.100	0.700
0.100	0.100	0.700	0.100
0.100	0.700	0.100	0.100
0.700	0.100	0.100	0.100
0.100	0.100	0.100	0.700
0.700	0.100	0.100	0.100
>GATATCAMATWC	5-GATATCAMATWC	12.934782	-32.418306	0	T:7.0(1.20%),B:2.8(0.01%),P:1e-14	Tpos:98.0,Tstd:54.1,Bpos:56.9,Bstd:34.5,StrandBias:2.6,Multiplicity:1.00
0.001	0.001	0.997	0.001
0.997	0.001	0.001	0.001
0.083	0.001	0.001	0.915
0.997	0.001	0.001	0.001
0.001	0.001	0.001	0.997
0.001	0.997	0.001	0.001
0.997	0.001	0.001	0.001
0.553	0.445	0.001	0.001
0.997	0.001	0.001	0.001
0.001	0.001	0.001	0.997
0.445	0.001	0.001	0.553
0.001	0.997	0.001	0.001
>GCTTTTCTCACA	6-GCTTTTCTCACA	14.031565	-31.202256	0	T:6.0(1.03%),B:1.5(0.00%),P:1e-13	Tpos:80.5,Tstd:43.8,Bpos:92.9,Bstd:15.3,StrandBias:0.0,Multiplicity:1.00
0.001	0.001	0.997	0.001
0.001	0.638	0.360	0.001
0.001	0.001	0.001	0.997
0.001	0.001	0.001	0.997
0.001	0.001	0.001	0.997
0.001	0.001	0.001	0.997
0.001	0.997	0.001	0.001
0.166	0.001	0.001	0.832
0.001	0.860	0.138	0.001
0.997	0.001	0.001	0.001
0.166	0.832	0.001	0.001
0.997	0.001	0.001	0.001
>TACTGTGGATGA	7-TACTGTGGATGA	14.336076	-30.627643	0	T:8.0(1.37%),B:5.7(0.02%),P:1e-13	Tpos:116.9,Tstd:63.4,Bpos:166.2,Bstd:20.7,StrandBias:1.6,Multiplicity:1.00
0.001	0.001	0.001	0.997
0.858	0.001	0.001	0.140
0.001	0.858	0.140	0.001
0.001	0.001	0.001	0.997
0.001	0.001	0.997	0.001
0.001	0.001	0.001	0.997
0.001	0.001	0.997	0.001
0.001	0.001	0.997	0.001
0.858	0.001	0.001	0.140
0.001	0.001	0.001	0.997
0.001	0.001	0.997	0.001
0.997	0.001	0.001	0.001
>MYGGGTKMGGGW	8-MYGGGTKMGGGW	8.983134	-29.162473	0	T:9.0(1.55%),B:11.0(0.03%),P:1e-12	Tpos:148.7,Tstd:45.7,Bpos:104.4,Bstd:58.8,StrandBias:-3.0,Multiplicity:1.00
0.445	0.553	0.001	0.001
0.001	0.553	0.001	0.445
0.001	0.001	0.982	0.016
0.001	0.001	0.997	0.001
0.001	0.001	0.997	0.001
0.001	0.001	0.001	0.997
0.001	0.001	0.536	0.462
0.536	0.462	0.001	0.001
0.001	0.001	0.997	0.001
0.001	0.001	0.997	0.001
0.001	0.001	0.997	0.001
0.463	0.001	0.087	0.449
>AGGAGTTAAACG	9-AGGAGTTAAACG	12.914668	-27.964977	0	T:8.0(1.37%),B:7.7(0.02%),P:1e-12	Tpos:132.6,Tstd:45.4,Bpos:93.6,Bstd:47.2,StrandBias:2.8,Multiplicity:1.00
0.870	0.001	0.001	0.128
0.001	0.001	0.997	0.001
0.001	0.001	0.997	0.001
0.997	0.001	0.001	0.001
0.001	0.001	0.997	0.001
0.001	0.001	0.001	0.997
0.128	0.001	0.001	0.870
0.997	0.001	0.001	0.001
0.997	0.001	0.001	0.001
0.997	0.001	0.001	0.001
0.001	0.742	0.001	0.256
0.001	0.001	0.870	0.128
>TTCTCTACAATA	10-TTCTCTACAATA	10.651599	-27.723947	0	T:16.0(2.75%),B:79.3(0.23%),P:1e-12	Tpos:99.9,Tstd:49.6,Bpos:101.5,Bstd:56.4,StrandBias:-0.2,Multiplicity:1.00
0.066	0.090	0.001	0.843
0.001	0.001	0.001	0.997
0.001	0.739	0.094	0.166
0.095	0.001	0.001	0.903
0.001	0.908	0.090	0.001
0.070	0.142	0.001	0.787
0.842	0.001	0.156	0.001
0.150	0.848	0.001	0.001
0.728	0.090	0.181	0.001
0.728	0.001	0.181	0.090
0.093	0.071	0.001	0.835
0.844	0.001	0.065	0.090
>GYATAATTTTAT	11-GYATAATTTTAT	11.399670	-27.694689	0	T:15.0(2.58%),B:66.8(0.19%),P:1e-12	Tpos:97.9,Tstd:57.1,Bpos:90.9,Bstd:52.8,StrandBias:0.6,Multiplicity:1.00
0.001	0.001	0.997	0.001
0.147	0.403	0.147	0.303
0.997	0.001	0.001	0.001
0.001	0.001	0.298	0.700
0.730	0.268	0.001	0.001
0.891	0.001	0.001	0.107
0.029	0.146	0.001	0.824
0.182	0.001	0.146	0.671
0.001	0.001	0.001	0.997
0.001	0.001	0.001	0.997
0.997	0.001	0.001	0.001
0.137	0.001	0.146	0.716
>CCAGCGGATGGC	12-CCAGCGGATGGC	10.337377	-25.889960	0	T:12.0(2.06%),B:39.9(0.11%),P:1e-11	Tpos:92.2,Tstd:52.1,Bpos:96.7,Bstd:60.6,StrandBias:0.0,Multiplicity:1.00
0.141	0.720	0.001	0.138
0.137	0.861	0.001	0.001
0.861	0.001	0.001	0.137
0.001	0.001	0.861	0.137
0.003	0.829	0.138	0.030
0.138	0.138	0.707	0.017
0.276	0.001	0.694	0.029
0.997	0.001	0.001	0.001
0.001	0.137	0.001	0.861
0.138	0.016	0.845	0.001
0.013	0.001	0.848	0.138
0.016	0.845	0.138	0.001
>GGTCAGTGGTTA	13-GGTCAGTGGTTA	12.355432	-25.304324	0	T:5.0(0.86%),B:1.7(0.00%),P:1e-10	Tpos:111.2,Tstd:19.0,Bpos:53.9,Bstd:36.1,StrandBias:10.0,Multiplicity:1.00
0.100	0.100	0.700	0.100
0.100	0.100	0.700	0.100
0.100	0.100	0.100	0.700
0.100	0.700	0.100	0.100
0.700	0.100	0.100	0.100
0.100	0.100	0.700	0.100
0.100	0.100	0.100	0.700
0.100	0.100	0.700	0.100
0.100	0.100	0.700	0.100
0.100	0.100	0.100	0.700
0.100	0.100	0.100	0.700
0.700	0.100	0.100	0.100
>GCTGCGGCGTAT	14-GCTGCGGCGTAT	14.640156	-25.304324	0	T:5.0(0.86%),B:1.3(0.00%),P:1e-10	Tpos:129.0,Tstd:59.5,Bpos:18.0,Bstd:0.0,StrandBias:-2.0,Multiplicity:1.00
0.001	0.001	0.997	0.001
0.249	0.749	0.001	0.001
0.001	0.001	0.001	0.997
0.001	0.001	0.997	0.001
0.001	0.749	0.001	0.249
0.001	0.001	0.997	0.001
0.001	0.001	0.997	0.001
0.001	0.997	0.001	0.001
0.001	0.001	0.997	0.001
0.249	0.001	0.001	0.749
0.997	0.001	0.001	0.001
0.001	0.001	0.001	0.997
>CATGGADGCGTG	15-CATGGADGCGTG	12.912382	-24.785442	0	T:7.0(1.20%),B:6.5(0.02%),P:1e-10	Tpos:112.6,Tstd:34.7,Bpos:85.2,Bstd:43.7,StrandBias:10.0,Multiplicity:1.00
0.001	0.691	0.307	0.001
0.997	0.001	0.001	0.001
0.001	0.001	0.001	0.997
0.001	0.001	0.997	0.001
0.001	0.001	0.997	0.001
0.997	0.001	0.001	0.001
0.308	0.075	0.308	0.308
0.001	0.001	0.997	0.001
0.001	0.997	0.001	0.001
0.001	0.001	0.997	0.001
0.307	0.001	0.001	0.691
0.001	0.001	0.691	0.307
>ATWKGAGAATTC	16-ATWKGAGAATTC	12.406026	-24.729325	0	T:10.0(1.72%),B:24.5(0.07%),P:1e-10	Tpos:99.9,Tstd:58.6,Bpos:106.3,Bstd:64.1,StrandBias:-1.2,Multiplicity:1.00
0.997	0.001	0.001	0.001
0.001	0.001	0.001	0.997
0.381	0.190	0.001	0.427
0.190	0.001	0.381	0.427
0.001	0.001	0.997	0.001
0.808	0.190	0.001	0.001
0.001	0.190	0.808	0.001
0.617	0.001	0.001	0.381
0.997	0.001	0.001	0.001
0.001	0.001	0.001	0.997
0.001	0.001	0.001	0.997
0.036	0.962	0.001	0.001
>GAAAAAGTAAAC	17-GAAAAAGTAAAC	13.393495	-24.729325	0	T:10.0(1.72%),B:24.3(0.07%),P:1e-10	Tpos:92.2,Tstd:50.9,Bpos:93.4,Bstd:57.8,StrandBias:0.0,Multiplicity:1.00
0.001	0.001	0.997	0.001
0.765	0.117	0.001	0.117
0.858	0.001	0.140	0.001
0.997	0.001	0.001	0.001
0.997	0.001	0.001	0.001
0.997	0.001	0.001	0.001
0.001	0.001	0.997	0.001
0.104	0.141	0.001	0.754
0.904	0.094	0.001	0.001
0.858	0.001	0.001	0.140
0.997	0.001	0.001	0.001
0.001	0.997	0.001	0.001
>GAAACGGAGACT	18-GAAACGGAGACT	14.257152	-24.638764	0	T:6.0(1.03%),B:3.4(0.01%),P:1e-10	Tpos:133.2,Tstd:27.0,Bpos:182.8,Bstd:12.0,StrandBias:1.0,Multiplicity:1.00
0.001	0.001	0.997	0.001
0.997	0.001	0.001	0.001
0.599	0.200	0.200	0.001
0.997	0.001	0.001	0.001
0.001	0.997	0.001	0.001
0.001	0.001	0.997	0.001
0.001	0.001	0.997	0.001
0.997	0.001	0.001	0.001
0.001	0.199	0.799	0.001
0.997	0.001	0.001	0.001
0.001	0.997	0.001	0.001
0.001	0.001	0.199	0.799
>GACGCATAGACG	19-GACGCATAGACG	10.548427	-23.595927	0	T:10.0(1.72%),B:28.0(0.08%),P:1e-10	Tpos:90.7,Tstd:53.6,Bpos:103.5,Bstd:55.9,StrandBias:0.2,Multiplicity:1.30
0.001	0.138	0.585	0.276
0.966	0.001	0.032	0.001
0.014	0.984	0.001	0.001
0.138	0.138	0.723	0.001
0.001	0.997	0.001	0.001
0.723	0.001	0.138	0.138
0.001	0.001	0.152	0.846
0.571	0.138	0.138	0.153
0.001	0.001	0.861	0.137
0.846	0.001	0.015	0.138
0.137	0.861	0.001	0.001
0.001	0.001	0.997	0.001
>CAACAATGCCAT	20-CAACAATGCCAT	12.990026	-21.934695	0	T:11.0(1.89%),B:43.9(0.13%),P:1e-9	Tpos:113.7,Tstd:54.5,Bpos:96.2,Bstd:51.1,StrandBias:-0.8,Multiplicity:1.00
0.065	0.933	0.001	0.001
0.916	0.082	0.001	0.001
0.997	0.001	0.001	0.001
0.001	0.997	0.001	0.001
0.878	0.001	0.001	0.120
0.854	0.144	0.001	0.001
0.144	0.001	0.001	0.854
0.001	0.001	0.997	0.001
0.078	0.814	0.107	0.001
0.001	0.854	0.001	0.144
0.997	0.001	0.001	0.001
0.001	0.001	0.001	0.997
>GCACTGTCTGAA	21-GCACTGTCTGAA	12.355432	-21.852312	0	T:5.0(0.86%),B:2.2(0.01%),P:1e-9	Tpos:129.8,Tstd:20.0,Bpos:146.3,Bstd:2.6,StrandBias:10.0,Multiplicity:1.00
0.100	0.100	0.700	0.100
0.100	0.700	0.100	0.100
0.700	0.100	0.100	0.100
0.100	0.700	0.100	0.100
0.100	0.100	0.100	0.700
0.100	0.100	0.700	0.100
0.100	0.100	0.100	0.700
0.100	0.700	0.100	0.100
0.100	0.100	0.100	0.700
0.100	0.100	0.700	0.100
0.700	0.100	0.100	0.100
0.700	0.100	0.100	0.100
>ATGTAAGTACAG	22-ATGTAAGTACAG	13.519731	-20.019456	0	T:7.0(1.20%),B:12.2(0.03%),P:1e-8	Tpos:99.1,Tstd:62.3,Bpos:124.3,Bstd:44.4,StrandBias:2.8,Multiplicity:1.14
0.997	0.001	0.001	0.001
0.001	0.001	0.001	0.997
0.001	0.001	0.997	0.001
0.148	0.001	0.148	0.703
0.997	0.001	0.001	0.001
0.890	0.001	0.001	0.108
0.001	0.001	0.997	0.001
0.147	0.001	0.001	0.851
0.997	0.001	0.001	0.001
0.001	0.997	0.001	0.001
0.997	0.001	0.001	0.001
0.148	0.001	0.703	0.148
>AGGTTAAACCTT	23-AGGTTAAACCTT	12.846292	-16.830892	0	T:4.0(0.69%),B:2.9(0.01%),P:1e-7	Tpos:140.0,Tstd:29.9,Bpos:147.3,Bstd:26.4,StrandBias:0.4,Multiplicity:1.00
0.997	0.001	0.001	0.001
0.210	0.001	0.614	0.175
0.196	0.001	0.802	0.001
0.163	0.001	0.001	0.835
0.001	0.001	0.001	0.997
0.594	0.001	0.001	0.404
0.802	0.196	0.001	0.001
0.997	0.001	0.001	0.001
0.001	0.592	0.001	0.406
0.188	0.810	0.001	0.001
0.001	0.001	0.001	0.997
0.001	0.001	0.001	0.997
>CTCTCGCTCTCT	24-CTCTCGCTCTCT	9.924703	-14.794337	0	T:19.0(3.26%),B:278.4(0.80%),P:1e-6	Tpos:75.0,Tstd:44.9,Bpos:79.9,Bstd:50.1,StrandBias:2.7,Multiplicity:1.05
0.001	0.925	0.001	0.073
0.139	0.001	0.118	0.742
0.001	0.727	0.204	0.068
0.001	0.001	0.204	0.794
0.001	0.997	0.001	0.001
0.001	0.136	0.556	0.307
0.001	0.863	0.068	0.068
0.001	0.057	0.042	0.900
0.001	0.862	0.001	0.136
0.001	0.136	0.045	0.818
0.001	0.862	0.136	0.001
0.012	0.001	0.025	0.962
>AGCCCGCAAGTA	25-AGCCCGCAAGTA	14.640156	-14.100844	0	T:3.0(0.52%),B:0.8(0.00%),P:1e-6	Tpos:107.4,Tstd:72.6,Bpos:181.0,Bstd:0.0,StrandBias:10.0,Multiplicity:1.67
0.749	0.001	0.001	0.249
0.001	0.001	0.997	0.001
0.001	0.997	0.001	0.001
0.001	0.997	0.001	0.001
0.001	0.749	0.001	0.249
0.001	0.001	0.997	0.001
0.001	0.749	0.001	0.249
0.997	0.001	0.001	0.001
0.997	0.001	0.001	0.001
0.001	0.001	0.997	0.001
0.001	0.001	0.001	0.997
0.997	0.001	0.001	0.001
>TRCRTAAN	1-TRCRTAAN	6.706810	-43.019398	0	T:108.0(18.56%),B:2525.3(7.21%),P:1e-18	Tpos:75.8,Tstd:48.8,Bpos:88.4,Bstd:58.1,StrandBias:0.1,Multiplicity:1.30
0.047	0.146	0.131	0.676
0.463	0.135	0.386	0.016
0.016	0.734	0.115	0.135
0.447	0.100	0.384	0.068
0.001	0.058	0.059	0.882
0.753	0.066	0.123	0.058
0.842	0.028	0.098	0.032
0.290	0.253	0.175	0.282
>CCACAGTA	2-CCACAGTA	6.798117	-16.646232	0	T:74.0(12.71%),B:2302.4(6.57%),P:1e-7	Tpos:106.4,Tstd:55.1,Bpos:98.6,Bstd:55.8,StrandBias:0.1,Multiplicity:1.05
0.001	0.883	0.065	0.051
0.168	0.747	0.001	0.084
0.526	0.093	0.022	0.359
0.111	0.801	0.076	0.012
0.750	0.029	0.039	0.182
0.146	0.169	0.649	0.036
0.001	0.001	0.062	0.936
0.746	0.088	0.108	0.058
>CGCTCTCT	3-CGCTCTCT	7.280265	-13.341146	0	T:54.0(9.28%),B:1626.0(4.64%),P:1e-5	Tpos:79.3,Tstd:50.5,Bpos:90.2,Bstd:55.1,StrandBias:2.1,Multiplicity:1.09
0.015	0.983	0.001	0.001
0.028	0.001	0.628	0.343
0.056	0.942	0.001	0.001
0.001	0.001	0.021	0.977
0.001	0.836	0.135	0.028
0.001	0.059	0.051	0.889
0.023	0.917	0.001	0.059
0.001	0.001	0.001	0.997
>AGGAGTTG	4-AGGAGTTG	6.671385	-12.795743	0	T:67.0(11.51%),B:2232.8(6.38%),P:1e-5	Tpos:95.7,Tstd:60.1,Bpos:105.2,Bstd:55.3,StrandBias:0.9,Multiplicity:1.12
0.859	0.029	0.054	0.058
0.035	0.012	0.894	0.059
0.029	0.028	0.942	0.001
0.956	0.001	0.024	0.019
0.117	0.032	0.800	0.051
0.001	0.058	0.073	0.868
0.030	0.109	0.001	0.860
0.115	0.001	0.864	0.020
>CCCGAACC	5-CCCGAACC	8.852915	-11.824988	0	T:14.0(2.41%),B:195.2(0.56%),P:1e-5	Tpos:127.4,Tstd:47.1,Bpos:113.8,Bstd:56.9,StrandBias:0.8,Multiplicity:1.00
0.001	0.997	0.001	0.001
0.001	0.997	0.001	0.001
0.001	0.997	0.001	0.001
0.001	0.001	0.997	0.001
0.997	0.001	0.001	0.001
0.997	0.001	0.001	0.001
0.001	0.747	0.143	0.109
0.001	0.997	0.001	0.001
>CGTCCMTG	6-CGTCCMTG	8.564590	-7.857014	0	T:27.0(4.64%),B:783.6(2.24%),P:1e-3	Tpos:98.5,Tstd:52.0,Bpos:104.5,Bstd:55.4,StrandBias:-0.8,Multiplicity:1.22
0.001	0.997	0.001	0.001
0.001	0.001	0.997	0.001
0.001	0.001	0.001	0.997
0.001	0.920	0.078	0.001
0.001	0.726	0.001	0.272
0.497	0.365	0.001	0.137
0.001	0.001	0.001	0.997
0.001	0.347	0.651	0.001
