>VWRTTACGTAAC	1-VWRTTACGTAAC	8.903420	-95.056426	0	T:75.0(12.89%),B:582.8(1.66%),P:1e-41	Tpos:75.8,Tstd:44.7,Bpos:86.6,Bstd:55.5,StrandBias:-0.1,Multiplicity:1.03
0.336	0.232	0.314	0.118
0.252	0.218	0.143	0.387
0.378	0.150	0.426	0.046
0.001	0.024	0.001	0.974
0.001	0.001	0.165	0.833
0.910	0.001	0.088	0.001
0.001	0.603	0.001	0.395
0.225	0.001	0.773	0.001
0.001	0.024	0.001	0.974
0.924	0.074	0.001	0.001
0.997	0.001	0.001	0.001
0.110	0.489	0.224	0.176
>TTGCATAAAGGT	2-TTGCATAAAGGT	12.860194	-41.365901	0	T:11.0(1.89%),B:7.5(0.02%),P:1e-17	Tpos:59.9,Tstd:53.5,Bpos:110.9,Bstd:64.5,StrandBias:-1.5,Multiplicity:1.36
0.001	0.001	0.311	0.687
0.001	0.001	0.001	0.997
0.001	0.001	0.997	0.001
0.001	0.997	0.001	0.001
0.997	0.001	0.001	0.001
0.064	0.001	0.001	0.934
0.997	0.001	0.001	0.001
0.997	0.001	0.001	0.001
0.934	0.001	0.001	0.064
0.001	0.064	0.934	0.001
0.001	0.001	0.687	0.311
0.001	0.048	0.065	0.886
>CACAGGATGAAA	3-CACAGGATGAAA	14.439659	-37.914283	0	T:8.0(1.37%),B:2.8(0.01%),P:1e-16	Tpos:112.0,Tstd:44.0,Bpos:114.3,Bstd:41.3,StrandBias:-2.8,Multiplicity:1.00
0.001	0.997	0.001	0.001
0.997	0.001	0.001	0.001
0.001	0.997	0.001	0.001
0.997	0.001	0.001	0.001
0.001	0.001	0.997	0.001
0.001	0.001	0.997	0.001
0.997	0.001	0.001	0.001
0.001	0.001	0.001	0.997
0.115	0.001	0.883	0.001
0.997	0.001	0.001	0.001
0.997	0.001	0.001	0.001
0.997	0.001	0.001	0.001
>TGCAATTGCATA	4-TGCAATTGCATA	12.355432	-32.418306	0	T:7.0(1.20%),B:2.5(0.01%),P:1e-14	Tpos:73.3,Tstd:47.2,Bpos:91.8,Bstd:35.6,StrandBias:0.5,Multiplicity:1.00
0.100	0.100	0.100	0.700
0.100	0.100	0.700	0.100
0.100	0.700	0.100	0.100
0.700	0.100	0.100	0.100
0.700	0.100	0.100	0.100
0.100	0.100	0.100	0.700
0.100	0.100	0.100	0.700
0.100	0.100	0.700	0.100
0.100	0.700	0.100	0.100
0.700	0.100	0.100	0.100
0.100	0.100	0.100	0.700
0.700	0.100	0.100	0.100
>GATATCAMATWC	5-GATATCAMATWC	12.934782	-32.418306	0	T:7.0(1.20%),B:2.8(0.01%),P:1e-14	Tpos:98.0,Tstd:54.1,Bpos:56.9,Bstd:34.5,StrandBias:2.6,Multiplicity:1.00
0.001	0.001	0.997	0.001
0.997	0.001	0.001	0.001
0.083	0.001	0.001	0.915
0.997	0.001	0.001	0.001
0.001	0.001	0.001	0.997
0.001	0.997	0.001	0.001
0.997	0.001	0.001	0.001
0.553	0.445	0.001	0.001
0.997	0.001	0.001	0.001
0.001	0.001	0.001	0.997
0.445	0.001	0.001	0.553
0.001	0.997	0.001	0.001
>GCTTTTCTCACA	6-GCTTTTCTCACA	14.031565	-31.202256	0	T:6.0(1.03%),B:1.5(0.00%),P:1e-13	Tpos:80.5,Tstd:43.8,Bpos:92.9,Bstd:15.3,StrandBias:0.0,Multiplicity:1.00
0.001	0.001	0.997	0.001
0.001	0.638	0.360	0.001
0.001	0.001	0.001	0.997
0.001	0.001	0.001	0.997
0.001	0.001	0.001	0.997
0.001	0.001	0.001	0.997
0.001	0.997	0.001	0.001
0.166	0.001	0.001	0.832
0.001	0.860	0.138	0.001
0.997	0.001	0.001	0.001
0.166	0.832	0.001	0.001
0.997	0.001	0.001	0.001
>TACTGTGGATGA	7-TACTGTGGATGA	14.336076	-30.627643	0	T:8.0(1.37%),B:5.7(0.02%),P:1e-13	Tpos:116.9,Tstd:63.4,Bpos:166.2,Bstd:20.7,StrandBias:1.6,Multiplicity:1.00
0.001	0.001	0.001	0.997
0.858	0.001	0.001	0.140
0.001	0.858	0.140	0.001
0.001	0.001	0.001	0.997
0.001	0.001	0.997	0.001
0.001	0.001	0.001	0.997
0.001	0.001	0.997	0.001
0.001	0.001	0.997	0.001
0.858	0.001	0.001	0.140
0.001	0.001	0.001	0.997
0.001	0.001	0.997	0.001
0.997	0.001	0.001	0.001
>MYGGGTKMGGGW	8-MYGGGTKMGGGW	8.983134	-29.162473	0	T:9.0(1.55%),B:11.0(0.03%),P:1e-12	Tpos:148.7,Tstd:45.7,Bpos:104.4,Bstd:58.8,StrandBias:-3.0,Multiplicity:1.00
0.445	0.553	0.001	0.001
0.001	0.553	0.001	0.445
0.001	0.001	0.982	0.016
0.001	0.001	0.997	0.001
0.001	0.001	0.997	0.001
0.001	0.001	0.001	0.997
0.001	0.001	0.536	0.462
0.536	0.462	0.001	0.001
0.001	0.001	0.997	0.001
0.001	0.001	0.997	0.001
0.001	0.001	0.997	0.001
0.463	0.001	0.087	0.449
>AGGAGTTAAACG	9-AGGAGTTAAACG	12.914668	-27.964977	0	T:8.0(1.37%),B:7.7(0.02%),P:1e-12	Tpos:132.6,Tstd:45.4,Bpos:93.6,Bstd:47.2,StrandBias:2.8,Multiplicity:1.00
0.870	0.001	0.001	0.128
0.001	0.001	0.997	0.001
0.001	0.001	0.997	0.001
0.997	0.001	0.001	0.001
0.001	0.001	0.997	0.001
0.001	0.001	0.001	0.997
0.128	0.001	0.001	0.870
0.997	0.001	0.001	0.001
0.997	0.001	0.001	0.001
0.997	0.001	0.001	0.001
0.001	0.742	0.001	0.256
0.001	0.001	0.870	0.128
>TTCTCTACAATA	10-TTCTCTACAATA	10.651599	-27.723947	0	T:16.0(2.75%),B:79.3(0.23%),P:1e-12	Tpos:99.9,Tstd:49.6,Bpos:101.5,Bstd:56.4,StrandBias:-0.2,Multiplicity:1.00
0.066	0.090	0.001	0.843
0.001	0.001	0.001	0.997
0.001	0.739	0.094	0.166
0.095	0.001	0.001	0.903
0.001	0.908	0.090	0.001
0.070	0.142	0.001	0.787
0.842	0.001	0.156	0.001
0.150	0.848	0.001	0.001
0.728	0.090	0.181	0.001
0.728	0.001	0.181	0.090
0.093	0.071	0.001	0.835
0.844	0.001	0.065	0.090
>GYATAATTTTAT	11-GYATAATTTTAT	11.399670	-27.694689	0	T:15.0(2.58%),B:66.8(0.19%),P:1e-12	Tpos:97.9,Tstd:57.1,Bpos:90.9,Bstd:52.8,StrandBias:0.6,Multiplicity:1.00
0.001	0.001	0.997	0.001
0.147	0.403	0.147	0.303
0.997	0.001	0.001	0.001
0.001	0.001	0.298	0.700
0.730	0.268	0.001	0.001
0.891	0.001	0.001	0.107
0.029	0.146	0.001	0.824
0.182	0.001	0.146	0.671
0.001	0.001	0.001	0.997
0.001	0.001	0.001	0.997
0.997	0.001	0.001	0.001
0.137	0.001	0.146	0.716
>CCAGCGGATGGC	12-CCAGCGGATGGC	10.337377	-25.889960	0	T:12.0(2.06%),B:39.9(0.11%),P:1e-11	Tpos:92.2,Tstd:52.1,Bpos:96.7,Bstd:60.6,StrandBias:0.0,Multiplicity:1.00
0.141	0.720	0.001	0.138
0.137	0.861	0.001	0.001
0.861	0.001	0.001	0.137
0.001	0.001	0.861	0.137
0.003	0.829	0.138	0.030
0.138	0.138	0.707	0.017
0.276	0.001	0.694	0.029
0.997	0.001	0.001	0.001
0.001	0.137	0.001	0.861
0.138	0.016	0.845	0.001
0.013	0.001	0.848	0.138
0.016	0.845	0.138	0.001
>GGTCAGTGGTTA	13-GGTCAGTGGTTA	12.355432	-25.304324	0	T:5.0(0.86%),B:1.7(0.00%),P:1e-10	Tpos:111.2,Tstd:19.0,Bpos:53.9,Bstd:36.1,StrandBias:10.0,Multiplicity:1.00
0.100	0.100	0.700	0.100
0.100	0.100	0.700	0.100
0.100	0.100	0.100	0.700
0.100	0.700	0.100	0.100
0.700	0.100	0.100	0.100
0.100	0.100	0.700	0.100
0.100	0.100	0.100	0.700
0.100	0.100	0.700	0.100
0.100	0.100	0.700	0.100
0.100	0.100	0.100	0.700
0.100	0.100	0.100	0.700
0.700	0.100	0.100	0.100
>GCTGCGGCGTAT	14-GCTGCGGCGTAT	14.640156	-25.304324	0	T:5.0(0.86%),B:1.3(0.00%),P:1e-10	Tpos:129.0,Tstd:59.5,Bpos:18.0,Bstd:0.0,StrandBias:-2.0,Multiplicity:1.00
0.001	0.001	0.997	0.001
0.249	0.749	0.001	0.001
0.001	0.001	0.001	0.997
0.001	0.001	0.997	0.001
0.001	0.749	0.001	0.249
0.001	0.001	0.997	0.001
0.001	0.001	0.997	0.001
0.001	0.997	0.001	0.001
0.001	0.001	0.997	0.001
0.249	0.001	0.001	0.749
0.997	0.001	0.001	0.001
0.001	0.001	0.001	0.997
>CATGGADGCGTG	15-CATGGADGCGTG	12.912382	-24.785442	0	T:7.0(1.20%),B:6.5(0.02%),P:1e-10	Tpos:112.6,Tstd:34.7,Bpos:85.2,Bstd:43.7,StrandBias:10.0,Multiplicity:1.00
0.001	0.691	0.307	0.001
0.997	0.001	0.001	0.001
0.001	0.001	0.001	0.997
0.001	0.001	0.997	0.001
0.001	0.001	0.997	0.001
0.997	0.001	0.001	0.001
0.308	0.075	0.308	0.308
0.001	0.001	0.997	0.001
0.001	0.997	0.001	0.001
0.001	0.001	0.997	0.001
0.307	0.001	0.001	0.691
0.001	0.001	0.691	0.307
>ATWKGAGAATTC	16-ATWKGAGAATTC	12.406026	-24.729325	0	T:10.0(1.72%),B:24.5(0.07%),P:1e-10	Tpos:99.9,Tstd:58.6,Bpos:106.3,Bstd:64.1,StrandBias:-1.2,Multiplicity:1.00
0.997	0.001	0.001	0.001
0.001	0.001	0.001	0.997
0.381	0.190	0.001	0.427
0.190	0.001	0.381	0.427
0.001	0.001	0.997	0.001
0.808	0.190	0.001	0.001
0.001	0.190	0.808	0.001
0.617	0.001	0.001	0.381
0.997	0.001	0.001	0.001
0.001	0.001	0.001	0.997
0.001	0.001	0.001	0.997
0.036	0.962	0.001	0.001
>GAAAAAGTAAAC	17-GAAAAAGTAAAC	13.393495	-24.729325	0	T:10.0(1.72%),B:24.3(0.07%),P:1e-10	Tpos:92.2,Tstd:50.9,Bpos:93.4,Bstd:57.8,StrandBias:0.0,Multiplicity:1.00
0.001	0.001	0.997	0.001
0.765	0.117	0.001	0.117
0.858	0.001	0.140	0.001
0.997	0.001	0.001	0.001
0.997	0.001	0.001	0.001
0.997	0.001	0.001	0.001
0.001	0.001	0.997	0.001
0.104	0.141	0.001	0.754
0.904	0.094	0.001	0.001
0.858	0.001	0.001	0.140
0.997	0.001	0.001	0.001
0.001	0.997	0.001	0.001
>GAAACGGAGACT	18-GAAACGGAGACT	14.257152	-24.638764	0	T:6.0(1.03%),B:3.4(0.01%),P:1e-10	Tpos:133.2,Tstd:27.0,Bpos:182.8,Bstd:12.0,StrandBias:1.0,Multiplicity:1.00
0.001	0.001	0.997	0.001
0.997	0.001	0.001	0.001
0.599	0.200	0.200	0.001
0.997	0.001	0.001	0.001
0.001	0.997	0.001	0.001
0.001	0.001	0.997	0.001
0.001	0.001	0.997	0.001
0.997	0.001	0.001	0.001
0.001	0.199	0.799	0.001
0.997	0.001	0.001	0.001
0.001	0.997	0.001	0.001
0.001	0.001	0.199	0.799
>GACGCATAGACG	19-GACGCATAGACG	10.548427	-23.595927	0	T:10.0(1.72%),B:28.0(0.08%),P:1e-10	Tpos:90.7,Tstd:53.6,Bpos:103.5,Bstd:55.9,StrandBias:0.2,Multiplicity:1.30
0.001	0.138	0.585	0.276
0.966	0.001	0.032	0.001
0.014	0.984	0.001	0.001
0.138	0.138	0.723	0.001
0.001	0.997	0.001	0.001
0.723	0.001	0.138	0.138
0.001	0.001	0.152	0.846
0.571	0.138	0.138	0.153
0.001	0.001	0.861	0.137
0.846	0.001	0.015	0.138
0.137	0.861	0.001	0.001
0.001	0.001	0.997	0.001
>CAACAATGCCAT	20-CAACAATGCCAT	12.990026	-21.934695	0	T:11.0(1.89%),B:43.9(0.13%),P:1e-9	Tpos:113.7,Tstd:54.5,Bpos:96.2,Bstd:51.1,StrandBias:-0.8,Multiplicity:1.00
0.065	0.933	0.001	0.001
0.916	0.082	0.001	0.001
0.997	0.001	0.001	0.001
0.001	0.997	0.001	0.001
0.878	0.001	0.001	0.120
0.854	0.144	0.001	0.001
0.144	0.001	0.001	0.854
0.001	0.001	0.997	0.001
0.078	0.814	0.107	0.001
0.001	0.854	0.001	0.144
0.997	0.001	0.001	0.001
0.001	0.001	0.001	0.997
>GCACTGTCTGAA	21-GCACTGTCTGAA	12.355432	-21.852312	0	T:5.0(0.86%),B:2.2(0.01%),P:1e-9	Tpos:129.8,Tstd:20.0,Bpos:146.3,Bstd:2.6,StrandBias:10.0,Multiplicity:1.00
0.100	0.100	0.700	0.100
0.100	0.700	0.100	0.100
0.700	0.100	0.100	0.100
0.100	0.700	0.100	0.100
0.100	0.100	0.100	0.700
0.100	0.100	0.700	0.100
0.100	0.100	0.100	0.700
0.100	0.700	0.100	0.100
0.100	0.100	0.100	0.700
0.100	0.100	0.700	0.100
0.700	0.100	0.100	0.100
0.700	0.100	0.100	0.100
>ATGTAAGTACAG	22-ATGTAAGTACAG	13.519731	-20.019456	0	T:7.0(1.20%),B:12.2(0.03%),P:1e-8	Tpos:99.1,Tstd:62.3,Bpos:124.3,Bstd:44.4,StrandBias:2.8,Multiplicity:1.14
0.997	0.001	0.001	0.001
0.001	0.001	0.001	0.997
0.001	0.001	0.997	0.001
0.148	0.001	0.148	0.703
0.997	0.001	0.001	0.001
0.890	0.001	0.001	0.108
0.001	0.001	0.997	0.001
0.147	0.001	0.001	0.851
0.997	0.001	0.001	0.001
0.001	0.997	0.001	0.001
0.997	0.001	0.001	0.001
0.148	0.001	0.703	0.148
>AGGTTAAACCTT	23-AGGTTAAACCTT	12.846292	-16.830892	0	T:4.0(0.69%),B:2.9(0.01%),P:1e-7	Tpos:140.0,Tstd:29.9,Bpos:147.3,Bstd:26.4,StrandBias:0.4,Multiplicity:1.00
0.997	0.001	0.001	0.001
0.210	0.001	0.614	0.175
0.196	0.001	0.802	0.001
0.163	0.001	0.001	0.835
0.001	0.001	0.001	0.997
0.594	0.001	0.001	0.404
0.802	0.196	0.001	0.001
0.997	0.001	0.001	0.001
0.001	0.592	0.001	0.406
0.188	0.810	0.001	0.001
0.001	0.001	0.001	0.997
0.001	0.001	0.001	0.997
>CTCTCGCTCTCT	24-CTCTCGCTCTCT	9.924703	-14.794337	0	T:19.0(3.26%),B:278.4(0.80%),P:1e-6	Tpos:75.0,Tstd:44.9,Bpos:79.9,Bstd:50.1,StrandBias:2.7,Multiplicity:1.05
0.001	0.925	0.001	0.073
0.139	0.001	0.118	0.742
0.001	0.727	0.204	0.068
0.001	0.001	0.204	0.794
0.001	0.997	0.001	0.001
0.001	0.136	0.556	0.307
0.001	0.863	0.068	0.068
0.001	0.057	0.042	0.900
0.001	0.862	0.001	0.136
0.001	0.136	0.045	0.818
0.001	0.862	0.136	0.001
0.012	0.001	0.025	0.962
>AGCCCGCAAGTA	25-AGCCCGCAAGTA	14.640156	-14.100844	0	T:3.0(0.52%),B:0.8(0.00%),P:1e-6	Tpos:107.4,Tstd:72.6,Bpos:181.0,Bstd:0.0,StrandBias:10.0,Multiplicity:1.67
0.749	0.001	0.001	0.249
0.001	0.001	0.997	0.001
0.001	0.997	0.001	0.001
0.001	0.997	0.001	0.001
0.001	0.749	0.001	0.249
0.001	0.001	0.997	0.001
0.001	0.749	0.001	0.249
0.997	0.001	0.001	0.001
0.997	0.001	0.001	0.001
0.001	0.001	0.997	0.001
0.001	0.001	0.001	0.997
0.997	0.001	0.001	0.001
