>AYATAYATACAT	22-AYATAYATACAT	11.821271	-9.628217	0	T:7.0(2.18%),B:208.1(0.30%),P:1e-4
0.847	0.023	0.044	0.086
0.136	0.475	0.061	0.329
0.837	0.022	0.098	0.043
0.062	0.040	0.045	0.853
0.850	0.076	0.031	0.043
0.148	0.466	0.035	0.352
0.841	0.020	0.061	0.078
0.088	0.065	0.033	0.814
0.822	0.047	0.052	0.079
0.085	0.544	0.016	0.355
0.824	0.024	0.079	0.073
0.049	0.055	0.068	0.828
