>AAAAATTTTRRW	1-AAAAATTTTRRW	7.131170	-39.024927	0	T:95.0(29.60%),B:8126.7(11.81%),P:1e-16
0.551	0.190	0.081	0.178
0.767	0.102	0.055	0.076
0.845	0.043	0.017	0.095
0.853	0.017	0.015	0.115
0.756	0.004	0.028	0.212
0.052	0.038	0.076	0.834
0.065	0.044	0.076	0.815
0.063	0.047	0.061	0.829
0.148	0.046	0.211	0.595
0.235	0.148	0.384	0.234
0.364	0.130	0.456	0.050
0.418	0.182	0.126	0.274
