>WTATTWWACTWT	8-AWAGTWWAATAW	9.448286	-24.466118	0	T:11.0(3.43%),B:121.9(0.18%),P:1e-10
0.454	0.027	0.018	0.501
0.081	0.335	0.035	0.549
0.765	0.064	0.102	0.069
0.369	0.027	0.029	0.575
0.338	0.034	0.054	0.574
0.403	0.028	0.037	0.532
0.461	0.038	0.036	0.466
0.732	0.083	0.074	0.111
0.063	0.548	0.356	0.033
0.226	0.025	0.253	0.496
0.424	0.001	0.007	0.568
0.026	0.020	0.294	0.660
