>TTTTGAAAAAAA	5-TTTTTTTCAAAA	9.442761	-25.940692	0	T:44.0(13.71%),B:2853.2(4.15%),P:1e-11
0.073	0.040	0.029	0.858
0.030	0.015	0.001	0.954
0.035	0.027	0.052	0.886
0.018	0.047	0.001	0.934
0.086	0.077	0.719	0.118
0.890	0.046	0.026	0.038
0.731	0.088	0.142	0.039
0.849	0.105	0.001	0.045
0.750	0.072	0.073	0.105
0.807	0.050	0.041	0.102
0.776	0.065	0.060	0.099
0.849	0.013	0.062	0.076
