>GGGGGGGGGGGG	19-GGGGGGGGGGGG	8.006896	-10.592610	0	T:13.0(4.05%),B:681.3(0.99%),P:1e-4
0.115	0.128	0.607	0.150
0.128	0.085	0.626	0.161
0.151	0.092	0.653	0.104
0.139	0.111	0.632	0.118
0.129	0.093	0.657	0.121
0.108	0.073	0.715	0.104
0.126	0.056	0.725	0.093
0.112	0.059	0.703	0.126
0.111	0.062	0.697	0.130
0.099	0.089	0.692	0.120
0.132	0.048	0.672	0.148
0.080	0.118	0.623	0.179
