>HATTACGTAACG	1-HATTACGTAACG	11.128741	-46.562147	0	T:23.0(2.44%),B:49.2(0.14%),P:1e-20	Tpos:83.5,Tstd:39.2,Bpos:84.5,Bstd:48.3,StrandBias:0.9,Multiplicity:1.00
0.252	0.266	0.129	0.353
0.997	0.001	0.001	0.001
0.001	0.001	0.001	0.997
0.001	0.001	0.001	0.997
0.997	0.001	0.001	0.001
0.001	0.997	0.001	0.001
0.099	0.001	0.899	0.001
0.001	0.246	0.001	0.752
0.871	0.127	0.001	0.001
0.997	0.001	0.001	0.001
0.001	0.731	0.267	0.001
0.001	0.247	0.505	0.247
>GAAAAATAAGTA	2-GAAAAATAAGTA	12.976347	-38.420483	0	T:15.0(1.59%),B:19.8(0.06%),P:1e-16	Tpos:95.3,Tstd:47.7,Bpos:84.2,Bstd:49.2,StrandBias:-0.6,Multiplicity:1.00
0.086	0.001	0.912	0.001
0.997	0.001	0.001	0.001
0.843	0.001	0.086	0.070
0.997	0.001	0.001	0.001
0.997	0.001	0.001	0.001
0.997	0.001	0.001	0.001
0.069	0.001	0.001	0.929
0.912	0.086	0.001	0.001
0.627	0.302	0.001	0.070
0.053	0.001	0.945	0.001
0.001	0.086	0.001	0.912
0.997	0.001	0.001	0.001
>CAGCCACATATA	3-CAGCCACATATA	10.055525	-35.485430	0	T:9.0(0.95%),B:3.4(0.01%),P:1e-15	Tpos:91.7,Tstd:30.7,Bpos:64.9,Bstd:61.5,StrandBias:-1.8,Multiplicity:1.00
0.001	0.997	0.001	0.001
0.997	0.001	0.001	0.001
0.001	0.001	0.997	0.001
0.001	0.997	0.001	0.001
0.001	0.997	0.001	0.001
0.997	0.001	0.001	0.001
0.001	0.997	0.001	0.001
0.813	0.001	0.178	0.008
0.001	0.001	0.001	0.997
0.783	0.001	0.001	0.215
0.001	0.001	0.169	0.829
0.997	0.001	0.001	0.001
>CSAAGGAGTGGS	4-CSAAGGAGTGGS	12.948638	-35.246881	0	T:10.0(1.06%),B:5.8(0.02%),P:1e-15	Tpos:83.5,Tstd:61.6,Bpos:165.4,Bstd:22.2,StrandBias:-0.6,Multiplicity:1.00
0.001	0.997	0.001	0.001
0.001	0.467	0.531	0.001
0.997	0.001	0.001	0.001
0.765	0.001	0.233	0.001
0.001	0.001	0.997	0.001
0.008	0.001	0.990	0.001
0.765	0.001	0.233	0.001
0.001	0.008	0.990	0.001
0.001	0.001	0.233	0.765
0.233	0.001	0.765	0.001
0.001	0.001	0.997	0.001
0.001	0.467	0.531	0.001
>GTTGGAAAAGTT	5-GTTGGAAAAGTT	14.263086	-30.770777	0	T:8.0(0.85%),B:3.3(0.01%),P:1e-13	Tpos:73.9,Tstd:40.2,Bpos:84.3,Bstd:18.0,StrandBias:0.7,Multiplicity:1.00
0.001	0.001	0.997	0.001
0.126	0.001	0.001	0.872
0.001	0.001	0.001	0.997
0.001	0.001	0.997	0.001
0.001	0.001	0.997	0.001
0.997	0.001	0.001	0.001
0.997	0.001	0.001	0.001
0.997	0.001	0.001	0.001
0.872	0.001	0.001	0.126
0.001	0.001	0.872	0.126
0.001	0.001	0.001	0.997
0.001	0.001	0.001	0.997
>GACGACGCTTCT	6-GACGACGCTTCT	13.051019	-28.989451	0	T:7.0(0.74%),B:3.0(0.01%),P:1e-12	Tpos:99.9,Tstd:41.1,Bpos:94.7,Bstd:27.9,StrandBias:10.0,Multiplicity:1.00
0.001	0.001	0.997	0.001
0.997	0.001	0.001	0.001
0.001	0.997	0.001	0.001
0.001	0.001	0.997	0.001
0.845	0.001	0.153	0.001
0.001	0.997	0.001	0.001
0.001	0.001	0.997	0.001
0.001	0.845	0.001	0.153
0.001	0.001	0.001	0.997
0.153	0.001	0.001	0.845
0.001	0.691	0.307	0.001
0.153	0.001	0.001	0.845
>GCGAGAACGRMG	7-GCGAGAACGRMG	13.284487	-28.989451	0	T:7.0(0.74%),B:2.3(0.01%),P:1e-12	Tpos:114.7,Tstd:34.5,Bpos:173.3,Bstd:12.0,StrandBias:10.0,Multiplicity:1.00
0.001	0.120	0.878	0.001
0.021	0.977	0.001	0.001
0.001	0.001	0.997	0.001
0.997	0.001	0.001	0.001
0.001	0.001	0.997	0.001
0.997	0.001	0.001	0.001
0.997	0.001	0.001	0.001
0.021	0.977	0.001	0.001
0.001	0.001	0.997	0.001
0.559	0.001	0.439	0.001
0.559	0.439	0.001	0.001
0.001	0.001	0.997	0.001
>AGCTTTTAGCGC	8-AGCTTTTAGCGC	14.002793	-28.258475	0	T:6.0(0.64%),B:0.9(0.00%),P:1e-12	Tpos:93.3,Tstd:31.7,Bpos:166.0,Bstd:0.0,StrandBias:1.0,Multiplicity:1.00
0.997	0.001	0.001	0.001
0.001	0.001	0.997	0.001
0.001	0.997	0.001	0.001
0.001	0.001	0.001	0.997
0.001	0.001	0.001	0.997
0.001	0.001	0.001	0.997
0.166	0.001	0.166	0.667
0.997	0.001	0.001	0.001
0.001	0.001	0.997	0.001
0.166	0.832	0.001	0.001
0.166	0.166	0.667	0.001
0.001	0.997	0.001	0.001
>CCAAGATTCGCC	9-CCAAGATTCGCC	14.526888	-28.258475	0	T:6.0(0.64%),B:0.0(0.00%),P:1e-12	Tpos:87.3,Tstd:51.5,Bpos:0.0,Bstd:0.0,StrandBias:10.0,Multiplicity:1.00
0.001	0.997	0.001	0.001
0.192	0.806	0.001	0.001
0.806	0.001	0.001	0.192
0.997	0.001	0.001	0.001
0.001	0.001	0.997	0.001
0.997	0.001	0.001	0.001
0.001	0.001	0.192	0.806
0.001	0.001	0.001	0.997
0.001	0.997	0.001	0.001
0.001	0.001	0.997	0.001
0.001	0.997	0.001	0.001
0.001	0.997	0.001	0.001
>AAGCACCTGTTG	10-AAGCACCTGTTG	9.121507	-27.064986	0	T:36.0(3.82%),B:316.6(0.91%),P:1e-11	Tpos:97.0,Tstd:59.0,Bpos:99.6,Bstd:58.3,StrandBias:1.4,Multiplicity:1.03
0.727	0.073	0.098	0.102
0.887	0.036	0.041	0.036
0.140	0.227	0.531	0.102
0.062	0.807	0.036	0.095
0.890	0.001	0.108	0.001
0.145	0.789	0.065	0.001
0.072	0.926	0.001	0.001
0.101	0.001	0.001	0.897
0.001	0.035	0.963	0.001
0.029	0.109	0.001	0.861
0.036	0.095	0.036	0.833
0.001	0.029	0.898	0.072
>CTCTGGAAACGG	11-CTCTGGAAACGG	11.542929	-24.772503	0	T:11.0(1.17%),B:20.3(0.06%),P:1e-10	Tpos:128.5,Tstd:62.2,Bpos:96.7,Bstd:53.9,StrandBias:2.2,Multiplicity:1.00
0.001	0.861	0.137	0.001
0.275	0.001	0.137	0.587
0.274	0.724	0.001	0.001
0.001	0.001	0.137	0.861
0.137	0.137	0.725	0.001
0.001	0.001	0.997	0.001
0.997	0.001	0.001	0.001
0.724	0.001	0.001	0.274
0.997	0.001	0.001	0.001
0.137	0.861	0.001	0.001
0.001	0.137	0.725	0.137
0.001	0.001	0.997	0.001
>ACTCTGGATTAC	12-ACTCTGGATTAC	10.543961	-23.498210	0	T:13.0(1.38%),B:37.4(0.11%),P:1e-10	Tpos:95.9,Tstd:53.0,Bpos:102.8,Bstd:54.3,StrandBias:1.7,Multiplicity:1.00
0.663	0.001	0.168	0.168
0.001	0.847	0.151	0.001
0.084	0.168	0.001	0.747
0.001	0.915	0.001	0.083
0.151	0.001	0.001	0.847
0.083	0.001	0.915	0.001
0.083	0.001	0.915	0.001
0.863	0.068	0.001	0.068
0.084	0.084	0.001	0.831
0.167	0.001	0.001	0.831
0.915	0.083	0.001	0.001
0.084	0.747	0.001	0.168
>TTTTTCTGTCAC	13-TTTTTCTGTCAC	9.946002	-23.483426	0	T:27.0(2.86%),B:208.3(0.60%),P:1e-10	Tpos:93.4,Tstd:54.1,Bpos:97.6,Bstd:56.6,StrandBias:0.3,Multiplicity:1.15
0.038	0.140	0.062	0.760
0.064	0.001	0.174	0.761
0.038	0.075	0.024	0.863
0.001	0.075	0.026	0.898
0.001	0.059	0.061	0.879
0.098	0.789	0.075	0.038
0.038	0.076	0.038	0.848
0.151	0.001	0.799	0.049
0.068	0.001	0.039	0.892
0.030	0.833	0.136	0.001
0.849	0.075	0.038	0.038
0.113	0.841	0.024	0.022
>SAATTWTGTCAC	14-SAATTWTGTCAC	13.070123	-22.646047	0	T:7.0(0.74%),B:5.8(0.02%),P:1e-9	Tpos:79.1,Tstd:37.7,Bpos:111.8,Bstd:35.9,StrandBias:-2.6,Multiplicity:1.00
0.001	0.559	0.439	0.001
0.997	0.001	0.001	0.001
0.997	0.001	0.001	0.001
0.001	0.001	0.001	0.997
0.001	0.001	0.001	0.997
0.439	0.001	0.001	0.559
0.001	0.001	0.001	0.997
0.001	0.001	0.905	0.093
0.001	0.001	0.001	0.997
0.001	0.997	0.001	0.001
0.997	0.001	0.001	0.001
0.001	0.997	0.001	0.001
>GAAACAGTGCAC	15-GAAACAGTGCAC	14.449715	-21.712991	0	T:6.0(0.64%),B:3.8(0.01%),P:1e-9	Tpos:76.7,Tstd:53.5,Bpos:72.3,Bstd:23.7,StrandBias:1.0,Multiplicity:1.00
0.001	0.158	0.840	0.001
0.870	0.001	0.001	0.128
0.997	0.001	0.001	0.001
0.997	0.001	0.001	0.001
0.001	0.997	0.001	0.001
0.997	0.001	0.001	0.001
0.001	0.001	0.997	0.001
0.001	0.001	0.001	0.997
0.001	0.001	0.997	0.001
0.001	0.997	0.001	0.001
0.840	0.001	0.001	0.158
0.001	0.997	0.001	0.001
>ATGTTAGGATAC	16-ATGTTAGGATAC	11.561911	-19.410825	0	T:5.0(0.53%),B:2.9(0.01%),P:1e-8	Tpos:109.0,Tstd:63.9,Bpos:84.7,Bstd:36.8,StrandBias:1.6,Multiplicity:1.60
0.997	0.001	0.001	0.001
0.001	0.001	0.001	0.997
0.001	0.001	0.997	0.001
0.001	0.001	0.001	0.997
0.001	0.001	0.001	0.997
0.829	0.001	0.001	0.169
0.001	0.001	0.997	0.001
0.001	0.001	0.997	0.001
0.997	0.001	0.001	0.001
0.001	0.001	0.001	0.997
0.783	0.001	0.215	0.001
0.001	0.784	0.177	0.038
>ATGTGTCATCAC	17-ATGTGTCATCAC	10.132420	-18.601879	0	T:19.0(2.01%),B:132.3(0.38%),P:1e-8	Tpos:107.2,Tstd:50.9,Bpos:87.5,Bstd:53.2,StrandBias:-1.1,Multiplicity:1.00
0.836	0.109	0.054	0.001
0.001	0.001	0.001	0.997
0.001	0.054	0.944	0.001
0.001	0.109	0.054	0.836
0.001	0.054	0.781	0.164
0.109	0.001	0.109	0.781
0.109	0.836	0.054	0.001
0.836	0.001	0.054	0.109
0.055	0.055	0.164	0.726
0.109	0.781	0.001	0.109
0.891	0.001	0.054	0.054
0.001	0.780	0.001	0.218
>CCTGTAACTCTG	18-CCTGTAACTCTG	12.355432	-17.632819	0	T:4.0(0.42%),B:1.7(0.00%),P:1e-7	Tpos:162.2,Tstd:16.9,Bpos:118.3,Bstd:10.8,StrandBias:-10.0,Multiplicity:1.00
0.100	0.700	0.100	0.100
0.100	0.700	0.100	0.100
0.100	0.100	0.100	0.700
0.100	0.100	0.700	0.100
0.100	0.100	0.100	0.700
0.700	0.100	0.100	0.100
0.700	0.100	0.100	0.100
0.100	0.700	0.100	0.100
0.100	0.100	0.100	0.700
0.100	0.700	0.100	0.100
0.100	0.100	0.100	0.700
0.100	0.100	0.700	0.100
>GTTGTATTTAGG	19-GTTGTATTTAGG	14.394336	-17.632819	0	T:4.0(0.42%),B:1.6(0.00%),P:1e-7	Tpos:105.4,Tstd:51.8,Bpos:71.6,Bstd:45.5,StrandBias:2.6,Multiplicity:1.75
0.001	0.153	0.845	0.001
0.001	0.001	0.001	0.997
0.001	0.001	0.153	0.845
0.001	0.001	0.997	0.001
0.001	0.001	0.001	0.997
0.997	0.001	0.001	0.001
0.001	0.001	0.001	0.997
0.001	0.001	0.001	0.997
0.001	0.001	0.001	0.997
0.997	0.001	0.001	0.001
0.001	0.153	0.845	0.001
0.001	0.001	0.997	0.001
>TGCTCTGTATGT	20-TGCTCTGTATGT	12.355432	-14.881823	0	T:4.0(0.42%),B:2.5(0.01%),P:1e-6	Tpos:35.5,Tstd:16.5,Bpos:36.1,Bstd:30.2,StrandBias:-10.0,Multiplicity:1.00
0.100	0.100	0.100	0.700
0.100	0.100	0.700	0.100
0.100	0.700	0.100	0.100
0.100	0.100	0.100	0.700
0.100	0.700	0.100	0.100
0.100	0.100	0.100	0.700
0.100	0.100	0.700	0.100
0.100	0.100	0.100	0.700
0.700	0.100	0.100	0.100
0.100	0.100	0.100	0.700
0.100	0.100	0.700	0.100
0.100	0.100	0.100	0.700
>TGTGTGTGTGTG	21-TGTGTGTGTGTG	10.493956	-14.778076	0	T:23.0(2.44%),B:241.1(0.69%),P:1e-6	Tpos:98.2,Tstd:56.7,Bpos:91.8,Bstd:56.1,StrandBias:-0.7,Multiplicity:1.14
0.311	0.001	0.050	0.638
0.001	0.001	0.830	0.168
0.001	0.097	0.001	0.901
0.001	0.001	0.927	0.071
0.302	0.001	0.001	0.696
0.246	0.001	0.609	0.144
0.077	0.001	0.001	0.921
0.001	0.028	0.708	0.263
0.139	0.001	0.001	0.859
0.001	0.049	0.860	0.090
0.371	0.001	0.001	0.627
0.148	0.157	0.471	0.224
>ATCWCAGTTGTC	22-ATCWCAGTTGTC	10.452454	-13.210605	0	T:16.0(1.70%),B:137.5(0.40%),P:1e-5	Tpos:115.0,Tstd:45.9,Bpos:102.6,Bstd:52.1,StrandBias:0.0,Multiplicity:1.25
0.670	0.001	0.001	0.328
0.001	0.001	0.001	0.997
0.001	0.799	0.199	0.001
0.462	0.001	0.199	0.338
0.001	0.997	0.001	0.001
0.835	0.001	0.001	0.163
0.001	0.001	0.670	0.328
0.001	0.001	0.001	0.997
0.001	0.001	0.001	0.997
0.001	0.001	0.997	0.001
0.132	0.001	0.001	0.866
0.163	0.835	0.001	0.001
>CATCTGTGGTAC	23-CATCTGTGGTAC	13.530733	-10.573551	0	T:4.0(0.42%),B:6.2(0.02%),P:1e-4	Tpos:89.6,Tstd:55.7,Bpos:88.6,Bstd:35.1,StrandBias:-3.0,Multiplicity:2.25
0.001	0.856	0.142	0.001
0.997	0.001	0.001	0.001
0.001	0.001	0.001	0.997
0.001	0.856	0.001	0.142
0.001	0.001	0.001	0.997
0.001	0.001	0.997	0.001
0.001	0.001	0.001	0.997
0.312	0.001	0.545	0.142
0.001	0.001	0.997	0.001
0.115	0.001	0.001	0.883
0.997	0.001	0.001	0.001
0.001	0.997	0.001	0.001
>CTATCACTATCA	24-CTATCACTATCA	14.607381	-5.764361	0	T:2.0(0.21%),B:3.4(0.01%),P:1e-2	Tpos:144.0,Tstd:23.5,Bpos:96.0,Bstd:25.3,StrandBias:-2.6,Multiplicity:3.50
0.001	0.997	0.001	0.001
0.001	0.001	0.001	0.997
0.997	0.001	0.001	0.001
0.001	0.001	0.001	0.997
0.001	0.997	0.001	0.001
0.997	0.001	0.001	0.001
0.001	0.997	0.001	0.001
0.001	0.001	0.001	0.997
0.997	0.001	0.001	0.001
0.001	0.001	0.001	0.997
0.001	0.862	0.136	0.001
0.997	0.001	0.001	0.001
>ATAWATACATAY	25-ATAWATACATAY	10.374374	-4.597404	0	T:18.0(1.91%),B:356.9(1.03%),P:1e-1	Tpos:64.3,Tstd:48.2,Bpos:57.0,Bstd:48.7,StrandBias:-0.3,Multiplicity:1.11
0.752	0.001	0.246	0.001
0.001	0.001	0.338	0.660
0.997	0.001	0.001	0.001
0.342	0.215	0.001	0.441
0.917	0.001	0.081	0.001
0.110	0.192	0.001	0.697
0.684	0.042	0.273	0.001
0.037	0.699	0.041	0.223
0.997	0.001	0.001	0.001
0.001	0.001	0.001	0.997
0.752	0.246	0.001	0.001
0.001	0.573	0.001	0.425
