>ARGGABTAGG	1-ARGGABTAGG	7.499581	-33.125482	0	T:30.0(3.18%),B:173.9(0.50%),P:1e-14	Tpos:97.6,Tstd:52.8,Bpos:94.0,Bstd:59.5,StrandBias:-0.6,Multiplicity:1.00
0.450	0.001	0.278	0.271
0.439	0.001	0.359	0.200
0.053	0.184	0.487	0.276
0.325	0.001	0.673	0.001
0.750	0.248	0.001	0.001
0.001	0.301	0.335	0.364
0.018	0.330	0.001	0.651
0.609	0.124	0.266	0.001
0.001	0.001	0.997	0.001
0.091	0.001	0.683	0.225
>TTACGTAAYG	2-TTACGTAAYG	8.986672	-26.199634	0	T:35.0(3.71%),B:309.3(0.89%),P:1e-11	Tpos:74.0,Tstd:44.2,Bpos:90.8,Bstd:57.0,StrandBias:0.4,Multiplicity:1.00
0.058	0.001	0.035	0.906
0.001	0.001	0.032	0.966
0.997	0.001	0.001	0.001
0.001	0.997	0.001	0.001
0.025	0.001	0.973	0.001
0.001	0.037	0.001	0.961
0.895	0.103	0.001	0.001
0.997	0.001	0.001	0.001
0.001	0.462	0.189	0.347
0.001	0.019	0.885	0.095
>CTGTTGTCAC	3-CTGTTGTCAC	8.992201	-26.006315	0	T:40.0(4.24%),B:399.5(1.15%),P:1e-11	Tpos:114.8,Tstd:47.8,Bpos:103.6,Bstd:55.2,StrandBias:0.1,Multiplicity:1.05
0.071	0.927	0.001	0.001
0.122	0.001	0.001	0.876
0.001	0.001	0.997	0.001
0.001	0.001	0.120	0.878
0.099	0.001	0.151	0.749
0.001	0.001	0.997	0.001
0.001	0.001	0.001	0.997
0.001	0.896	0.001	0.102
0.815	0.021	0.001	0.163
0.092	0.770	0.001	0.137
>CCTGAGAGGC	4-CCTGAGAGGC	10.051934	-24.940777	0	T:17.0(1.80%),B:68.2(0.20%),P:1e-10	Tpos:102.4,Tstd:59.3,Bpos:111.6,Bstd:64.1,StrandBias:0.2,Multiplicity:1.00
0.087	0.774	0.052	0.087
0.001	0.833	0.001	0.165
0.001	0.001	0.001	0.997
0.001	0.060	0.938	0.001
0.997	0.001	0.001	0.001
0.001	0.001	0.912	0.086
0.807	0.001	0.106	0.086
0.001	0.001	0.997	0.001
0.075	0.001	0.869	0.055
0.086	0.912	0.001	0.001
>GGTTGCTACC	5-GGTTGCTACC	7.213541	-23.415008	0	T:61.0(6.47%),B:878.0(2.53%),P:1e-10	Tpos:95.0,Tstd:47.1,Bpos:105.4,Bstd:58.7,StrandBias:0.1,Multiplicity:1.02
0.253	0.043	0.612	0.092
0.063	0.251	0.525	0.161
0.074	0.015	0.022	0.889
0.001	0.078	0.014	0.907
0.008	0.168	0.651	0.173
0.233	0.479	0.127	0.161
0.020	0.010	0.167	0.803
0.652	0.237	0.104	0.007
0.008	0.654	0.191	0.147
0.096	0.902	0.001	0.001
>CGCGATGTCA	6-CGCGATGTCA	10.296193	-22.854083	0	T:5.0(0.53%),B:1.8(0.01%),P:1e-9	Tpos:141.8,Tstd:14.9,Bpos:166.3,Bstd:13.2,StrandBias:10.0,Multiplicity:1.00
0.100	0.700	0.100	0.100
0.100	0.100	0.700	0.100
0.100	0.700	0.100	0.100
0.100	0.100	0.700	0.100
0.700	0.100	0.100	0.100
0.100	0.100	0.100	0.700
0.100	0.100	0.700	0.100
0.100	0.100	0.100	0.700
0.100	0.700	0.100	0.100
0.700	0.100	0.100	0.100
>ATGTTCGGAT	7-ATGTTCGGAT	10.231411	-21.759177	0	T:14.0(1.48%),B:52.8(0.15%),P:1e-9	Tpos:98.9,Tstd:59.8,Bpos:126.3,Bstd:48.9,StrandBias:0.2,Multiplicity:1.21
0.997	0.001	0.001	0.001
0.001	0.001	0.073	0.925
0.001	0.001	0.997	0.001
0.001	0.001	0.001	0.997
0.001	0.242	0.242	0.515
0.091	0.907	0.001	0.001
0.001	0.001	0.997	0.001
0.001	0.001	0.997	0.001
0.757	0.241	0.001	0.001
0.001	0.179	0.001	0.819
>GGATGAACGC	8-GGATGAACGC	9.233268	-21.506365	0	T:22.0(2.33%),B:151.2(0.44%),P:1e-9	Tpos:106.6,Tstd:53.9,Bpos:95.3,Bstd:60.7,StrandBias:-0.9,Multiplicity:1.05
0.036	0.184	0.752	0.028
0.034	0.034	0.879	0.053
0.959	0.001	0.039	0.001
0.001	0.001	0.101	0.897
0.038	0.053	0.908	0.001
0.997	0.001	0.001	0.001
0.916	0.001	0.082	0.001
0.001	0.868	0.082	0.049
0.001	0.001	0.997	0.001
0.049	0.868	0.001	0.082
>TGCGWAGCAT	9-TGCGWAGCAT	9.131145	-20.427329	0	T:24.0(2.55%),B:191.7(0.55%),P:1e-8	Tpos:117.4,Tstd:56.4,Bpos:103.8,Bstd:54.1,StrandBias:1.3,Multiplicity:1.00
0.001	0.163	0.061	0.775
0.045	0.001	0.833	0.121
0.001	0.699	0.119	0.181
0.060	0.001	0.885	0.054
0.515	0.087	0.001	0.397
0.905	0.001	0.093	0.001
0.316	0.001	0.626	0.057
0.016	0.924	0.046	0.014
0.956	0.001	0.042	0.001
0.025	0.005	0.137	0.833
>TGGAAACGGG	10-TGGAAACGGG	10.783513	-20.386668	0	T:13.0(1.38%),B:48.5(0.14%),P:1e-8	Tpos:137.5,Tstd:52.9,Bpos:104.2,Bstd:66.7,StrandBias:2.5,Multiplicity:1.00
0.001	0.001	0.001	0.997
0.081	0.001	0.917	0.001
0.001	0.001	0.997	0.001
0.735	0.263	0.001	0.001
0.657	0.001	0.001	0.341
0.753	0.001	0.001	0.245
0.001	0.997	0.001	0.001
0.001	0.001	0.997	0.001
0.001	0.001	0.997	0.001
0.001	0.140	0.858	0.001
>CTCTGGATTA	11-CTCTGGATTA	10.296193	-19.410825	0	T:5.0(0.53%),B:2.2(0.01%),P:1e-8	Tpos:80.4,Tstd:53.3,Bpos:121.8,Bstd:19.5,StrandBias:10.0,Multiplicity:1.00
0.100	0.700	0.100	0.100
0.100	0.100	0.100	0.700
0.100	0.700	0.100	0.100
0.100	0.100	0.100	0.700
0.100	0.100	0.700	0.100
0.100	0.100	0.700	0.100
0.700	0.100	0.100	0.100
0.100	0.100	0.100	0.700
0.100	0.100	0.100	0.700
0.700	0.100	0.100	0.100
>CCGGTGKTAA	12-CCGGTGKTAA	10.745404	-19.259140	0	T:9.0(0.95%),B:19.9(0.06%),P:1e-8	Tpos:84.4,Tstd:32.6,Bpos:92.9,Bstd:57.7,StrandBias:-0.3,Multiplicity:1.00
0.001	0.844	0.001	0.154
0.001	0.997	0.001	0.001
0.001	0.001	0.997	0.001
0.001	0.119	0.879	0.001
0.001	0.001	0.001	0.997
0.001	0.001	0.633	0.365
0.001	0.001	0.472	0.526
0.001	0.001	0.001	0.997
0.997	0.001	0.001	0.001
0.997	0.001	0.001	0.001
>MAGGAGGGGC	13-MAGGAGGGGC	9.032363	-18.763167	0	T:16.0(1.70%),B:90.0(0.26%),P:1e-8	Tpos:117.4,Tstd:48.1,Bpos:101.3,Bstd:58.1,StrandBias:0.3,Multiplicity:1.12
0.558	0.440	0.001	0.001
0.639	0.126	0.234	0.001
0.001	0.248	0.750	0.001
0.072	0.001	0.825	0.102
0.864	0.001	0.134	0.001
0.001	0.001	0.997	0.001
0.001	0.205	0.793	0.001
0.001	0.001	0.997	0.001
0.052	0.001	0.946	0.001
0.001	0.816	0.001	0.182
>GAGCTTGCTC	14-GAGCTTGCTC	10.296193	-17.405962	0	T:5.0(0.53%),B:3.7(0.01%),P:1e-7	Tpos:62.6,Tstd:44.7,Bpos:94.4,Bstd:56.1,StrandBias:-2.0,Multiplicity:1.00
0.100	0.100	0.700	0.100
0.700	0.100	0.100	0.100
0.100	0.100	0.700	0.100
0.100	0.700	0.100	0.100
0.100	0.100	0.100	0.700
0.100	0.100	0.100	0.700
0.100	0.100	0.700	0.100
0.100	0.700	0.100	0.100
0.100	0.100	0.100	0.700
0.100	0.700	0.100	0.100
>CAACCTGGCC	15-CAACCTGGCC	10.296193	-15.990000	0	T:5.0(0.53%),B:4.7(0.01%),P:1e-6	Tpos:138.4,Tstd:28.3,Bpos:92.5,Bstd:58.2,StrandBias:-10.0,Multiplicity:1.00
0.100	0.700	0.100	0.100
0.700	0.100	0.100	0.100
0.700	0.100	0.100	0.100
0.100	0.700	0.100	0.100
0.100	0.700	0.100	0.100
0.100	0.100	0.100	0.700
0.100	0.100	0.700	0.100
0.100	0.100	0.700	0.100
0.100	0.700	0.100	0.100
0.100	0.700	0.100	0.100
>TCGCCAGACC	16-TCGCCAGACC	10.296193	-14.881823	0	T:4.0(0.42%),B:2.4(0.01%),P:1e-6	Tpos:112.8,Tstd:37.8,Bpos:144.0,Bstd:29.9,StrandBias:10.0,Multiplicity:1.00
0.100	0.100	0.100	0.700
0.100	0.700	0.100	0.100
0.100	0.100	0.700	0.100
0.100	0.700	0.100	0.100
0.100	0.700	0.100	0.100
0.700	0.100	0.100	0.100
0.100	0.100	0.700	0.100
0.700	0.100	0.100	0.100
0.100	0.700	0.100	0.100
0.100	0.700	0.100	0.100
>GTGWGTGTGT	17-GTGWGTGTGT	8.065285	-14.151442	0	T:87.0(9.23%),B:1849.6(5.32%),P:1e-6	Tpos:96.8,Tstd:59.6,Bpos:98.0,Bstd:57.2,StrandBias:-0.0,Multiplicity:1.09
0.001	0.001	0.639	0.359
0.001	0.001	0.032	0.966
0.174	0.001	0.824	0.001
0.503	0.001	0.001	0.495
0.280	0.001	0.634	0.085
0.307	0.001	0.001	0.691
0.001	0.001	0.683	0.315
0.349	0.001	0.001	0.649
0.001	0.008	0.928	0.063
0.246	0.164	0.001	0.589
>TTTTAGTCGG	18-TTTTAGTCGG	12.465481	-14.007530	0	T:5.0(0.53%),B:6.7(0.02%),P:1e-6	Tpos:129.4,Tstd:40.2,Bpos:105.6,Bstd:65.9,StrandBias:0.6,Multiplicity:1.00
0.001	0.001	0.254	0.744
0.001	0.001	0.001	0.997
0.001	0.001	0.001	0.997
0.001	0.001	0.001	0.997
0.997	0.001	0.001	0.001
0.001	0.001	0.997	0.001
0.001	0.001	0.001	0.997
0.001	0.997	0.001	0.001
0.001	0.001	0.997	0.001
0.001	0.001	0.997	0.001
>TAGTGATAGT	19-TAGTGATAGT	8.735133	-13.989316	0	T:11.0(1.17%),B:58.8(0.17%),P:1e-6	Tpos:112.1,Tstd:50.1,Bpos:112.7,Bstd:53.7,StrandBias:0.0,Multiplicity:1.45
0.001	0.001	0.001	0.997
0.997	0.001	0.001	0.001
0.001	0.001	0.997	0.001
0.001	0.001	0.001	0.997
0.001	0.108	0.890	0.001
0.935	0.001	0.063	0.001
0.001	0.001	0.001	0.997
0.997	0.001	0.001	0.001
0.001	0.001	0.997	0.001
0.001	0.001	0.108	0.890
>TATTTAGGAC	20-TATTTAGGAC	6.598791	-13.741545	0	T:30.0(3.18%),B:400.2(1.15%),P:1e-5	Tpos:71.8,Tstd:52.3,Bpos:95.2,Bstd:59.7,StrandBias:0.5,Multiplicity:1.13
0.001	0.105	0.328	0.566
0.640	0.085	0.092	0.183
0.155	0.163	0.203	0.479
0.164	0.189	0.137	0.510
0.085	0.279	0.169	0.467
0.668	0.308	0.008	0.016
0.321	0.025	0.600	0.054
0.031	0.020	0.812	0.137
0.508	0.178	0.053	0.261
0.234	0.452	0.185	0.128
>CTAACACTGC	21-CTAACACTGC	10.296193	-13.281536	0	T:4.0(0.42%),B:3.6(0.01%),P:1e-5	Tpos:101.8,Tstd:56.5,Bpos:100.3,Bstd:50.6,StrandBias:1.6,Multiplicity:1.00
0.100	0.700	0.100	0.100
0.100	0.100	0.100	0.700
0.700	0.100	0.100	0.100
0.700	0.100	0.100	0.100
0.100	0.700	0.100	0.100
0.700	0.100	0.100	0.100
0.100	0.700	0.100	0.100
0.100	0.100	0.100	0.700
0.100	0.100	0.700	0.100
0.100	0.700	0.100	0.100
>TGCCATTCAG	22-TGCCATTCAG	10.296193	-12.613917	0	T:5.0(0.53%),B:8.3(0.02%),P:1e-5	Tpos:120.4,Tstd:21.9,Bpos:80.0,Bstd:29.9,StrandBias:-10.0,Multiplicity:1.00
0.100	0.100	0.100	0.700
0.100	0.100	0.700	0.100
0.100	0.700	0.100	0.100
0.100	0.700	0.100	0.100
0.700	0.100	0.100	0.100
0.100	0.100	0.100	0.700
0.100	0.100	0.100	0.700
0.100	0.700	0.100	0.100
0.700	0.100	0.100	0.100
0.100	0.100	0.700	0.100
>TTATGTCACT	23-TTATGTCACT	10.296193	-9.627207	0	T:5.0(0.53%),B:15.9(0.05%),P:1e-4	Tpos:85.4,Tstd:60.5,Bpos:90.5,Bstd:56.6,StrandBias:0.4,Multiplicity:1.40
0.100	0.100	0.100	0.700
0.100	0.100	0.100	0.700
0.700	0.100	0.100	0.100
0.100	0.100	0.100	0.700
0.100	0.100	0.700	0.100
0.100	0.100	0.100	0.700
0.100	0.700	0.100	0.100
0.700	0.100	0.100	0.100
0.100	0.700	0.100	0.100
0.100	0.100	0.100	0.700
>ATACGTAMAT	24-ATACGTAMAT	8.155155	-8.124957	0	T:48.0(5.09%),B:1032.5(2.97%),P:1e-3	Tpos:79.9,Tstd:52.2,Bpos:86.7,Bstd:54.9,StrandBias:-0.3,Multiplicity:1.06
0.716	0.126	0.001	0.157
0.038	0.001	0.032	0.929
0.988	0.002	0.009	0.001
0.071	0.888	0.040	0.001
0.188	0.072	0.739	0.001
0.252	0.003	0.149	0.596
0.994	0.001	0.004	0.001
0.495	0.503	0.001	0.001
0.773	0.098	0.094	0.035
0.057	0.037	0.256	0.650
>ATATATATAT	25-ATATATATAT	11.245722	-3.272780	0	T:13.0(1.38%),B:272.4(0.78%),P:1e-1	Tpos:64.7,Tstd:49.9,Bpos:56.0,Bstd:49.4,StrandBias:0.0,Multiplicity:1.08
0.997	0.001	0.001	0.001
0.001	0.001	0.001	0.997
0.691	0.001	0.307	0.001
0.001	0.001	0.001	0.997
0.997	0.001	0.001	0.001
0.001	0.001	0.001	0.997
0.673	0.001	0.325	0.001
0.001	0.001	0.023	0.975
0.629	0.369	0.001	0.001
0.001	0.001	0.001	0.997
>HATTACGTAACG	1-HATTACGTAACG	11.128741	-46.562147	0	T:23.0(2.44%),B:49.2(0.14%),P:1e-20	Tpos:83.5,Tstd:39.2,Bpos:84.5,Bstd:48.3,StrandBias:0.9,Multiplicity:1.00
0.252	0.266	0.129	0.353
0.997	0.001	0.001	0.001
0.001	0.001	0.001	0.997
0.001	0.001	0.001	0.997
0.997	0.001	0.001	0.001
0.001	0.997	0.001	0.001
0.099	0.001	0.899	0.001
0.001	0.246	0.001	0.752
0.871	0.127	0.001	0.001
0.997	0.001	0.001	0.001
0.001	0.731	0.267	0.001
0.001	0.247	0.505	0.247
>GAAAAATAAGTA	2-GAAAAATAAGTA	12.976347	-38.420483	0	T:15.0(1.59%),B:19.8(0.06%),P:1e-16	Tpos:95.3,Tstd:47.7,Bpos:84.2,Bstd:49.2,StrandBias:-0.6,Multiplicity:1.00
0.086	0.001	0.912	0.001
0.997	0.001	0.001	0.001
0.843	0.001	0.086	0.070
0.997	0.001	0.001	0.001
0.997	0.001	0.001	0.001
0.997	0.001	0.001	0.001
0.069	0.001	0.001	0.929
0.912	0.086	0.001	0.001
0.627	0.302	0.001	0.070
0.053	0.001	0.945	0.001
0.001	0.086	0.001	0.912
0.997	0.001	0.001	0.001
>CAGCCACATATA	3-CAGCCACATATA	10.055525	-35.485430	0	T:9.0(0.95%),B:3.4(0.01%),P:1e-15	Tpos:91.7,Tstd:30.7,Bpos:64.9,Bstd:61.5,StrandBias:-1.8,Multiplicity:1.00
0.001	0.997	0.001	0.001
0.997	0.001	0.001	0.001
0.001	0.001	0.997	0.001
0.001	0.997	0.001	0.001
0.001	0.997	0.001	0.001
0.997	0.001	0.001	0.001
0.001	0.997	0.001	0.001
0.813	0.001	0.178	0.008
0.001	0.001	0.001	0.997
0.783	0.001	0.001	0.215
0.001	0.001	0.169	0.829
0.997	0.001	0.001	0.001
>CSAAGGAGTGGS	4-CSAAGGAGTGGS	12.948638	-35.246881	0	T:10.0(1.06%),B:5.8(0.02%),P:1e-15	Tpos:83.5,Tstd:61.6,Bpos:165.4,Bstd:22.2,StrandBias:-0.6,Multiplicity:1.00
0.001	0.997	0.001	0.001
0.001	0.467	0.531	0.001
0.997	0.001	0.001	0.001
0.765	0.001	0.233	0.001
0.001	0.001	0.997	0.001
0.008	0.001	0.990	0.001
0.765	0.001	0.233	0.001
0.001	0.008	0.990	0.001
0.001	0.001	0.233	0.765
0.233	0.001	0.765	0.001
0.001	0.001	0.997	0.001
0.001	0.467	0.531	0.001
>GTTGGAAAAGTT	5-GTTGGAAAAGTT	14.263086	-30.770777	0	T:8.0(0.85%),B:3.3(0.01%),P:1e-13	Tpos:73.9,Tstd:40.2,Bpos:84.3,Bstd:18.0,StrandBias:0.7,Multiplicity:1.00
0.001	0.001	0.997	0.001
0.126	0.001	0.001	0.872
0.001	0.001	0.001	0.997
0.001	0.001	0.997	0.001
0.001	0.001	0.997	0.001
0.997	0.001	0.001	0.001
0.997	0.001	0.001	0.001
0.997	0.001	0.001	0.001
0.872	0.001	0.001	0.126
0.001	0.001	0.872	0.126
0.001	0.001	0.001	0.997
0.001	0.001	0.001	0.997
>GACGACGCTTCT	6-GACGACGCTTCT	13.051019	-28.989451	0	T:7.0(0.74%),B:3.0(0.01%),P:1e-12	Tpos:99.9,Tstd:41.1,Bpos:94.7,Bstd:27.9,StrandBias:10.0,Multiplicity:1.00
0.001	0.001	0.997	0.001
0.997	0.001	0.001	0.001
0.001	0.997	0.001	0.001
0.001	0.001	0.997	0.001
0.845	0.001	0.153	0.001
0.001	0.997	0.001	0.001
0.001	0.001	0.997	0.001
0.001	0.845	0.001	0.153
0.001	0.001	0.001	0.997
0.153	0.001	0.001	0.845
0.001	0.691	0.307	0.001
0.153	0.001	0.001	0.845
>GCGAGAACGRMG	7-GCGAGAACGRMG	13.284487	-28.989451	0	T:7.0(0.74%),B:2.3(0.01%),P:1e-12	Tpos:114.7,Tstd:34.5,Bpos:173.3,Bstd:12.0,StrandBias:10.0,Multiplicity:1.00
0.001	0.120	0.878	0.001
0.021	0.977	0.001	0.001
0.001	0.001	0.997	0.001
0.997	0.001	0.001	0.001
0.001	0.001	0.997	0.001
0.997	0.001	0.001	0.001
0.997	0.001	0.001	0.001
0.021	0.977	0.001	0.001
0.001	0.001	0.997	0.001
0.559	0.001	0.439	0.001
0.559	0.439	0.001	0.001
0.001	0.001	0.997	0.001
>AGCTTTTAGCGC	8-AGCTTTTAGCGC	14.002793	-28.258475	0	T:6.0(0.64%),B:0.9(0.00%),P:1e-12	Tpos:93.3,Tstd:31.7,Bpos:166.0,Bstd:0.0,StrandBias:1.0,Multiplicity:1.00
0.997	0.001	0.001	0.001
0.001	0.001	0.997	0.001
0.001	0.997	0.001	0.001
0.001	0.001	0.001	0.997
0.001	0.001	0.001	0.997
0.001	0.001	0.001	0.997
0.166	0.001	0.166	0.667
0.997	0.001	0.001	0.001
0.001	0.001	0.997	0.001
0.166	0.832	0.001	0.001
0.166	0.166	0.667	0.001
0.001	0.997	0.001	0.001
>CCAAGATTCGCC	9-CCAAGATTCGCC	14.526888	-28.258475	0	T:6.0(0.64%),B:0.0(0.00%),P:1e-12	Tpos:87.3,Tstd:51.5,Bpos:0.0,Bstd:0.0,StrandBias:10.0,Multiplicity:1.00
0.001	0.997	0.001	0.001
0.192	0.806	0.001	0.001
0.806	0.001	0.001	0.192
0.997	0.001	0.001	0.001
0.001	0.001	0.997	0.001
0.997	0.001	0.001	0.001
0.001	0.001	0.192	0.806
0.001	0.001	0.001	0.997
0.001	0.997	0.001	0.001
0.001	0.001	0.997	0.001
0.001	0.997	0.001	0.001
0.001	0.997	0.001	0.001
>AAGCACCTGTTG	10-AAGCACCTGTTG	9.121507	-27.064986	0	T:36.0(3.82%),B:316.6(0.91%),P:1e-11	Tpos:97.0,Tstd:59.0,Bpos:99.6,Bstd:58.3,StrandBias:1.4,Multiplicity:1.03
0.727	0.073	0.098	0.102
0.887	0.036	0.041	0.036
0.140	0.227	0.531	0.102
0.062	0.807	0.036	0.095
0.890	0.001	0.108	0.001
0.145	0.789	0.065	0.001
0.072	0.926	0.001	0.001
0.101	0.001	0.001	0.897
0.001	0.035	0.963	0.001
0.029	0.109	0.001	0.861
0.036	0.095	0.036	0.833
0.001	0.029	0.898	0.072
>CTCTGGAAACGG	11-CTCTGGAAACGG	11.542929	-24.772503	0	T:11.0(1.17%),B:20.3(0.06%),P:1e-10	Tpos:128.5,Tstd:62.2,Bpos:96.7,Bstd:53.9,StrandBias:2.2,Multiplicity:1.00
0.001	0.861	0.137	0.001
0.275	0.001	0.137	0.587
0.274	0.724	0.001	0.001
0.001	0.001	0.137	0.861
0.137	0.137	0.725	0.001
0.001	0.001	0.997	0.001
0.997	0.001	0.001	0.001
0.724	0.001	0.001	0.274
0.997	0.001	0.001	0.001
0.137	0.861	0.001	0.001
0.001	0.137	0.725	0.137
0.001	0.001	0.997	0.001
>ACTCTGGATTAC	12-ACTCTGGATTAC	10.543961	-23.498210	0	T:13.0(1.38%),B:37.4(0.11%),P:1e-10	Tpos:95.9,Tstd:53.0,Bpos:102.8,Bstd:54.3,StrandBias:1.7,Multiplicity:1.00
0.663	0.001	0.168	0.168
0.001	0.847	0.151	0.001
0.084	0.168	0.001	0.747
0.001	0.915	0.001	0.083
0.151	0.001	0.001	0.847
0.083	0.001	0.915	0.001
0.083	0.001	0.915	0.001
0.863	0.068	0.001	0.068
0.084	0.084	0.001	0.831
0.167	0.001	0.001	0.831
0.915	0.083	0.001	0.001
0.084	0.747	0.001	0.168
>TTTTTCTGTCAC	13-TTTTTCTGTCAC	9.946002	-23.483426	0	T:27.0(2.86%),B:208.3(0.60%),P:1e-10	Tpos:93.4,Tstd:54.1,Bpos:97.6,Bstd:56.6,StrandBias:0.3,Multiplicity:1.15
0.038	0.140	0.062	0.760
0.064	0.001	0.174	0.761
0.038	0.075	0.024	0.863
0.001	0.075	0.026	0.898
0.001	0.059	0.061	0.879
0.098	0.789	0.075	0.038
0.038	0.076	0.038	0.848
0.151	0.001	0.799	0.049
0.068	0.001	0.039	0.892
0.030	0.833	0.136	0.001
0.849	0.075	0.038	0.038
0.113	0.841	0.024	0.022
>SAATTWTGTCAC	14-SAATTWTGTCAC	13.070123	-22.646047	0	T:7.0(0.74%),B:5.8(0.02%),P:1e-9	Tpos:79.1,Tstd:37.7,Bpos:111.8,Bstd:35.9,StrandBias:-2.6,Multiplicity:1.00
0.001	0.559	0.439	0.001
0.997	0.001	0.001	0.001
0.997	0.001	0.001	0.001
0.001	0.001	0.001	0.997
0.001	0.001	0.001	0.997
0.439	0.001	0.001	0.559
0.001	0.001	0.001	0.997
0.001	0.001	0.905	0.093
0.001	0.001	0.001	0.997
0.001	0.997	0.001	0.001
0.997	0.001	0.001	0.001
0.001	0.997	0.001	0.001
>GAAACAGTGCAC	15-GAAACAGTGCAC	14.449715	-21.712991	0	T:6.0(0.64%),B:3.8(0.01%),P:1e-9	Tpos:76.7,Tstd:53.5,Bpos:72.3,Bstd:23.7,StrandBias:1.0,Multiplicity:1.00
0.001	0.158	0.840	0.001
0.870	0.001	0.001	0.128
0.997	0.001	0.001	0.001
0.997	0.001	0.001	0.001
0.001	0.997	0.001	0.001
0.997	0.001	0.001	0.001
0.001	0.001	0.997	0.001
0.001	0.001	0.001	0.997
0.001	0.001	0.997	0.001
0.001	0.997	0.001	0.001
0.840	0.001	0.001	0.158
0.001	0.997	0.001	0.001
>ATGTTAGGATAC	16-ATGTTAGGATAC	11.561911	-19.410825	0	T:5.0(0.53%),B:2.9(0.01%),P:1e-8	Tpos:109.0,Tstd:63.9,Bpos:84.7,Bstd:36.8,StrandBias:1.6,Multiplicity:1.60
0.997	0.001	0.001	0.001
0.001	0.001	0.001	0.997
0.001	0.001	0.997	0.001
0.001	0.001	0.001	0.997
0.001	0.001	0.001	0.997
0.829	0.001	0.001	0.169
0.001	0.001	0.997	0.001
0.001	0.001	0.997	0.001
0.997	0.001	0.001	0.001
0.001	0.001	0.001	0.997
0.783	0.001	0.215	0.001
0.001	0.784	0.177	0.038
>ATGTGTCATCAC	17-ATGTGTCATCAC	10.132420	-18.601879	0	T:19.0(2.01%),B:132.3(0.38%),P:1e-8	Tpos:107.2,Tstd:50.9,Bpos:87.5,Bstd:53.2,StrandBias:-1.1,Multiplicity:1.00
0.836	0.109	0.054	0.001
0.001	0.001	0.001	0.997
0.001	0.054	0.944	0.001
0.001	0.109	0.054	0.836
0.001	0.054	0.781	0.164
0.109	0.001	0.109	0.781
0.109	0.836	0.054	0.001
0.836	0.001	0.054	0.109
0.055	0.055	0.164	0.726
0.109	0.781	0.001	0.109
0.891	0.001	0.054	0.054
0.001	0.780	0.001	0.218
>CCTGTAACTCTG	18-CCTGTAACTCTG	12.355432	-17.632819	0	T:4.0(0.42%),B:1.7(0.00%),P:1e-7	Tpos:162.2,Tstd:16.9,Bpos:118.3,Bstd:10.8,StrandBias:-10.0,Multiplicity:1.00
0.100	0.700	0.100	0.100
0.100	0.700	0.100	0.100
0.100	0.100	0.100	0.700
0.100	0.100	0.700	0.100
0.100	0.100	0.100	0.700
0.700	0.100	0.100	0.100
0.700	0.100	0.100	0.100
0.100	0.700	0.100	0.100
0.100	0.100	0.100	0.700
0.100	0.700	0.100	0.100
0.100	0.100	0.100	0.700
0.100	0.100	0.700	0.100
>GTTGTATTTAGG	19-GTTGTATTTAGG	14.394336	-17.632819	0	T:4.0(0.42%),B:1.6(0.00%),P:1e-7	Tpos:105.4,Tstd:51.8,Bpos:71.6,Bstd:45.5,StrandBias:2.6,Multiplicity:1.75
0.001	0.153	0.845	0.001
0.001	0.001	0.001	0.997
0.001	0.001	0.153	0.845
0.001	0.001	0.997	0.001
0.001	0.001	0.001	0.997
0.997	0.001	0.001	0.001
0.001	0.001	0.001	0.997
0.001	0.001	0.001	0.997
0.001	0.001	0.001	0.997
0.997	0.001	0.001	0.001
0.001	0.153	0.845	0.001
0.001	0.001	0.997	0.001
>TGCTCTGTATGT	20-TGCTCTGTATGT	12.355432	-14.881823	0	T:4.0(0.42%),B:2.5(0.01%),P:1e-6	Tpos:35.5,Tstd:16.5,Bpos:36.1,Bstd:30.2,StrandBias:-10.0,Multiplicity:1.00
0.100	0.100	0.100	0.700
0.100	0.100	0.700	0.100
0.100	0.700	0.100	0.100
0.100	0.100	0.100	0.700
0.100	0.700	0.100	0.100
0.100	0.100	0.100	0.700
0.100	0.100	0.700	0.100
0.100	0.100	0.100	0.700
0.700	0.100	0.100	0.100
0.100	0.100	0.100	0.700
0.100	0.100	0.700	0.100
0.100	0.100	0.100	0.700
>TGTGTGTGTGTG	21-TGTGTGTGTGTG	10.493956	-14.778076	0	T:23.0(2.44%),B:241.1(0.69%),P:1e-6	Tpos:98.2,Tstd:56.7,Bpos:91.8,Bstd:56.1,StrandBias:-0.7,Multiplicity:1.14
0.311	0.001	0.050	0.638
0.001	0.001	0.830	0.168
0.001	0.097	0.001	0.901
0.001	0.001	0.927	0.071
0.302	0.001	0.001	0.696
0.246	0.001	0.609	0.144
0.077	0.001	0.001	0.921
0.001	0.028	0.708	0.263
0.139	0.001	0.001	0.859
0.001	0.049	0.860	0.090
0.371	0.001	0.001	0.627
0.148	0.157	0.471	0.224
>ATCWCAGTTGTC	22-ATCWCAGTTGTC	10.452454	-13.210605	0	T:16.0(1.70%),B:137.5(0.40%),P:1e-5	Tpos:115.0,Tstd:45.9,Bpos:102.6,Bstd:52.1,StrandBias:0.0,Multiplicity:1.25
0.670	0.001	0.001	0.328
0.001	0.001	0.001	0.997
0.001	0.799	0.199	0.001
0.462	0.001	0.199	0.338
0.001	0.997	0.001	0.001
0.835	0.001	0.001	0.163
0.001	0.001	0.670	0.328
0.001	0.001	0.001	0.997
0.001	0.001	0.001	0.997
0.001	0.001	0.997	0.001
0.132	0.001	0.001	0.866
0.163	0.835	0.001	0.001
>CATCTGTGGTAC	23-CATCTGTGGTAC	13.530733	-10.573551	0	T:4.0(0.42%),B:6.2(0.02%),P:1e-4	Tpos:89.6,Tstd:55.7,Bpos:88.6,Bstd:35.1,StrandBias:-3.0,Multiplicity:2.25
0.001	0.856	0.142	0.001
0.997	0.001	0.001	0.001
0.001	0.001	0.001	0.997
0.001	0.856	0.001	0.142
0.001	0.001	0.001	0.997
0.001	0.001	0.997	0.001
0.001	0.001	0.001	0.997
0.312	0.001	0.545	0.142
0.001	0.001	0.997	0.001
0.115	0.001	0.001	0.883
0.997	0.001	0.001	0.001
0.001	0.997	0.001	0.001
>CTATCACTATCA	24-CTATCACTATCA	14.607381	-5.764361	0	T:2.0(0.21%),B:3.4(0.01%),P:1e-2	Tpos:144.0,Tstd:23.5,Bpos:96.0,Bstd:25.3,StrandBias:-2.6,Multiplicity:3.50
0.001	0.997	0.001	0.001
0.001	0.001	0.001	0.997
0.997	0.001	0.001	0.001
0.001	0.001	0.001	0.997
0.001	0.997	0.001	0.001
0.997	0.001	0.001	0.001
0.001	0.997	0.001	0.001
0.001	0.001	0.001	0.997
0.997	0.001	0.001	0.001
0.001	0.001	0.001	0.997
0.001	0.862	0.136	0.001
0.997	0.001	0.001	0.001
>ATAWATACATAY	25-ATAWATACATAY	10.374374	-4.597404	0	T:18.0(1.91%),B:356.9(1.03%),P:1e-1	Tpos:64.3,Tstd:48.2,Bpos:57.0,Bstd:48.7,StrandBias:-0.3,Multiplicity:1.11
0.752	0.001	0.246	0.001
0.001	0.001	0.338	0.660
0.997	0.001	0.001	0.001
0.342	0.215	0.001	0.441
0.917	0.001	0.081	0.001
0.110	0.192	0.001	0.697
0.684	0.042	0.273	0.001
0.037	0.699	0.041	0.223
0.997	0.001	0.001	0.001
0.001	0.001	0.001	0.997
0.752	0.246	0.001	0.001
0.001	0.573	0.001	0.425
>ATTACGTA	1-ATTACGTA	10.497759	-17.192826	0	T:24.0(2.55%),B:227.0(0.65%),P:1e-7	Tpos:85.5,Tstd:45.5,Bpos:92.2,Bstd:57.0,StrandBias:0.6,Multiplicity:1.00
0.661	0.159	0.179	0.001
0.069	0.001	0.001	0.929
0.001	0.001	0.001	0.997
0.997	0.001	0.001	0.001
0.001	0.997	0.001	0.001
0.001	0.001	0.997	0.001
0.001	0.084	0.001	0.914
0.997	0.001	0.001	0.001
>CTGTTGTC	2-CTGTTGTC	7.914368	-16.997121	0	T:78.0(8.27%),B:1485.5(4.28%),P:1e-7	Tpos:98.3,Tstd:53.9,Bpos:104.4,Bstd:56.2,StrandBias:-0.6,Multiplicity:1.04
0.001	0.997	0.001	0.001
0.067	0.056	0.001	0.876
0.001	0.001	0.997	0.001
0.001	0.001	0.057	0.941
0.076	0.001	0.072	0.851
0.001	0.001	0.997	0.001
0.085	0.202	0.001	0.712
0.001	0.997	0.001	0.001
>GACSGTCW	3-GACSGTCW	6.176302	-15.489436	0	T:124.0(13.15%),B:2853.1(8.21%),P:1e-6	Tpos:102.1,Tstd:54.5,Bpos:103.3,Bstd:58.3,StrandBias:-0.1,Multiplicity:1.06
0.040	0.001	0.901	0.058
0.887	0.001	0.001	0.111
0.005	0.882	0.112	0.001
0.057	0.347	0.477	0.119
0.001	0.001	0.995	0.003
0.072	0.002	0.195	0.731
0.003	0.926	0.067	0.004
0.387	0.236	0.027	0.351
>AGGGTGGG	4-AGGGTGGG	7.084048	-13.657657	0	T:59.0(6.26%),B:1106.0(3.18%),P:1e-5	Tpos:91.1,Tstd:56.5,Bpos:93.2,Bstd:63.6,StrandBias:0.3,Multiplicity:1.03
0.709	0.106	0.114	0.071
0.122	0.001	0.876	0.001
0.001	0.001	0.946	0.052
0.084	0.094	0.821	0.001
0.001	0.050	0.046	0.903
0.042	0.001	0.956	0.001
0.083	0.001	0.915	0.001
0.001	0.087	0.869	0.043
>GTGCACAG	5-GTGCACAG	8.781374	-11.951325	0	T:37.0(3.92%),B:603.7(1.74%),P:1e-5	Tpos:105.2,Tstd:57.3,Bpos:100.7,Bstd:58.9,StrandBias:-0.1,Multiplicity:1.00
0.001	0.001	0.997	0.001
0.001	0.134	0.001	0.864
0.001	0.001	0.997	0.001
0.001	0.997	0.001	0.001
0.997	0.001	0.001	0.001
0.001	0.997	0.001	0.001
0.755	0.001	0.001	0.243
0.001	0.001	0.997	0.001
>TGTATGTA	6-TGTATGTA	7.403501	-3.613217	0	T:80.0(8.48%),B:2366.3(6.81%),P:1e-1	Tpos:84.3,Tstd:53.3,Bpos:91.6,Bstd:56.7,StrandBias:0.6,Multiplicity:1.42
0.001	0.001	0.135	0.863
0.332	0.001	0.666	0.001
0.001	0.001	0.054	0.944
0.997	0.001	0.001	0.001
0.001	0.104	0.001	0.894
0.087	0.001	0.911	0.001
0.001	0.001	0.001	0.997
0.997	0.001	0.001	0.001
>AATATTTA	7-AATATTTA	4.340016	-2.917959	0	T:124.0(13.15%),B:3965.5(11.41%),P:1e-1	Tpos:97.3,Tstd:53.9,Bpos:92.0,Bstd:57.8,StrandBias:0.1,Multiplicity:1.09
0.879	0.001	0.099	0.021
0.784	0.156	0.059	0.001
0.001	0.001	0.001	0.997
0.997	0.001	0.001	0.001
0.001	0.001	0.001	0.997
0.001	0.039	0.001	0.959
0.001	0.001	0.001	0.997
0.997	0.001	0.001	0.001
>ATATATAT	8-ATATATAT	4.345134	-1.042850	0	T:578.0(61.29%),B:21067.3(60.64%),P:1e0	Tpos:86.2,Tstd:54.7,Bpos:88.7,Bstd:56.8,StrandBias:0.0,Multiplicity:1.60
0.700	0.100	0.100	0.100
0.100	0.100	0.100	0.700
0.700	0.100	0.100	0.100
0.100	0.100	0.100	0.700
0.700	0.100	0.100	0.100
0.100	0.100	0.100	0.700
0.700	0.100	0.100	0.100
0.100	0.100	0.100	0.700
