>ATTACGTA	1-ATTACGTA	10.497759	-17.192826	0	T:24.0(2.55%),B:227.0(0.65%),P:1e-7	Tpos:85.5,Tstd:45.5,Bpos:92.2,Bstd:57.0,StrandBias:0.6,Multiplicity:1.00
0.661	0.159	0.179	0.001
0.069	0.001	0.001	0.929
0.001	0.001	0.001	0.997
0.997	0.001	0.001	0.001
0.001	0.997	0.001	0.001
0.001	0.001	0.997	0.001
0.001	0.084	0.001	0.914
0.997	0.001	0.001	0.001
>CTGTTGTC	2-CTGTTGTC	7.914368	-16.997121	0	T:78.0(8.27%),B:1485.5(4.28%),P:1e-7	Tpos:98.3,Tstd:53.9,Bpos:104.4,Bstd:56.2,StrandBias:-0.6,Multiplicity:1.04
0.001	0.997	0.001	0.001
0.067	0.056	0.001	0.876
0.001	0.001	0.997	0.001
0.001	0.001	0.057	0.941
0.076	0.001	0.072	0.851
0.001	0.001	0.997	0.001
0.085	0.202	0.001	0.712
0.001	0.997	0.001	0.001
>GACSGTCW	3-GACSGTCW	6.176302	-15.489436	0	T:124.0(13.15%),B:2853.1(8.21%),P:1e-6	Tpos:102.1,Tstd:54.5,Bpos:103.3,Bstd:58.3,StrandBias:-0.1,Multiplicity:1.06
0.040	0.001	0.901	0.058
0.887	0.001	0.001	0.111
0.005	0.882	0.112	0.001
0.057	0.347	0.477	0.119
0.001	0.001	0.995	0.003
0.072	0.002	0.195	0.731
0.003	0.926	0.067	0.004
0.387	0.236	0.027	0.351
>AGGGTGGG	4-AGGGTGGG	7.084048	-13.657657	0	T:59.0(6.26%),B:1106.0(3.18%),P:1e-5	Tpos:91.1,Tstd:56.5,Bpos:93.2,Bstd:63.6,StrandBias:0.3,Multiplicity:1.03
0.709	0.106	0.114	0.071
0.122	0.001	0.876	0.001
0.001	0.001	0.946	0.052
0.084	0.094	0.821	0.001
0.001	0.050	0.046	0.903
0.042	0.001	0.956	0.001
0.083	0.001	0.915	0.001
0.001	0.087	0.869	0.043
>GTGCACAG	5-GTGCACAG	8.781374	-11.951325	0	T:37.0(3.92%),B:603.7(1.74%),P:1e-5	Tpos:105.2,Tstd:57.3,Bpos:100.7,Bstd:58.9,StrandBias:-0.1,Multiplicity:1.00
0.001	0.001	0.997	0.001
0.001	0.134	0.001	0.864
0.001	0.001	0.997	0.001
0.001	0.997	0.001	0.001
0.997	0.001	0.001	0.001
0.001	0.997	0.001	0.001
0.755	0.001	0.001	0.243
0.001	0.001	0.997	0.001
>TGTATGTA	6-TGTATGTA	7.403501	-3.613217	0	T:80.0(8.48%),B:2366.3(6.81%),P:1e-1	Tpos:84.3,Tstd:53.3,Bpos:91.6,Bstd:56.7,StrandBias:0.6,Multiplicity:1.42
0.001	0.001	0.135	0.863
0.332	0.001	0.666	0.001
0.001	0.001	0.054	0.944
0.997	0.001	0.001	0.001
0.001	0.104	0.001	0.894
0.087	0.001	0.911	0.001
0.001	0.001	0.001	0.997
0.997	0.001	0.001	0.001
>AATATTTA	7-AATATTTA	4.340016	-2.917959	0	T:124.0(13.15%),B:3965.5(11.41%),P:1e-1	Tpos:97.3,Tstd:53.9,Bpos:92.0,Bstd:57.8,StrandBias:0.1,Multiplicity:1.09
0.879	0.001	0.099	0.021
0.784	0.156	0.059	0.001
0.001	0.001	0.001	0.997
0.997	0.001	0.001	0.001
0.001	0.001	0.001	0.997
0.001	0.039	0.001	0.959
0.001	0.001	0.001	0.997
0.997	0.001	0.001	0.001
>ATATATAT	8-ATATATAT	4.345134	-1.042850	0	T:578.0(61.29%),B:21067.3(60.64%),P:1e0	Tpos:86.2,Tstd:54.7,Bpos:88.7,Bstd:56.8,StrandBias:0.0,Multiplicity:1.60
0.700	0.100	0.100	0.100
0.100	0.100	0.100	0.700
0.700	0.100	0.100	0.100
0.100	0.100	0.100	0.700
0.700	0.100	0.100	0.100
0.100	0.100	0.100	0.700
0.700	0.100	0.100	0.100
0.100	0.100	0.100	0.700
