>AAAATATNATTT	2-AAAATATNATTT	6.294246	-79.016981	0	T:693.0(41.67%),B:19650.9(27.60%),P:1e-34
0.478	0.088	0.221	0.213
0.659	0.106	0.019	0.216
0.599	0.054	0.087	0.260
0.814	0.001	0.016	0.169
0.268	0.010	0.030	0.692
0.434	0.145	0.152	0.269
0.318	0.003	0.028	0.651
0.233	0.195	0.297	0.274
0.660	0.002	0.168	0.170
0.268	0.163	0.121	0.448
0.276	0.069	0.165	0.489
0.214	0.001	0.151	0.634
