>TTTTAAAATTTT	1-TTTTAAAATTTT	6.834243	-117.560432	0	T:629.0(37.82%),B:15306.3(21.50%),P:1e-51
0.190	0.091	0.058	0.661
0.129	0.067	0.064	0.740
0.146	0.075	0.127	0.652
0.179	0.146	0.126	0.549
0.436	0.170	0.164	0.230
0.649	0.137	0.063	0.151
0.696	0.090	0.038	0.176
0.658	0.046	0.055	0.241
0.253	0.026	0.057	0.664
0.114	0.015	0.041	0.830
0.097	0.040	0.031	0.832
0.135	0.119	0.115	0.631
