>GGGGGGGGGGGG	6-GGGGGGGGGGGG	8.450719	-44.048502	0	T:57.0(3.43%),B:550.4(0.77%),P:1e-19
0.124	0.104	0.640	0.132
0.151	0.147	0.584	0.118
0.094	0.156	0.658	0.092
0.028	0.087	0.849	0.036
0.001	0.001	0.953	0.045
0.014	0.027	0.901	0.058
0.014	0.014	0.947	0.025
0.001	0.035	0.909	0.055
0.034	0.014	0.751	0.201
0.076	0.171	0.565	0.188
0.138	0.168	0.584	0.110
0.173	0.187	0.425	0.216
