>AATTTCTCAAGA	15-AATTTCTCAAGA	10.177851	-31.847614	0	T:45.0(2.71%),B:477.9(0.67%),P:1e-13
0.897	0.071	0.001	0.031
0.906	0.001	0.001	0.092
0.185	0.001	0.001	0.813
0.001	0.001	0.043	0.955
0.017	0.001	0.124	0.858
0.001	0.610	0.131	0.258
0.088	0.088	0.001	0.823
0.001	0.923	0.075	0.001
0.955	0.001	0.043	0.001
0.747	0.080	0.080	0.093
0.213	0.044	0.698	0.045
0.859	0.044	0.096	0.001
