>TCTAGCCC	1-TCTAGCCC	6.481583	-27.523281	0	T:33.0(14.60%),B:2299.3(3.29%),P:1e-11	Tpos:88.3,Tstd:68.4,Bpos:100.6,Bstd:83.0,StrandBias:-0.7,Multiplicity:1.10
0.129	0.001	0.053	0.817
0.030	0.937	0.032	0.001
0.001	0.001	0.047	0.951
0.792	0.119	0.058	0.031
0.039	0.039	0.782	0.140
0.042	0.956	0.001	0.001
0.039	0.924	0.001	0.036
0.113	0.885	0.001	0.001
>AATTTTGG	2-AATTTTGG	5.027856	-25.049112	0	T:127.0(56.19%),B:23926.2(34.27%),P:1e-10	Tpos:102.9,Tstd:58.6,Bpos:100.0,Bstd:130.4,StrandBias:0.4,Multiplicity:1.40
0.740	0.133	0.057	0.070
0.694	0.091	0.088	0.127
0.079	0.096	0.042	0.783
0.090	0.053	0.080	0.777
0.068	0.057	0.050	0.825
0.063	0.053	0.095	0.789
0.079	0.090	0.705	0.126
0.125	0.107	0.693	0.075
>GCACATTT	3-GCACATTT	5.744640	-23.384002	0	T:94.0(41.59%),B:15556.2(22.28%),P:1e-10	Tpos:95.5,Tstd:55.4,Bpos:100.6,Bstd:115.3,StrandBias:0.2,Multiplicity:1.33
0.052	0.016	0.931	0.001
0.001	0.750	0.157	0.092
0.843	0.104	0.001	0.052
0.001	0.813	0.059	0.127
0.839	0.001	0.159	0.001
0.031	0.001	0.001	0.967
0.001	0.001	0.084	0.914
0.001	0.001	0.062	0.936
>AAAAAWTT	4-AAAAAWTT	6.743147	-22.893317	0	T:111.0(49.12%),B:20147.5(28.86%),P:1e-9	Tpos:93.8,Tstd:54.9,Bpos:100.8,Bstd:148.9,StrandBias:0.0,Multiplicity:1.34
0.997	0.001	0.001	0.001
0.880	0.001	0.118	0.001
0.751	0.001	0.001	0.247
0.838	0.143	0.018	0.001
0.528	0.096	0.122	0.254
0.376	0.116	0.001	0.507
0.244	0.016	0.020	0.720
0.227	0.010	0.017	0.746
>TCATATTH	5-TCATATTH	8.066211	-19.593427	0	T:59.0(26.11%),B:8249.2(11.82%),P:1e-8	Tpos:91.2,Tstd:54.1,Bpos:98.3,Bstd:141.7,StrandBias:-0.5,Multiplicity:1.17
0.001	0.001	0.066	0.932
0.001	0.641	0.357	0.001
0.942	0.017	0.040	0.001
0.001	0.001	0.001	0.997
0.528	0.148	0.001	0.323
0.001	0.001	0.001	0.997
0.001	0.100	0.001	0.898
0.374	0.296	0.001	0.329
>TCGGATCA	6-TCGGATCA	6.974370	-16.828211	0	T:29.0(12.83%),B:2817.9(4.04%),P:1e-7	Tpos:92.5,Tstd:52.5,Bpos:102.9,Bstd:105.1,StrandBias:-0.1,Multiplicity:1.10
0.032	0.001	0.001	0.966
0.027	0.770	0.001	0.202
0.083	0.065	0.796	0.056
0.001	0.029	0.864	0.106
0.932	0.041	0.026	0.001
0.056	0.043	0.001	0.900
0.028	0.905	0.034	0.033
0.900	0.057	0.042	0.001
>AACTACAM	7-AACTACAM	5.848531	-16.639490	0	T:87.0(38.50%),B:15793.3(22.62%),P:1e-7	Tpos:108.4,Tstd:52.8,Bpos:99.9,Bstd:112.7,StrandBias:-0.2,Multiplicity:1.28
0.851	0.122	0.001	0.026
0.737	0.114	0.052	0.097
0.027	0.589	0.383	0.001
0.089	0.098	0.005	0.808
0.498	0.126	0.079	0.297
0.258	0.450	0.290	0.002
0.623	0.013	0.130	0.234
0.390	0.401	0.011	0.197
>TATAGGGA	8-TATAGGGA	8.547982	-12.803717	0	T:18.0(7.96%),B:1510.3(2.16%),P:1e-5	Tpos:87.3,Tstd:48.3,Bpos:97.8,Bstd:108.8,StrandBias:1.4,Multiplicity:1.38
0.001	0.001	0.001	0.997
0.722	0.001	0.001	0.276
0.001	0.001	0.001	0.997
0.793	0.001	0.205	0.001
0.001	0.001	0.997	0.001
0.001	0.001	0.801	0.197
0.001	0.001	0.997	0.001
0.706	0.001	0.001	0.292
>TGAGTCAM	9-TGAGTCAM	8.670835	-11.405003	0	T:19.0(8.41%),B:1842.1(2.64%),P:1e-4	Tpos:115.8,Tstd:47.9,Bpos:100.2,Bstd:85.5,StrandBias:0.9,Multiplicity:1.11
0.001	0.001	0.001	0.997
0.001	0.001	0.997	0.001
0.997	0.001	0.001	0.001
0.001	0.001	0.828	0.170
0.001	0.001	0.001	0.997
0.001	0.722	0.276	0.001
0.788	0.001	0.210	0.001
0.500	0.498	0.001	0.001
>ATATATAT	10-ATATATAT	8.236954	-7.124504	0	T:8.0(3.54%),B:596.0(0.85%),P:1e-3	Tpos:162.7,Tstd:41.4,Bpos:108.7,Bstd:121.8,StrandBias:0.0,Multiplicity:1.00
0.700	0.100	0.100	0.100
0.100	0.100	0.100	0.700
0.700	0.100	0.100	0.100
0.100	0.100	0.100	0.700
0.700	0.100	0.100	0.100
0.100	0.100	0.100	0.700
0.700	0.100	0.100	0.100
0.100	0.100	0.100	0.700
>ATCGATCG	11-ATCGATCG	5.211236	-3.985521	0	T:38.0(16.81%),B:8326.3(11.93%),P:1e-1	Tpos:86.4,Tstd:54.6,Bpos:100.6,Bstd:81.4,StrandBias:0.1,Multiplicity:1.61
0.650	0.060	0.160	0.130
0.038	0.115	0.073	0.774
0.079	0.790	0.040	0.091
0.121	0.068	0.706	0.105
0.817	0.066	0.048	0.069
0.109	0.076	0.090	0.725
0.075	0.826	0.049	0.050
0.137	0.059	0.727	0.077
>GGGGGGGC	12-GGGGGGGC	10.462715	-3.458116	0	T:2.0(0.88%),B:85.8(0.12%),P:1e-1	Tpos:67.0,Tstd:33.0,Bpos:103.0,Bstd:58.4,StrandBias:0.0,Multiplicity:1.00
0.072	0.001	0.926	0.001
0.001	0.001	0.997	0.001
0.001	0.001	0.997	0.001
0.001	0.001	0.997	0.001
0.001	0.001	0.997	0.001
0.001	0.001	0.997	0.001
0.001	0.001	0.997	0.001
0.001	0.587	0.411	0.001
