>CACAATGAGATA	1-CACAATGAGATA	12.496935	-28.713491	0	T:8.0(3.54%),B:33.7(0.05%),P:1e-12	Tpos:111.5,Tstd:45.4,Bpos:126.1,Bstd:52.8,StrandBias:0.0,Multiplicity:1.00
0.001	0.997	0.001	0.001
0.997	0.001	0.001	0.001
0.001	0.594	0.404	0.001
0.997	0.001	0.001	0.001
0.821	0.177	0.001	0.001
0.001	0.001	0.202	0.796
0.001	0.001	0.761	0.237
0.821	0.001	0.001	0.177
0.001	0.001	0.997	0.001
0.997	0.001	0.001	0.001
0.001	0.001	0.001	0.997
0.997	0.001	0.001	0.001
>GTAATAGGCTTC	2-GTAATAGGCTTC	14.640156	-26.139332	0	T:4.0(1.77%),B:1.3(0.00%),P:1e-11	Tpos:134.5,Tstd:41.3,Bpos:61.0,Bstd:0.0,StrandBias:0.0,Multiplicity:1.00
0.001	0.001	0.749	0.249
0.001	0.001	0.001	0.997
0.997	0.001	0.001	0.001
0.997	0.001	0.001	0.001
0.001	0.001	0.001	0.997
0.997	0.001	0.001	0.001
0.249	0.001	0.749	0.001
0.001	0.001	0.997	0.001
0.249	0.749	0.001	0.001
0.001	0.001	0.001	0.997
0.001	0.001	0.001	0.997
0.001	0.997	0.001	0.001
>TCGADCGGGACA	3-TCGADCGGGACA	9.607587	-25.112802	0	T:11.0(4.87%),B:165.6(0.24%),P:1e-10	Tpos:94.2,Tstd:55.9,Bpos:107.3,Bstd:80.5,StrandBias:-0.5,Multiplicity:1.00
0.001	0.274	0.145	0.580
0.001	0.854	0.001	0.144
0.001	0.112	0.886	0.001
0.854	0.001	0.001	0.144
0.290	0.001	0.403	0.307
0.001	0.997	0.001	0.001
0.145	0.001	0.605	0.249
0.001	0.001	0.997	0.001
0.001	0.001	0.847	0.151
0.556	0.001	0.145	0.298
0.145	0.846	0.008	0.001
0.997	0.001	0.001	0.001
>AAAAAAAAATTT	4-AAAAAAAAATTT	8.665805	-23.443655	0	T:42.0(18.58%),B:4184.8(5.99%),P:1e-10	Tpos:90.5,Tstd:51.4,Bpos:101.1,Bstd:152.8,StrandBias:-0.7,Multiplicity:1.10
0.845	0.063	0.082	0.010
0.820	0.055	0.075	0.050
0.794	0.059	0.125	0.022
0.685	0.120	0.080	0.115
0.869	0.073	0.001	0.057
0.928	0.028	0.030	0.014
0.869	0.019	0.001	0.111
0.798	0.011	0.077	0.114
0.826	0.042	0.042	0.090
0.072	0.041	0.039	0.848
0.081	0.050	0.016	0.853
0.054	0.039	0.035	0.872
>ATTTTTTTGAAA	5-ATTTTTTTGAAA	13.160908	-21.644897	0	T:10.0(4.42%),B:172.7(0.25%),P:1e-9	Tpos:67.2,Tstd:42.5,Bpos:101.0,Bstd:149.2,StrandBias:0.0,Multiplicity:1.00
0.877	0.121	0.001	0.001
0.001	0.001	0.001	0.997
0.082	0.001	0.110	0.807
0.001	0.001	0.078	0.920
0.001	0.001	0.132	0.866
0.001	0.001	0.001	0.997
0.001	0.001	0.001	0.997
0.001	0.183	0.001	0.815
0.001	0.082	0.916	0.001
0.997	0.001	0.001	0.001
0.881	0.117	0.001	0.001
0.997	0.001	0.001	0.001
>GTGTGTTAACTT	6-GTGTGTTAACTT	10.532192	-21.597660	0	T:11.0(4.87%),B:231.7(0.33%),P:1e-9	Tpos:92.8,Tstd:63.3,Bpos:93.1,Bstd:62.9,StrandBias:0.0,Multiplicity:1.09
0.175	0.001	0.682	0.142
0.001	0.001	0.001	0.997
0.327	0.001	0.671	0.001
0.001	0.175	0.175	0.649
0.174	0.001	0.824	0.001
0.001	0.001	0.001	0.997
0.350	0.001	0.142	0.507
0.972	0.001	0.001	0.026
0.824	0.001	0.174	0.001
0.125	0.873	0.001	0.001
0.001	0.001	0.001	0.997
0.001	0.001	0.026	0.972
>TGAACGTAAAAC	7-TGAACGTAAAAC	7.784649	-21.463559	0	T:39.0(17.26%),B:3926.4(5.62%),P:1e-9	Tpos:103.5,Tstd:47.8,Bpos:99.8,Bstd:107.0,StrandBias:0.4,Multiplicity:1.09
0.053	0.001	0.055	0.891
0.195	0.037	0.745	0.023
0.818	0.001	0.137	0.044
0.849	0.050	0.100	0.001
0.111	0.680	0.142	0.067
0.353	0.001	0.645	0.001
0.040	0.001	0.034	0.925
0.569	0.071	0.325	0.035
0.608	0.151	0.141	0.100
0.798	0.100	0.001	0.101
0.820	0.129	0.001	0.050
0.342	0.656	0.001	0.001
>GAAAACTCGAAA	8-GAAAACTCGAAA	10.601412	-19.226746	0	T:11.0(4.87%),B:291.1(0.42%),P:1e-8	Tpos:80.8,Tstd:56.2,Bpos:108.7,Bstd:124.3,StrandBias:-0.2,Multiplicity:1.09
0.067	0.001	0.715	0.217
0.762	0.001	0.153	0.084
0.914	0.084	0.001	0.001
0.831	0.084	0.084	0.001
0.914	0.001	0.001	0.084
0.193	0.543	0.115	0.149
0.001	0.001	0.001	0.997
0.141	0.665	0.147	0.047
0.117	0.064	0.815	0.004
0.943	0.055	0.001	0.001
0.997	0.001	0.001	0.001
0.914	0.084	0.001	0.001
>RCTTGTAGTWRY	9-RCTTGTAGTWRY	6.905418	-18.782612	0	T:11.0(4.87%),B:304.5(0.44%),P:1e-8	Tpos:111.0,Tstd:53.1,Bpos:100.6,Bstd:155.3,StrandBias:-2.3,Multiplicity:1.09
0.508	0.001	0.487	0.004
0.001	0.997	0.001	0.001
0.001	0.001	0.001	0.997
0.001	0.001	0.001	0.997
0.054	0.001	0.944	0.001
0.001	0.001	0.001	0.997
0.994	0.004	0.001	0.001
0.001	0.001	0.997	0.001
0.084	0.001	0.001	0.914
0.450	0.001	0.001	0.548
0.488	0.001	0.487	0.024
0.001	0.515	0.032	0.452
>AGATGATTGWAA	10-AGATGATTGWAA	11.055478	-18.019251	0	T:12.0(5.31%),B:411.8(0.59%),P:1e-7	Tpos:107.0,Tstd:56.7,Bpos:101.6,Bstd:125.7,StrandBias:-0.6,Multiplicity:1.25
0.918	0.080	0.001	0.001
0.288	0.226	0.486	0.001
0.997	0.001	0.001	0.001
0.072	0.001	0.001	0.926
0.003	0.001	0.757	0.239
0.892	0.001	0.001	0.106
0.001	0.001	0.001	0.997
0.001	0.239	0.001	0.759
0.118	0.001	0.678	0.203
0.483	0.001	0.001	0.515
0.997	0.001	0.001	0.001
0.997	0.001	0.001	0.001
>AGTCATGATAAG	11-AGTCATGATAAG	12.516607	-17.370776	0	T:4.0(1.77%),B:9.7(0.01%),P:1e-7	Tpos:95.7,Tstd:54.2,Bpos:124.7,Bstd:43.8,StrandBias:10.0,Multiplicity:1.75
0.997	0.001	0.001	0.001
0.001	0.001	0.997	0.001
0.001	0.001	0.001	0.997
0.001	0.997	0.001	0.001
0.997	0.001	0.001	0.001
0.001	0.001	0.001	0.997
0.147	0.001	0.851	0.001
0.997	0.001	0.001	0.001
0.001	0.001	0.001	0.997
0.997	0.001	0.001	0.001
0.997	0.001	0.001	0.001
0.001	0.114	0.884	0.001
>TCAATCAATCAA	12-TCAATCAATCAA	11.468822	-16.533160	0	T:10.0(4.42%),B:297.8(0.43%),P:1e-7	Tpos:82.5,Tstd:46.2,Bpos:102.1,Bstd:78.3,StrandBias:-1.4,Multiplicity:1.00
0.227	0.001	0.001	0.771
0.001	0.997	0.001	0.001
0.997	0.001	0.001	0.001
0.851	0.001	0.147	0.001
0.107	0.001	0.001	0.891
0.260	0.738	0.001	0.001
0.851	0.001	0.147	0.001
0.695	0.136	0.168	0.001
0.001	0.001	0.001	0.997
0.001	0.594	0.001	0.404
0.661	0.001	0.337	0.001
0.997	0.001	0.001	0.001
>ACCGTDAAATTC	13-ACCGTDAAATTC	12.382998	-16.084326	0	T:6.0(2.65%),B:66.6(0.10%),P:1e-6	Tpos:104.7,Tstd:65.7,Bpos:106.7,Bstd:90.8,StrandBias:-0.4,Multiplicity:1.17
0.997	0.001	0.001	0.001
0.314	0.684	0.001	0.001
0.001	0.997	0.001	0.001
0.001	0.001	0.997	0.001
0.001	0.314	0.001	0.684
0.315	0.001	0.315	0.369
0.997	0.001	0.001	0.001
0.997	0.001	0.001	0.001
0.684	0.001	0.001	0.314
0.001	0.001	0.001	0.997
0.001	0.001	0.314	0.684
0.001	0.997	0.001	0.001
>ATATATATAAGA	14-ATATATATAAGA	11.342776	-15.974349	0	T:9.0(3.98%),B:238.7(0.34%),P:1e-6	Tpos:122.1,Tstd:56.6,Bpos:109.4,Bstd:126.7,StrandBias:-0.8,Multiplicity:1.00
0.864	0.001	0.134	0.001
0.001	0.001	0.001	0.997
0.992	0.001	0.001	0.006
0.001	0.005	0.270	0.724
0.594	0.135	0.001	0.270
0.001	0.001	0.001	0.997
0.719	0.001	0.279	0.001
0.001	0.102	0.001	0.896
0.649	0.151	0.199	0.001
0.578	0.001	0.001	0.420
0.314	0.001	0.684	0.001
0.785	0.001	0.001	0.213
>CTGMTATTTGGT	15-CTGMTATTTGGT	8.210074	-15.915257	0	T:13.0(5.75%),B:603.3(0.86%),P:1e-6	Tpos:100.1,Tstd:54.0,Bpos:98.6,Bstd:93.3,StrandBias:-1.0,Multiplicity:1.15
0.005	0.840	0.001	0.154
0.001	0.001	0.001	0.997
0.008	0.203	0.782	0.007
0.356	0.440	0.001	0.202
0.209	0.001	0.001	0.789
0.595	0.001	0.202	0.202
0.001	0.202	0.001	0.796
0.001	0.001	0.001	0.997
0.001	0.001	0.001	0.997
0.202	0.001	0.796	0.001
0.001	0.001	0.997	0.001
0.001	0.001	0.001	0.997
>GATACAAAATGA	16-GATACAAAATGA	9.261400	-15.748197	0	T:18.0(7.96%),B:1226.8(1.76%),P:1e-6	Tpos:109.4,Tstd:56.7,Bpos:98.5,Bstd:149.4,StrandBias:1.1,Multiplicity:1.12
0.228	0.155	0.551	0.066
0.795	0.001	0.110	0.094
0.092	0.001	0.066	0.841
0.641	0.289	0.069	0.001
0.088	0.778	0.037	0.097
0.925	0.037	0.001	0.037
0.907	0.053	0.016	0.024
0.697	0.021	0.001	0.281
0.864	0.001	0.037	0.098
0.001	0.220	0.001	0.778
0.179	0.111	0.538	0.172
0.617	0.038	0.275	0.070
>GGACTTACTCTC	17-GGACTTACTCTC	10.803028	-15.616151	0	T:4.0(1.77%),B:14.7(0.02%),P:1e-6	Tpos:85.5,Tstd:60.9,Bpos:110.0,Bstd:45.6,StrandBias:2.3,Multiplicity:1.50
0.001	0.001	0.800	0.198
0.001	0.199	0.701	0.099
0.589	0.001	0.404	0.006
0.088	0.608	0.205	0.099
0.001	0.001	0.001	0.997
0.099	0.099	0.099	0.703
0.510	0.001	0.203	0.286
0.001	0.993	0.001	0.005
0.001	0.004	0.398	0.597
0.001	0.701	0.297	0.001
0.409	0.001	0.001	0.589
0.007	0.702	0.001	0.290
>YATGGKGCTGTG	18-YATGGKGCTGTG	10.229048	-11.934540	0	T:6.0(2.65%),B:136.3(0.20%),P:1e-5	Tpos:90.4,Tstd:46.0,Bpos:98.8,Bstd:67.2,StrandBias:1.8,Multiplicity:1.50
0.001	0.448	0.001	0.550
0.790	0.001	0.001	0.208
0.001	0.001	0.208	0.790
0.030	0.001	0.968	0.001
0.001	0.208	0.790	0.001
0.001	0.001	0.448	0.550
0.001	0.128	0.870	0.001
0.129	0.662	0.208	0.001
0.001	0.001	0.208	0.790
0.001	0.030	0.968	0.001
0.001	0.001	0.208	0.790
0.001	0.001	0.582	0.416
>TAAACTVTCAGC	19-TAAACTVTCAGC	12.681728	-11.482838	0	T:4.0(1.77%),B:40.8(0.06%),P:1e-4	Tpos:111.3,Tstd:54.1,Bpos:107.9,Bstd:96.3,StrandBias:-2.3,Multiplicity:1.50
0.001	0.001	0.327	0.671
0.997	0.001	0.001	0.001
0.997	0.001	0.001	0.001
0.671	0.001	0.327	0.001
0.287	0.711	0.001	0.001
0.001	0.001	0.001	0.997
0.288	0.384	0.327	0.001
0.001	0.001	0.001	0.997
0.327	0.671	0.001	0.001
0.997	0.001	0.001	0.001
0.001	0.001	0.997	0.001
0.001	0.997	0.001	0.001
>ATGCABGCATGH	20-ATGCABGCATGH	12.009837	-6.308159	0	T:4.0(1.77%),B:157.5(0.23%),P:1e-2	Tpos:134.8,Tstd:72.7,Bpos:101.2,Bstd:121.9,StrandBias:0.0,Multiplicity:1.00
0.997	0.001	0.001	0.001
0.001	0.001	0.001	0.997
0.001	0.001	0.997	0.001
0.001	0.997	0.001	0.001
0.671	0.001	0.327	0.001
0.001	0.327	0.288	0.384
0.287	0.001	0.711	0.001
0.001	0.997	0.001	0.001
0.997	0.001	0.001	0.001
0.001	0.001	0.001	0.997
0.001	0.001	0.997	0.001
0.327	0.345	0.001	0.327
>TATATATATATA	21-TATATATATATA	7.540815	-5.848278	0	T:31.0(13.72%),B:5661.6(8.11%),P:1e-2	Tpos:129.2,Tstd:52.2,Bpos:100.4,Bstd:156.2,StrandBias:0.6,Multiplicity:1.18
0.099	0.146	0.028	0.727
0.848	0.055	0.046	0.051
0.109	0.216	0.072	0.603
0.825	0.041	0.060	0.074
0.111	0.169	0.078	0.642
0.786	0.019	0.093	0.102
0.073	0.096	0.030	0.801
0.706	0.050	0.134	0.110
0.050	0.141	0.053	0.756
0.706	0.084	0.077	0.133
0.074	0.070	0.062	0.794
0.813	0.080	0.012	0.095
>TATAGTGATGCA	22-TATAGTGATGCA	12.355432	-5.734623	0	T:1.0(0.44%),B:1.2(0.00%),P:1e-2	Tpos:88.0,Tstd:60.9,Bpos:63.1,Bstd:40.3,StrandBias:10.0,Multiplicity:6.00
0.100	0.100	0.100	0.700
0.700	0.100	0.100	0.100
0.100	0.100	0.100	0.700
0.700	0.100	0.100	0.100
0.100	0.100	0.700	0.100
0.100	0.100	0.100	0.700
0.100	0.100	0.700	0.100
0.700	0.100	0.100	0.100
0.100	0.100	0.100	0.700
0.100	0.100	0.700	0.100
0.100	0.700	0.100	0.100
0.700	0.100	0.100	0.100
>GGGGGGGGGGGG	23-GGGGGGGGGGGG	7.492015	-5.662711	0	T:8.0(3.54%),B:754.0(1.08%),P:1e-2	Tpos:103.4,Tstd:53.6,Bpos:97.5,Bstd:52.3,StrandBias:-1.6,Multiplicity:1.12
0.044	0.050	0.754	0.152
0.070	0.001	0.779	0.150
0.100	0.001	0.756	0.143
0.199	0.001	0.749	0.051
0.149	0.001	0.849	0.001
0.050	0.070	0.780	0.100
0.050	0.050	0.750	0.150
0.100	0.144	0.636	0.120
0.051	0.101	0.760	0.088
0.051	0.137	0.661	0.151
0.086	0.052	0.811	0.051
0.094	0.051	0.719	0.136
>TAATTAATTAAT	24-TAATTAATTAAT	14.124205	-4.408329	0	T:2.0(0.88%),B:51.4(0.07%),P:1e-1	Tpos:27.3,Tstd:7.5,Bpos:105.3,Bstd:113.4,StrandBias:-0.4,Multiplicity:1.00
0.001	0.001	0.001	0.997
0.721	0.001	0.001	0.277
0.997	0.001	0.001	0.001
0.001	0.001	0.001	0.997
0.001	0.001	0.001	0.997
0.997	0.001	0.001	0.001
0.997	0.001	0.001	0.001
0.001	0.001	0.001	0.997
0.001	0.001	0.001	0.997
0.997	0.001	0.001	0.001
0.997	0.001	0.001	0.001
0.116	0.001	0.001	0.882
>TGATCGATCGAT	25-TGATCGATCGAT	10.409522	-3.027109	0	T:2.0(0.88%),B:108.8(0.16%),P:1e-1	Tpos:60.2,Tstd:47.0,Bpos:102.1,Bstd:69.7,StrandBias:1.6,Multiplicity:2.00
0.100	0.100	0.100	0.700
0.100	0.100	0.700	0.100
0.700	0.100	0.100	0.100
0.100	0.100	0.100	0.700
0.100	0.700	0.100	0.100
0.100	0.100	0.700	0.100
0.700	0.100	0.100	0.100
0.100	0.100	0.100	0.700
0.100	0.700	0.100	0.100
0.100	0.100	0.700	0.100
0.700	0.100	0.100	0.100
0.100	0.100	0.100	0.700
