>GCTAGAAATG	1-GCTAGAAATG	7.169429	-28.129287	0	T:35.0(15.49%),B:2531.1(3.63%),P:1e-12	Tpos:94.9,Tstd:63.5,Bpos:99.3,Bstd:90.5,StrandBias:0.2,Multiplicity:1.03
0.048	0.027	0.872	0.053
0.055	0.794	0.081	0.070
0.113	0.111	0.127	0.649
0.814	0.079	0.070	0.037
0.054	0.072	0.826	0.048
0.887	0.014	0.074	0.025
0.779	0.043	0.060	0.118
0.810	0.073	0.034	0.083
0.069	0.028	0.027	0.876
0.031	0.098	0.701	0.170
>AAGTAATATC	2-AAGTAATATC	10.249797	-26.860043	0	T:17.0(7.52%),B:517.0(0.74%),P:1e-11	Tpos:108.8,Tstd:58.4,Bpos:87.3,Bstd:124.5,StrandBias:1.1,Multiplicity:1.00
0.997	0.001	0.001	0.001
0.997	0.001	0.001	0.001
0.070	0.001	0.860	0.069
0.083	0.001	0.001	0.915
0.822	0.001	0.096	0.081
0.897	0.101	0.001	0.001
0.001	0.001	0.001	0.997
0.824	0.103	0.001	0.072
0.001	0.080	0.001	0.918
0.001	0.857	0.080	0.062
>AAAATTTTTA	3-AAAATTTTTA	8.155260	-25.830719	0	T:43.0(19.03%),B:4045.1(5.79%),P:1e-11	Tpos:88.7,Tstd:50.3,Bpos:98.7,Bstd:160.2,StrandBias:0.6,Multiplicity:1.21
0.904	0.094	0.001	0.001
0.811	0.068	0.001	0.120
0.819	0.041	0.060	0.080
0.914	0.001	0.001	0.084
0.238	0.001	0.001	0.760
0.097	0.001	0.043	0.859
0.169	0.001	0.001	0.829
0.001	0.001	0.057	0.941
0.095	0.105	0.183	0.617
0.555	0.074	0.086	0.285
>GGACACATGT	4-GGACACATGT	8.160072	-22.655533	0	T:23.0(10.18%),B:1348.9(1.93%),P:1e-9	Tpos:120.3,Tstd:52.4,Bpos:103.3,Bstd:97.9,StrandBias:0.2,Multiplicity:1.04
0.052	0.268	0.558	0.122
0.001	0.001	0.862	0.136
0.897	0.101	0.001	0.001
0.108	0.890	0.001	0.001
0.897	0.101	0.001	0.001
0.001	0.632	0.064	0.303
0.937	0.001	0.061	0.001
0.001	0.149	0.255	0.595
0.001	0.131	0.852	0.016
0.001	0.001	0.160	0.838
>KGGAGTTACT	5-KGGAGTTACT	9.141592	-20.538427	0	T:9.0(3.98%),B:139.2(0.20%),P:1e-8	Tpos:112.8,Tstd:52.4,Bpos:99.8,Bstd:65.0,StrandBias:0.6,Multiplicity:1.11
0.001	0.001	0.508	0.490
0.001	0.001	0.997	0.001
0.001	0.001	0.636	0.362
0.943	0.001	0.055	0.001
0.001	0.037	0.961	0.001
0.001	0.001	0.001	0.997
0.001	0.001	0.001	0.997
0.964	0.001	0.034	0.001
0.001	0.997	0.001	0.001
0.001	0.001	0.001	0.997
>GGATGGAGCA	6-GGATGGAGCA	8.428795	-20.183819	0	T:13.0(5.75%),B:417.5(0.60%),P:1e-8	Tpos:96.9,Tstd:55.3,Bpos:98.1,Bstd:81.7,StrandBias:0.4,Multiplicity:1.08
0.147	0.001	0.804	0.048
0.055	0.001	0.824	0.120
0.947	0.001	0.051	0.001
0.121	0.001	0.001	0.877
0.166	0.068	0.710	0.056
0.042	0.161	0.680	0.117
0.844	0.001	0.001	0.154
0.084	0.064	0.736	0.116
0.047	0.650	0.122	0.181
0.942	0.056	0.001	0.001
>AAATTTTGGA	7-AAATTTTGGA	6.741885	-19.853653	0	T:80.0(35.40%),B:13054.9(18.70%),P:1e-8	Tpos:97.2,Tstd:58.1,Bpos:101.7,Bstd:132.2,StrandBias:0.2,Multiplicity:1.30
0.898	0.001	0.001	0.100
0.801	0.035	0.091	0.073
0.997	0.001	0.001	0.001
0.085	0.001	0.033	0.881
0.031	0.001	0.133	0.835
0.001	0.001	0.033	0.965
0.069	0.138	0.001	0.792
0.069	0.088	0.570	0.273
0.346	0.084	0.538	0.032
0.750	0.073	0.001	0.176
>CATTTTGCCA	8-CATTTTGCCA	10.190450	-19.409850	0	T:16.0(7.08%),B:736.2(1.05%),P:1e-8	Tpos:99.2,Tstd:58.0,Bpos:99.2,Bstd:96.5,StrandBias:0.3,Multiplicity:1.12
0.067	0.877	0.001	0.055
0.997	0.001	0.001	0.001
0.001	0.001	0.192	0.806
0.001	0.001	0.001	0.997
0.001	0.001	0.001	0.997
0.001	0.001	0.001	0.997
0.069	0.062	0.807	0.062
0.001	0.844	0.061	0.094
0.117	0.881	0.001	0.001
0.839	0.084	0.001	0.076
>TTCCAGTTTT	9-TTCCAGTTTT	10.424178	-19.332286	0	T:11.0(4.87%),B:288.6(0.41%),P:1e-8	Tpos:96.4,Tstd:59.0,Bpos:101.4,Bstd:106.4,StrandBias:0.7,Multiplicity:1.18
0.001	0.001	0.001	0.997
0.097	0.001	0.001	0.901
0.001	0.955	0.001	0.043
0.056	0.642	0.100	0.202
0.958	0.001	0.001	0.040
0.001	0.081	0.858	0.060
0.113	0.001	0.128	0.758
0.001	0.001	0.001	0.997
0.001	0.001	0.001	0.997
0.001	0.001	0.001	0.997
>GACAAATTTG	10-GACAAATTTG	8.082180	-19.244760	0	T:29.0(12.83%),B:2518.5(3.61%),P:1e-8	Tpos:94.4,Tstd:59.0,Bpos:100.7,Bstd:105.8,StrandBias:0.3,Multiplicity:1.10
0.088	0.001	0.800	0.111
0.832	0.001	0.080	0.087
0.001	0.851	0.095	0.053
0.800	0.001	0.053	0.146
0.712	0.061	0.155	0.072
0.823	0.001	0.146	0.030
0.070	0.001	0.001	0.928
0.113	0.210	0.087	0.590
0.074	0.001	0.044	0.881
0.192	0.001	0.806	0.001
>CTTAAAGGTA	11-CTTAAAGGTA	7.103475	-18.437358	0	T:36.0(15.93%),B:3826.0(5.48%),P:1e-8	Tpos:108.6,Tstd:49.6,Bpos:99.8,Bstd:118.2,StrandBias:0.2,Multiplicity:1.15
0.059	0.772	0.072	0.097
0.107	0.001	0.040	0.852
0.104	0.016	0.088	0.792
0.794	0.028	0.065	0.113
0.857	0.046	0.041	0.056
0.835	0.053	0.071	0.041
0.179	0.067	0.681	0.073
0.050	0.095	0.777	0.078
0.045	0.116	0.042	0.797
0.850	0.031	0.043	0.076
>TCTACTTAAA	12-TCTACTTAAA	10.111951	-18.340766	0	T:13.0(5.75%),B:488.1(0.70%),P:1e-7	Tpos:114.0,Tstd:42.2,Bpos:96.7,Bstd:139.9,StrandBias:-1.3,Multiplicity:1.08
0.001	0.001	0.001	0.997
0.001	0.868	0.055	0.076
0.067	0.001	0.001	0.931
0.905	0.001	0.001	0.093
0.001	0.898	0.100	0.001
0.001	0.001	0.001	0.997
0.001	0.001	0.076	0.922
0.779	0.064	0.078	0.079
0.854	0.001	0.144	0.001
0.926	0.001	0.001	0.072
>TGTCCCATCA	13-TGTCCCATCA	10.135216	-16.621674	0	T:12.0(5.31%),B:468.4(0.67%),P:1e-7	Tpos:70.5,Tstd:46.2,Bpos:95.9,Bstd:75.6,StrandBias:-0.5,Multiplicity:1.09
0.001	0.001	0.001	0.997
0.001	0.001	0.922	0.076
0.109	0.138	0.001	0.752
0.070	0.928	0.001	0.001
0.061	0.889	0.001	0.049
0.121	0.689	0.112	0.078
0.997	0.001	0.001	0.001
0.001	0.001	0.001	0.997
0.001	0.900	0.098	0.001
0.997	0.001	0.001	0.001
>TTATTAAGAC	14-TTATTAAGAC	10.398116	-15.368333	0	T:9.0(3.98%),B:256.3(0.37%),P:1e-6	Tpos:98.9,Tstd:43.4,Bpos:108.4,Bstd:120.3,StrandBias:-3.5,Multiplicity:1.33
0.001	0.001	0.001	0.997
0.001	0.001	0.281	0.717
0.997	0.001	0.001	0.001
0.268	0.001	0.001	0.730
0.001	0.001	0.001	0.997
0.997	0.001	0.001	0.001
0.896	0.001	0.001	0.102
0.001	0.021	0.908	0.070
0.655	0.001	0.343	0.001
0.001	0.997	0.001	0.001
>TTGAGTGAAG	15-TTGAGTGAAG	11.757888	-14.352347	0	T:6.0(2.65%),B:89.8(0.13%),P:1e-6	Tpos:115.7,Tstd:41.7,Bpos:103.5,Bstd:97.3,StrandBias:1.3,Multiplicity:1.17
0.001	0.147	0.001	0.851
0.001	0.001	0.001	0.997
0.001	0.001	0.997	0.001
0.849	0.001	0.149	0.001
0.001	0.001	0.997	0.001
0.001	0.001	0.001	0.997
0.001	0.001	0.997	0.001
0.997	0.001	0.001	0.001
0.997	0.001	0.001	0.001
0.001	0.001	0.997	0.001
>GATATATATA	16-GATATATATA	10.102028	-13.769907	0	T:9.0(3.98%),B:311.5(0.45%),P:1e-5	Tpos:167.0,Tstd:38.6,Bpos:105.3,Bstd:125.6,StrandBias:-0.1,Multiplicity:1.00
0.001	0.001	0.925	0.073
0.669	0.151	0.179	0.001
0.001	0.001	0.001	0.997
0.997	0.001	0.001	0.001
0.001	0.001	0.001	0.997
0.997	0.001	0.001	0.001
0.001	0.001	0.001	0.997
0.799	0.199	0.001	0.001
0.001	0.001	0.001	0.997
0.607	0.235	0.157	0.001
>GTTAACACAC	17-GTTAACACAC	12.231452	-9.108118	0	T:4.0(1.77%),B:74.2(0.11%),P:1e-3	Tpos:90.8,Tstd:64.0,Bpos:100.2,Bstd:57.9,StrandBias:10.0,Multiplicity:1.25
0.001	0.001	0.997	0.001
0.001	0.001	0.001	0.997
0.001	0.001	0.001	0.997
0.997	0.001	0.001	0.001
0.997	0.001	0.001	0.001
0.001	0.997	0.001	0.001
0.997	0.001	0.001	0.001
0.201	0.797	0.001	0.001
0.997	0.001	0.001	0.001
0.001	0.997	0.001	0.001
>TARGGGGGGG	18-TARGGGGGGG	8.129280	-6.234018	0	T:8.0(3.54%),B:686.7(0.98%),P:1e-2	Tpos:107.1,Tstd:56.6,Bpos:97.2,Bstd:55.7,StrandBias:-0.6,Multiplicity:1.25
0.204	0.001	0.283	0.512
0.489	0.001	0.318	0.192
0.534	0.001	0.464	0.001
0.091	0.001	0.907	0.001
0.091	0.001	0.907	0.001
0.001	0.104	0.821	0.074
0.001	0.001	0.924	0.074
0.001	0.001	0.997	0.001
0.001	0.001	0.997	0.001
0.001	0.136	0.862	0.001
>TCGATCGATC	19-TCGATCGATC	8.146666	-4.838529	0	T:8.0(3.54%),B:869.1(1.24%),P:1e-2	Tpos:51.2,Tstd:32.4,Bpos:103.1,Bstd:97.9,StrandBias:-0.4,Multiplicity:1.50
0.018	0.028	0.031	0.923
0.139	0.761	0.025	0.075
0.152	0.089	0.691	0.068
0.786	0.086	0.081	0.047
0.026	0.070	0.001	0.903
0.068	0.772	0.001	0.159
0.137	0.018	0.778	0.067
0.903	0.025	0.027	0.045
0.070	0.060	0.045	0.825
0.141	0.664	0.077	0.118
>TGATGCACGT	20-TGATGCACGT	10.296193	-3.267382	0	T:1.0(0.44%),B:13.0(0.02%),P:1e-1	Tpos:92.0,Tstd:60.9,Bpos:98.3,Bstd:53.7,StrandBias:10.0,Multiplicity:6.00
0.100	0.100	0.100	0.700
0.100	0.100	0.700	0.100
0.700	0.100	0.100	0.100
0.100	0.100	0.100	0.700
0.100	0.100	0.700	0.100
0.100	0.700	0.100	0.100
0.700	0.100	0.100	0.100
0.100	0.700	0.100	0.100
0.100	0.100	0.700	0.100
0.100	0.100	0.100	0.700
>CATGCATGCA	21-CATGCATGCA	12.339793	-2.276988	0	T:2.0(0.88%),B:167.0(0.24%),P:1e0	Tpos:166.1,Tstd:57.3,Bpos:112.0,Bstd:60.0,StrandBias:-0.4,Multiplicity:1.00
0.001	0.997	0.001	0.001
0.997	0.001	0.001	0.001
0.001	0.001	0.001	0.997
0.001	0.001	0.997	0.001
0.001	0.997	0.001	0.001
0.997	0.001	0.001	0.001
0.001	0.224	0.001	0.774
0.001	0.001	0.997	0.001
0.001	0.997	0.001	0.001
0.997	0.001	0.001	0.001
