>TCCNGATC	1-TCCNGATC	5.162670	-20.119912	0	T:327.0(31.32%),B:8063.3(23.29%),P:1e-8	Tpos:104.4,Tstd:55.7,Bpos:105.0,Bstd:55.5,StrandBias:0.0,Multiplicity:1.15
0.001	0.001	0.001	0.997
0.001	0.883	0.061	0.055
0.001	0.725	0.180	0.094
0.206	0.297	0.213	0.284
0.023	0.074	0.802	0.101
0.727	0.001	0.157	0.115
0.150	0.001	0.012	0.837
0.001	0.767	0.165	0.067
>GGCCATAC	2-GGCCATAC	6.924667	-16.662713	0	T:99.0(9.48%),B:1861.3(5.38%),P:1e-7	Tpos:104.0,Tstd:57.1,Bpos:101.3,Bstd:56.3,StrandBias:0.2,Multiplicity:1.05
0.078	0.001	0.859	0.062
0.001	0.001	0.997	0.001
0.039	0.811	0.025	0.125
0.146	0.663	0.153	0.038
0.997	0.001	0.001	0.001
0.046	0.001	0.049	0.904
0.884	0.028	0.047	0.041
0.086	0.912	0.001	0.001
>AGAGGGAG	3-AGAGGGAG	4.089022	-12.721839	0	T:65.0(6.23%),B:1169.1(3.38%),P:1e-5	Tpos:99.1,Tstd:60.1,Bpos:97.1,Bstd:57.0,StrandBias:0.2,Multiplicity:1.10
0.997	0.001	0.001	0.001
0.001	0.001	0.962	0.036
0.964	0.001	0.034	0.001
0.001	0.001	0.997	0.001
0.001	0.031	0.967	0.001
0.001	0.001	0.997	0.001
0.997	0.001	0.001	0.001
0.001	0.001	0.909	0.089
>GTTGTTAT	4-GTTGTTAT	10.879372	-10.299164	0	T:27.0(2.59%),B:368.9(1.07%),P:1e-4	Tpos:94.4,Tstd:57.4,Bpos:93.1,Bstd:57.4,StrandBias:-0.4,Multiplicity:1.04
0.001	0.001	0.997	0.001
0.001	0.001	0.001	0.997
0.001	0.001	0.001	0.997
0.001	0.001	0.997	0.001
0.001	0.001	0.001	0.997
0.001	0.001	0.171	0.827
0.997	0.001	0.001	0.001
0.001	0.001	0.001	0.997
>TCGTCGTC	5-TCGTCGTC	7.914036	-5.980032	0	T:62.0(5.94%),B:1412.3(4.08%),P:1e-2	Tpos:105.5,Tstd:55.5,Bpos:117.9,Bstd:54.9,StrandBias:0.1,Multiplicity:1.21
0.001	0.001	0.001	0.997
0.001	0.997	0.001	0.001
0.182	0.001	0.816	0.001
0.001	0.068	0.067	0.864
0.001	0.775	0.073	0.151
0.001	0.001	0.997	0.001
0.001	0.001	0.001	0.997
0.001	0.997	0.001	0.001
