>ACAACAGGAG	1-ACAACAGGAG	6.615185	-25.175247	0	T:175.0(16.76%),B:3460.6(10.00%),P:1e-10	Tpos:105.2,Tstd:49.1,Bpos:103.0,Bstd:56.3,StrandBias:0.3,Multiplicity:1.13
0.841	0.057	0.040	0.062
0.064	0.789	0.058	0.089
0.737	0.105	0.062	0.096
0.857	0.054	0.033	0.056
0.064	0.798	0.071	0.067
0.823	0.031	0.059	0.087
0.068	0.063	0.807	0.062
0.042	0.060	0.805	0.093
0.774	0.069	0.085	0.072
0.077	0.063	0.774	0.086
>CAGGCGTTAT	2-CAGGCGTTAT	4.770171	-25.163272	0	T:310.0(29.69%),B:7225.4(20.87%),P:1e-10	Tpos:97.6,Tstd:52.6,Bpos:98.9,Bstd:57.3,StrandBias:-0.2,Multiplicity:1.13
0.110	0.688	0.115	0.087
0.745	0.063	0.086	0.106
0.128	0.097	0.677	0.098
0.107	0.105	0.691	0.097
0.085	0.694	0.111	0.110
0.095	0.086	0.707	0.112
0.104	0.080	0.113	0.703
0.112	0.084	0.085	0.719
0.707	0.082	0.092	0.119
0.095	0.127	0.109	0.669
>AGTGATATCC	3-AGTGATATCC	9.190294	-22.489034	0	T:29.0(2.78%),B:225.2(0.65%),P:1e-9	Tpos:113.9,Tstd:55.2,Bpos:100.6,Bstd:57.1,StrandBias:0.2,Multiplicity:1.00
0.865	0.001	0.133	0.001
0.001	0.183	0.708	0.108
0.056	0.001	0.001	0.942
0.001	0.001	0.997	0.001
0.727	0.001	0.001	0.271
0.127	0.001	0.018	0.854
0.746	0.001	0.169	0.084
0.057	0.249	0.142	0.552
0.001	0.936	0.062	0.001
0.001	0.669	0.264	0.066
>CCCGAACCAA	4-CCCGAACCAA	9.119336	-22.343100	0	T:19.0(1.82%),B:94.1(0.27%),P:1e-9	Tpos:108.0,Tstd:59.2,Bpos:92.5,Bstd:58.6,StrandBias:0.2,Multiplicity:1.00
0.056	0.854	0.089	0.001
0.001	0.997	0.001	0.001
0.060	0.938	0.001	0.001
0.052	0.061	0.835	0.052
0.910	0.001	0.088	0.001
0.997	0.001	0.001	0.001
0.001	0.997	0.001	0.001
0.114	0.693	0.104	0.089
0.871	0.001	0.127	0.001
0.997	0.001	0.001	0.001
>TGACNNRTAM	5-TGACNNRTAM	6.021954	-22.248731	0	T:38.0(3.64%),B:373.1(1.08%),P:1e-9	Tpos:80.7,Tstd:55.8,Bpos:87.1,Bstd:55.8,StrandBias:0.2,Multiplicity:1.00
0.110	0.166	0.001	0.723
0.240	0.137	0.621	0.002
0.586	0.164	0.169	0.081
0.043	0.544	0.281	0.132
0.251	0.323	0.211	0.215
0.209	0.236	0.227	0.329
0.408	0.064	0.527	0.001
0.282	0.004	0.243	0.472
0.472	0.001	0.275	0.252
0.378	0.301	0.199	0.122
>ATAGCCAAAC	6-ATAGCCAAAC	7.226576	-20.550279	0	T:66.0(6.32%),B:958.4(2.77%),P:1e-8	Tpos:92.7,Tstd:54.6,Bpos:98.1,Bstd:57.7,StrandBias:0.6,Multiplicity:1.00
0.781	0.049	0.098	0.072
0.051	0.103	0.057	0.789
0.782	0.104	0.067	0.047
0.130	0.040	0.768	0.062
0.067	0.805	0.055	0.073
0.075	0.809	0.051	0.065
0.859	0.062	0.035	0.044
0.846	0.066	0.045	0.043
0.775	0.057	0.099	0.069
0.055	0.791	0.086	0.068
>TGGCCKTAAW	7-TGGCCKTAAW	8.833265	-19.328385	0	T:26.0(2.49%),B:212.7(0.61%),P:1e-8	Tpos:93.9,Tstd:53.6,Bpos:101.3,Bstd:54.8,StrandBias:0.3,Multiplicity:1.12
0.001	0.161	0.005	0.833
0.166	0.122	0.711	0.001
0.001	0.001	0.997	0.001
0.040	0.586	0.373	0.001
0.001	0.952	0.046	0.001
0.142	0.001	0.358	0.499
0.001	0.236	0.001	0.762
0.774	0.001	0.095	0.130
0.938	0.001	0.060	0.001
0.513	0.001	0.002	0.484
>GGGTCCCTGC	8-GGGTCCCTGC	9.280967	-19.272865	0	T:16.0(1.53%),B:79.0(0.23%),P:1e-8	Tpos:98.6,Tstd:49.6,Bpos:92.5,Bstd:55.9,StrandBias:0.2,Multiplicity:1.06
0.001	0.039	0.893	0.067
0.001	0.097	0.727	0.175
0.059	0.001	0.939	0.001
0.001	0.001	0.096	0.902
0.078	0.824	0.097	0.001
0.001	0.962	0.001	0.036
0.060	0.872	0.001	0.067
0.001	0.001	0.001	0.997
0.001	0.001	0.956	0.042
0.001	0.997	0.001	0.001
>ATCGGGAATA	9-ATCGGGAATA	6.684832	-18.974610	0	T:86.0(8.24%),B:1459.4(4.22%),P:1e-8	Tpos:91.8,Tstd:55.5,Bpos:104.7,Bstd:56.8,StrandBias:0.2,Multiplicity:1.08
0.577	0.137	0.129	0.157
0.047	0.008	0.239	0.706
0.001	0.649	0.001	0.349
0.094	0.193	0.620	0.093
0.113	0.086	0.749	0.052
0.072	0.127	0.589	0.212
0.912	0.086	0.001	0.001
0.598	0.166	0.001	0.235
0.096	0.077	0.240	0.587
0.556	0.001	0.216	0.227
>TTTAATGCTT	10-TTTAATGCTT	8.834184	-18.838496	0	T:46.0(4.41%),B:578.9(1.67%),P:1e-8	Tpos:83.0,Tstd:53.0,Bpos:87.0,Bstd:56.3,StrandBias:0.6,Multiplicity:1.02
0.027	0.096	0.001	0.876
0.001	0.004	0.001	0.994
0.039	0.001	0.001	0.959
0.819	0.037	0.004	0.140
0.814	0.002	0.100	0.084
0.008	0.009	0.112	0.871
0.001	0.146	0.822	0.031
0.343	0.613	0.003	0.041
0.028	0.037	0.095	0.840
0.001	0.025	0.017	0.957
>TAGCSTAGTC	11-TAGCSTAGTC	9.083006	-18.752328	0	T:16.0(1.53%),B:81.7(0.24%),P:1e-8	Tpos:95.4,Tstd:64.0,Bpos:93.0,Bstd:57.3,StrandBias:-0.7,Multiplicity:1.12
0.001	0.056	0.091	0.852
0.952	0.001	0.001	0.046
0.074	0.001	0.871	0.054
0.004	0.900	0.095	0.001
0.004	0.537	0.458	0.001
0.047	0.004	0.194	0.755
0.907	0.091	0.001	0.001
0.137	0.091	0.771	0.001
0.344	0.001	0.005	0.650
0.001	0.762	0.002	0.235
>TCAGGTGAGS	12-TCAGGTGAGS	7.262157	-18.030885	0	T:24.0(2.30%),B:195.5(0.56%),P:1e-7	Tpos:97.8,Tstd:45.9,Bpos:98.8,Bstd:58.5,StrandBias:0.3,Multiplicity:1.04
0.019	0.032	0.272	0.677
0.275	0.610	0.046	0.069
0.764	0.140	0.039	0.057
0.040	0.235	0.490	0.235
0.264	0.158	0.533	0.045
0.029	0.094	0.288	0.589
0.271	0.039	0.637	0.053
0.445	0.285	0.053	0.218
0.032	0.251	0.505	0.212
0.063	0.478	0.395	0.064
>TATGTGGAAG	13-TATGTGGAAG	7.410869	-17.011346	0	T:54.0(5.17%),B:785.9(2.27%),P:1e-7	Tpos:110.2,Tstd:58.4,Bpos:100.8,Bstd:56.5,StrandBias:0.3,Multiplicity:1.06
0.056	0.076	0.073	0.795
0.770	0.050	0.075	0.105
0.045	0.070	0.097	0.788
0.083	0.054	0.798	0.065
0.042	0.034	0.039	0.885
0.047	0.070	0.840	0.043
0.087	0.052	0.798	0.063
0.728	0.106	0.069	0.097
0.862	0.022	0.062	0.054
0.097	0.048	0.742	0.113
>AWCGAATCGC	14-AWCGAATCGC	9.808122	-16.098736	0	T:11.0(1.05%),B:42.2(0.12%),P:1e-6	Tpos:101.8,Tstd:51.4,Bpos:104.5,Bstd:59.6,StrandBias:1.0,Multiplicity:1.09
0.936	0.001	0.001	0.062
0.420	0.092	0.001	0.486
0.043	0.955	0.001	0.001
0.001	0.001	0.997	0.001
0.874	0.068	0.057	0.001
0.789	0.050	0.076	0.085
0.176	0.054	0.085	0.685
0.021	0.977	0.001	0.001
0.085	0.001	0.792	0.122
0.287	0.711	0.001	0.001
>GCGAAKCAAA	15-GCGAAKCAAA	8.379473	-15.677445	0	T:12.0(1.15%),B:54.8(0.16%),P:1e-6	Tpos:95.8,Tstd:53.6,Bpos:92.5,Bstd:49.6,StrandBias:0.0,Multiplicity:1.00
0.001	0.001	0.997	0.001
0.001	0.997	0.001	0.001
0.001	0.001	0.997	0.001
0.686	0.312	0.001	0.001
0.997	0.001	0.001	0.001
0.001	0.001	0.454	0.544
0.001	0.997	0.001	0.001
0.997	0.001	0.001	0.001
0.973	0.025	0.001	0.001
0.997	0.001	0.001	0.001
>TCWGCCCACT	16-TCWGCCCACT	10.472406	-14.528369	0	T:13.0(1.25%),B:72.2(0.21%),P:1e-6	Tpos:111.6,Tstd:38.4,Bpos:103.8,Bstd:50.1,StrandBias:0.7,Multiplicity:1.00
0.001	0.001	0.075	0.923
0.203	0.758	0.038	0.001
0.452	0.001	0.027	0.520
0.029	0.001	0.967	0.003
0.001	0.987	0.001	0.011
0.108	0.532	0.001	0.359
0.010	0.834	0.001	0.155
0.997	0.001	0.001	0.001
0.220	0.550	0.001	0.229
0.001	0.001	0.001	0.997
>ACCATATGGC	17-ACCATATGGC	10.296193	-12.866156	0	T:4.0(0.38%),B:3.9(0.01%),P:1e-5	Tpos:63.8,Tstd:39.4,Bpos:64.9,Bstd:30.7,StrandBias:0.0,Multiplicity:1.00
0.700	0.100	0.100	0.100
0.100	0.700	0.100	0.100
0.100	0.700	0.100	0.100
0.700	0.100	0.100	0.100
0.100	0.100	0.100	0.700
0.700	0.100	0.100	0.100
0.100	0.100	0.100	0.700
0.100	0.100	0.700	0.100
0.100	0.100	0.700	0.100
0.100	0.700	0.100	0.100
>CCCGCAGAAT	18-CCCGCAGAAT	10.296193	-12.866156	0	T:4.0(0.38%),B:3.8(0.01%),P:1e-5	Tpos:75.8,Tstd:33.4,Bpos:99.4,Bstd:44.2,StrandBias:-1.6,Multiplicity:1.00
0.100	0.700	0.100	0.100
0.100	0.700	0.100	0.100
0.100	0.700	0.100	0.100
0.100	0.100	0.700	0.100
0.100	0.700	0.100	0.100
0.700	0.100	0.100	0.100
0.100	0.100	0.700	0.100
0.700	0.100	0.100	0.100
0.700	0.100	0.100	0.100
0.100	0.100	0.100	0.700
>GACGACGMCG	19-GACGACGMCG	8.874802	-11.089890	0	T:20.0(1.92%),B:216.1(0.62%),P:1e-4	Tpos:78.2,Tstd:52.9,Bpos:123.2,Bstd:54.4,StrandBias:0.3,Multiplicity:1.30
0.001	0.001	0.997	0.001
0.592	0.406	0.001	0.001
0.001	0.997	0.001	0.001
0.001	0.001	0.997	0.001
0.997	0.001	0.001	0.001
0.001	0.939	0.001	0.059
0.001	0.001	0.997	0.001
0.563	0.435	0.001	0.001
0.001	0.960	0.001	0.038
0.001	0.001	0.582	0.416
>CGGTCGTCCG	20-CGGTCGTCCG	9.437766	-10.945627	0	T:14.0(1.34%),B:116.3(0.34%),P:1e-4	Tpos:88.5,Tstd:45.8,Bpos:101.9,Bstd:60.0,StrandBias:-0.9,Multiplicity:1.21
0.233	0.533	0.233	0.001
0.348	0.001	0.650	0.001
0.001	0.144	0.766	0.089
0.001	0.001	0.001	0.997
0.001	0.997	0.001	0.001
0.232	0.001	0.766	0.001
0.001	0.001	0.001	0.997
0.001	0.794	0.001	0.204
0.001	0.997	0.001	0.001
0.001	0.288	0.567	0.144
>GAGAGAGAGA	21-GAGAGAGAGA	6.955168	-3.294037	0	T:81.0(7.76%),B:2193.3(6.34%),P:1e-1	Tpos:94.9,Tstd:57.9,Bpos:91.1,Bstd:57.9,StrandBias:-0.7,Multiplicity:1.12
0.040	0.079	0.773	0.108
0.831	0.010	0.062	0.097
0.036	0.160	0.803	0.001
0.760	0.002	0.161	0.077
0.001	0.039	0.958	0.002
0.696	0.083	0.166	0.055
0.065	0.162	0.664	0.109
0.844	0.002	0.153	0.001
0.067	0.042	0.842	0.049
0.835	0.035	0.129	0.001
