>CTTTTGTGAAAG	1-CTTTTGTGAAAG	13.536053	-34.854726	0	T:11.0(1.05%),B:7.8(0.02%),P:1e-15	Tpos:91.4,Tstd:55.2,Bpos:76.5,Bstd:47.9,StrandBias:0.8,Multiplicity:1.00
0.001	0.945	0.001	0.053
0.001	0.230	0.105	0.664
0.105	0.105	0.001	0.789
0.104	0.001	0.001	0.894
0.001	0.001	0.001	0.997
0.104	0.001	0.894	0.001
0.001	0.001	0.001	0.997
0.001	0.001	0.997	0.001
0.997	0.001	0.001	0.001
0.997	0.001	0.001	0.001
0.997	0.001	0.001	0.001
0.001	0.001	0.997	0.001
>CTGTTGSTGTGT	2-CTGTTGSTGTGT	10.271329	-34.756360	0	T:29.0(2.78%),B:135.6(0.39%),P:1e-15	Tpos:115.9,Tstd:50.2,Bpos:110.7,Bstd:53.1,StrandBias:0.3,Multiplicity:1.00
0.001	0.697	0.301	0.001
0.067	0.001	0.193	0.739
0.045	0.194	0.760	0.001
0.320	0.001	0.001	0.678
0.064	0.001	0.385	0.550
0.001	0.001	0.932	0.066
0.001	0.539	0.397	0.063
0.001	0.045	0.001	0.953
0.046	0.193	0.567	0.194
0.001	0.001	0.001	0.997
0.001	0.065	0.933	0.001
0.192	0.001	0.001	0.806
>TGGGAAGTCCAG	3-TGGGAAGTCCAG	14.083041	-29.931956	0	T:8.0(0.77%),B:3.7(0.01%),P:1e-12	Tpos:103.1,Tstd:53.2,Bpos:112.1,Bstd:60.7,StrandBias:0.0,Multiplicity:1.00
0.001	0.001	0.001	0.997
0.001	0.001	0.997	0.001
0.001	0.166	0.832	0.001
0.001	0.001	0.832	0.166
0.997	0.001	0.001	0.001
0.997	0.001	0.001	0.001
0.001	0.001	0.997	0.001
0.001	0.001	0.001	0.997
0.166	0.832	0.001	0.001
0.166	0.832	0.001	0.001
0.997	0.001	0.001	0.001
0.001	0.001	0.832	0.166
>AAGGGTTAAAAC	4-AAGGGTTAAAAC	11.651992	-26.505502	0	T:13.0(1.25%),B:26.9(0.08%),P:1e-11	Tpos:72.1,Tstd:26.3,Bpos:109.4,Bstd:58.9,StrandBias:0.2,Multiplicity:1.00
0.907	0.091	0.001	0.001
0.997	0.001	0.001	0.001
0.091	0.001	0.817	0.091
0.091	0.001	0.817	0.091
0.008	0.001	0.900	0.091
0.156	0.001	0.292	0.551
0.008	0.001	0.064	0.927
0.907	0.091	0.001	0.001
0.997	0.001	0.001	0.001
0.907	0.091	0.001	0.001
0.907	0.001	0.001	0.091
0.001	0.907	0.001	0.091
>ACCTGTTGTTAT	5-ACCTGTTGTTAT	9.445346	-25.777276	0	T:39.0(3.74%),B:345.6(1.00%),P:1e-11	Tpos:102.7,Tstd:53.4,Bpos:102.1,Bstd:57.2,StrandBias:-0.8,Multiplicity:1.10
0.721	0.040	0.097	0.142
0.100	0.759	0.121	0.020
0.117	0.791	0.040	0.052
0.040	0.001	0.001	0.958
0.081	0.020	0.898	0.001
0.076	0.020	0.001	0.903
0.001	0.016	0.020	0.963
0.082	0.001	0.883	0.034
0.040	0.061	0.061	0.838
0.075	0.174	0.061	0.690
0.795	0.061	0.092	0.052
0.042	0.101	0.052	0.805
>ACTGACAAGCCC	6-ACTGACAAGCCC	14.257152	-23.493335	0	T:6.0(0.57%),B:2.6(0.01%),P:1e-10	Tpos:124.5,Tstd:53.5,Bpos:63.6,Bstd:28.4,StrandBias:1.0,Multiplicity:1.00
0.997	0.001	0.001	0.001
0.001	0.997	0.001	0.001
0.001	0.001	0.001	0.997
0.001	0.001	0.997	0.001
0.997	0.001	0.001	0.001
0.001	0.799	0.001	0.199
0.799	0.001	0.001	0.199
0.997	0.001	0.001	0.001
0.001	0.001	0.997	0.001
0.200	0.599	0.200	0.001
0.001	0.997	0.001	0.001
0.001	0.997	0.001	0.001
>GGTGAACTGCTG	7-GGTGAACTGCTG	13.428012	-23.259826	0	T:8.0(0.77%),B:7.4(0.02%),P:1e-10	Tpos:108.6,Tstd:47.2,Bpos:124.9,Bstd:58.1,StrandBias:-1.2,Multiplicity:1.25
0.001	0.001	0.997	0.001
0.001	0.001	0.997	0.001
0.001	0.001	0.001	0.997
0.105	0.105	0.789	0.001
0.630	0.368	0.001	0.001
0.997	0.001	0.001	0.001
0.001	0.894	0.104	0.001
0.001	0.001	0.001	0.997
0.001	0.104	0.894	0.001
0.001	0.997	0.001	0.001
0.104	0.001	0.001	0.894
0.001	0.001	0.997	0.001
>TWTAWTRATTTG	8-TWTAWTRATTTG	9.443389	-22.465561	0	T:27.0(2.59%),B:196.7(0.57%),P:1e-9	Tpos:69.2,Tstd:45.7,Bpos:91.7,Bstd:55.9,StrandBias:0.3,Multiplicity:1.00
0.282	0.017	0.050	0.651
0.436	0.024	0.032	0.508
0.307	0.060	0.016	0.617
0.592	0.031	0.330	0.047
0.405	0.069	0.034	0.492
0.116	0.024	0.038	0.822
0.427	0.050	0.483	0.040
0.802	0.015	0.041	0.142
0.185	0.214	0.035	0.566
0.034	0.352	0.047	0.567
0.142	0.017	0.173	0.668
0.040	0.024	0.895	0.041
>ATGCTCACCTGA	9-ATGCTCACCTGA	13.740561	-22.218117	0	T:8.0(0.77%),B:8.9(0.03%),P:1e-9	Tpos:84.4,Tstd:51.8,Bpos:137.1,Bstd:44.5,StrandBias:-0.7,Multiplicity:1.00
0.997	0.001	0.001	0.001
0.138	0.001	0.001	0.860
0.138	0.001	0.860	0.001
0.305	0.555	0.139	0.001
0.001	0.001	0.001	0.997
0.001	0.997	0.001	0.001
0.997	0.001	0.001	0.001
0.001	0.997	0.001	0.001
0.001	0.997	0.001	0.001
0.001	0.001	0.001	0.997
0.001	0.001	0.997	0.001
0.860	0.138	0.001	0.001
>GATTCGATTYGA	10-GATTCGATTYGA	12.548756	-20.283465	0	T:10.0(0.96%),B:21.1(0.06%),P:1e-8	Tpos:128.8,Tstd:52.0,Bpos:112.4,Bstd:43.7,StrandBias:1.2,Multiplicity:1.00
0.279	0.001	0.476	0.244
0.997	0.001	0.001	0.001
0.001	0.001	0.001	0.997
0.001	0.001	0.001	0.997
0.001	0.767	0.001	0.231
0.001	0.001	0.997	0.001
0.997	0.001	0.001	0.001
0.001	0.001	0.001	0.997
0.001	0.244	0.001	0.754
0.001	0.523	0.001	0.475
0.255	0.001	0.743	0.001
0.997	0.001	0.001	0.001
>TCAHAAATGACC	11-TCAHAAATGACC	11.474638	-19.666764	0	T:17.0(1.63%),B:87.2(0.25%),P:1e-8	Tpos:120.7,Tstd:48.6,Bpos:94.4,Bstd:51.3,StrandBias:-0.7,Multiplicity:1.06
0.397	0.025	0.001	0.577
0.001	0.997	0.001	0.001
0.997	0.001	0.001	0.001
0.397	0.283	0.001	0.319
0.997	0.001	0.001	0.001
0.717	0.281	0.001	0.001
0.576	0.001	0.001	0.422
0.001	0.001	0.001	0.997
0.001	0.001	0.997	0.001
0.846	0.001	0.001	0.152
0.267	0.578	0.001	0.154
0.001	0.588	0.410	0.001
>ATCATGGCAGAG	12-ATCATGGCAGAG	10.400409	-18.350117	0	T:20.0(1.92%),B:134.0(0.39%),P:1e-7	Tpos:116.5,Tstd:47.0,Bpos:114.0,Bstd:46.1,StrandBias:1.2,Multiplicity:1.00
0.757	0.081	0.081	0.081
0.001	0.001	0.080	0.918
0.001	0.931	0.003	0.065
0.776	0.080	0.001	0.143
0.001	0.001	0.001	0.997
0.064	0.001	0.934	0.001
0.164	0.001	0.834	0.001
0.001	0.918	0.080	0.001
0.766	0.001	0.088	0.145
0.001	0.080	0.758	0.161
0.855	0.081	0.056	0.008
0.001	0.314	0.548	0.137
>AAACTGAAATCG	13-AAACTGAAATCG	12.355432	-17.212627	0	T:4.0(0.38%),B:0.0(0.00%),P:1e-7	Tpos:114.5,Tstd:49.8,Bpos:0.0,Bstd:0.0,StrandBias:1.6,Multiplicity:1.00
0.700	0.100	0.100	0.100
0.700	0.100	0.100	0.100
0.700	0.100	0.100	0.100
0.100	0.700	0.100	0.100
0.100	0.100	0.100	0.700
0.100	0.100	0.700	0.100
0.700	0.100	0.100	0.100
0.700	0.100	0.100	0.100
0.700	0.100	0.100	0.100
0.100	0.100	0.100	0.700
0.100	0.700	0.100	0.100
0.100	0.100	0.700	0.100
>TATATGGTRATG	14-TATATGGTRATG	10.232710	-16.722682	0	T:21.0(2.01%),B:163.3(0.47%),P:1e-7	Tpos:107.2,Tstd:55.3,Bpos:95.2,Bstd:56.4,StrandBias:0.4,Multiplicity:1.24
0.118	0.103	0.001	0.778
0.997	0.001	0.001	0.001
0.192	0.001	0.108	0.699
0.997	0.001	0.001	0.001
0.001	0.001	0.001	0.997
0.001	0.001	0.916	0.082
0.001	0.001	0.896	0.102
0.103	0.213	0.001	0.683
0.380	0.103	0.414	0.103
0.793	0.205	0.001	0.001
0.001	0.001	0.001	0.997
0.001	0.221	0.715	0.063
>GAGAGAAACDAA	15-GAGAGAAACDAA	12.345867	-16.368374	0	T:10.0(0.96%),B:32.7(0.09%),P:1e-7	Tpos:111.9,Tstd:39.2,Bpos:82.7,Bstd:60.2,StrandBias:0.0,Multiplicity:1.00
0.144	0.001	0.693	0.162
0.766	0.001	0.001	0.232
0.398	0.051	0.550	0.001
0.997	0.001	0.001	0.001
0.001	0.161	0.837	0.001
0.997	0.001	0.001	0.001
0.997	0.001	0.001	0.001
0.997	0.001	0.001	0.001
0.001	0.997	0.001	0.001
0.319	0.001	0.395	0.285
0.997	0.001	0.001	0.001
0.766	0.001	0.001	0.232
>CAATCAGAGGCC	16-CAATCAGAGGCC	13.577231	-14.464039	0	T:4.0(0.38%),B:2.7(0.01%),P:1e-6	Tpos:50.7,Tstd:48.6,Bpos:57.8,Bstd:28.1,StrandBias:2.3,Multiplicity:1.50
0.001	0.997	0.001	0.001
0.997	0.001	0.001	0.001
0.997	0.001	0.001	0.001
0.001	0.001	0.001	0.997
0.001	0.997	0.001	0.001
0.997	0.001	0.001	0.001
0.001	0.001	0.997	0.001
0.778	0.220	0.001	0.001
0.001	0.001	0.997	0.001
0.001	0.001	0.997	0.001
0.220	0.778	0.001	0.001
0.001	0.997	0.001	0.001
>GCCGATGACGTC	17-GCCGATGACGTC	12.355432	-14.464039	0	T:4.0(0.38%),B:2.8(0.01%),P:1e-6	Tpos:87.5,Tstd:45.0,Bpos:72.1,Bstd:45.5,StrandBias:0.0,Multiplicity:1.00
0.100	0.100	0.700	0.100
0.100	0.700	0.100	0.100
0.100	0.700	0.100	0.100
0.100	0.100	0.700	0.100
0.700	0.100	0.100	0.100
0.100	0.100	0.100	0.700
0.100	0.100	0.700	0.100
0.700	0.100	0.100	0.100
0.100	0.700	0.100	0.100
0.100	0.100	0.700	0.100
0.100	0.100	0.100	0.700
0.100	0.700	0.100	0.100
>AATATTGGCGTG	18-AATATTGGCGTG	13.661113	-12.320771	0	T:3.0(0.29%),B:1.4(0.00%),P:1e-5	Tpos:84.5,Tstd:67.4,Bpos:170.0,Bstd:0.0,StrandBias:2.3,Multiplicity:2.00
0.997	0.001	0.001	0.001
0.997	0.001	0.001	0.001
0.233	0.001	0.001	0.765
0.997	0.001	0.001	0.001
0.001	0.001	0.001	0.997
0.233	0.001	0.299	0.467
0.233	0.001	0.765	0.001
0.001	0.001	0.997	0.001
0.001	0.997	0.001	0.001
0.001	0.001	0.997	0.001
0.001	0.001	0.001	0.997
0.299	0.233	0.467	0.001
>GAATCTAGGCTA	19-GAATCTAGGCTA	14.257152	-12.320771	0	T:3.0(0.29%),B:1.0(0.00%),P:1e-5	Tpos:99.0,Tstd:60.5,Bpos:131.0,Bstd:0.0,StrandBias:2.3,Multiplicity:2.00
0.001	0.001	0.997	0.001
0.599	0.200	0.200	0.001
0.799	0.001	0.199	0.001
0.001	0.001	0.001	0.997
0.001	0.997	0.001	0.001
0.001	0.001	0.001	0.997
0.799	0.001	0.199	0.001
0.001	0.001	0.997	0.001
0.001	0.001	0.997	0.001
0.001	0.997	0.001	0.001
0.001	0.001	0.001	0.997
0.997	0.001	0.001	0.001
>AGCKGTGTAATA	20-AGCKGTGTAATA	12.824881	-12.105422	0	T:5.0(0.48%),B:8.7(0.03%),P:1e-5	Tpos:84.0,Tstd:43.8,Bpos:92.9,Bstd:52.3,StrandBias:0.7,Multiplicity:1.60
0.997	0.001	0.001	0.001
0.001	0.001	0.765	0.233
0.001	0.997	0.001	0.001
0.066	0.001	0.467	0.467
0.001	0.001	0.997	0.001
0.001	0.001	0.001	0.997
0.001	0.001	0.997	0.001
0.001	0.233	0.001	0.765
0.765	0.233	0.001	0.001
0.997	0.001	0.001	0.001
0.233	0.001	0.001	0.765
0.997	0.001	0.001	0.001
>ACAGACATACAG	21-ACAGACATACAG	10.018164	-8.170249	0	T:22.0(2.11%),B:311.0(0.90%),P:1e-3	Tpos:86.2,Tstd:57.0,Bpos:103.5,Bstd:64.7,StrandBias:-1.6,Multiplicity:1.45
0.939	0.018	0.001	0.042
0.001	0.839	0.159	0.001
0.806	0.126	0.026	0.042
0.001	0.067	0.890	0.042
0.957	0.041	0.001	0.001
0.165	0.675	0.084	0.076
0.818	0.001	0.055	0.126
0.110	0.026	0.201	0.663
0.813	0.084	0.001	0.102
0.042	0.889	0.001	0.068
0.965	0.001	0.033	0.001
0.023	0.091	0.753	0.133
>CGAAAATTATGA	22-CGAAAATTATGA	16.289838	-7.716547	0	T:2.0(0.19%),B:1.2(0.00%),P:1e-3	Tpos:109.2,Tstd:54.9,Bpos:55.0,Bstd:0.0,StrandBias:2.0,Multiplicity:2.50
0.001	0.997	0.001	0.001
0.001	0.001	0.997	0.001
0.854	0.001	0.144	0.001
0.997	0.001	0.001	0.001
0.997	0.001	0.001	0.001
0.997	0.001	0.001	0.001
0.001	0.001	0.001	0.997
0.001	0.001	0.001	0.997
0.997	0.001	0.001	0.001
0.001	0.001	0.001	0.997
0.144	0.001	0.854	0.001
0.997	0.001	0.001	0.001
>CGTCRTCATCGT	23-CGTCRTCATCGT	8.954330	-6.813465	0	T:12.0(1.15%),B:136.6(0.39%),P:1e-2	Tpos:62.2,Tstd:40.7,Bpos:97.9,Bstd:57.3,StrandBias:-1.1,Multiplicity:1.25
0.026	0.972	0.001	0.001
0.030	0.001	0.968	0.001
0.001	0.001	0.001	0.997
0.001	0.997	0.001	0.001
0.544	0.001	0.454	0.001
0.001	0.001	0.001	0.997
0.001	0.972	0.001	0.026
0.821	0.001	0.177	0.001
0.001	0.001	0.001	0.997
0.001	0.997	0.001	0.001
0.043	0.001	0.913	0.043
0.001	0.001	0.001	0.997
>GAGAGRGAGAGA	24-GAGAGRGAGAGA	10.029172	-6.541105	0	T:20.0(1.92%),B:308.9(0.89%),P:1e-2	Tpos:71.1,Tstd:39.7,Bpos:101.3,Bstd:58.0,StrandBias:0.0,Multiplicity:1.25
0.162	0.060	0.777	0.001
0.878	0.060	0.060	0.002
0.001	0.001	0.997	0.001
0.955	0.042	0.002	0.001
0.001	0.001	0.997	0.001
0.406	0.001	0.411	0.183
0.001	0.061	0.936	0.002
0.847	0.062	0.042	0.049
0.181	0.023	0.795	0.001
0.874	0.001	0.063	0.062
0.001	0.304	0.635	0.060
0.836	0.001	0.103	0.060
>AGAGAGAGAGAG	25-AGAGAGAGAGAG	13.099203	-2.165877	0	T:7.0(0.67%),B:134.6(0.39%),P:1e0	Tpos:106.5,Tstd:66.1,Bpos:74.3,Bstd:52.4,StrandBias:-0.5,Multiplicity:1.14
0.810	0.017	0.062	0.111
0.140	0.133	0.653	0.074
0.889	0.001	0.009	0.101
0.098	0.143	0.696	0.063
0.833	0.026	0.113	0.028
0.111	0.142	0.691	0.056
0.827	0.001	0.091	0.081
0.109	0.071	0.768	0.052
0.864	0.028	0.038	0.070
0.152	0.109	0.671	0.068
0.747	0.040	0.109	0.104
0.211	0.130	0.562	0.097
