>GGGGGGGGGGGG	12-GGGGGGGGGGGG,BestGuess:PB0097.1_Zfp281_1/Jaspar(0.922)	6.938123	-16.562717	0	T:47.0(3.78%),B:1145.4(1.57%),P:1e-7
0.148	0.035	0.677	0.140
0.082	0.043	0.742	0.133
0.119	0.047	0.758	0.076
0.096	0.029	0.777	0.098
0.092	0.050	0.754	0.104
0.094	0.029	0.792	0.085
0.092	0.041	0.814	0.053
0.087	0.036	0.800	0.077
0.098	0.048	0.750	0.104
0.054	0.046	0.743	0.157
0.085	0.046	0.729	0.140
0.112	0.077	0.665	0.146
