>CCCCCCCCCCCC	12-GGGGGGGGGGGG	6.938123	-16.562717	0	T:47.0(3.78%),B:1145.4(1.57%),P:1e-7
0.146	0.665	0.077	0.112
0.140	0.729	0.046	0.085
0.157	0.743	0.046	0.054
0.104	0.750	0.048	0.098
0.077	0.800	0.036	0.087
0.053	0.814	0.041	0.092
0.085	0.792	0.029	0.094
0.104	0.754	0.050	0.092
0.098	0.777	0.029	0.096
0.076	0.758	0.047	0.119
0.133	0.742	0.043	0.082
0.140	0.677	0.035	0.148
