>TTTTTAAAATTT	1-TTTTTAAAATTT,BestGuess:PB0148.1_Mtf1_2/Jaspar(0.708)	7.074391	-69.078249	0	T:416.0(33.49%),B:14344.6(19.62%),P:1e-30
0.172	0.029	0.039	0.760
0.118	0.071	0.027	0.784
0.100	0.088	0.039	0.773
0.130	0.115	0.038	0.717
0.134	0.145	0.115	0.606
0.617	0.125	0.116	0.142
0.778	0.050	0.064	0.108
0.840	0.033	0.010	0.117
0.771	0.051	0.023	0.155
0.149	0.052	0.034	0.765
0.086	0.052	0.087	0.775
0.092	0.027	0.045	0.836
