>TTTTCCCCAAAA	2-TTTTGGGGAAAA	8.915037	-36.747346	0	T:66.0(5.31%),B:1167.0(1.60%),P:1e-15
0.110	0.079	0.001	0.810
0.079	0.059	0.020	0.842
0.079	0.064	0.020	0.837
0.043	0.076	0.051	0.830
0.040	0.732	0.093	0.135
0.101	0.734	0.054	0.111
0.083	0.815	0.059	0.043
0.080	0.801	0.094	0.025
0.823	0.095	0.048	0.034
0.877	0.063	0.001	0.059
0.970	0.016	0.013	0.001
0.933	0.053	0.013	0.001
