>AAATTTTAAAAA	1-TTTTTAAAATTT	7.074391	-69.078249	0	T:416.0(33.49%),B:14344.6(19.62%),P:1e-30
0.836	0.045	0.027	0.092
0.775	0.087	0.052	0.086
0.765	0.034	0.052	0.149
0.155	0.023	0.051	0.771
0.117	0.010	0.033	0.840
0.108	0.064	0.050	0.778
0.142	0.116	0.125	0.617
0.606	0.115	0.145	0.134
0.717	0.038	0.115	0.130
0.773	0.039	0.088	0.100
0.784	0.027	0.071	0.118
0.760	0.039	0.029	0.172
