>ATACATACATAC	18-ATACATACATAC	10.634584	-9.678993	0	T:15.0(1.21%),B:262.3(0.36%),P:1e-4
0.899	0.099	0.001	0.001
0.026	0.161	0.166	0.647
0.825	0.034	0.079	0.062
0.068	0.599	0.176	0.157
0.761	0.204	0.034	0.001
0.025	0.012	0.147	0.816
0.831	0.102	0.066	0.001
0.089	0.680	0.034	0.197
0.792	0.190	0.001	0.017
0.001	0.190	0.189	0.620
0.878	0.018	0.103	0.001
0.021	0.709	0.110	0.160
