>TTTTGGGGAAAA	2-TTTTGGGGAAAA,BestGuess:E2F8/MA0865.1/Jaspar(0.683)	8.915037	-36.747346	0	T:66.0(5.31%),B:1167.0(1.60%),P:1e-15
0.001	0.013	0.053	0.933
0.001	0.013	0.016	0.970
0.059	0.001	0.063	0.877
0.034	0.048	0.095	0.823
0.025	0.094	0.801	0.080
0.043	0.059	0.815	0.083
0.111	0.054	0.734	0.101
0.135	0.093	0.732	0.040
0.830	0.051	0.076	0.043
0.837	0.020	0.064	0.079
0.842	0.020	0.059	0.079
0.810	0.001	0.079	0.110
