>WTWTWTDTWTTT	10-WTWTWTDTWTTT	8.653666	-22.720940	0	T:62.0(4.99%),B:1458.1(1.99%),P:1e-9
0.498	0.024	0.028	0.449
0.188	0.133	0.220	0.459
0.494	0.032	0.041	0.434
0.167	0.063	0.046	0.724
0.336	0.030	0.201	0.433
0.068	0.045	0.050	0.837
0.286	0.025	0.309	0.380
0.184	0.189	0.049	0.578
0.415	0.025	0.031	0.529
0.152	0.057	0.268	0.523
0.356	0.037	0.033	0.574
0.081	0.059	0.054	0.806
