>GCTGCAGCAGCA	4-GCTGCAGCAGCA	9.347849	-28.748552	0	T:31.0(2.50%),B:351.7(0.48%),P:1e-12
0.203	0.001	0.634	0.162
0.138	0.814	0.047	0.001
0.162	0.001	0.001	0.836
0.046	0.001	0.952	0.001
0.138	0.860	0.001	0.001
0.714	0.001	0.046	0.239
0.138	0.001	0.767	0.094
0.001	0.907	0.001	0.091
0.822	0.001	0.001	0.176
0.130	0.047	0.788	0.035
0.123	0.567	0.047	0.263
0.872	0.001	0.001	0.126
