>AAAAATTT	1-AAAAATTT	5.187513	-45.496041	0	T:212.0(66.04%),B:27804.1(40.40%),P:1e-19	Tpos:101.9,Tstd:58.5,Bpos:100.3,Bstd:142.5,StrandBias:0.1,Multiplicity:1.67
0.719	0.189	0.045	0.047
0.997	0.001	0.001	0.001
0.997	0.001	0.001	0.001
0.997	0.001	0.001	0.001
0.833	0.001	0.001	0.165
0.120	0.001	0.063	0.816
0.001	0.042	0.047	0.910
0.113	0.001	0.070	0.816
>CHAAAAAT	2-CHAAAAAT	6.857525	-42.458682	0	T:150.0(46.73%),B:16413.4(23.85%),P:1e-18	Tpos:96.5,Tstd:56.0,Bpos:100.3,Bstd:114.9,StrandBias:0.3,Multiplicity:1.09
0.149	0.614	0.215	0.022
0.329	0.300	0.091	0.280
0.921	0.001	0.077	0.001
0.636	0.238	0.125	0.001
0.986	0.001	0.001	0.012
0.875	0.071	0.001	0.053
0.957	0.018	0.021	0.004
0.031	0.073	0.008	0.888
>GAAAWATA	3-GAAAWATA	7.098944	-24.858906	0	T:96.0(29.91%),B:10414.8(15.13%),P:1e-10	Tpos:100.0,Tstd:56.7,Bpos:98.3,Bstd:112.9,StrandBias:-0.2,Multiplicity:1.09
0.016	0.001	0.818	0.165
0.851	0.147	0.001	0.001
0.750	0.013	0.001	0.236
0.885	0.113	0.001	0.001
0.397	0.001	0.229	0.373
0.620	0.001	0.001	0.378
0.062	0.001	0.001	0.936
0.587	0.226	0.186	0.001
>ACTTAYTT	4-ACTTAYTT	7.751258	-22.540401	0	T:69.0(21.50%),B:6601.9(9.59%),P:1e-9	Tpos:112.3,Tstd:51.7,Bpos:98.1,Bstd:118.9,StrandBias:-0.3,Multiplicity:1.27
0.597	0.001	0.290	0.112
0.001	0.835	0.001	0.163
0.030	0.001	0.001	0.968
0.001	0.001	0.001	0.997
0.997	0.001	0.001	0.001
0.001	0.532	0.011	0.456
0.110	0.022	0.001	0.867
0.001	0.001	0.001	0.997
>GATCTTRG	5-GATCTTRG	6.492974	-22.155436	0	T:75.0(23.36%),B:7568.3(11.00%),P:1e-9	Tpos:113.5,Tstd:53.1,Bpos:102.1,Bstd:96.8,StrandBias:-0.3,Multiplicity:1.11
0.401	0.001	0.597	0.001
0.997	0.001	0.001	0.001
0.172	0.001	0.001	0.826
0.001	0.747	0.018	0.234
0.184	0.001	0.001	0.814
0.262	0.001	0.001	0.736
0.412	0.122	0.465	0.001
0.001	0.001	0.997	0.001
>GGTAACCC	6-GGTAACCC	7.514803	-17.439491	0	T:22.0(6.85%),B:1124.5(1.63%),P:1e-7	Tpos:99.9,Tstd:46.5,Bpos:101.9,Bstd:72.3,StrandBias:-0.3,Multiplicity:1.26
0.001	0.024	0.965	0.010
0.001	0.041	0.935	0.023
0.043	0.026	0.001	0.930
0.849	0.001	0.090	0.060
0.807	0.001	0.191	0.001
0.029	0.945	0.025	0.001
0.173	0.797	0.029	0.001
0.012	0.915	0.072	0.001
>TTCGAAAT	7-TTCGAAAT	6.449161	-13.405760	0	T:85.0(26.48%),B:11073.7(16.09%),P:1e-5	Tpos:97.1,Tstd:53.4,Bpos:99.9,Bstd:129.2,StrandBias:-0.3,Multiplicity:1.27
0.185	0.027	0.001	0.787
0.032	0.001	0.008	0.959
0.040	0.803	0.071	0.086
0.171	0.001	0.827	0.001
0.832	0.067	0.048	0.053
0.988	0.001	0.001	0.010
0.967	0.001	0.012	0.020
0.103	0.023	0.007	0.867
>GGGGGGGG	8-GGGGGGGG	6.125321	-12.188022	0	T:26.0(8.10%),B:2042.6(2.97%),P:1e-5	Tpos:96.3,Tstd:52.5,Bpos:100.8,Bstd:69.5,StrandBias:0.6,Multiplicity:1.31
0.019	0.141	0.652	0.188
0.042	0.136	0.688	0.134
0.001	0.106	0.809	0.084
0.020	0.019	0.905	0.056
0.001	0.052	0.861	0.086
0.102	0.080	0.761	0.057
0.132	0.053	0.735	0.080
0.034	0.122	0.589	0.255
>ATATATAT	9-ATATATAT	5.931990	-8.604359	0	T:41.0(12.77%),B:4851.5(7.05%),P:1e-3	Tpos:77.7,Tstd:57.1,Bpos:99.9,Bstd:115.7,StrandBias:-0.1,Multiplicity:3.49
0.918	0.001	0.080	0.001
0.001	0.001	0.001	0.997
0.997	0.001	0.001	0.001
0.001	0.087	0.001	0.911
0.918	0.001	0.080	0.001
0.001	0.001	0.001	0.997
0.997	0.001	0.001	0.001
0.001	0.087	0.001	0.911
>GTDGTTGT	10-GTDGTTGT	7.046006	-6.821631	0	T:42.0(13.08%),B:5478.1(7.96%),P:1e-2	Tpos:82.8,Tstd:52.3,Bpos:100.2,Bstd:85.2,StrandBias:-0.7,Multiplicity:1.10
0.001	0.007	0.991	0.001
0.104	0.001	0.001	0.894
0.348	0.001	0.370	0.281
0.001	0.006	0.992	0.001
0.001	0.166	0.131	0.702
0.143	0.133	0.239	0.485
0.001	0.105	0.715	0.179
0.014	0.002	0.044	0.940
>MCGATAWC	11-MCGATAWC	5.638916	-2.272423	0	T:37.0(11.53%),B:6399.3(9.30%),P:1e0	Tpos:106.3,Tstd:54.0,Bpos:98.9,Bstd:81.6,StrandBias:-0.5,Multiplicity:1.44
0.414	0.415	0.030	0.141
0.039	0.793	0.145	0.023
0.149	0.041	0.776	0.034
0.514	0.083	0.100	0.303
0.298	0.040	0.029	0.633
0.798	0.018	0.134	0.050
0.374	0.117	0.125	0.384
0.001	0.708	0.118	0.173
>CGTACGTA	12-CGTACGTA	8.236954	-1.166026	0	T:2.0(0.62%),B:242.9(0.35%),P:1e0	Tpos:74.2,Tstd:17.4,Bpos:99.4,Bstd:57.6,StrandBias:0.2,Multiplicity:4.50
0.100	0.700	0.100	0.100
0.100	0.100	0.700	0.100
0.100	0.100	0.100	0.700
0.700	0.100	0.100	0.100
0.100	0.700	0.100	0.100
0.100	0.100	0.700	0.100
0.100	0.100	0.100	0.700
0.700	0.100	0.100	0.100
>AGAGAGAG	13-AGAGAGAG	8.236954	-0.590176	0	T:3.0(0.93%),B:621.2(0.90%),P:1e0	Tpos:62.9,Tstd:40.7,Bpos:91.2,Bstd:77.8,StrandBias:-0.8,Multiplicity:1.33
0.700	0.100	0.100	0.100
0.100	0.100	0.700	0.100
0.700	0.100	0.100	0.100
0.100	0.100	0.700	0.100
0.700	0.100	0.100	0.100
0.100	0.100	0.700	0.100
0.700	0.100	0.100	0.100
0.100	0.100	0.700	0.100
