>WAAAAATTTT	1-WAAAAATTTT	6.968990	-48.055506	0	T:124.0(38.63%),B:11286.6(16.40%),P:1e-20	Tpos:105.2,Tstd:58.4,Bpos:102.2,Bstd:170.9,StrandBias:0.4,Multiplicity:1.37
0.422	0.209	0.013	0.355
0.651	0.160	0.077	0.112
0.857	0.001	0.071	0.071
0.783	0.001	0.001	0.215
0.876	0.063	0.001	0.060
0.670	0.001	0.090	0.239
0.290	0.001	0.043	0.666
0.156	0.001	0.131	0.712
0.087	0.001	0.062	0.850
0.156	0.170	0.191	0.483
>GGAAATATGA	2-GGAAATATGA	9.751787	-27.920632	0	T:21.0(6.54%),B:569.6(0.83%),P:1e-12	Tpos:100.0,Tstd:44.0,Bpos:95.9,Bstd:95.0,StrandBias:-0.3,Multiplicity:1.05
0.204	0.001	0.760	0.035
0.034	0.048	0.917	0.001
0.831	0.001	0.091	0.077
0.997	0.001	0.001	0.001
0.919	0.001	0.001	0.079
0.001	0.001	0.076	0.922
0.871	0.080	0.001	0.048
0.001	0.001	0.001	0.997
0.001	0.060	0.938	0.001
0.893	0.053	0.001	0.053
>AAAAATTAHC	3-AAAAATTAHC	6.689094	-27.777907	0	T:30.0(9.35%),B:1277.4(1.86%),P:1e-12	Tpos:87.1,Tstd:50.0,Bpos:98.4,Bstd:115.3,StrandBias:-0.4,Multiplicity:1.00
0.504	0.111	0.051	0.334
0.548	0.324	0.103	0.025
0.697	0.153	0.116	0.034
0.567	0.271	0.078	0.084
0.477	0.113	0.244	0.166
0.311	0.042	0.012	0.635
0.279	0.227	0.040	0.455
0.656	0.136	0.160	0.048
0.222	0.368	0.105	0.305
0.230	0.423	0.087	0.260
>GATATAAAAT	4-GATATAAAAT	7.854231	-26.576449	0	T:27.0(8.41%),B:1076.1(1.56%),P:1e-11	Tpos:96.5,Tstd:52.1,Bpos:100.2,Bstd:126.9,StrandBias:-1.3,Multiplicity:1.04
0.041	0.186	0.704	0.069
0.720	0.027	0.195	0.058
0.180	0.181	0.052	0.587
0.579	0.040	0.127	0.254
0.034	0.127	0.215	0.624
0.680	0.033	0.070	0.217
0.589	0.159	0.033	0.219
0.710	0.042	0.013	0.235
0.757	0.099	0.052	0.092
0.122	0.195	0.032	0.651
>ATACTTACTT	5-ATACTTACTT	9.345383	-23.680297	0	T:20.0(6.23%),B:643.0(0.93%),P:1e-10	Tpos:108.3,Tstd:54.1,Bpos:99.8,Bstd:101.1,StrandBias:0.3,Multiplicity:1.10
0.942	0.001	0.056	0.001
0.055	0.049	0.064	0.832
0.874	0.001	0.065	0.060
0.001	0.914	0.057	0.028
0.228	0.001	0.001	0.770
0.001	0.001	0.055	0.943
0.883	0.001	0.073	0.043
0.001	0.997	0.001	0.001
0.042	0.001	0.064	0.893
0.001	0.001	0.001	0.997
>TTTCGAAAAT	6-TTTCGAAAAT	6.545974	-23.089003	0	T:106.0(33.02%),B:12429.3(18.06%),P:1e-10	Tpos:102.1,Tstd:58.8,Bpos:100.9,Bstd:105.3,StrandBias:-0.2,Multiplicity:1.33
0.059	0.074	0.062	0.805
0.105	0.078	0.045	0.772
0.093	0.057	0.027	0.823
0.068	0.779	0.057	0.096
0.112	0.055	0.768	0.065
0.802	0.057	0.046	0.095
0.855	0.037	0.033	0.075
0.910	0.033	0.015	0.042
0.755	0.063	0.076	0.106
0.141	0.078	0.044	0.737
>ATGTGAGCAA	7-ATGTGAGCAA	10.341269	-22.076893	0	T:16.0(4.98%),B:419.7(0.61%),P:1e-9	Tpos:125.9,Tstd:51.2,Bpos:103.3,Bstd:98.1,StrandBias:0.0,Multiplicity:1.07
0.926	0.001	0.072	0.001
0.001	0.092	0.001	0.906
0.001	0.001	0.924	0.074
0.001	0.001	0.001	0.997
0.001	0.001	0.997	0.001
0.812	0.072	0.001	0.115
0.063	0.042	0.859	0.036
0.001	0.997	0.001	0.001
0.893	0.105	0.001	0.001
0.842	0.086	0.001	0.071
>GATAAATTGG	8-GATAAATTGG	9.925122	-21.885785	0	T:13.0(4.05%),B:249.2(0.36%),P:1e-9	Tpos:99.0,Tstd:62.5,Bpos:112.5,Bstd:94.6,StrandBias:0.7,Multiplicity:1.00
0.044	0.001	0.954	0.001
0.923	0.001	0.001	0.075
0.001	0.001	0.073	0.925
0.946	0.001	0.001	0.052
0.997	0.001	0.001	0.001
0.997	0.001	0.001	0.001
0.001	0.070	0.001	0.928
0.202	0.098	0.001	0.699
0.072	0.102	0.793	0.033
0.043	0.056	0.900	0.001
>TTTTGATGAA	9-TTTTGATGAA	10.165108	-21.325948	0	T:23.0(7.17%),B:991.2(1.44%),P:1e-9	Tpos:92.9,Tstd:56.4,Bpos:102.6,Bstd:122.5,StrandBias:0.4,Multiplicity:1.10
0.041	0.070	0.077	0.812
0.001	0.079	0.001	0.919
0.001	0.001	0.001	0.997
0.001	0.001	0.001	0.997
0.154	0.001	0.507	0.338
0.997	0.001	0.001	0.001
0.001	0.001	0.001	0.997
0.001	0.001	0.867	0.131
0.997	0.001	0.001	0.001
0.892	0.001	0.001	0.106
>GAYTTTGACA	10-GAYTTTGACA	7.781831	-20.052696	0	T:44.0(13.71%),B:3446.6(5.01%),P:1e-8	Tpos:100.5,Tstd:57.7,Bpos:98.1,Bstd:102.2,StrandBias:0.2,Multiplicity:1.08
0.085	0.195	0.702	0.018
0.903	0.062	0.001	0.034
0.123	0.463	0.001	0.413
0.112	0.036	0.062	0.790
0.001	0.049	0.077	0.873
0.060	0.050	0.001	0.889
0.036	0.050	0.630	0.284
0.664	0.033	0.302	0.001
0.142	0.758	0.034	0.066
0.701	0.001	0.263	0.035
>TATCGGTCAG	11-TATCGGTCAG	10.712718	-20.040154	0	T:8.0(2.49%),B:69.5(0.10%),P:1e-8	Tpos:79.6,Tstd:47.7,Bpos:93.1,Bstd:69.6,StrandBias:1.8,Multiplicity:1.29
0.001	0.001	0.001	0.997
0.997	0.001	0.001	0.001
0.001	0.001	0.001	0.997
0.001	0.847	0.151	0.001
0.001	0.001	0.997	0.001
0.001	0.213	0.785	0.001
0.001	0.001	0.001	0.997
0.001	0.628	0.166	0.205
0.586	0.001	0.229	0.184
0.001	0.001	0.997	0.001
>GAGATGCTVB	12-GAGATGCTVB	10.123345	-18.945424	0	T:10.0(3.12%),B:159.0(0.23%),P:1e-8	Tpos:112.4,Tstd:47.7,Bpos:95.6,Bstd:78.1,StrandBias:-0.6,Multiplicity:1.00
0.336	0.001	0.662	0.001
0.997	0.001	0.001	0.001
0.001	0.001	0.997	0.001
0.675	0.001	0.323	0.001
0.001	0.001	0.001	0.997
0.001	0.001	0.997	0.001
0.001	0.997	0.001	0.001
0.001	0.001	0.001	0.997
0.413	0.298	0.288	0.001
0.001	0.300	0.342	0.358
>CTTAGTCATA	13-CTTAGTCATA	10.421637	-16.683872	0	T:9.0(2.80%),B:151.7(0.22%),P:1e-7	Tpos:117.3,Tstd:63.8,Bpos:95.4,Bstd:99.1,StrandBias:-0.2,Multiplicity:1.44
0.104	0.894	0.001	0.001
0.001	0.001	0.001	0.997
0.001	0.245	0.001	0.753
0.997	0.001	0.001	0.001
0.183	0.001	0.815	0.001
0.001	0.001	0.268	0.730
0.001	0.997	0.001	0.001
0.997	0.001	0.001	0.001
0.383	0.001	0.001	0.615
0.586	0.001	0.412	0.001
>GAGAGGACCT	14-GAGAGGACCT	10.296193	-15.831826	0	T:3.0(0.93%),B:3.0(0.00%),P:1e-6	Tpos:47.3,Tstd:36.4,Bpos:100.1,Bstd:36.5,StrandBias:-1.0,Multiplicity:1.00
0.100	0.100	0.700	0.100
0.700	0.100	0.100	0.100
0.100	0.100	0.700	0.100
0.700	0.100	0.100	0.100
0.100	0.100	0.700	0.100
0.100	0.100	0.700	0.100
0.700	0.100	0.100	0.100
0.100	0.700	0.100	0.100
0.100	0.700	0.100	0.100
0.100	0.100	0.100	0.700
>GGGGGGGGGG	15-GGGGGGGGGG	7.267089	-14.147018	0	T:19.0(5.92%),B:1045.3(1.52%),P:1e-6	Tpos:92.1,Tstd:50.2,Bpos:101.0,Bstd:69.2,StrandBias:0.8,Multiplicity:1.21
0.058	0.140	0.487	0.314
0.108	0.025	0.634	0.233
0.001	0.164	0.716	0.119
0.152	0.001	0.743	0.104
0.001	0.001	0.956	0.042
0.055	0.001	0.916	0.028
0.032	0.036	0.816	0.116
0.142	0.032	0.690	0.136
0.174	0.050	0.606	0.170
0.001	0.231	0.594	0.174
>CCTTTTTCAT	16-CCTTTTTCAT	8.350283	-13.697539	0	T:27.0(8.41%),B:1999.9(2.91%),P:1e-5	Tpos:97.2,Tstd:59.8,Bpos:99.2,Bstd:99.8,StrandBias:0.9,Multiplicity:1.00
0.100	0.700	0.100	0.100
0.100	0.700	0.100	0.100
0.100	0.100	0.100	0.700
0.100	0.100	0.100	0.700
0.100	0.100	0.100	0.700
0.100	0.100	0.100	0.700
0.100	0.100	0.100	0.700
0.100	0.700	0.100	0.100
0.700	0.100	0.100	0.100
0.100	0.100	0.100	0.700
>GGGGCTACCA	17-GGGGCTACCA	11.092900	-13.246189	0	T:5.0(1.56%),B:41.9(0.06%),P:1e-5	Tpos:93.6,Tstd:55.3,Bpos:98.4,Bstd:61.3,StrandBias:0.0,Multiplicity:1.60
0.001	0.001	0.746	0.252
0.001	0.001	0.997	0.001
0.120	0.001	0.878	0.001
0.177	0.001	0.821	0.001
0.001	0.833	0.001	0.165
0.001	0.001	0.001	0.997
0.997	0.001	0.001	0.001
0.001	0.997	0.001	0.001
0.001	0.856	0.142	0.001
0.997	0.001	0.001	0.001
>CGACTGAAAA	18-CGACTGAAAA	10.296193	-13.015670	0	T:5.0(1.56%),B:44.0(0.06%),P:1e-5	Tpos:102.8,Tstd:47.1,Bpos:97.8,Bstd:64.6,StrandBias:0.6,Multiplicity:1.00
0.100	0.700	0.100	0.100
0.100	0.100	0.700	0.100
0.700	0.100	0.100	0.100
0.100	0.700	0.100	0.100
0.100	0.100	0.100	0.700
0.100	0.100	0.700	0.100
0.700	0.100	0.100	0.100
0.700	0.100	0.100	0.100
0.700	0.100	0.100	0.100
0.700	0.100	0.100	0.100
>ATTTATTTAT	19-ATTTATTTAT	10.361465	-11.370995	0	T:10.0(3.12%),B:367.5(0.53%),P:1e-4	Tpos:133.1,Tstd:34.4,Bpos:93.0,Bstd:134.0,StrandBias:-2.6,Multiplicity:1.00
0.997	0.001	0.001	0.001
0.001	0.055	0.001	0.943
0.035	0.001	0.001	0.963
0.001	0.001	0.001	0.997
0.997	0.001	0.001	0.001
0.001	0.001	0.065	0.933
0.001	0.001	0.001	0.997
0.001	0.001	0.001	0.997
0.997	0.001	0.001	0.001
0.001	0.001	0.001	0.997
>TATATATATA	20-TATATATATA	12.470449	-10.614810	0	T:5.0(1.56%),B:71.5(0.10%),P:1e-4	Tpos:63.0,Tstd:54.1,Bpos:105.3,Bstd:139.1,StrandBias:0.0,Multiplicity:1.00
0.019	0.015	0.019	0.947
0.991	0.007	0.001	0.001
0.098	0.230	0.030	0.642
0.849	0.014	0.129	0.008
0.011	0.009	0.009	0.971
0.974	0.010	0.015	0.001
0.100	0.249	0.009	0.642
0.833	0.001	0.140	0.026
0.001	0.001	0.010	0.988
0.972	0.009	0.001	0.018
>GTTGTTGTTG	21-GTTGTTGTTG	10.697437	-9.718074	0	T:7.0(2.18%),B:205.6(0.30%),P:1e-4	Tpos:74.0,Tstd:43.4,Bpos:95.1,Bstd:67.0,StrandBias:-1.1,Multiplicity:1.14
0.001	0.001	0.997	0.001
0.001	0.001	0.001	0.997
0.001	0.001	0.001	0.997
0.001	0.058	0.940	0.001
0.001	0.001	0.001	0.997
0.001	0.001	0.048	0.950
0.001	0.001	0.997	0.001
0.001	0.001	0.043	0.955
0.001	0.001	0.001	0.997
0.001	0.001	0.997	0.001
>GATAACGTAG	22-GATAACGTAG	10.296193	-7.297542	0	T:2.0(0.62%),B:8.1(0.01%),P:1e-3	Tpos:110.0,Tstd:43.2,Bpos:107.9,Bstd:61.4,StrandBias:-10.0,Multiplicity:5.00
0.100	0.100	0.700	0.100
0.700	0.100	0.100	0.100
0.100	0.100	0.100	0.700
0.700	0.100	0.100	0.100
0.700	0.100	0.100	0.100
0.100	0.700	0.100	0.100
0.100	0.100	0.700	0.100
0.100	0.100	0.100	0.700
0.700	0.100	0.100	0.100
0.100	0.100	0.700	0.100
>AGAGAGAGAG	23-AGAGAGAGAG	10.283720	-5.818586	0	T:5.0(1.56%),B:205.1(0.30%),P:1e-2	Tpos:66.3,Tstd:42.4,Bpos:89.3,Bstd:75.4,StrandBias:-0.9,Multiplicity:1.20
0.997	0.001	0.001	0.001
0.001	0.001	0.997	0.001
0.997	0.001	0.001	0.001
0.001	0.001	0.997	0.001
0.957	0.001	0.001	0.041
0.017	0.001	0.981	0.001
0.967	0.001	0.001	0.031
0.001	0.001	0.997	0.001
0.976	0.001	0.001	0.022
0.001	0.001	0.997	0.001
>GTACGTACGT	24-GTACGTACGT	11.533317	-3.585269	0	T:2.0(0.62%),B:55.1(0.08%),P:1e-1	Tpos:72.1,Tstd:18.1,Bpos:98.9,Bstd:51.1,StrandBias:0.4,Multiplicity:1.00
0.001	0.001	0.997	0.001
0.001	0.001	0.001	0.997
0.898	0.100	0.001	0.001
0.001	0.997	0.001	0.001
0.001	0.001	0.997	0.001
0.001	0.001	0.001	0.997
0.997	0.001	0.001	0.001
0.001	0.997	0.001	0.001
0.001	0.001	0.997	0.001
0.001	0.001	0.001	0.997
>ACRTACATAC	25-ACRTACATAC	9.212912	-3.399941	0	T:4.0(1.25%),B:257.7(0.37%),P:1e-1	Tpos:106.3,Tstd:52.6,Bpos:95.8,Bstd:122.0,StrandBias:-0.4,Multiplicity:2.00
0.683	0.125	0.001	0.191
0.033	0.741	0.172	0.054
0.428	0.058	0.487	0.027
0.100	0.037	0.191	0.672
0.705	0.103	0.101	0.091
0.013	0.631	0.165	0.191
0.547	0.129	0.323	0.001
0.187	0.014	0.067	0.732
0.578	0.148	0.128	0.146
0.043	0.638	0.122	0.197
