>AAAAATTTTRRW	1-AAAAATTTTRRW	7.131170	-39.024927	0	T:95.0(29.60%),B:8126.7(11.81%),P:1e-16	Tpos:106.0,Tstd:62.4,Bpos:99.4,Bstd:146.0,StrandBias:0.4,Multiplicity:1.18
0.551	0.190	0.081	0.178
0.767	0.102	0.055	0.076
0.845	0.043	0.017	0.095
0.853	0.017	0.015	0.115
0.756	0.004	0.028	0.212
0.052	0.038	0.076	0.834
0.065	0.044	0.076	0.815
0.063	0.047	0.061	0.829
0.148	0.046	0.211	0.595
0.235	0.148	0.384	0.234
0.364	0.130	0.456	0.050
0.418	0.182	0.126	0.274
>TTCAGATATAAA	2-TTCAGATATAAA	13.203169	-32.703561	0	T:10.0(3.12%),B:38.8(0.06%),P:1e-14	Tpos:79.9,Tstd:42.6,Bpos:82.3,Bstd:67.1,StrandBias:0.6,Multiplicity:1.00
0.001	0.001	0.001	0.997
0.001	0.001	0.001	0.997
0.001	0.997	0.001	0.001
0.825	0.173	0.001	0.001
0.001	0.173	0.825	0.001
0.997	0.001	0.001	0.001
0.193	0.001	0.001	0.805
0.997	0.001	0.001	0.001
0.151	0.001	0.122	0.726
0.997	0.001	0.001	0.001
0.997	0.001	0.001	0.001
0.652	0.001	0.346	0.001
>ATTTTTAHVGAA	3-ATTTTTAHVGAA	9.670027	-28.197717	0	T:34.0(10.59%),B:1623.4(2.36%),P:1e-12	Tpos:114.6,Tstd:50.0,Bpos:101.3,Bstd:121.8,StrandBias:-0.3,Multiplicity:1.22
0.945	0.001	0.001	0.053
0.001	0.001	0.179	0.819
0.001	0.001	0.001	0.997
0.001	0.001	0.001	0.997
0.037	0.127	0.200	0.636
0.001	0.001	0.001	0.997
0.653	0.001	0.169	0.177
0.415	0.282	0.001	0.302
0.295	0.361	0.224	0.120
0.337	0.001	0.588	0.074
0.793	0.001	0.001	0.205
0.767	0.001	0.001	0.231
>GAATCATCATTT	4-GAATCATCATTT	13.620986	-27.984427	0	T:8.0(2.49%),B:25.3(0.04%),P:1e-12	Tpos:94.9,Tstd:68.6,Bpos:99.7,Bstd:146.3,StrandBias:0.7,Multiplicity:1.00
0.001	0.001	0.997	0.001
0.883	0.115	0.001	0.001
0.997	0.001	0.001	0.001
0.165	0.001	0.001	0.833
0.001	0.867	0.001	0.131
0.997	0.001	0.001	0.001
0.001	0.001	0.001	0.997
0.110	0.888	0.001	0.001
0.997	0.001	0.001	0.001
0.001	0.001	0.001	0.997
0.001	0.165	0.001	0.833
0.001	0.001	0.143	0.855
>TTTTTTTCAAAA	5-TTTTTTTCAAAA	9.442761	-25.940692	0	T:44.0(13.71%),B:2853.2(4.15%),P:1e-11	Tpos:104.2,Tstd:68.2,Bpos:101.7,Bstd:121.1,StrandBias:0.0,Multiplicity:1.14
0.076	0.062	0.013	0.849
0.099	0.060	0.065	0.776
0.102	0.041	0.050	0.807
0.105	0.073	0.072	0.750
0.045	0.001	0.105	0.849
0.039	0.142	0.088	0.731
0.038	0.026	0.046	0.890
0.118	0.719	0.077	0.086
0.934	0.001	0.047	0.018
0.886	0.052	0.027	0.035
0.954	0.001	0.015	0.030
0.858	0.029	0.040	0.073
>CTGGCCCGCGTC	6-CTGGCCCGCGTC	8.888460	-25.156641	0	T:13.0(4.05%),B:190.7(0.28%),P:1e-10	Tpos:103.8,Tstd:56.1,Bpos:102.9,Bstd:49.2,StrandBias:0.7,Multiplicity:1.00
0.001	0.750	0.001	0.248
0.083	0.083	0.001	0.833
0.083	0.084	0.750	0.083
0.083	0.166	0.668	0.083
0.001	0.997	0.001	0.001
0.001	0.916	0.001	0.082
0.001	0.513	0.155	0.331
0.321	0.001	0.595	0.083
0.001	0.903	0.001	0.095
0.250	0.013	0.499	0.238
0.082	0.001	0.001	0.916
0.001	0.668	0.248	0.083
>AAAGCTGCTCTC	7-AAAGCTGCTCTC	12.889688	-24.671442	0	T:4.0(1.25%),B:0.0(0.00%),P:1e-10	Tpos:45.5,Tstd:31.7,Bpos:0.0,Bstd:0.0,StrandBias:0.0,Multiplicity:1.00
0.997	0.001	0.001	0.001
0.997	0.001	0.001	0.001
0.997	0.001	0.001	0.001
0.001	0.001	0.997	0.001
0.001	0.842	0.156	0.001
0.001	0.001	0.001	0.997
0.001	0.156	0.842	0.001
0.001	0.997	0.001	0.001
0.001	0.001	0.001	0.997
0.001	0.997	0.001	0.001
0.001	0.001	0.001	0.997
0.001	0.997	0.001	0.001
>AWAGTWWAATAW	8-AWAGTWWAATAW	9.448286	-24.466118	0	T:11.0(3.43%),B:121.9(0.18%),P:1e-10	Tpos:98.7,Tstd:65.6,Bpos:101.7,Bstd:84.2,StrandBias:-1.4,Multiplicity:1.00
0.660	0.294	0.020	0.026
0.568	0.007	0.001	0.424
0.496	0.253	0.025	0.226
0.033	0.356	0.548	0.063
0.111	0.074	0.083	0.732
0.466	0.036	0.038	0.461
0.532	0.037	0.028	0.403
0.574	0.054	0.034	0.338
0.575	0.029	0.027	0.369
0.069	0.102	0.064	0.765
0.549	0.035	0.335	0.081
0.501	0.018	0.027	0.454
>TGATAAATAGGG	9-TGATAAATAGGG	10.813815	-22.113175	0	T:10.0(3.12%),B:113.3(0.16%),P:1e-9	Tpos:101.3,Tstd:52.7,Bpos:96.5,Bstd:77.6,StrandBias:-0.3,Multiplicity:1.10
0.001	0.151	0.151	0.697
0.001	0.001	0.751	0.247
0.997	0.001	0.001	0.001
0.001	0.150	0.001	0.848
0.848	0.001	0.150	0.001
0.997	0.001	0.001	0.001
0.848	0.001	0.001	0.150
0.096	0.271	0.001	0.632
0.546	0.151	0.001	0.302
0.001	0.001	0.997	0.001
0.001	0.120	0.870	0.009
0.001	0.001	0.997	0.001
>ACATGATRTGTA	10-ACATGATRTGTA	10.504561	-20.811478	0	T:15.0(4.67%),B:393.0(0.57%),P:1e-9	Tpos:121.1,Tstd:52.1,Bpos:95.4,Bstd:95.0,StrandBias:-1.0,Multiplicity:1.00
0.544	0.283	0.001	0.172
0.001	0.827	0.171	0.001
0.694	0.001	0.001	0.304
0.171	0.001	0.001	0.827
0.001	0.001	0.997	0.001
0.997	0.001	0.001	0.001
0.154	0.173	0.001	0.672
0.496	0.004	0.473	0.027
0.001	0.001	0.001	0.997
0.300	0.001	0.698	0.001
0.001	0.001	0.001	0.997
0.673	0.001	0.150	0.176
>AAATTGTGCTGT	11-AAATTGTGCTGT	10.688368	-20.155865	0	T:13.0(4.05%),B:288.8(0.42%),P:1e-8	Tpos:94.2,Tstd:61.6,Bpos:92.0,Bstd:99.8,StrandBias:0.2,Multiplicity:1.08
0.997	0.001	0.001	0.001
0.997	0.001	0.001	0.001
0.890	0.108	0.001	0.001
0.108	0.001	0.001	0.890
0.001	0.001	0.001	0.997
0.001	0.001	0.781	0.217
0.109	0.218	0.109	0.564
0.001	0.109	0.673	0.217
0.108	0.890	0.001	0.001
0.001	0.001	0.108	0.890
0.109	0.001	0.781	0.109
0.217	0.001	0.109	0.673
>TAGATCTTAGTC	12-TAGATCTTAGTC	14.640156	-17.907803	0	T:3.0(0.93%),B:0.4(0.00%),P:1e-7	Tpos:83.2,Tstd:60.3,Bpos:192.0,Bstd:0.0,StrandBias:10.0,Multiplicity:2.00
0.001	0.001	0.001	0.997
0.749	0.001	0.001	0.249
0.001	0.001	0.997	0.001
0.997	0.001	0.001	0.001
0.001	0.001	0.001	0.997
0.001	0.749	0.249	0.001
0.001	0.001	0.001	0.997
0.001	0.249	0.001	0.749
0.997	0.001	0.001	0.001
0.001	0.001	0.997	0.001
0.001	0.001	0.001	0.997
0.001	0.997	0.001	0.001
>TRATTTATTTAT	13-TRATTTATTTAT	12.511345	-16.008974	0	T:8.0(2.49%),B:117.4(0.17%),P:1e-6	Tpos:129.6,Tstd:29.6,Bpos:96.1,Bstd:119.7,StrandBias:-1.5,Multiplicity:1.00
0.023	0.001	0.001	0.975
0.444	0.001	0.501	0.054
0.997	0.001	0.001	0.001
0.001	0.293	0.001	0.705
0.206	0.001	0.001	0.792
0.052	0.001	0.001	0.946
0.997	0.001	0.001	0.001
0.001	0.001	0.255	0.743
0.001	0.001	0.001	0.997
0.001	0.001	0.001	0.997
0.977	0.001	0.001	0.021
0.001	0.187	0.001	0.811
>RTTTYTGCTTAC	14-RTTTYTGCTTAC	7.936564	-14.890307	0	T:32.0(9.97%),B:2496.5(3.63%),P:1e-6	Tpos:93.6,Tstd:50.9,Bpos:103.8,Bstd:97.7,StrandBias:-0.6,Multiplicity:1.17
0.414	0.001	0.362	0.222
0.001	0.145	0.001	0.853
0.013	0.001	0.001	0.985
0.164	0.001	0.108	0.727
0.001	0.509	0.001	0.489
0.001	0.001	0.001	0.997
0.001	0.276	0.652	0.071
0.001	0.897	0.101	0.001
0.146	0.001	0.145	0.708
0.255	0.192	0.146	0.408
0.746	0.001	0.145	0.108
0.127	0.865	0.007	0.001
>AKCYTTAMTSTG	15-AKCYTTAMTSTG	11.680217	-12.959926	0	T:4.0(1.25%),B:20.0(0.03%),P:1e-5	Tpos:111.2,Tstd:46.3,Bpos:88.3,Bstd:48.7,StrandBias:2.3,Multiplicity:1.50
0.997	0.001	0.001	0.001
0.001	0.001	0.541	0.457
0.001	0.997	0.001	0.001
0.001	0.541	0.001	0.457
0.001	0.001	0.001	0.997
0.084	0.001	0.001	0.914
0.997	0.001	0.001	0.001
0.457	0.541	0.001	0.001
0.001	0.001	0.001	0.997
0.001	0.541	0.457	0.001
0.001	0.001	0.001	0.997
0.001	0.001	0.997	0.001
>ATACGATATCGG	16-ATACGATATCGG	14.592102	-11.434829	0	T:2.0(0.62%),B:1.1(0.00%),P:1e-4	Tpos:99.5,Tstd:56.5,Bpos:133.2,Bstd:37.5,StrandBias:10.0,Multiplicity:1.00
0.856	0.142	0.001	0.001
0.001	0.001	0.001	0.997
0.997	0.001	0.001	0.001
0.001	0.997	0.001	0.001
0.001	0.001	0.997	0.001
0.842	0.001	0.001	0.156
0.001	0.001	0.001	0.997
0.997	0.001	0.001	0.001
0.001	0.001	0.001	0.997
0.001	0.997	0.001	0.001
0.001	0.001	0.997	0.001
0.001	0.001	0.997	0.001
>TACGTTATCGGT	17-TACGTTATCGGT	16.405846	-11.434829	0	T:2.0(0.62%),B:1.7(0.00%),P:1e-4	Tpos:121.8,Tstd:31.4,Bpos:126.2,Bstd:6.8,StrandBias:10.0,Multiplicity:4.00
0.001	0.001	0.001	0.997
0.997	0.001	0.001	0.001
0.001	0.905	0.001	0.093
0.001	0.001	0.997	0.001
0.001	0.001	0.001	0.997
0.001	0.001	0.001	0.997
0.997	0.001	0.001	0.001
0.001	0.001	0.001	0.997
0.001	0.997	0.001	0.001
0.001	0.001	0.997	0.001
0.001	0.001	0.997	0.001
0.001	0.001	0.093	0.905
>CCCGCGTAGTTC	18-CCCGCGTAGTTC	14.640156	-11.434829	0	T:2.0(0.62%),B:0.8(0.00%),P:1e-4	Tpos:70.2,Tstd:45.6,Bpos:80.2,Bstd:30.5,StrandBias:10.0,Multiplicity:2.00
0.001	0.997	0.001	0.001
0.249	0.749	0.001	0.001
0.001	0.749	0.001	0.249
0.001	0.001	0.997	0.001
0.001	0.997	0.001	0.001
0.249	0.001	0.749	0.001
0.001	0.001	0.001	0.997
0.997	0.001	0.001	0.001
0.001	0.001	0.997	0.001
0.001	0.001	0.001	0.997
0.001	0.001	0.001	0.997
0.001	0.997	0.001	0.001
>GGGGGGGGGGGG	19-GGGGGGGGGGGG	8.006896	-10.592610	0	T:13.0(4.05%),B:681.3(0.99%),P:1e-4	Tpos:83.5,Tstd:45.6,Bpos:101.3,Bstd:67.7,StrandBias:1.3,Multiplicity:1.15
0.115	0.128	0.607	0.150
0.128	0.085	0.626	0.161
0.151	0.092	0.653	0.104
0.139	0.111	0.632	0.118
0.129	0.093	0.657	0.121
0.108	0.073	0.715	0.104
0.126	0.056	0.725	0.093
0.112	0.059	0.703	0.126
0.111	0.062	0.697	0.130
0.099	0.089	0.692	0.120
0.132	0.048	0.672	0.148
0.080	0.118	0.623	0.179
>TGCCCTCAGGGC	20-TGCCCTCAGGGC	11.541801	-10.360079	0	T:4.0(1.25%),B:37.2(0.05%),P:1e-4	Tpos:111.9,Tstd:42.0,Bpos:94.8,Bstd:49.5,StrandBias:-0.6,Multiplicity:2.00
0.122	0.122	0.001	0.755
0.001	0.001	0.997	0.001
0.122	0.872	0.001	0.005
0.243	0.755	0.001	0.001
0.001	0.994	0.001	0.004
0.001	0.127	0.001	0.871
0.001	0.629	0.369	0.001
0.877	0.001	0.121	0.001
0.121	0.001	0.877	0.001
0.001	0.001	0.997	0.001
0.122	0.122	0.634	0.122
0.243	0.755	0.001	0.001
>TTGTTGTTGTTG	21-TTGTTGTTGTTG	12.898437	-9.713421	0	T:5.0(1.56%),B:86.3(0.13%),P:1e-4	Tpos:70.7,Tstd:39.7,Bpos:106.5,Bstd:56.2,StrandBias:-1.1,Multiplicity:1.20
0.001	0.039	0.047	0.913
0.001	0.001	0.001	0.997
0.032	0.001	0.966	0.001
0.001	0.001	0.001	0.997
0.001	0.001	0.001	0.997
0.001	0.001	0.997	0.001
0.001	0.001	0.001	0.997
0.001	0.001	0.001	0.997
0.001	0.001	0.997	0.001
0.056	0.001	0.061	0.882
0.001	0.051	0.001	0.947
0.001	0.001	0.997	0.001
>AYATAYATACAT	22-AYATAYATACAT	11.821271	-9.628217	0	T:7.0(2.18%),B:208.1(0.30%),P:1e-4	Tpos:76.9,Tstd:57.1,Bpos:105.9,Bstd:133.8,StrandBias:-0.1,Multiplicity:1.86
0.847	0.023	0.044	0.086
0.136	0.475	0.061	0.329
0.837	0.022	0.098	0.043
0.062	0.040	0.045	0.853
0.850	0.076	0.031	0.043
0.148	0.466	0.035	0.352
0.841	0.020	0.061	0.078
0.088	0.065	0.033	0.814
0.822	0.047	0.052	0.079
0.085	0.544	0.016	0.355
0.824	0.024	0.079	0.073
0.049	0.055	0.068	0.828
>TAHGTAAGTACG	23-TAHGTAAGTACG	12.307976	-7.528768	0	T:3.0(0.93%),B:33.7(0.05%),P:1e-3	Tpos:79.1,Tstd:29.5,Bpos:94.4,Bstd:45.2,StrandBias:0.3,Multiplicity:1.67
0.001	0.001	0.001	0.997
0.997	0.001	0.001	0.001
0.314	0.372	0.001	0.314
0.001	0.001	0.997	0.001
0.001	0.001	0.001	0.997
0.997	0.001	0.001	0.001
0.627	0.371	0.001	0.001
0.001	0.001	0.997	0.001
0.001	0.001	0.313	0.685
0.997	0.001	0.001	0.001
0.001	0.997	0.001	0.001
0.001	0.313	0.685	0.001
>TTACAACAGTGC	24-TTACAACAGTGC	12.355432	-5.370060	0	T:1.0(0.31%),B:1.2(0.00%),P:1e-2	Tpos:97.0,Tstd:71.0,Bpos:139.3,Bstd:29.8,StrandBias:10.0,Multiplicity:3.00
0.100	0.100	0.100	0.700
0.100	0.100	0.100	0.700
0.700	0.100	0.100	0.100
0.100	0.700	0.100	0.100
0.700	0.100	0.100	0.100
0.700	0.100	0.100	0.100
0.100	0.700	0.100	0.100
0.700	0.100	0.100	0.100
0.100	0.100	0.700	0.100
0.100	0.100	0.100	0.700
0.100	0.100	0.700	0.100
0.100	0.700	0.100	0.100
>AGAGAGAGAGAG	25-AGAGAGAGAGAG	16.507066	-4.252204	0	T:3.0(0.93%),B:107.8(0.16%),P:1e-1	Tpos:67.8,Tstd:39.5,Bpos:86.7,Bstd:74.5,StrandBias:-1.2,Multiplicity:1.00
0.997	0.001	0.001	0.001
0.001	0.001	0.997	0.001
0.997	0.001	0.001	0.001
0.001	0.001	0.997	0.001
0.997	0.001	0.001	0.001
0.001	0.001	0.997	0.001
0.997	0.001	0.001	0.001
0.001	0.001	0.997	0.001
0.997	0.001	0.001	0.001
0.001	0.001	0.997	0.001
0.946	0.001	0.001	0.052
0.040	0.001	0.958	0.001
