>AAATTTYGAG	1-AAATTTYGAG	5.120469	-113.873936	0	T:1068.0(64.22%),B:32796.3(46.07%),P:1e-49	Tpos:100.4,Tstd:55.1,Bpos:100.0,Bstd:112.2,StrandBias:-0.0,Multiplicity:1.52
0.771	0.076	0.040	0.113
0.804	0.057	0.066	0.073
0.746	0.071	0.056	0.127
0.071	0.072	0.066	0.791
0.072	0.059	0.079	0.790
0.065	0.017	0.042	0.876
0.138	0.370	0.138	0.354
0.119	0.165	0.662	0.054
0.835	0.043	0.050	0.072
0.130	0.078	0.626	0.166
>AAATTTTWAA	2-AAATTTTWAA	6.645886	-104.791736	0	T:675.0(40.59%),B:17564.0(24.67%),P:1e-45	Tpos:99.4,Tstd:54.6,Bpos:100.4,Bstd:141.8,StrandBias:-0.0,Multiplicity:1.50
0.965	0.008	0.001	0.026
0.937	0.016	0.001	0.046
0.754	0.001	0.001	0.244
0.373	0.043	0.040	0.544
0.158	0.001	0.007	0.834
0.189	0.047	0.025	0.739
0.112	0.186	0.147	0.555
0.392	0.103	0.142	0.363
0.510	0.060	0.180	0.250
0.615	0.095	0.197	0.093
>MRATTTTTGN	3-MRATTTTTGN	5.076446	-99.033664	0	T:899.0(54.06%),B:26565.9(37.32%),P:1e-43	Tpos:96.3,Tstd:54.1,Bpos:100.1,Bstd:104.7,StrandBias:-0.0,Multiplicity:1.24
0.328	0.452	0.049	0.171
0.381	0.156	0.331	0.132
0.649	0.010	0.088	0.253
0.082	0.180	0.154	0.584
0.171	0.081	0.074	0.674
0.070	0.071	0.025	0.834
0.066	0.172	0.135	0.627
0.199	0.166	0.077	0.558
0.136	0.193	0.424	0.247
0.236	0.196	0.332	0.236
>AAAATCATAA	4-AAAATCATAA	7.170752	-90.519640	0	T:376.0(22.61%),B:7966.3(11.19%),P:1e-39	Tpos:101.3,Tstd:57.8,Bpos:98.6,Bstd:127.6,StrandBias:-0.1,Multiplicity:1.11
0.827	0.025	0.093	0.055
0.795	0.022	0.096	0.087
0.830	0.067	0.022	0.081
0.789	0.053	0.078	0.080
0.046	0.092	0.022	0.840
0.046	0.812	0.105	0.037
0.817	0.048	0.069	0.066
0.134	0.070	0.048	0.748
0.782	0.089	0.110	0.019
0.766	0.045	0.071	0.118
>AWAAAAAWAW	5-AWAAAAAWAW	7.209761	-56.394933	0	T:561.0(33.73%),B:16102.9(22.62%),P:1e-24	Tpos:97.5,Tstd:55.0,Bpos:100.6,Bstd:139.2,StrandBias:0.0,Multiplicity:1.24
0.529	0.001	0.262	0.208
0.376	0.124	0.199	0.302
0.800	0.020	0.095	0.085
0.843	0.001	0.001	0.155
0.828	0.001	0.001	0.170
0.820	0.001	0.001	0.178
0.902	0.001	0.001	0.096
0.556	0.001	0.001	0.442
0.783	0.001	0.215	0.001
0.422	0.001	0.053	0.524
>GGGGGGGGGG	6-GGGGGGGGGG	7.837031	-45.015044	0	T:69.0(4.15%),B:774.2(1.09%),P:1e-19	Tpos:102.9,Tstd:50.8,Bpos:100.0,Bstd:71.1,StrandBias:-0.8,Multiplicity:1.20
0.062	0.178	0.572	0.188
0.209	0.076	0.570	0.145
0.010	0.001	0.936	0.053
0.063	0.011	0.877	0.049
0.007	0.001	0.991	0.001
0.001	0.011	0.898	0.090
0.012	0.024	0.921	0.043
0.032	0.108	0.798	0.062
0.025	0.129	0.706	0.140
0.037	0.099	0.742	0.122
>AGTAGGCCTA	7-AGTAGGCCTA	9.278337	-37.478173	0	T:37.0(2.22%),B:271.2(0.38%),P:1e-16	Tpos:91.9,Tstd:53.1,Bpos:97.3,Bstd:63.6,StrandBias:0.0,Multiplicity:1.05
0.771	0.023	0.055	0.151
0.134	0.037	0.664	0.165
0.072	0.001	0.001	0.926
0.997	0.001	0.001	0.001
0.001	0.001	0.888	0.110
0.034	0.001	0.964	0.001
0.001	0.964	0.001	0.034
0.027	0.949	0.001	0.023
0.001	0.034	0.001	0.964
0.959	0.001	0.039	0.001
>GAAGTTGGGA	8-GAAGTTGGGA	6.826578	-34.273456	0	T:149.0(8.96%),B:3150.1(4.42%),P:1e-14	Tpos:108.1,Tstd:52.8,Bpos:98.5,Bstd:88.4,StrandBias:0.6,Multiplicity:1.06
0.073	0.072	0.747	0.108
0.835	0.062	0.051	0.052
0.829	0.062	0.026	0.083
0.082	0.071	0.794	0.053
0.051	0.034	0.058	0.857
0.041	0.044	0.073	0.842
0.098	0.065	0.769	0.068
0.048	0.077	0.826	0.049
0.065	0.098	0.702	0.135
0.805	0.089	0.034	0.072
>AGGGGGGGTT	9-AGGGGGGGTT	9.676204	-33.588871	0	T:22.0(1.32%),B:93.2(0.13%),P:1e-14	Tpos:99.4,Tstd:56.9,Bpos:100.3,Bstd:70.7,StrandBias:-1.0,Multiplicity:1.24
0.866	0.001	0.001	0.132
0.378	0.001	0.620	0.001
0.038	0.001	0.921	0.040
0.001	0.042	0.956	0.001
0.039	0.098	0.741	0.122
0.001	0.006	0.992	0.001
0.024	0.001	0.974	0.001
0.033	0.001	0.956	0.010
0.112	0.196	0.098	0.594
0.001	0.393	0.001	0.605
>ATATCCGATA	10-ATATCCGATA	10.811195	-28.475487	0	T:18.0(1.08%),B:73.6(0.10%),P:1e-12	Tpos:101.7,Tstd:53.1,Bpos:99.0,Bstd:57.6,StrandBias:0.1,Multiplicity:1.24
0.773	0.001	0.001	0.225
0.001	0.001	0.001	0.997
0.754	0.244	0.001	0.001
0.001	0.001	0.001	0.997
0.001	0.997	0.001	0.001
0.001	0.863	0.135	0.001
0.001	0.213	0.785	0.001
0.730	0.001	0.001	0.268
0.001	0.001	0.001	0.997
0.653	0.180	0.166	0.001
>TGGTGAGCAA	11-TGGTGAGCAA	10.243645	-27.674870	0	T:20.0(1.20%),B:100.9(0.14%),P:1e-12	Tpos:90.0,Tstd:58.8,Bpos:106.2,Bstd:52.2,StrandBias:0.4,Multiplicity:1.05
0.001	0.001	0.147	0.851
0.001	0.011	0.987	0.001
0.001	0.001	0.997	0.001
0.001	0.001	0.001	0.997
0.001	0.001	0.997	0.001
0.826	0.001	0.001	0.172
0.001	0.161	0.837	0.001
0.001	0.997	0.001	0.001
0.773	0.001	0.225	0.001
0.997	0.001	0.001	0.001
>ATATATATAT	12-ATATATATAT	10.296193	-27.201654	0	T:17.0(1.02%),B:68.1(0.10%),P:1e-11	Tpos:118.5,Tstd:54.5,Bpos:103.6,Bstd:126.8,StrandBias:0.0,Multiplicity:1.35
0.700	0.100	0.100	0.100
0.100	0.100	0.100	0.700
0.700	0.100	0.100	0.100
0.100	0.100	0.100	0.700
0.700	0.100	0.100	0.100
0.100	0.100	0.100	0.700
0.700	0.100	0.100	0.100
0.100	0.100	0.100	0.700
0.700	0.100	0.100	0.100
0.100	0.100	0.100	0.700
>GGTCAGCGCG	13-GGTCAGCGCG	9.693220	-26.193717	0	T:21.0(1.26%),B:122.0(0.17%),P:1e-11	Tpos:107.8,Tstd:48.0,Bpos:95.5,Bstd:46.6,StrandBias:0.3,Multiplicity:1.05
0.001	0.001	0.997	0.001
0.001	0.001	0.997	0.001
0.001	0.001	0.001	0.997
0.191	0.807	0.001	0.001
0.997	0.001	0.001	0.001
0.001	0.239	0.759	0.001
0.177	0.821	0.001	0.001
0.203	0.001	0.630	0.166
0.001	0.807	0.001	0.191
0.177	0.001	0.821	0.001
>TACSGGCCGG	14-TACSGGCCGG	8.858132	-25.930482	0	T:16.0(0.96%),B:63.2(0.09%),P:1e-11	Tpos:115.0,Tstd:43.0,Bpos:103.0,Bstd:58.9,StrandBias:0.2,Multiplicity:1.19
0.046	0.001	0.001	0.952
0.548	0.093	0.266	0.093
0.027	0.663	0.058	0.252
0.001	0.503	0.495	0.001
0.001	0.079	0.919	0.001
0.068	0.027	0.850	0.055
0.077	0.783	0.077	0.063
0.025	0.451	0.237	0.287
0.048	0.309	0.642	0.001
0.342	0.030	0.605	0.023
>GATCGACCCT	15-GATCGACCCT	11.370798	-24.410400	0	T:11.0(0.66%),B:24.1(0.03%),P:1e-10	Tpos:100.3,Tstd:36.6,Bpos:124.6,Bstd:50.2,StrandBias:0.8,Multiplicity:1.10
0.001	0.001	0.997	0.001
0.997	0.001	0.001	0.001
0.001	0.001	0.001	0.997
0.001	0.997	0.001	0.001
0.001	0.001	0.997	0.001
0.997	0.001	0.001	0.001
0.001	0.997	0.001	0.001
0.001	0.913	0.001	0.085
0.001	0.997	0.001	0.001
0.001	0.001	0.001	0.997
>GTTAACTTTA	16-GTTAACTTTA	9.624398	-18.758374	0	T:34.0(2.04%),B:453.8(0.64%),P:1e-8	Tpos:105.4,Tstd:57.2,Bpos:99.9,Bstd:103.7,StrandBias:0.6,Multiplicity:1.41
0.117	0.022	0.860	0.001
0.028	0.001	0.030	0.941
0.025	0.149	0.138	0.688
0.752	0.134	0.113	0.001
0.923	0.012	0.001	0.064
0.001	0.997	0.001	0.001
0.001	0.001	0.001	0.997
0.001	0.101	0.001	0.897
0.022	0.042	0.001	0.935
0.997	0.001	0.001	0.001
>CCCACTAGAA	17-CCCACTAGAA	10.296193	-18.497574	0	T:6.0(0.36%),B:6.1(0.01%),P:1e-8	Tpos:114.8,Tstd:44.8,Bpos:80.2,Bstd:18.2,StrandBias:1.0,Multiplicity:1.00
0.100	0.700	0.100	0.100
0.100	0.700	0.100	0.100
0.100	0.700	0.100	0.100
0.700	0.100	0.100	0.100
0.100	0.700	0.100	0.100
0.100	0.100	0.100	0.700
0.700	0.100	0.100	0.100
0.100	0.100	0.700	0.100
0.700	0.100	0.100	0.100
0.700	0.100	0.100	0.100
>GCACAGATTT	18-GCACAGATTT	10.296193	-17.511370	0	T:8.0(0.48%),B:19.6(0.03%),P:1e-7	Tpos:74.4,Tstd:39.0,Bpos:108.4,Bstd:37.6,StrandBias:-0.4,Multiplicity:1.00
0.100	0.100	0.700	0.100
0.100	0.700	0.100	0.100
0.700	0.100	0.100	0.100
0.100	0.700	0.100	0.100
0.700	0.100	0.100	0.100
0.100	0.100	0.700	0.100
0.700	0.100	0.100	0.100
0.100	0.100	0.100	0.700
0.100	0.100	0.100	0.700
0.100	0.100	0.100	0.700
>CCCATASGAC	19-CCCATASGAC	11.978774	-17.227923	0	T:9.0(0.54%),B:29.0(0.04%),P:1e-7	Tpos:79.7,Tstd:43.6,Bpos:103.3,Bstd:39.5,StrandBias:-0.6,Multiplicity:1.11
0.001	0.997	0.001	0.001
0.001	0.997	0.001	0.001
0.001	0.997	0.001	0.001
0.997	0.001	0.001	0.001
0.001	0.001	0.001	0.997
0.997	0.001	0.001	0.001
0.001	0.476	0.476	0.047
0.001	0.001	0.997	0.001
0.671	0.001	0.001	0.327
0.001	0.997	0.001	0.001
>TCCTCATCAT	20-TCCTCATCAT	6.063365	-15.369690	0	T:165.0(9.92%),B:4704.9(6.61%),P:1e-6	Tpos:98.4,Tstd:57.9,Bpos:95.5,Bstd:110.0,StrandBias:-0.4,Multiplicity:1.12
0.081	0.131	0.096	0.692
0.103	0.630	0.082	0.185
0.213	0.467	0.156	0.164
0.047	0.199	0.047	0.707
0.042	0.649	0.161	0.148
0.601	0.268	0.091	0.040
0.175	0.072	0.156	0.597
0.210	0.529	0.120	0.141
0.520	0.109	0.145	0.226
0.044	0.224	0.047	0.685
>ATAKCTAGAT	21-ATAKCTAGAT	8.129807	-14.378341	0	T:29.0(1.74%),B:424.1(0.60%),P:1e-6	Tpos:84.9,Tstd:50.0,Bpos:104.2,Bstd:118.1,StrandBias:-2.0,Multiplicity:1.07
0.567	0.024	0.273	0.136
0.001	0.136	0.225	0.638
0.538	0.174	0.045	0.243
0.001	0.001	0.574	0.424
0.278	0.720	0.001	0.001
0.050	0.171	0.041	0.738
0.536	0.005	0.232	0.227
0.013	0.016	0.788	0.183
0.679	0.107	0.032	0.182
0.001	0.106	0.001	0.892
>TGCCGAAACG	22-TGCCGAAACG	13.357717	-13.997546	0	T:6.0(0.36%),B:13.8(0.02%),P:1e-6	Tpos:103.3,Tstd:50.3,Bpos:100.7,Bstd:57.1,StrandBias:1.8,Multiplicity:1.50
0.001	0.090	0.243	0.666
0.001	0.001	0.997	0.001
0.001	0.997	0.001	0.001
0.001	0.997	0.001	0.001
0.001	0.001	0.997	0.001
0.997	0.001	0.001	0.001
0.928	0.001	0.001	0.070
0.997	0.001	0.001	0.001
0.001	0.997	0.001	0.001
0.001	0.001	0.997	0.001
>AGATAGAGAG	23-AGATAGAGAG	10.644891	-8.851720	0	T:19.0(1.14%),B:304.0(0.43%),P:1e-3	Tpos:110.2,Tstd:55.9,Bpos:88.6,Bstd:78.3,StrandBias:2.0,Multiplicity:1.21
0.997	0.001	0.001	0.001
0.001	0.001	0.997	0.001
0.985	0.001	0.013	0.001
0.001	0.001	0.294	0.704
0.997	0.001	0.001	0.001
0.001	0.146	0.557	0.296
0.942	0.001	0.056	0.001
0.001	0.001	0.879	0.119
0.766	0.232	0.001	0.001
0.132	0.124	0.743	0.001
>CTAACCCTAA	24-CTAACCCTAA	10.974804	-7.583780	0	T:8.0(0.48%),B:76.4(0.11%),P:1e-3	Tpos:94.6,Tstd:45.5,Bpos:103.0,Bstd:84.8,StrandBias:-0.5,Multiplicity:2.38
0.001	0.997	0.001	0.001
0.001	0.001	0.005	0.993
0.997	0.001	0.001	0.001
0.997	0.001	0.001	0.001
0.001	0.782	0.216	0.001
0.001	0.624	0.374	0.001
0.001	0.997	0.001	0.001
0.001	0.001	0.001	0.997
0.997	0.001	0.001	0.001
0.643	0.117	0.001	0.239
>TGTTTRTGTG	25-TGTTTRTGTG	9.739286	-7.475455	0	T:39.0(2.35%),B:938.3(1.32%),P:1e-3	Tpos:81.9,Tstd:49.4,Bpos:106.3,Bstd:72.1,StrandBias:-0.9,Multiplicity:1.00
0.001	0.178	0.001	0.820
0.001	0.001	0.997	0.001
0.001	0.129	0.001	0.869
0.001	0.001	0.092	0.906
0.001	0.085	0.126	0.788
0.518	0.001	0.480	0.001
0.001	0.043	0.001	0.955
0.001	0.166	0.832	0.001
0.051	0.170	0.001	0.778
0.001	0.001	0.997	0.001
