>TTTTAAAATTTT	1-TTTTAAAATTTT	6.834243	-117.560432	0	T:629.0(37.82%),B:15306.3(21.50%),P:1e-51	Tpos:100.8,Tstd:53.1,Bpos:99.2,Bstd:148.0,StrandBias:0.0,Multiplicity:1.37
0.190	0.091	0.058	0.661
0.129	0.067	0.064	0.740
0.146	0.075	0.127	0.652
0.179	0.146	0.126	0.549
0.436	0.170	0.164	0.230
0.649	0.137	0.063	0.151
0.696	0.090	0.038	0.176
0.658	0.046	0.055	0.241
0.253	0.026	0.057	0.664
0.114	0.015	0.041	0.830
0.097	0.040	0.031	0.832
0.135	0.119	0.115	0.631
>AAAATATNATTT	2-AAAATATNATTT	6.294246	-79.016981	0	T:693.0(41.67%),B:19650.9(27.60%),P:1e-34	Tpos:98.7,Tstd:54.4,Bpos:100.8,Bstd:139.7,StrandBias:-0.1,Multiplicity:1.26
0.478	0.088	0.221	0.213
0.659	0.106	0.019	0.216
0.599	0.054	0.087	0.260
0.814	0.001	0.016	0.169
0.268	0.010	0.030	0.692
0.434	0.145	0.152	0.269
0.318	0.003	0.028	0.651
0.233	0.195	0.297	0.274
0.660	0.002	0.168	0.170
0.268	0.163	0.121	0.448
0.276	0.069	0.165	0.489
0.214	0.001	0.151	0.634
>GGGGGGGTCACC	3-GGGGGGGTCACC	10.994751	-54.202361	0	T:23.0(1.38%),B:40.2(0.06%),P:1e-23	Tpos:88.0,Tstd:47.9,Bpos:96.8,Bstd:75.3,StrandBias:-0.4,Multiplicity:1.18
0.202	0.097	0.700	0.001
0.194	0.001	0.804	0.001
0.097	0.097	0.805	0.001
0.111	0.292	0.596	0.001
0.001	0.001	0.997	0.001
0.001	0.001	0.997	0.001
0.001	0.001	0.804	0.194
0.194	0.001	0.001	0.804
0.001	0.997	0.001	0.001
0.997	0.001	0.001	0.001
0.001	0.692	0.105	0.202
0.001	0.694	0.097	0.208
>GTTTCATCATAG	4-GTTTCATCATAG	13.721575	-50.748651	0	T:14.0(0.84%),B:7.9(0.01%),P:1e-22	Tpos:89.3,Tstd:55.6,Bpos:115.3,Bstd:43.0,StrandBias:-0.8,Multiplicity:1.00
0.001	0.001	0.909	0.089
0.001	0.001	0.001	0.997
0.089	0.001	0.001	0.909
0.001	0.001	0.001	0.997
0.001	0.997	0.001	0.001
0.835	0.074	0.090	0.001
0.001	0.001	0.001	0.997
0.001	0.997	0.001	0.001
0.997	0.001	0.001	0.001
0.089	0.001	0.001	0.909
0.997	0.001	0.001	0.001
0.001	0.001	0.997	0.001
>TCGACCCTCTTT	5-TCGACCCTCTTT	12.544653	-44.575851	0	T:13.0(0.78%),B:8.7(0.01%),P:1e-19	Tpos:109.1,Tstd:34.5,Bpos:114.7,Bstd:34.4,StrandBias:1.3,Multiplicity:1.08
0.001	0.001	0.001	0.997
0.001	0.911	0.087	0.001
0.087	0.087	0.825	0.001
0.997	0.001	0.001	0.001
0.001	0.736	0.262	0.001
0.001	0.997	0.001	0.001
0.001	0.911	0.001	0.087
0.001	0.001	0.001	0.997
0.001	0.997	0.001	0.001
0.001	0.001	0.001	0.997
0.001	0.001	0.001	0.997
0.001	0.001	0.001	0.997
>GGGGGGGGGGGG	6-GGGGGGGGGGGG	8.450719	-44.048502	0	T:57.0(3.43%),B:550.4(0.77%),P:1e-19	Tpos:103.2,Tstd:50.5,Bpos:99.0,Bstd:70.0,StrandBias:-0.7,Multiplicity:1.12
0.124	0.104	0.640	0.132
0.151	0.147	0.584	0.118
0.094	0.156	0.658	0.092
0.028	0.087	0.849	0.036
0.001	0.001	0.953	0.045
0.014	0.027	0.901	0.058
0.014	0.014	0.947	0.025
0.001	0.035	0.909	0.055
0.034	0.014	0.751	0.201
0.076	0.171	0.565	0.188
0.138	0.168	0.584	0.110
0.173	0.187	0.425	0.216
>TGTGCAAGAAAT	7-TGTGCAAGAAAT	13.864783	-41.261823	0	T:11.0(0.66%),B:5.3(0.01%),P:1e-17	Tpos:85.6,Tstd:62.5,Bpos:105.0,Bstd:34.6,StrandBias:1.4,Multiplicity:1.00
0.001	0.001	0.084	0.914
0.001	0.001	0.997	0.001
0.001	0.001	0.001	0.997
0.001	0.084	0.914	0.001
0.001	0.997	0.001	0.001
0.997	0.001	0.001	0.001
0.997	0.001	0.001	0.001
0.001	0.084	0.914	0.001
0.997	0.001	0.001	0.001
0.997	0.001	0.001	0.001
0.914	0.001	0.001	0.084
0.001	0.001	0.001	0.997
>CCTTTGAGTGCT	8-CCTTTGAGTGCT	13.958666	-41.261823	0	T:11.0(0.66%),B:5.6(0.01%),P:1e-17	Tpos:90.9,Tstd:48.4,Bpos:88.3,Bstd:29.1,StrandBias:-0.3,Multiplicity:1.00
0.001	0.997	0.001	0.001
0.001	0.902	0.001	0.096
0.001	0.001	0.001	0.997
0.001	0.001	0.096	0.902
0.096	0.001	0.001	0.902
0.001	0.001	0.997	0.001
0.997	0.001	0.001	0.001
0.001	0.096	0.902	0.001
0.001	0.001	0.001	0.997
0.001	0.001	0.997	0.001
0.001	0.997	0.001	0.001
0.001	0.001	0.001	0.997
>TTGTAGCTCTAC	9-TTGTAGCTCTAC	11.692334	-40.877919	0	T:18.0(1.08%),B:35.8(0.05%),P:1e-17	Tpos:112.8,Tstd:55.5,Bpos:112.1,Bstd:45.2,StrandBias:-0.6,Multiplicity:1.11
0.001	0.001	0.001	0.997
0.122	0.001	0.001	0.876
0.001	0.061	0.877	0.061
0.001	0.001	0.061	0.937
0.815	0.061	0.001	0.123
0.186	0.112	0.506	0.196
0.001	0.815	0.001	0.183
0.061	0.001	0.123	0.815
0.183	0.815	0.001	0.001
0.001	0.001	0.061	0.937
0.876	0.001	0.001	0.122
0.245	0.753	0.001	0.001
>TATATATATATK	10-TATATATATATK	11.683113	-35.903535	0	T:21.0(1.26%),B:73.5(0.10%),P:1e-15	Tpos:119.0,Tstd:53.7,Bpos:103.0,Bstd:127.3,StrandBias:0.0,Multiplicity:1.29
0.001	0.001	0.001	0.997
0.997	0.001	0.001	0.001
0.001	0.001	0.001	0.997
0.997	0.001	0.001	0.001
0.001	0.001	0.045	0.953
0.997	0.001	0.001	0.001
0.001	0.001	0.001	0.997
0.997	0.001	0.001	0.001
0.001	0.001	0.001	0.997
0.885	0.001	0.069	0.045
0.369	0.001	0.001	0.629
0.175	0.123	0.331	0.370
>ATTCTTGATTTT	11-ATTCTTGATTTT	14.355114	-35.171328	0	T:8.0(0.48%),B:2.4(0.00%),P:1e-15	Tpos:88.8,Tstd:49.2,Bpos:89.8,Bstd:56.8,StrandBias:1.0,Multiplicity:1.12
0.997	0.001	0.001	0.001
0.001	0.001	0.001	0.997
0.001	0.001	0.001	0.997
0.001	0.997	0.001	0.001
0.001	0.120	0.001	0.878
0.001	0.001	0.001	0.997
0.001	0.001	0.997	0.001
0.997	0.001	0.001	0.001
0.001	0.120	0.001	0.878
0.001	0.001	0.001	0.997
0.001	0.001	0.001	0.997
0.001	0.001	0.001	0.997
>ATAAAGTTGACT	12-ATAAAGTTGACT	13.214136	-35.040690	0	T:14.0(0.84%),B:22.2(0.03%),P:1e-15	Tpos:113.7,Tstd:54.7,Bpos:119.2,Bstd:67.0,StrandBias:0.0,Multiplicity:1.29
0.917	0.001	0.001	0.081
0.001	0.001	0.001	0.997
0.917	0.001	0.081	0.001
0.997	0.001	0.001	0.001
0.997	0.001	0.001	0.001
0.001	0.001	0.997	0.001
0.001	0.001	0.001	0.997
0.119	0.001	0.001	0.879
0.001	0.196	0.765	0.038
0.997	0.001	0.001	0.001
0.001	0.997	0.001	0.001
0.082	0.059	0.001	0.858
>GGTGAGCGAGGT	13-GGTGAGCGAGGT	13.824055	-34.907672	0	T:10.0(0.60%),B:6.7(0.01%),P:1e-15	Tpos:94.3,Tstd:54.7,Bpos:112.7,Bstd:32.8,StrandBias:0.8,Multiplicity:1.10
0.001	0.001	0.997	0.001
0.001	0.001	0.997	0.001
0.001	0.001	0.001	0.997
0.001	0.001	0.997	0.001
0.997	0.001	0.001	0.001
0.001	0.001	0.997	0.001
0.103	0.895	0.001	0.001
0.103	0.103	0.793	0.001
0.997	0.001	0.001	0.001
0.226	0.001	0.670	0.103
0.001	0.001	0.997	0.001
0.001	0.001	0.001	0.997
>TGGGCTACCAAA	14-TGGGCTACCAAA	10.651283	-33.127520	0	T:20.0(1.20%),B:74.9(0.11%),P:1e-14	Tpos:109.7,Tstd:55.5,Bpos:83.3,Bstd:73.3,StrandBias:0.6,Multiplicity:1.25
0.001	0.001	0.054	0.944
0.068	0.001	0.863	0.068
0.265	0.001	0.597	0.137
0.144	0.068	0.787	0.001
0.001	0.862	0.001	0.136
0.001	0.138	0.068	0.793
0.997	0.001	0.001	0.001
0.001	0.859	0.068	0.072
0.068	0.863	0.001	0.068
0.997	0.001	0.001	0.001
0.752	0.001	0.001	0.246
0.684	0.137	0.001	0.178
>AATTTCTCAAGA	15-AATTTCTCAAGA	10.177851	-31.847614	0	T:45.0(2.71%),B:477.9(0.67%),P:1e-13	Tpos:111.8,Tstd:56.9,Bpos:100.5,Bstd:139.9,StrandBias:0.6,Multiplicity:1.00
0.897	0.071	0.001	0.031
0.906	0.001	0.001	0.092
0.185	0.001	0.001	0.813
0.001	0.001	0.043	0.955
0.017	0.001	0.124	0.858
0.001	0.610	0.131	0.258
0.088	0.088	0.001	0.823
0.001	0.923	0.075	0.001
0.955	0.001	0.043	0.001
0.747	0.080	0.080	0.093
0.213	0.044	0.698	0.045
0.859	0.044	0.096	0.001
>TGAATAATTTTT	16-TGAATAATTTTT	12.451078	-30.128480	0	T:13.0(0.78%),B:25.2(0.04%),P:1e-13	Tpos:88.4,Tstd:54.7,Bpos:126.1,Bstd:38.8,StrandBias:0.5,Multiplicity:1.00
0.208	0.053	0.002	0.737
0.169	0.001	0.627	0.203
0.630	0.001	0.210	0.159
0.639	0.044	0.144	0.173
0.001	0.001	0.001	0.997
0.730	0.210	0.058	0.002
0.787	0.159	0.053	0.001
0.053	0.001	0.106	0.840
0.106	0.002	0.055	0.837
0.001	0.001	0.001	0.997
0.053	0.053	0.002	0.892
0.136	0.001	0.053	0.810
>GTAGGCCTAAAT	17-GTAGGCCTAAAT	9.157231	-29.357367	0	T:41.0(2.47%),B:432.3(0.61%),P:1e-12	Tpos:96.0,Tstd:54.4,Bpos:101.2,Bstd:72.0,StrandBias:0.2,Multiplicity:1.05
0.198	0.076	0.522	0.204
0.045	0.001	0.050	0.904
0.924	0.001	0.050	0.025
0.018	0.001	0.849	0.132
0.188	0.001	0.730	0.081
0.134	0.864	0.001	0.001
0.224	0.555	0.051	0.170
0.107	0.001	0.001	0.891
0.997	0.001	0.001	0.001
0.564	0.266	0.076	0.094
0.604	0.001	0.101	0.294
0.111	0.119	0.228	0.542
>TGGAATCTTTCA	18-TGGAATCTTTCA	11.578874	-29.267028	0	T:9.0(0.54%),B:7.7(0.01%),P:1e-12	Tpos:83.4,Tstd:37.8,Bpos:127.0,Bstd:66.5,StrandBias:0.0,Multiplicity:1.11
0.243	0.001	0.001	0.755
0.001	0.001	0.997	0.001
0.001	0.001	0.997	0.001
0.997	0.001	0.001	0.001
0.997	0.001	0.001	0.001
0.001	0.001	0.001	0.997
0.001	0.997	0.001	0.001
0.001	0.001	0.001	0.997
0.001	0.001	0.001	0.997
0.027	0.001	0.001	0.971
0.001	0.997	0.001	0.001
0.997	0.001	0.001	0.001
>CGTTTCGGCACC	19-CGTTTCGGCACC	13.480387	-22.414506	0	T:7.0(0.42%),B:6.2(0.01%),P:1e-9	Tpos:105.9,Tstd:57.6,Bpos:119.6,Bstd:38.8,StrandBias:-1.0,Multiplicity:1.71
0.001	0.888	0.001	0.110
0.110	0.001	0.888	0.001
0.001	0.001	0.001	0.997
0.001	0.001	0.001	0.997
0.001	0.001	0.001	0.997
0.110	0.888	0.001	0.001
0.001	0.001	0.997	0.001
0.001	0.001	0.997	0.001
0.001	0.997	0.001	0.001
0.997	0.001	0.001	0.001
0.111	0.646	0.001	0.242
0.001	0.777	0.111	0.111
>TTATTTATTTAT	20-TTATTTATTTAT	13.055811	-20.822384	0	T:15.0(0.90%),B:77.8(0.11%),P:1e-9	Tpos:95.1,Tstd:58.8,Bpos:84.7,Bstd:100.6,StrandBias:-0.8,Multiplicity:1.14
0.039	0.001	0.001	0.959
0.001	0.001	0.001	0.997
0.953	0.001	0.001	0.045
0.001	0.001	0.001	0.997
0.001	0.001	0.001	0.997
0.001	0.001	0.001	0.997
0.997	0.001	0.001	0.001
0.001	0.001	0.049	0.949
0.001	0.001	0.001	0.997
0.001	0.001	0.069	0.929
0.949	0.049	0.001	0.001
0.001	0.001	0.085	0.913
>TGATGATGAGGA	21-TGATGATGAGGA	10.515118	-18.571345	0	T:22.0(1.32%),B:206.4(0.29%),P:1e-8	Tpos:93.1,Tstd:55.5,Bpos:93.2,Bstd:96.0,StrandBias:1.5,Multiplicity:1.36
0.001	0.001	0.054	0.944
0.139	0.001	0.825	0.035
0.971	0.001	0.027	0.001
0.001	0.039	0.184	0.776
0.035	0.001	0.882	0.082
0.678	0.094	0.001	0.227
0.080	0.111	0.127	0.682
0.001	0.001	0.997	0.001
0.889	0.001	0.109	0.001
0.055	0.055	0.718	0.172
0.001	0.002	0.886	0.111
0.824	0.001	0.136	0.039
>TAATTAATTTAT	22-TAATTAATTTAT	14.846456	-16.811270	0	T:6.0(0.36%),B:8.8(0.01%),P:1e-7	Tpos:106.0,Tstd:42.8,Bpos:96.3,Bstd:36.8,StrandBias:0.0,Multiplicity:1.00
0.240	0.001	0.001	0.758
0.994	0.001	0.001	0.004
0.997	0.001	0.001	0.001
0.001	0.001	0.001	0.997
0.001	0.001	0.001	0.997
0.843	0.001	0.001	0.155
0.997	0.001	0.001	0.001
0.135	0.001	0.001	0.863
0.001	0.001	0.001	0.997
0.250	0.001	0.001	0.748
0.583	0.001	0.001	0.415
0.001	0.001	0.001	0.997
>TCTMTMTCTMTM	23-TCTMTMTCTMTM	12.492350	-9.522530	0	T:14.0(0.84%),B:171.9(0.24%),P:1e-4	Tpos:103.0,Tstd:56.2,Bpos:87.5,Bstd:80.5,StrandBias:-1.2,Multiplicity:1.36
0.001	0.017	0.055	0.927
0.360	0.638	0.001	0.001
0.001	0.001	0.001	0.997
0.439	0.559	0.001	0.001
0.001	0.001	0.001	0.997
0.438	0.560	0.001	0.001
0.001	0.038	0.001	0.960
0.399	0.599	0.001	0.001
0.001	0.001	0.001	0.997
0.439	0.559	0.001	0.001
0.001	0.001	0.001	0.997
0.516	0.444	0.001	0.039
>CTCGTAATTACG	24-CTCGTAATTACG	12.355432	-3.768366	0	T:1.0(0.06%),B:0.0(0.00%),P:1e-1	Tpos:94.1,Tstd:54.6,Bpos:0.0,Bstd:0.0,StrandBias:0.0,Multiplicity:7.00
0.100	0.700	0.100	0.100
0.100	0.100	0.100	0.700
0.100	0.700	0.100	0.100
0.100	0.100	0.700	0.100
0.100	0.100	0.100	0.700
0.700	0.100	0.100	0.100
0.700	0.100	0.100	0.100
0.100	0.100	0.100	0.700
0.100	0.100	0.100	0.700
0.700	0.100	0.100	0.100
0.100	0.700	0.100	0.100
0.100	0.100	0.700	0.100
>GAAGCCATAGAC	25-GAAGCCATAGAC	12.355432	-3.768366	0	T:1.0(0.06%),B:1.1(0.00%),P:1e-1	Tpos:96.1,Tstd:53.8,Bpos:31.0,Bstd:0.0,StrandBias:10.0,Multiplicity:7.00
0.100	0.100	0.700	0.100
0.700	0.100	0.100	0.100
0.700	0.100	0.100	0.100
0.100	0.100	0.700	0.100
0.100	0.700	0.100	0.100
0.100	0.700	0.100	0.100
0.700	0.100	0.100	0.100
0.100	0.100	0.100	0.700
0.700	0.100	0.100	0.100
0.100	0.100	0.700	0.100
0.700	0.100	0.100	0.100
0.100	0.700	0.100	0.100
