>AAAAATTT	1-AAAAATTT	6.102681	-131.541785	0	T:732.0(44.02%),B:18392.7(25.84%),P:1e-57	Tpos:98.8,Tstd:54.5,Bpos:99.8,Bstd:138.3,StrandBias:-0.0,Multiplicity:1.45
0.543	0.204	0.142	0.111
0.670	0.169	0.096	0.065
0.946	0.001	0.022	0.031
0.887	0.021	0.035	0.057
0.750	0.050	0.059	0.141
0.241	0.046	0.045	0.668
0.069	0.046	0.044	0.841
0.129	0.027	0.147	0.697
>AATTTTGG	2-AATTTTGG	4.756978	-97.980820	0	T:1263.0(75.95%),B:42674.2(59.94%),P:1e-42	Tpos:99.6,Tstd:55.5,Bpos:100.5,Bstd:117.7,StrandBias:-0.0,Multiplicity:1.67
0.646	0.137	0.113	0.104
0.790	0.073	0.055	0.082
0.117	0.036	0.106	0.741
0.058	0.076	0.060	0.806
0.036	0.029	0.030	0.905
0.023	0.136	0.069	0.772
0.090	0.090	0.711	0.109
0.208	0.078	0.632	0.082
>CCCAAAAW	3-CCCAAAAW	5.763624	-65.680880	0	T:713.0(42.87%),B:21282.5(29.90%),P:1e-28	Tpos:101.9,Tstd:59.2,Bpos:98.9,Bstd:111.7,StrandBias:-0.2,Multiplicity:1.08
0.254	0.653	0.030	0.063
0.083	0.493	0.209	0.215
0.028	0.603	0.188	0.181
0.865	0.059	0.039	0.037
0.897	0.001	0.001	0.101
0.746	0.092	0.161	0.001
0.872	0.042	0.059	0.027
0.394	0.077	0.002	0.527
>WTWTTTTT	4-WTWTTTTT	5.910398	-58.102964	0	T:1042.0(62.66%),B:35492.4(49.86%),P:1e-25	Tpos:96.6,Tstd:55.7,Bpos:98.9,Bstd:135.7,StrandBias:0.1,Multiplicity:1.46
0.490	0.046	0.045	0.419
0.001	0.198	0.135	0.666
0.519	0.001	0.072	0.408
0.001	0.001	0.001	0.997
0.356	0.001	0.001	0.642
0.001	0.001	0.047	0.951
0.210	0.187	0.026	0.577
0.269	0.023	0.026	0.682
>CAACTTTC	5-CAACTTTC	6.714875	-53.039153	0	T:341.0(20.51%),B:8452.9(11.87%),P:1e-23	Tpos:95.6,Tstd:55.1,Bpos:98.0,Bstd:101.5,StrandBias:0.1,Multiplicity:1.10
0.268	0.639	0.031	0.062
0.970	0.001	0.009	0.020
0.967	0.001	0.001	0.031
0.001	0.917	0.001	0.081
0.001	0.001	0.001	0.997
0.001	0.065	0.001	0.933
0.001	0.042	0.001	0.956
0.195	0.803	0.001	0.001
>SARGAAAA	6-SARGAAAA	6.551057	-46.320355	0	T:445.0(26.76%),B:12499.5(17.56%),P:1e-20	Tpos:98.0,Tstd:56.9,Bpos:100.8,Bstd:114.0,StrandBias:-0.1,Multiplicity:1.13
0.001	0.526	0.472	0.001
0.984	0.001	0.001	0.014
0.255	0.111	0.403	0.231
0.103	0.001	0.836	0.060
0.719	0.049	0.005	0.227
0.897	0.001	0.101	0.001
0.853	0.001	0.101	0.045
0.605	0.393	0.001	0.001
>GGGGGGGG	7-GGGGGGGG	7.559322	-43.235558	0	T:60.0(3.61%),B:618.0(0.87%),P:1e-18	Tpos:103.7,Tstd:52.0,Bpos:99.3,Bstd:71.6,StrandBias:-0.8,Multiplicity:1.38
0.136	0.082	0.683	0.099
0.156	0.083	0.701	0.060
0.021	0.054	0.912	0.013
0.028	0.034	0.937	0.001
0.057	0.053	0.863	0.027
0.049	0.095	0.766	0.090
0.066	0.099	0.598	0.237
0.087	0.187	0.545	0.181
>AGAAATTR	8-AGAAATTR	7.362563	-40.419888	0	T:455.0(27.36%),B:13280.1(18.65%),P:1e-17	Tpos:104.7,Tstd:57.3,Bpos:100.5,Bstd:117.6,StrandBias:-0.1,Multiplicity:1.12
0.615	0.001	0.001	0.383
0.001	0.314	0.656	0.029
0.924	0.001	0.074	0.001
0.814	0.001	0.182	0.003
0.844	0.003	0.152	0.001
0.393	0.001	0.001	0.605
0.001	0.173	0.001	0.825
0.465	0.001	0.533	0.001
>CTTGGTAG	9-CTTGGTAG	7.459928	-32.211399	0	T:120.0(7.22%),B:2370.6(3.33%),P:1e-13	Tpos:99.2,Tstd:57.2,Bpos:99.8,Bstd:83.9,StrandBias:0.2,Multiplicity:1.06
0.065	0.624	0.143	0.168
0.119	0.001	0.067	0.813
0.001	0.001	0.017	0.981
0.001	0.001	0.997	0.001
0.001	0.019	0.979	0.001
0.052	0.155	0.001	0.792
0.962	0.001	0.001	0.036
0.044	0.001	0.869	0.086
>GATWTATW	10-GATWTATW	6.422302	-29.635733	0	T:342.0(20.57%),B:9945.6(13.97%),P:1e-12	Tpos:96.1,Tstd:56.7,Bpos:100.7,Bstd:99.8,StrandBias:-0.3,Multiplicity:1.21
0.053	0.001	0.945	0.001
0.803	0.096	0.040	0.061
0.111	0.231	0.001	0.657
0.483	0.001	0.001	0.515
0.001	0.001	0.254	0.744
0.894	0.104	0.001	0.001
0.001	0.001	0.234	0.764
0.426	0.228	0.067	0.279
>ATATATAT	11-ATATATAT	8.236954	-26.358003	0	T:45.0(2.71%),B:562.3(0.79%),P:1e-11	Tpos:115.4,Tstd:56.0,Bpos:105.8,Bstd:115.7,StrandBias:0.0,Multiplicity:1.27
0.700	0.100	0.100	0.100
0.100	0.100	0.100	0.700
0.700	0.100	0.100	0.100
0.100	0.100	0.100	0.700
0.700	0.100	0.100	0.100
0.100	0.100	0.100	0.700
0.700	0.100	0.100	0.100
0.100	0.100	0.100	0.700
>CGGWSACC	12-CGGWSACC	7.492634	-26.228951	0	T:74.0(4.45%),B:1277.8(1.79%),P:1e-11	Tpos:99.2,Tstd:46.4,Bpos:100.3,Bstd:75.7,StrandBias:0.3,Multiplicity:1.07
0.001	0.695	0.303	0.001
0.008	0.093	0.898	0.001
0.006	0.326	0.600	0.068
0.448	0.002	0.009	0.541
0.001	0.538	0.460	0.001
0.698	0.001	0.300	0.001
0.113	0.885	0.001	0.001
0.001	0.933	0.050	0.016
>TARGCCTA	13-TARGCCTA	8.673404	-24.049748	0	T:26.0(1.56%),B:217.8(0.31%),P:1e-10	Tpos:97.2,Tstd:53.0,Bpos:98.9,Bstd:63.3,StrandBias:0.0,Multiplicity:1.08
0.001	0.001	0.001	0.997
0.643	0.256	0.100	0.001
0.382	0.102	0.515	0.001
0.001	0.219	0.627	0.153
0.001	0.780	0.001	0.218
0.001	0.617	0.001	0.381
0.001	0.001	0.001	0.997
0.898	0.100	0.001	0.001
>TAGTAATA	14-TAGTAATA	6.722720	-23.788415	0	T:287.0(17.26%),B:8406.1(11.81%),P:1e-10	Tpos:101.6,Tstd:61.7,Bpos:103.3,Bstd:118.5,StrandBias:-0.2,Multiplicity:1.09
0.001	0.001	0.034	0.964
0.808	0.029	0.048	0.115
0.162	0.037	0.773	0.028
0.067	0.121	0.001	0.811
0.886	0.001	0.112	0.001
0.914	0.014	0.071	0.001
0.049	0.038	0.001	0.912
0.997	0.001	0.001	0.001
>CAGTTTTT	15-CAGTTTTT	9.066270	-22.716140	0	T:130.0(7.82%),B:3069.5(4.31%),P:1e-9	Tpos:93.7,Tstd:55.7,Bpos:98.3,Bstd:106.8,StrandBias:-0.3,Multiplicity:1.05
0.001	0.997	0.001	0.001
0.997	0.001	0.001	0.001
0.001	0.206	0.792	0.001
0.345	0.001	0.001	0.653
0.001	0.001	0.001	0.997
0.001	0.001	0.001	0.997
0.001	0.001	0.001	0.997
0.001	0.001	0.001	0.997
>CTCGTAAG	16-CTCGTAAG	6.801269	-21.938909	0	T:190.0(11.43%),B:5108.8(7.18%),P:1e-9	Tpos:101.2,Tstd:57.3,Bpos:100.7,Bstd:84.3,StrandBias:-0.1,Multiplicity:1.14
0.152	0.760	0.001	0.087
0.001	0.001	0.001	0.997
0.001	0.789	0.001	0.209
0.040	0.001	0.958	0.001
0.288	0.001	0.001	0.710
0.932	0.066	0.001	0.001
0.673	0.199	0.127	0.001
0.285	0.001	0.492	0.222
>GAGTTGTA	17-GAGTTGTA	8.521511	-18.641957	0	T:81.0(4.87%),B:1732.3(2.43%),P:1e-8	Tpos:97.3,Tstd:56.9,Bpos:98.8,Bstd:100.3,StrandBias:-0.4,Multiplicity:1.04
0.135	0.001	0.863	0.001
0.997	0.001	0.001	0.001
0.001	0.001	0.997	0.001
0.001	0.111	0.001	0.887
0.001	0.001	0.001	0.997
0.001	0.001	0.997	0.001
0.001	0.001	0.186	0.812
0.997	0.001	0.001	0.001
>TATGGCTC	18-TATGGCTC	8.815527	-16.185273	0	T:38.0(2.29%),B:605.1(0.85%),P:1e-7	Tpos:77.6,Tstd:52.3,Bpos:101.7,Bstd:74.5,StrandBias:-0.2,Multiplicity:1.09
0.001	0.001	0.001	0.997
0.997	0.001	0.001	0.001
0.001	0.001	0.001	0.997
0.001	0.105	0.675	0.219
0.001	0.001	0.997	0.001
0.001	0.997	0.001	0.001
0.001	0.001	0.001	0.997
0.001	0.997	0.001	0.001
>CCCATAMG	19-CCCATAMG	3.691363	-15.821662	0	T:45.0(2.71%),B:798.3(1.12%),P:1e-6	Tpos:85.2,Tstd:55.8,Bpos:96.3,Bstd:67.3,StrandBias:0.3,Multiplicity:1.10
0.001	0.997	0.001	0.001
0.001	0.997	0.001	0.001
0.001	0.997	0.001	0.001
0.997	0.001	0.001	0.001
0.001	0.001	0.001	0.997
0.623	0.001	0.375	0.001
0.424	0.574	0.001	0.001
0.001	0.001	0.997	0.001
>GRKGRGGA	20-GRKGRGGA	6.111106	-14.800592	0	T:146.0(8.78%),B:4080.5(5.73%),P:1e-6	Tpos:100.6,Tstd:59.6,Bpos:97.4,Bstd:89.7,StrandBias:0.4,Multiplicity:1.18
0.041	0.051	0.758	0.150
0.424	0.117	0.301	0.157
0.048	0.063	0.418	0.471
0.001	0.001	0.997	0.001
0.391	0.067	0.445	0.097
0.062	0.024	0.536	0.378
0.046	0.103	0.774	0.077
0.478	0.130	0.110	0.281
>AGTTACGA	21-AGTTACGA	8.357205	-13.716344	0	T:40.0(2.41%),B:725.9(1.02%),P:1e-5	Tpos:100.7,Tstd:58.7,Bpos:102.2,Bstd:82.4,StrandBias:1.3,Multiplicity:1.03
0.997	0.001	0.001	0.001
0.001	0.001	0.997	0.001
0.001	0.001	0.001	0.997
0.001	0.001	0.001	0.997
0.909	0.001	0.089	0.001
0.001	0.911	0.087	0.001
0.001	0.184	0.814	0.001
0.997	0.001	0.001	0.001
>TCGACCCT	22-TCGACCCT	8.236954	-12.708709	0	T:15.0(0.90%),B:146.4(0.21%),P:1e-5	Tpos:86.9,Tstd:35.5,Bpos:110.1,Bstd:58.4,StrandBias:1.0,Multiplicity:1.07
0.100	0.100	0.100	0.700
0.100	0.700	0.100	0.100
0.100	0.100	0.700	0.100
0.700	0.100	0.100	0.100
0.100	0.700	0.100	0.100
0.100	0.700	0.100	0.100
0.100	0.700	0.100	0.100
0.100	0.100	0.100	0.700
>CCGAAACG	23-CCGAAACG	8.074407	-12.615359	0	T:38.0(2.29%),B:704.3(0.99%),P:1e-5	Tpos:85.7,Tstd:52.8,Bpos:97.8,Bstd:71.6,StrandBias:0.5,Multiplicity:1.26
0.167	0.831	0.001	0.001
0.001	0.997	0.001	0.001
0.001	0.085	0.913	0.001
0.997	0.001	0.001	0.001
0.920	0.001	0.001	0.078
0.997	0.001	0.001	0.001
0.001	0.997	0.001	0.001
0.001	0.001	0.838	0.160
>GGCCGGGG	24-GGCCGGGG	3.955405	-11.714700	0	T:156.0(9.38%),B:4687.6(6.58%),P:1e-5	Tpos:101.4,Tstd:57.6,Bpos:99.2,Bstd:63.1,StrandBias:-0.2,Multiplicity:1.19
0.001	0.001	0.854	0.144
0.001	0.001	0.997	0.001
0.019	0.747	0.233	0.001
0.066	0.932	0.001	0.001
0.216	0.021	0.753	0.010
0.001	0.001	0.997	0.001
0.001	0.001	0.997	0.001
0.001	0.001	0.997	0.001
>GAGAGAGA	25-GAGAGAGA	8.236954	-0.468735	0	T:16.0(0.96%),B:726.4(1.02%),P:1e0	Tpos:113.2,Tstd:55.7,Bpos:90.9,Bstd:80.6,StrandBias:2.2,Multiplicity:1.19
0.100	0.100	0.700	0.100
0.700	0.100	0.100	0.100
0.100	0.100	0.700	0.100
0.700	0.100	0.100	0.100
0.100	0.100	0.700	0.100
0.700	0.100	0.100	0.100
0.100	0.100	0.700	0.100
0.700	0.100	0.100	0.100
