>AAATTTYGAG	1-AAATTTYGAG	5.120469	-113.873936	0	T:1068.0(64.22%),B:32796.3(46.07%),P:1e-49	Tpos:100.4,Tstd:55.1,Bpos:100.0,Bstd:112.2,StrandBias:-0.0,Multiplicity:1.52
0.771	0.076	0.040	0.113
0.804	0.057	0.066	0.073
0.746	0.071	0.056	0.127
0.071	0.072	0.066	0.791
0.072	0.059	0.079	0.790
0.065	0.017	0.042	0.876
0.138	0.370	0.138	0.354
0.119	0.165	0.662	0.054
0.835	0.043	0.050	0.072
0.130	0.078	0.626	0.166
>AAATTTTWAA	2-AAATTTTWAA	6.645886	-104.791736	0	T:675.0(40.59%),B:17564.0(24.67%),P:1e-45	Tpos:99.4,Tstd:54.6,Bpos:100.4,Bstd:141.8,StrandBias:-0.0,Multiplicity:1.50
0.965	0.008	0.001	0.026
0.937	0.016	0.001	0.046
0.754	0.001	0.001	0.244
0.373	0.043	0.040	0.544
0.158	0.001	0.007	0.834
0.189	0.047	0.025	0.739
0.112	0.186	0.147	0.555
0.392	0.103	0.142	0.363
0.510	0.060	0.180	0.250
0.615	0.095	0.197	0.093
>MRATTTTTGN	3-MRATTTTTGN	5.076446	-99.033664	0	T:899.0(54.06%),B:26565.9(37.32%),P:1e-43	Tpos:96.3,Tstd:54.1,Bpos:100.1,Bstd:104.7,StrandBias:-0.0,Multiplicity:1.24
0.328	0.452	0.049	0.171
0.381	0.156	0.331	0.132
0.649	0.010	0.088	0.253
0.082	0.180	0.154	0.584
0.171	0.081	0.074	0.674
0.070	0.071	0.025	0.834
0.066	0.172	0.135	0.627
0.199	0.166	0.077	0.558
0.136	0.193	0.424	0.247
0.236	0.196	0.332	0.236
>AAAATCATAA	4-AAAATCATAA	7.170752	-90.519640	0	T:376.0(22.61%),B:7966.3(11.19%),P:1e-39	Tpos:101.3,Tstd:57.8,Bpos:98.6,Bstd:127.6,StrandBias:-0.1,Multiplicity:1.11
0.827	0.025	0.093	0.055
0.795	0.022	0.096	0.087
0.830	0.067	0.022	0.081
0.789	0.053	0.078	0.080
0.046	0.092	0.022	0.840
0.046	0.812	0.105	0.037
0.817	0.048	0.069	0.066
0.134	0.070	0.048	0.748
0.782	0.089	0.110	0.019
0.766	0.045	0.071	0.118
>AWAAAAAWAW	5-AWAAAAAWAW	7.209761	-56.394933	0	T:561.0(33.73%),B:16102.9(22.62%),P:1e-24	Tpos:97.5,Tstd:55.0,Bpos:100.6,Bstd:139.2,StrandBias:0.0,Multiplicity:1.24
0.529	0.001	0.262	0.208
0.376	0.124	0.199	0.302
0.800	0.020	0.095	0.085
0.843	0.001	0.001	0.155
0.828	0.001	0.001	0.170
0.820	0.001	0.001	0.178
0.902	0.001	0.001	0.096
0.556	0.001	0.001	0.442
0.783	0.001	0.215	0.001
0.422	0.001	0.053	0.524
>GGGGGGGGGG	6-GGGGGGGGGG	7.837031	-45.015044	0	T:69.0(4.15%),B:774.2(1.09%),P:1e-19	Tpos:102.9,Tstd:50.8,Bpos:100.0,Bstd:71.1,StrandBias:-0.8,Multiplicity:1.20
0.062	0.178	0.572	0.188
0.209	0.076	0.570	0.145
0.010	0.001	0.936	0.053
0.063	0.011	0.877	0.049
0.007	0.001	0.991	0.001
0.001	0.011	0.898	0.090
0.012	0.024	0.921	0.043
0.032	0.108	0.798	0.062
0.025	0.129	0.706	0.140
0.037	0.099	0.742	0.122
>AGTAGGCCTA	7-AGTAGGCCTA	9.278337	-37.478173	0	T:37.0(2.22%),B:271.2(0.38%),P:1e-16	Tpos:91.9,Tstd:53.1,Bpos:97.3,Bstd:63.6,StrandBias:0.0,Multiplicity:1.05
0.771	0.023	0.055	0.151
0.134	0.037	0.664	0.165
0.072	0.001	0.001	0.926
0.997	0.001	0.001	0.001
0.001	0.001	0.888	0.110
0.034	0.001	0.964	0.001
0.001	0.964	0.001	0.034
0.027	0.949	0.001	0.023
0.001	0.034	0.001	0.964
0.959	0.001	0.039	0.001
>GAAGTTGGGA	8-GAAGTTGGGA	6.826578	-34.273456	0	T:149.0(8.96%),B:3150.1(4.42%),P:1e-14	Tpos:108.1,Tstd:52.8,Bpos:98.5,Bstd:88.4,StrandBias:0.6,Multiplicity:1.06
0.073	0.072	0.747	0.108
0.835	0.062	0.051	0.052
0.829	0.062	0.026	0.083
0.082	0.071	0.794	0.053
0.051	0.034	0.058	0.857
0.041	0.044	0.073	0.842
0.098	0.065	0.769	0.068
0.048	0.077	0.826	0.049
0.065	0.098	0.702	0.135
0.805	0.089	0.034	0.072
>AGGGGGGGTT	9-AGGGGGGGTT	9.676204	-33.588871	0	T:22.0(1.32%),B:93.2(0.13%),P:1e-14	Tpos:99.4,Tstd:56.9,Bpos:100.3,Bstd:70.7,StrandBias:-1.0,Multiplicity:1.24
0.866	0.001	0.001	0.132
0.378	0.001	0.620	0.001
0.038	0.001	0.921	0.040
0.001	0.042	0.956	0.001
0.039	0.098	0.741	0.122
0.001	0.006	0.992	0.001
0.024	0.001	0.974	0.001
0.033	0.001	0.956	0.010
0.112	0.196	0.098	0.594
0.001	0.393	0.001	0.605
>ATATCCGATA	10-ATATCCGATA	10.811195	-28.475487	0	T:18.0(1.08%),B:73.6(0.10%),P:1e-12	Tpos:101.7,Tstd:53.1,Bpos:99.0,Bstd:57.6,StrandBias:0.1,Multiplicity:1.24
0.773	0.001	0.001	0.225
0.001	0.001	0.001	0.997
0.754	0.244	0.001	0.001
0.001	0.001	0.001	0.997
0.001	0.997	0.001	0.001
0.001	0.863	0.135	0.001
0.001	0.213	0.785	0.001
0.730	0.001	0.001	0.268
0.001	0.001	0.001	0.997
0.653	0.180	0.166	0.001
>TGGTGAGCAA	11-TGGTGAGCAA	10.243645	-27.674870	0	T:20.0(1.20%),B:100.9(0.14%),P:1e-12	Tpos:90.0,Tstd:58.8,Bpos:106.2,Bstd:52.2,StrandBias:0.4,Multiplicity:1.05
0.001	0.001	0.147	0.851
0.001	0.011	0.987	0.001
0.001	0.001	0.997	0.001
0.001	0.001	0.001	0.997
0.001	0.001	0.997	0.001
0.826	0.001	0.001	0.172
0.001	0.161	0.837	0.001
0.001	0.997	0.001	0.001
0.773	0.001	0.225	0.001
0.997	0.001	0.001	0.001
>ATATATATAT	12-ATATATATAT	10.296193	-27.201654	0	T:17.0(1.02%),B:68.1(0.10%),P:1e-11	Tpos:118.5,Tstd:54.5,Bpos:103.6,Bstd:126.8,StrandBias:0.0,Multiplicity:1.35
0.700	0.100	0.100	0.100
0.100	0.100	0.100	0.700
0.700	0.100	0.100	0.100
0.100	0.100	0.100	0.700
0.700	0.100	0.100	0.100
0.100	0.100	0.100	0.700
0.700	0.100	0.100	0.100
0.100	0.100	0.100	0.700
0.700	0.100	0.100	0.100
0.100	0.100	0.100	0.700
>GGTCAGCGCG	13-GGTCAGCGCG	9.693220	-26.193717	0	T:21.0(1.26%),B:122.0(0.17%),P:1e-11	Tpos:107.8,Tstd:48.0,Bpos:95.5,Bstd:46.6,StrandBias:0.3,Multiplicity:1.05
0.001	0.001	0.997	0.001
0.001	0.001	0.997	0.001
0.001	0.001	0.001	0.997
0.191	0.807	0.001	0.001
0.997	0.001	0.001	0.001
0.001	0.239	0.759	0.001
0.177	0.821	0.001	0.001
0.203	0.001	0.630	0.166
0.001	0.807	0.001	0.191
0.177	0.001	0.821	0.001
>TACSGGCCGG	14-TACSGGCCGG	8.858132	-25.930482	0	T:16.0(0.96%),B:63.2(0.09%),P:1e-11	Tpos:115.0,Tstd:43.0,Bpos:103.0,Bstd:58.9,StrandBias:0.2,Multiplicity:1.19
0.046	0.001	0.001	0.952
0.548	0.093	0.266	0.093
0.027	0.663	0.058	0.252
0.001	0.503	0.495	0.001
0.001	0.079	0.919	0.001
0.068	0.027	0.850	0.055
0.077	0.783	0.077	0.063
0.025	0.451	0.237	0.287
0.048	0.309	0.642	0.001
0.342	0.030	0.605	0.023
>GATCGACCCT	15-GATCGACCCT	11.370798	-24.410400	0	T:11.0(0.66%),B:24.1(0.03%),P:1e-10	Tpos:100.3,Tstd:36.6,Bpos:124.6,Bstd:50.2,StrandBias:0.8,Multiplicity:1.10
0.001	0.001	0.997	0.001
0.997	0.001	0.001	0.001
0.001	0.001	0.001	0.997
0.001	0.997	0.001	0.001
0.001	0.001	0.997	0.001
0.997	0.001	0.001	0.001
0.001	0.997	0.001	0.001
0.001	0.913	0.001	0.085
0.001	0.997	0.001	0.001
0.001	0.001	0.001	0.997
>GTTAACTTTA	16-GTTAACTTTA	9.624398	-18.758374	0	T:34.0(2.04%),B:453.8(0.64%),P:1e-8	Tpos:105.4,Tstd:57.2,Bpos:99.9,Bstd:103.7,StrandBias:0.6,Multiplicity:1.41
0.117	0.022	0.860	0.001
0.028	0.001	0.030	0.941
0.025	0.149	0.138	0.688
0.752	0.134	0.113	0.001
0.923	0.012	0.001	0.064
0.001	0.997	0.001	0.001
0.001	0.001	0.001	0.997
0.001	0.101	0.001	0.897
0.022	0.042	0.001	0.935
0.997	0.001	0.001	0.001
>CCCACTAGAA	17-CCCACTAGAA	10.296193	-18.497574	0	T:6.0(0.36%),B:6.1(0.01%),P:1e-8	Tpos:114.8,Tstd:44.8,Bpos:80.2,Bstd:18.2,StrandBias:1.0,Multiplicity:1.00
0.100	0.700	0.100	0.100
0.100	0.700	0.100	0.100
0.100	0.700	0.100	0.100
0.700	0.100	0.100	0.100
0.100	0.700	0.100	0.100
0.100	0.100	0.100	0.700
0.700	0.100	0.100	0.100
0.100	0.100	0.700	0.100
0.700	0.100	0.100	0.100
0.700	0.100	0.100	0.100
>GCACAGATTT	18-GCACAGATTT	10.296193	-17.511370	0	T:8.0(0.48%),B:19.6(0.03%),P:1e-7	Tpos:74.4,Tstd:39.0,Bpos:108.4,Bstd:37.6,StrandBias:-0.4,Multiplicity:1.00
0.100	0.100	0.700	0.100
0.100	0.700	0.100	0.100
0.700	0.100	0.100	0.100
0.100	0.700	0.100	0.100
0.700	0.100	0.100	0.100
0.100	0.100	0.700	0.100
0.700	0.100	0.100	0.100
0.100	0.100	0.100	0.700
0.100	0.100	0.100	0.700
0.100	0.100	0.100	0.700
>CCCATASGAC	19-CCCATASGAC	11.978774	-17.227923	0	T:9.0(0.54%),B:29.0(0.04%),P:1e-7	Tpos:79.7,Tstd:43.6,Bpos:103.3,Bstd:39.5,StrandBias:-0.6,Multiplicity:1.11
0.001	0.997	0.001	0.001
0.001	0.997	0.001	0.001
0.001	0.997	0.001	0.001
0.997	0.001	0.001	0.001
0.001	0.001	0.001	0.997
0.997	0.001	0.001	0.001
0.001	0.476	0.476	0.047
0.001	0.001	0.997	0.001
0.671	0.001	0.001	0.327
0.001	0.997	0.001	0.001
>TCCTCATCAT	20-TCCTCATCAT	6.063365	-15.369690	0	T:165.0(9.92%),B:4704.9(6.61%),P:1e-6	Tpos:98.4,Tstd:57.9,Bpos:95.5,Bstd:110.0,StrandBias:-0.4,Multiplicity:1.12
0.081	0.131	0.096	0.692
0.103	0.630	0.082	0.185
0.213	0.467	0.156	0.164
0.047	0.199	0.047	0.707
0.042	0.649	0.161	0.148
0.601	0.268	0.091	0.040
0.175	0.072	0.156	0.597
0.210	0.529	0.120	0.141
0.520	0.109	0.145	0.226
0.044	0.224	0.047	0.685
>ATAKCTAGAT	21-ATAKCTAGAT	8.129807	-14.378341	0	T:29.0(1.74%),B:424.1(0.60%),P:1e-6	Tpos:84.9,Tstd:50.0,Bpos:104.2,Bstd:118.1,StrandBias:-2.0,Multiplicity:1.07
0.567	0.024	0.273	0.136
0.001	0.136	0.225	0.638
0.538	0.174	0.045	0.243
0.001	0.001	0.574	0.424
0.278	0.720	0.001	0.001
0.050	0.171	0.041	0.738
0.536	0.005	0.232	0.227
0.013	0.016	0.788	0.183
0.679	0.107	0.032	0.182
0.001	0.106	0.001	0.892
>TGCCGAAACG	22-TGCCGAAACG	13.357717	-13.997546	0	T:6.0(0.36%),B:13.8(0.02%),P:1e-6	Tpos:103.3,Tstd:50.3,Bpos:100.7,Bstd:57.1,StrandBias:1.8,Multiplicity:1.50
0.001	0.090	0.243	0.666
0.001	0.001	0.997	0.001
0.001	0.997	0.001	0.001
0.001	0.997	0.001	0.001
0.001	0.001	0.997	0.001
0.997	0.001	0.001	0.001
0.928	0.001	0.001	0.070
0.997	0.001	0.001	0.001
0.001	0.997	0.001	0.001
0.001	0.001	0.997	0.001
>AGATAGAGAG	23-AGATAGAGAG	10.644891	-8.851720	0	T:19.0(1.14%),B:304.0(0.43%),P:1e-3	Tpos:110.2,Tstd:55.9,Bpos:88.6,Bstd:78.3,StrandBias:2.0,Multiplicity:1.21
0.997	0.001	0.001	0.001
0.001	0.001	0.997	0.001
0.985	0.001	0.013	0.001
0.001	0.001	0.294	0.704
0.997	0.001	0.001	0.001
0.001	0.146	0.557	0.296
0.942	0.001	0.056	0.001
0.001	0.001	0.879	0.119
0.766	0.232	0.001	0.001
0.132	0.124	0.743	0.001
>CTAACCCTAA	24-CTAACCCTAA	10.974804	-7.583780	0	T:8.0(0.48%),B:76.4(0.11%),P:1e-3	Tpos:94.6,Tstd:45.5,Bpos:103.0,Bstd:84.8,StrandBias:-0.5,Multiplicity:2.38
0.001	0.997	0.001	0.001
0.001	0.001	0.005	0.993
0.997	0.001	0.001	0.001
0.997	0.001	0.001	0.001
0.001	0.782	0.216	0.001
0.001	0.624	0.374	0.001
0.001	0.997	0.001	0.001
0.001	0.001	0.001	0.997
0.997	0.001	0.001	0.001
0.643	0.117	0.001	0.239
>TGTTTRTGTG	25-TGTTTRTGTG	9.739286	-7.475455	0	T:39.0(2.35%),B:938.3(1.32%),P:1e-3	Tpos:81.9,Tstd:49.4,Bpos:106.3,Bstd:72.1,StrandBias:-0.9,Multiplicity:1.00
0.001	0.178	0.001	0.820
0.001	0.001	0.997	0.001
0.001	0.129	0.001	0.869
0.001	0.001	0.092	0.906
0.001	0.085	0.126	0.788
0.518	0.001	0.480	0.001
0.001	0.043	0.001	0.955
0.001	0.166	0.832	0.001
0.051	0.170	0.001	0.778
0.001	0.001	0.997	0.001
>TTTTAAAATTTT	1-TTTTAAAATTTT	6.834243	-117.560432	0	T:629.0(37.82%),B:15306.3(21.50%),P:1e-51	Tpos:100.8,Tstd:53.1,Bpos:99.2,Bstd:148.0,StrandBias:0.0,Multiplicity:1.37
0.190	0.091	0.058	0.661
0.129	0.067	0.064	0.740
0.146	0.075	0.127	0.652
0.179	0.146	0.126	0.549
0.436	0.170	0.164	0.230
0.649	0.137	0.063	0.151
0.696	0.090	0.038	0.176
0.658	0.046	0.055	0.241
0.253	0.026	0.057	0.664
0.114	0.015	0.041	0.830
0.097	0.040	0.031	0.832
0.135	0.119	0.115	0.631
>AAAATATNATTT	2-AAAATATNATTT	6.294246	-79.016981	0	T:693.0(41.67%),B:19650.9(27.60%),P:1e-34	Tpos:98.7,Tstd:54.4,Bpos:100.8,Bstd:139.7,StrandBias:-0.1,Multiplicity:1.26
0.478	0.088	0.221	0.213
0.659	0.106	0.019	0.216
0.599	0.054	0.087	0.260
0.814	0.001	0.016	0.169
0.268	0.010	0.030	0.692
0.434	0.145	0.152	0.269
0.318	0.003	0.028	0.651
0.233	0.195	0.297	0.274
0.660	0.002	0.168	0.170
0.268	0.163	0.121	0.448
0.276	0.069	0.165	0.489
0.214	0.001	0.151	0.634
>GGGGGGGTCACC	3-GGGGGGGTCACC	10.994751	-54.202361	0	T:23.0(1.38%),B:40.2(0.06%),P:1e-23	Tpos:88.0,Tstd:47.9,Bpos:96.8,Bstd:75.3,StrandBias:-0.4,Multiplicity:1.18
0.202	0.097	0.700	0.001
0.194	0.001	0.804	0.001
0.097	0.097	0.805	0.001
0.111	0.292	0.596	0.001
0.001	0.001	0.997	0.001
0.001	0.001	0.997	0.001
0.001	0.001	0.804	0.194
0.194	0.001	0.001	0.804
0.001	0.997	0.001	0.001
0.997	0.001	0.001	0.001
0.001	0.692	0.105	0.202
0.001	0.694	0.097	0.208
>GTTTCATCATAG	4-GTTTCATCATAG	13.721575	-50.748651	0	T:14.0(0.84%),B:7.9(0.01%),P:1e-22	Tpos:89.3,Tstd:55.6,Bpos:115.3,Bstd:43.0,StrandBias:-0.8,Multiplicity:1.00
0.001	0.001	0.909	0.089
0.001	0.001	0.001	0.997
0.089	0.001	0.001	0.909
0.001	0.001	0.001	0.997
0.001	0.997	0.001	0.001
0.835	0.074	0.090	0.001
0.001	0.001	0.001	0.997
0.001	0.997	0.001	0.001
0.997	0.001	0.001	0.001
0.089	0.001	0.001	0.909
0.997	0.001	0.001	0.001
0.001	0.001	0.997	0.001
>TCGACCCTCTTT	5-TCGACCCTCTTT	12.544653	-44.575851	0	T:13.0(0.78%),B:8.7(0.01%),P:1e-19	Tpos:109.1,Tstd:34.5,Bpos:114.7,Bstd:34.4,StrandBias:1.3,Multiplicity:1.08
0.001	0.001	0.001	0.997
0.001	0.911	0.087	0.001
0.087	0.087	0.825	0.001
0.997	0.001	0.001	0.001
0.001	0.736	0.262	0.001
0.001	0.997	0.001	0.001
0.001	0.911	0.001	0.087
0.001	0.001	0.001	0.997
0.001	0.997	0.001	0.001
0.001	0.001	0.001	0.997
0.001	0.001	0.001	0.997
0.001	0.001	0.001	0.997
>GGGGGGGGGGGG	6-GGGGGGGGGGGG	8.450719	-44.048502	0	T:57.0(3.43%),B:550.4(0.77%),P:1e-19	Tpos:103.2,Tstd:50.5,Bpos:99.0,Bstd:70.0,StrandBias:-0.7,Multiplicity:1.12
0.124	0.104	0.640	0.132
0.151	0.147	0.584	0.118
0.094	0.156	0.658	0.092
0.028	0.087	0.849	0.036
0.001	0.001	0.953	0.045
0.014	0.027	0.901	0.058
0.014	0.014	0.947	0.025
0.001	0.035	0.909	0.055
0.034	0.014	0.751	0.201
0.076	0.171	0.565	0.188
0.138	0.168	0.584	0.110
0.173	0.187	0.425	0.216
>TGTGCAAGAAAT	7-TGTGCAAGAAAT	13.864783	-41.261823	0	T:11.0(0.66%),B:5.3(0.01%),P:1e-17	Tpos:85.6,Tstd:62.5,Bpos:105.0,Bstd:34.6,StrandBias:1.4,Multiplicity:1.00
0.001	0.001	0.084	0.914
0.001	0.001	0.997	0.001
0.001	0.001	0.001	0.997
0.001	0.084	0.914	0.001
0.001	0.997	0.001	0.001
0.997	0.001	0.001	0.001
0.997	0.001	0.001	0.001
0.001	0.084	0.914	0.001
0.997	0.001	0.001	0.001
0.997	0.001	0.001	0.001
0.914	0.001	0.001	0.084
0.001	0.001	0.001	0.997
>CCTTTGAGTGCT	8-CCTTTGAGTGCT	13.958666	-41.261823	0	T:11.0(0.66%),B:5.6(0.01%),P:1e-17	Tpos:90.9,Tstd:48.4,Bpos:88.3,Bstd:29.1,StrandBias:-0.3,Multiplicity:1.00
0.001	0.997	0.001	0.001
0.001	0.902	0.001	0.096
0.001	0.001	0.001	0.997
0.001	0.001	0.096	0.902
0.096	0.001	0.001	0.902
0.001	0.001	0.997	0.001
0.997	0.001	0.001	0.001
0.001	0.096	0.902	0.001
0.001	0.001	0.001	0.997
0.001	0.001	0.997	0.001
0.001	0.997	0.001	0.001
0.001	0.001	0.001	0.997
>TTGTAGCTCTAC	9-TTGTAGCTCTAC	11.692334	-40.877919	0	T:18.0(1.08%),B:35.8(0.05%),P:1e-17	Tpos:112.8,Tstd:55.5,Bpos:112.1,Bstd:45.2,StrandBias:-0.6,Multiplicity:1.11
0.001	0.001	0.001	0.997
0.122	0.001	0.001	0.876
0.001	0.061	0.877	0.061
0.001	0.001	0.061	0.937
0.815	0.061	0.001	0.123
0.186	0.112	0.506	0.196
0.001	0.815	0.001	0.183
0.061	0.001	0.123	0.815
0.183	0.815	0.001	0.001
0.001	0.001	0.061	0.937
0.876	0.001	0.001	0.122
0.245	0.753	0.001	0.001
>TATATATATATK	10-TATATATATATK	11.683113	-35.903535	0	T:21.0(1.26%),B:73.5(0.10%),P:1e-15	Tpos:119.0,Tstd:53.7,Bpos:103.0,Bstd:127.3,StrandBias:0.0,Multiplicity:1.29
0.001	0.001	0.001	0.997
0.997	0.001	0.001	0.001
0.001	0.001	0.001	0.997
0.997	0.001	0.001	0.001
0.001	0.001	0.045	0.953
0.997	0.001	0.001	0.001
0.001	0.001	0.001	0.997
0.997	0.001	0.001	0.001
0.001	0.001	0.001	0.997
0.885	0.001	0.069	0.045
0.369	0.001	0.001	0.629
0.175	0.123	0.331	0.370
>ATTCTTGATTTT	11-ATTCTTGATTTT	14.355114	-35.171328	0	T:8.0(0.48%),B:2.4(0.00%),P:1e-15	Tpos:88.8,Tstd:49.2,Bpos:89.8,Bstd:56.8,StrandBias:1.0,Multiplicity:1.12
0.997	0.001	0.001	0.001
0.001	0.001	0.001	0.997
0.001	0.001	0.001	0.997
0.001	0.997	0.001	0.001
0.001	0.120	0.001	0.878
0.001	0.001	0.001	0.997
0.001	0.001	0.997	0.001
0.997	0.001	0.001	0.001
0.001	0.120	0.001	0.878
0.001	0.001	0.001	0.997
0.001	0.001	0.001	0.997
0.001	0.001	0.001	0.997
>ATAAAGTTGACT	12-ATAAAGTTGACT	13.214136	-35.040690	0	T:14.0(0.84%),B:22.2(0.03%),P:1e-15	Tpos:113.7,Tstd:54.7,Bpos:119.2,Bstd:67.0,StrandBias:0.0,Multiplicity:1.29
0.917	0.001	0.001	0.081
0.001	0.001	0.001	0.997
0.917	0.001	0.081	0.001
0.997	0.001	0.001	0.001
0.997	0.001	0.001	0.001
0.001	0.001	0.997	0.001
0.001	0.001	0.001	0.997
0.119	0.001	0.001	0.879
0.001	0.196	0.765	0.038
0.997	0.001	0.001	0.001
0.001	0.997	0.001	0.001
0.082	0.059	0.001	0.858
>GGTGAGCGAGGT	13-GGTGAGCGAGGT	13.824055	-34.907672	0	T:10.0(0.60%),B:6.7(0.01%),P:1e-15	Tpos:94.3,Tstd:54.7,Bpos:112.7,Bstd:32.8,StrandBias:0.8,Multiplicity:1.10
0.001	0.001	0.997	0.001
0.001	0.001	0.997	0.001
0.001	0.001	0.001	0.997
0.001	0.001	0.997	0.001
0.997	0.001	0.001	0.001
0.001	0.001	0.997	0.001
0.103	0.895	0.001	0.001
0.103	0.103	0.793	0.001
0.997	0.001	0.001	0.001
0.226	0.001	0.670	0.103
0.001	0.001	0.997	0.001
0.001	0.001	0.001	0.997
>TGGGCTACCAAA	14-TGGGCTACCAAA	10.651283	-33.127520	0	T:20.0(1.20%),B:74.9(0.11%),P:1e-14	Tpos:109.7,Tstd:55.5,Bpos:83.3,Bstd:73.3,StrandBias:0.6,Multiplicity:1.25
0.001	0.001	0.054	0.944
0.068	0.001	0.863	0.068
0.265	0.001	0.597	0.137
0.144	0.068	0.787	0.001
0.001	0.862	0.001	0.136
0.001	0.138	0.068	0.793
0.997	0.001	0.001	0.001
0.001	0.859	0.068	0.072
0.068	0.863	0.001	0.068
0.997	0.001	0.001	0.001
0.752	0.001	0.001	0.246
0.684	0.137	0.001	0.178
>AATTTCTCAAGA	15-AATTTCTCAAGA	10.177851	-31.847614	0	T:45.0(2.71%),B:477.9(0.67%),P:1e-13	Tpos:111.8,Tstd:56.9,Bpos:100.5,Bstd:139.9,StrandBias:0.6,Multiplicity:1.00
0.897	0.071	0.001	0.031
0.906	0.001	0.001	0.092
0.185	0.001	0.001	0.813
0.001	0.001	0.043	0.955
0.017	0.001	0.124	0.858
0.001	0.610	0.131	0.258
0.088	0.088	0.001	0.823
0.001	0.923	0.075	0.001
0.955	0.001	0.043	0.001
0.747	0.080	0.080	0.093
0.213	0.044	0.698	0.045
0.859	0.044	0.096	0.001
>TGAATAATTTTT	16-TGAATAATTTTT	12.451078	-30.128480	0	T:13.0(0.78%),B:25.2(0.04%),P:1e-13	Tpos:88.4,Tstd:54.7,Bpos:126.1,Bstd:38.8,StrandBias:0.5,Multiplicity:1.00
0.208	0.053	0.002	0.737
0.169	0.001	0.627	0.203
0.630	0.001	0.210	0.159
0.639	0.044	0.144	0.173
0.001	0.001	0.001	0.997
0.730	0.210	0.058	0.002
0.787	0.159	0.053	0.001
0.053	0.001	0.106	0.840
0.106	0.002	0.055	0.837
0.001	0.001	0.001	0.997
0.053	0.053	0.002	0.892
0.136	0.001	0.053	0.810
>GTAGGCCTAAAT	17-GTAGGCCTAAAT	9.157231	-29.357367	0	T:41.0(2.47%),B:432.3(0.61%),P:1e-12	Tpos:96.0,Tstd:54.4,Bpos:101.2,Bstd:72.0,StrandBias:0.2,Multiplicity:1.05
0.198	0.076	0.522	0.204
0.045	0.001	0.050	0.904
0.924	0.001	0.050	0.025
0.018	0.001	0.849	0.132
0.188	0.001	0.730	0.081
0.134	0.864	0.001	0.001
0.224	0.555	0.051	0.170
0.107	0.001	0.001	0.891
0.997	0.001	0.001	0.001
0.564	0.266	0.076	0.094
0.604	0.001	0.101	0.294
0.111	0.119	0.228	0.542
>TGGAATCTTTCA	18-TGGAATCTTTCA	11.578874	-29.267028	0	T:9.0(0.54%),B:7.7(0.01%),P:1e-12	Tpos:83.4,Tstd:37.8,Bpos:127.0,Bstd:66.5,StrandBias:0.0,Multiplicity:1.11
0.243	0.001	0.001	0.755
0.001	0.001	0.997	0.001
0.001	0.001	0.997	0.001
0.997	0.001	0.001	0.001
0.997	0.001	0.001	0.001
0.001	0.001	0.001	0.997
0.001	0.997	0.001	0.001
0.001	0.001	0.001	0.997
0.001	0.001	0.001	0.997
0.027	0.001	0.001	0.971
0.001	0.997	0.001	0.001
0.997	0.001	0.001	0.001
>CGTTTCGGCACC	19-CGTTTCGGCACC	13.480387	-22.414506	0	T:7.0(0.42%),B:6.2(0.01%),P:1e-9	Tpos:105.9,Tstd:57.6,Bpos:119.6,Bstd:38.8,StrandBias:-1.0,Multiplicity:1.71
0.001	0.888	0.001	0.110
0.110	0.001	0.888	0.001
0.001	0.001	0.001	0.997
0.001	0.001	0.001	0.997
0.001	0.001	0.001	0.997
0.110	0.888	0.001	0.001
0.001	0.001	0.997	0.001
0.001	0.001	0.997	0.001
0.001	0.997	0.001	0.001
0.997	0.001	0.001	0.001
0.111	0.646	0.001	0.242
0.001	0.777	0.111	0.111
>TTATTTATTTAT	20-TTATTTATTTAT	13.055811	-20.822384	0	T:15.0(0.90%),B:77.8(0.11%),P:1e-9	Tpos:95.1,Tstd:58.8,Bpos:84.7,Bstd:100.6,StrandBias:-0.8,Multiplicity:1.14
0.039	0.001	0.001	0.959
0.001	0.001	0.001	0.997
0.953	0.001	0.001	0.045
0.001	0.001	0.001	0.997
0.001	0.001	0.001	0.997
0.001	0.001	0.001	0.997
0.997	0.001	0.001	0.001
0.001	0.001	0.049	0.949
0.001	0.001	0.001	0.997
0.001	0.001	0.069	0.929
0.949	0.049	0.001	0.001
0.001	0.001	0.085	0.913
>TGATGATGAGGA	21-TGATGATGAGGA	10.515118	-18.571345	0	T:22.0(1.32%),B:206.4(0.29%),P:1e-8	Tpos:93.1,Tstd:55.5,Bpos:93.2,Bstd:96.0,StrandBias:1.5,Multiplicity:1.36
0.001	0.001	0.054	0.944
0.139	0.001	0.825	0.035
0.971	0.001	0.027	0.001
0.001	0.039	0.184	0.776
0.035	0.001	0.882	0.082
0.678	0.094	0.001	0.227
0.080	0.111	0.127	0.682
0.001	0.001	0.997	0.001
0.889	0.001	0.109	0.001
0.055	0.055	0.718	0.172
0.001	0.002	0.886	0.111
0.824	0.001	0.136	0.039
>TAATTAATTTAT	22-TAATTAATTTAT	14.846456	-16.811270	0	T:6.0(0.36%),B:8.8(0.01%),P:1e-7	Tpos:106.0,Tstd:42.8,Bpos:96.3,Bstd:36.8,StrandBias:0.0,Multiplicity:1.00
0.240	0.001	0.001	0.758
0.994	0.001	0.001	0.004
0.997	0.001	0.001	0.001
0.001	0.001	0.001	0.997
0.001	0.001	0.001	0.997
0.843	0.001	0.001	0.155
0.997	0.001	0.001	0.001
0.135	0.001	0.001	0.863
0.001	0.001	0.001	0.997
0.250	0.001	0.001	0.748
0.583	0.001	0.001	0.415
0.001	0.001	0.001	0.997
>TCTMTMTCTMTM	23-TCTMTMTCTMTM	12.492350	-9.522530	0	T:14.0(0.84%),B:171.9(0.24%),P:1e-4	Tpos:103.0,Tstd:56.2,Bpos:87.5,Bstd:80.5,StrandBias:-1.2,Multiplicity:1.36
0.001	0.017	0.055	0.927
0.360	0.638	0.001	0.001
0.001	0.001	0.001	0.997
0.439	0.559	0.001	0.001
0.001	0.001	0.001	0.997
0.438	0.560	0.001	0.001
0.001	0.038	0.001	0.960
0.399	0.599	0.001	0.001
0.001	0.001	0.001	0.997
0.439	0.559	0.001	0.001
0.001	0.001	0.001	0.997
0.516	0.444	0.001	0.039
>CTCGTAATTACG	24-CTCGTAATTACG	12.355432	-3.768366	0	T:1.0(0.06%),B:0.0(0.00%),P:1e-1	Tpos:94.1,Tstd:54.6,Bpos:0.0,Bstd:0.0,StrandBias:0.0,Multiplicity:7.00
0.100	0.700	0.100	0.100
0.100	0.100	0.100	0.700
0.100	0.700	0.100	0.100
0.100	0.100	0.700	0.100
0.100	0.100	0.100	0.700
0.700	0.100	0.100	0.100
0.700	0.100	0.100	0.100
0.100	0.100	0.100	0.700
0.100	0.100	0.100	0.700
0.700	0.100	0.100	0.100
0.100	0.700	0.100	0.100
0.100	0.100	0.700	0.100
>GAAGCCATAGAC	25-GAAGCCATAGAC	12.355432	-3.768366	0	T:1.0(0.06%),B:1.1(0.00%),P:1e-1	Tpos:96.1,Tstd:53.8,Bpos:31.0,Bstd:0.0,StrandBias:10.0,Multiplicity:7.00
0.100	0.100	0.700	0.100
0.700	0.100	0.100	0.100
0.700	0.100	0.100	0.100
0.100	0.100	0.700	0.100
0.100	0.700	0.100	0.100
0.100	0.700	0.100	0.100
0.700	0.100	0.100	0.100
0.100	0.100	0.100	0.700
0.700	0.100	0.100	0.100
0.100	0.100	0.700	0.100
0.700	0.100	0.100	0.100
0.100	0.700	0.100	0.100
>AAAAATTT	1-AAAAATTT	6.102681	-131.541785	0	T:732.0(44.02%),B:18392.7(25.84%),P:1e-57	Tpos:98.8,Tstd:54.5,Bpos:99.8,Bstd:138.3,StrandBias:-0.0,Multiplicity:1.45
0.543	0.204	0.142	0.111
0.670	0.169	0.096	0.065
0.946	0.001	0.022	0.031
0.887	0.021	0.035	0.057
0.750	0.050	0.059	0.141
0.241	0.046	0.045	0.668
0.069	0.046	0.044	0.841
0.129	0.027	0.147	0.697
>AATTTTGG	2-AATTTTGG	4.756978	-97.980820	0	T:1263.0(75.95%),B:42674.2(59.94%),P:1e-42	Tpos:99.6,Tstd:55.5,Bpos:100.5,Bstd:117.7,StrandBias:-0.0,Multiplicity:1.67
0.646	0.137	0.113	0.104
0.790	0.073	0.055	0.082
0.117	0.036	0.106	0.741
0.058	0.076	0.060	0.806
0.036	0.029	0.030	0.905
0.023	0.136	0.069	0.772
0.090	0.090	0.711	0.109
0.208	0.078	0.632	0.082
>CCCAAAAW	3-CCCAAAAW	5.763624	-65.680880	0	T:713.0(42.87%),B:21282.5(29.90%),P:1e-28	Tpos:101.9,Tstd:59.2,Bpos:98.9,Bstd:111.7,StrandBias:-0.2,Multiplicity:1.08
0.254	0.653	0.030	0.063
0.083	0.493	0.209	0.215
0.028	0.603	0.188	0.181
0.865	0.059	0.039	0.037
0.897	0.001	0.001	0.101
0.746	0.092	0.161	0.001
0.872	0.042	0.059	0.027
0.394	0.077	0.002	0.527
>WTWTTTTT	4-WTWTTTTT	5.910398	-58.102964	0	T:1042.0(62.66%),B:35492.4(49.86%),P:1e-25	Tpos:96.6,Tstd:55.7,Bpos:98.9,Bstd:135.7,StrandBias:0.1,Multiplicity:1.46
0.490	0.046	0.045	0.419
0.001	0.198	0.135	0.666
0.519	0.001	0.072	0.408
0.001	0.001	0.001	0.997
0.356	0.001	0.001	0.642
0.001	0.001	0.047	0.951
0.210	0.187	0.026	0.577
0.269	0.023	0.026	0.682
>CAACTTTC	5-CAACTTTC	6.714875	-53.039153	0	T:341.0(20.51%),B:8452.9(11.87%),P:1e-23	Tpos:95.6,Tstd:55.1,Bpos:98.0,Bstd:101.5,StrandBias:0.1,Multiplicity:1.10
0.268	0.639	0.031	0.062
0.970	0.001	0.009	0.020
0.967	0.001	0.001	0.031
0.001	0.917	0.001	0.081
0.001	0.001	0.001	0.997
0.001	0.065	0.001	0.933
0.001	0.042	0.001	0.956
0.195	0.803	0.001	0.001
>SARGAAAA	6-SARGAAAA	6.551057	-46.320355	0	T:445.0(26.76%),B:12499.5(17.56%),P:1e-20	Tpos:98.0,Tstd:56.9,Bpos:100.8,Bstd:114.0,StrandBias:-0.1,Multiplicity:1.13
0.001	0.526	0.472	0.001
0.984	0.001	0.001	0.014
0.255	0.111	0.403	0.231
0.103	0.001	0.836	0.060
0.719	0.049	0.005	0.227
0.897	0.001	0.101	0.001
0.853	0.001	0.101	0.045
0.605	0.393	0.001	0.001
>GGGGGGGG	7-GGGGGGGG	7.559322	-43.235558	0	T:60.0(3.61%),B:618.0(0.87%),P:1e-18	Tpos:103.7,Tstd:52.0,Bpos:99.3,Bstd:71.6,StrandBias:-0.8,Multiplicity:1.38
0.136	0.082	0.683	0.099
0.156	0.083	0.701	0.060
0.021	0.054	0.912	0.013
0.028	0.034	0.937	0.001
0.057	0.053	0.863	0.027
0.049	0.095	0.766	0.090
0.066	0.099	0.598	0.237
0.087	0.187	0.545	0.181
>AGAAATTR	8-AGAAATTR	7.362563	-40.419888	0	T:455.0(27.36%),B:13280.1(18.65%),P:1e-17	Tpos:104.7,Tstd:57.3,Bpos:100.5,Bstd:117.6,StrandBias:-0.1,Multiplicity:1.12
0.615	0.001	0.001	0.383
0.001	0.314	0.656	0.029
0.924	0.001	0.074	0.001
0.814	0.001	0.182	0.003
0.844	0.003	0.152	0.001
0.393	0.001	0.001	0.605
0.001	0.173	0.001	0.825
0.465	0.001	0.533	0.001
>CTTGGTAG	9-CTTGGTAG	7.459928	-32.211399	0	T:120.0(7.22%),B:2370.6(3.33%),P:1e-13	Tpos:99.2,Tstd:57.2,Bpos:99.8,Bstd:83.9,StrandBias:0.2,Multiplicity:1.06
0.065	0.624	0.143	0.168
0.119	0.001	0.067	0.813
0.001	0.001	0.017	0.981
0.001	0.001	0.997	0.001
0.001	0.019	0.979	0.001
0.052	0.155	0.001	0.792
0.962	0.001	0.001	0.036
0.044	0.001	0.869	0.086
>GATWTATW	10-GATWTATW	6.422302	-29.635733	0	T:342.0(20.57%),B:9945.6(13.97%),P:1e-12	Tpos:96.1,Tstd:56.7,Bpos:100.7,Bstd:99.8,StrandBias:-0.3,Multiplicity:1.21
0.053	0.001	0.945	0.001
0.803	0.096	0.040	0.061
0.111	0.231	0.001	0.657
0.483	0.001	0.001	0.515
0.001	0.001	0.254	0.744
0.894	0.104	0.001	0.001
0.001	0.001	0.234	0.764
0.426	0.228	0.067	0.279
>ATATATAT	11-ATATATAT	8.236954	-26.358003	0	T:45.0(2.71%),B:562.3(0.79%),P:1e-11	Tpos:115.4,Tstd:56.0,Bpos:105.8,Bstd:115.7,StrandBias:0.0,Multiplicity:1.27
0.700	0.100	0.100	0.100
0.100	0.100	0.100	0.700
0.700	0.100	0.100	0.100
0.100	0.100	0.100	0.700
0.700	0.100	0.100	0.100
0.100	0.100	0.100	0.700
0.700	0.100	0.100	0.100
0.100	0.100	0.100	0.700
>CGGWSACC	12-CGGWSACC	7.492634	-26.228951	0	T:74.0(4.45%),B:1277.8(1.79%),P:1e-11	Tpos:99.2,Tstd:46.4,Bpos:100.3,Bstd:75.7,StrandBias:0.3,Multiplicity:1.07
0.001	0.695	0.303	0.001
0.008	0.093	0.898	0.001
0.006	0.326	0.600	0.068
0.448	0.002	0.009	0.541
0.001	0.538	0.460	0.001
0.698	0.001	0.300	0.001
0.113	0.885	0.001	0.001
0.001	0.933	0.050	0.016
>TARGCCTA	13-TARGCCTA	8.673404	-24.049748	0	T:26.0(1.56%),B:217.8(0.31%),P:1e-10	Tpos:97.2,Tstd:53.0,Bpos:98.9,Bstd:63.3,StrandBias:0.0,Multiplicity:1.08
0.001	0.001	0.001	0.997
0.643	0.256	0.100	0.001
0.382	0.102	0.515	0.001
0.001	0.219	0.627	0.153
0.001	0.780	0.001	0.218
0.001	0.617	0.001	0.381
0.001	0.001	0.001	0.997
0.898	0.100	0.001	0.001
>TAGTAATA	14-TAGTAATA	6.722720	-23.788415	0	T:287.0(17.26%),B:8406.1(11.81%),P:1e-10	Tpos:101.6,Tstd:61.7,Bpos:103.3,Bstd:118.5,StrandBias:-0.2,Multiplicity:1.09
0.001	0.001	0.034	0.964
0.808	0.029	0.048	0.115
0.162	0.037	0.773	0.028
0.067	0.121	0.001	0.811
0.886	0.001	0.112	0.001
0.914	0.014	0.071	0.001
0.049	0.038	0.001	0.912
0.997	0.001	0.001	0.001
>CAGTTTTT	15-CAGTTTTT	9.066270	-22.716140	0	T:130.0(7.82%),B:3069.5(4.31%),P:1e-9	Tpos:93.7,Tstd:55.7,Bpos:98.3,Bstd:106.8,StrandBias:-0.3,Multiplicity:1.05
0.001	0.997	0.001	0.001
0.997	0.001	0.001	0.001
0.001	0.206	0.792	0.001
0.345	0.001	0.001	0.653
0.001	0.001	0.001	0.997
0.001	0.001	0.001	0.997
0.001	0.001	0.001	0.997
0.001	0.001	0.001	0.997
>CTCGTAAG	16-CTCGTAAG	6.801269	-21.938909	0	T:190.0(11.43%),B:5108.8(7.18%),P:1e-9	Tpos:101.2,Tstd:57.3,Bpos:100.7,Bstd:84.3,StrandBias:-0.1,Multiplicity:1.14
0.152	0.760	0.001	0.087
0.001	0.001	0.001	0.997
0.001	0.789	0.001	0.209
0.040	0.001	0.958	0.001
0.288	0.001	0.001	0.710
0.932	0.066	0.001	0.001
0.673	0.199	0.127	0.001
0.285	0.001	0.492	0.222
>GAGTTGTA	17-GAGTTGTA	8.521511	-18.641957	0	T:81.0(4.87%),B:1732.3(2.43%),P:1e-8	Tpos:97.3,Tstd:56.9,Bpos:98.8,Bstd:100.3,StrandBias:-0.4,Multiplicity:1.04
0.135	0.001	0.863	0.001
0.997	0.001	0.001	0.001
0.001	0.001	0.997	0.001
0.001	0.111	0.001	0.887
0.001	0.001	0.001	0.997
0.001	0.001	0.997	0.001
0.001	0.001	0.186	0.812
0.997	0.001	0.001	0.001
>TATGGCTC	18-TATGGCTC	8.815527	-16.185273	0	T:38.0(2.29%),B:605.1(0.85%),P:1e-7	Tpos:77.6,Tstd:52.3,Bpos:101.7,Bstd:74.5,StrandBias:-0.2,Multiplicity:1.09
0.001	0.001	0.001	0.997
0.997	0.001	0.001	0.001
0.001	0.001	0.001	0.997
0.001	0.105	0.675	0.219
0.001	0.001	0.997	0.001
0.001	0.997	0.001	0.001
0.001	0.001	0.001	0.997
0.001	0.997	0.001	0.001
>CCCATAMG	19-CCCATAMG	3.691363	-15.821662	0	T:45.0(2.71%),B:798.3(1.12%),P:1e-6	Tpos:85.2,Tstd:55.8,Bpos:96.3,Bstd:67.3,StrandBias:0.3,Multiplicity:1.10
0.001	0.997	0.001	0.001
0.001	0.997	0.001	0.001
0.001	0.997	0.001	0.001
0.997	0.001	0.001	0.001
0.001	0.001	0.001	0.997
0.623	0.001	0.375	0.001
0.424	0.574	0.001	0.001
0.001	0.001	0.997	0.001
>GRKGRGGA	20-GRKGRGGA	6.111106	-14.800592	0	T:146.0(8.78%),B:4080.5(5.73%),P:1e-6	Tpos:100.6,Tstd:59.6,Bpos:97.4,Bstd:89.7,StrandBias:0.4,Multiplicity:1.18
0.041	0.051	0.758	0.150
0.424	0.117	0.301	0.157
0.048	0.063	0.418	0.471
0.001	0.001	0.997	0.001
0.391	0.067	0.445	0.097
0.062	0.024	0.536	0.378
0.046	0.103	0.774	0.077
0.478	0.130	0.110	0.281
>AGTTACGA	21-AGTTACGA	8.357205	-13.716344	0	T:40.0(2.41%),B:725.9(1.02%),P:1e-5	Tpos:100.7,Tstd:58.7,Bpos:102.2,Bstd:82.4,StrandBias:1.3,Multiplicity:1.03
0.997	0.001	0.001	0.001
0.001	0.001	0.997	0.001
0.001	0.001	0.001	0.997
0.001	0.001	0.001	0.997
0.909	0.001	0.089	0.001
0.001	0.911	0.087	0.001
0.001	0.184	0.814	0.001
0.997	0.001	0.001	0.001
>TCGACCCT	22-TCGACCCT	8.236954	-12.708709	0	T:15.0(0.90%),B:146.4(0.21%),P:1e-5	Tpos:86.9,Tstd:35.5,Bpos:110.1,Bstd:58.4,StrandBias:1.0,Multiplicity:1.07
0.100	0.100	0.100	0.700
0.100	0.700	0.100	0.100
0.100	0.100	0.700	0.100
0.700	0.100	0.100	0.100
0.100	0.700	0.100	0.100
0.100	0.700	0.100	0.100
0.100	0.700	0.100	0.100
0.100	0.100	0.100	0.700
>CCGAAACG	23-CCGAAACG	8.074407	-12.615359	0	T:38.0(2.29%),B:704.3(0.99%),P:1e-5	Tpos:85.7,Tstd:52.8,Bpos:97.8,Bstd:71.6,StrandBias:0.5,Multiplicity:1.26
0.167	0.831	0.001	0.001
0.001	0.997	0.001	0.001
0.001	0.085	0.913	0.001
0.997	0.001	0.001	0.001
0.920	0.001	0.001	0.078
0.997	0.001	0.001	0.001
0.001	0.997	0.001	0.001
0.001	0.001	0.838	0.160
>GGCCGGGG	24-GGCCGGGG	3.955405	-11.714700	0	T:156.0(9.38%),B:4687.6(6.58%),P:1e-5	Tpos:101.4,Tstd:57.6,Bpos:99.2,Bstd:63.1,StrandBias:-0.2,Multiplicity:1.19
0.001	0.001	0.854	0.144
0.001	0.001	0.997	0.001
0.019	0.747	0.233	0.001
0.066	0.932	0.001	0.001
0.216	0.021	0.753	0.010
0.001	0.001	0.997	0.001
0.001	0.001	0.997	0.001
0.001	0.001	0.997	0.001
>GAGAGAGA	25-GAGAGAGA	8.236954	-0.468735	0	T:16.0(0.96%),B:726.4(1.02%),P:1e0	Tpos:113.2,Tstd:55.7,Bpos:90.9,Bstd:80.6,StrandBias:2.2,Multiplicity:1.19
0.100	0.100	0.700	0.100
0.700	0.100	0.100	0.100
0.100	0.100	0.700	0.100
0.700	0.100	0.100	0.100
0.100	0.100	0.700	0.100
0.700	0.100	0.100	0.100
0.100	0.100	0.700	0.100
0.700	0.100	0.100	0.100
