>GTGGCCATTGTT	15-GTGGCCATTGTT,BestGuess:Sox17(HMG)/Endoderm-Sox17-ChIP-Seq(GSE61475)/Homer(0.800)	8.892300	-27.503592	0	T:213.0(4.88%),B:2233.2(2.92%),P:1e-11
0.092	0.079	0.755	0.074
0.044	0.039	0.025	0.892
0.083	0.072	0.778	0.067
0.094	0.033	0.807	0.066
0.047	0.833	0.060	0.060
0.056	0.850	0.025	0.069
0.878	0.052	0.037	0.033
0.069	0.049	0.061	0.821
0.030	0.020	0.024	0.926
0.080	0.055	0.823	0.042
0.060	0.058	0.046	0.836
0.071	0.062	0.065	0.802
