>TGGCAAATATTT	11-TGGCAAATATTT	8.569994	-32.965006	0	T:250.0(5.73%),B:2599.3(3.40%),P:1e-14
0.066	0.039	0.033	0.862
0.059	0.061	0.761	0.119
0.079	0.076	0.779	0.066
0.046	0.849	0.039	0.066
0.872	0.056	0.034	0.038
0.858	0.056	0.055	0.031
0.856	0.023	0.053	0.068
0.032	0.057	0.047	0.864
0.811	0.067	0.074	0.048
0.037	0.041	0.060	0.862
0.036	0.061	0.082	0.821
0.072	0.059	0.059	0.810
