>GCTGACGTCAAA	9-GCTGACGTCAAA	7.903409	-36.873262	0	T:251.0(5.76%),B:2521.9(3.30%),P:1e-16
0.127	0.060	0.690	0.123
0.116	0.668	0.110	0.106
0.078	0.034	0.028	0.860
0.083	0.091	0.732	0.094
0.752	0.094	0.004	0.150
0.157	0.635	0.100	0.108
0.122	0.001	0.685	0.192
0.063	0.004	0.059	0.874
0.015	0.789	0.099	0.097
0.861	0.011	0.070	0.058
0.758	0.123	0.037	0.082
0.697	0.125	0.084	0.094
