>NNNDATCGATAN	1-NNNDATCGATAN	6.574318	-443.361245	0	T:883.0(20.25%),B:5055.5(6.61%),P:1e-192
0.286	0.194	0.258	0.261
0.278	0.246	0.223	0.254
0.288	0.246	0.225	0.241
0.345	0.116	0.288	0.251
0.834	0.040	0.074	0.052
0.044	0.048	0.039	0.869
0.039	0.894	0.034	0.033
0.202	0.056	0.685	0.057
0.861	0.036	0.049	0.054
0.046	0.071	0.061	0.822
0.403	0.247	0.113	0.237
0.273	0.223	0.237	0.267
