>CATTCTTTAAAT	8-CATTCTTTAAAT	9.656237	-37.946432	0	T:43.0(0.99%),B:149.2(0.20%),P:1e-16
0.078	0.758	0.073	0.091
0.698	0.045	0.050	0.207
0.056	0.202	0.070	0.672
0.023	0.055	0.173	0.749
0.220	0.675	0.055	0.050
0.067	0.020	0.026	0.887
0.015	0.151	0.070	0.764
0.200	0.169	0.149	0.482
0.692	0.201	0.057	0.050
0.494	0.175	0.138	0.193
0.742	0.080	0.081	0.097
0.208	0.164	0.160	0.468
