>GCAGAAATGGAG	1-GCAGAAATGGAG	14.025399	-28.785933	0	T:9.0(1.77%),B:12.9(0.04%),P:1e-12	Tpos:123.8,Tstd:51.5,Bpos:92.2,Bstd:39.8,StrandBias:3.0,Multiplicity:1.00
0.001	0.001	0.997	0.001
0.001	0.862	0.136	0.001
0.997	0.001	0.001	0.001
0.001	0.001	0.997	0.001
0.862	0.001	0.001	0.136
0.862	0.001	0.136	0.001
0.862	0.001	0.136	0.001
0.001	0.001	0.001	0.997
0.136	0.001	0.862	0.001
0.001	0.001	0.997	0.001
0.997	0.001	0.001	0.001
0.001	0.001	0.997	0.001
>GTGGAAAATTGC	2-GTGGAAAATTGC	9.904791	-27.879396	0	T:25.0(4.92%),B:273.5(0.78%),P:1e-12	Tpos:112.4,Tstd:54.9,Bpos:98.1,Bstd:58.8,StrandBias:0.4,Multiplicity:1.04
0.001	0.001	0.918	0.080
0.097	0.037	0.001	0.865
0.044	0.001	0.837	0.118
0.039	0.044	0.762	0.155
0.997	0.001	0.001	0.001
0.911	0.044	0.044	0.001
0.955	0.043	0.001	0.001
0.724	0.044	0.088	0.144
0.132	0.074	0.002	0.792
0.001	0.001	0.001	0.997
0.151	0.077	0.629	0.143
0.037	0.615	0.123	0.225
>AAGACTTACAAC	3-AAGACTTACAAC	13.888152	-27.083708	0	T:8.0(1.57%),B:9.2(0.03%),P:1e-11	Tpos:109.5,Tstd:54.4,Bpos:106.6,Bstd:50.0,StrandBias:1.6,Multiplicity:1.00
0.997	0.001	0.001	0.001
0.997	0.001	0.001	0.001
0.001	0.001	0.997	0.001
0.856	0.001	0.001	0.142
0.001	0.856	0.001	0.142
0.001	0.001	0.142	0.856
0.001	0.001	0.001	0.997
0.856	0.001	0.001	0.142
0.001	0.997	0.001	0.001
0.997	0.001	0.001	0.001
0.856	0.001	0.001	0.142
0.001	0.856	0.142	0.001
>TGTCATAGGTAA	4-TGTCATAGGTAA	9.302752	-26.594290	0	T:25.0(4.92%),B:290.5(0.83%),P:1e-11	Tpos:106.6,Tstd:53.9,Bpos:101.9,Bstd:54.3,StrandBias:0.1,Multiplicity:1.00
0.049	0.049	0.101	0.801
0.098	0.001	0.829	0.072
0.098	0.001	0.049	0.852
0.001	0.899	0.049	0.051
0.802	0.049	0.100	0.049
0.109	0.100	0.070	0.721
0.948	0.001	0.049	0.002
0.147	0.049	0.803	0.001
0.001	0.049	0.901	0.049
0.098	0.082	0.001	0.819
0.783	0.023	0.140	0.054
0.852	0.049	0.001	0.098
>ARASGTGCAACC	5-ARASGTGCAACC	13.541878	-25.998965	0	T:5.0(0.98%),B:1.7(0.00%),P:1e-11	Tpos:95.6,Tstd:75.2,Bpos:191.7,Bstd:2.3,StrandBias:0.6,Multiplicity:1.00
0.997	0.001	0.001	0.001
0.499	0.001	0.499	0.001
0.997	0.001	0.001	0.001
0.001	0.499	0.499	0.001
0.001	0.001	0.749	0.249
0.001	0.001	0.001	0.997
0.001	0.001	0.997	0.001
0.001	0.749	0.001	0.249
0.997	0.001	0.001	0.001
0.997	0.001	0.001	0.001
0.001	0.997	0.001	0.001
0.001	0.997	0.001	0.001
>TTGTTCCAGTTA	6-TTGTTCCAGTTA	14.323862	-25.750936	0	T:7.0(1.38%),B:6.0(0.02%),P:1e-11	Tpos:104.4,Tstd:56.5,Bpos:86.1,Bstd:50.9,StrandBias:1.3,Multiplicity:1.00
0.001	0.001	0.001	0.997
0.001	0.001	0.001	0.997
0.001	0.001	0.997	0.001
0.001	0.001	0.001	0.997
0.001	0.199	0.001	0.799
0.199	0.799	0.001	0.001
0.001	0.799	0.001	0.199
0.997	0.001	0.001	0.001
0.001	0.001	0.799	0.199
0.001	0.001	0.001	0.997
0.001	0.001	0.001	0.997
0.997	0.001	0.001	0.001
>AWSCAAGATGGC	7-AWSCAAGATGGC	8.349615	-25.746594	0	T:67.0(13.19%),B:1839.7(5.24%),P:1e-11	Tpos:99.6,Tstd:44.1,Bpos:103.8,Bstd:48.1,StrandBias:0.8,Multiplicity:1.04
0.735	0.001	0.026	0.238
0.306	0.167	0.121	0.406
0.143	0.439	0.417	0.001
0.362	0.532	0.053	0.053
0.868	0.026	0.001	0.105
0.997	0.001	0.001	0.001
0.153	0.001	0.646	0.200
0.718	0.052	0.001	0.229
0.001	0.079	0.099	0.821
0.001	0.001	0.973	0.025
0.252	0.001	0.615	0.132
0.001	0.840	0.158	0.001
>ATGGCCSAGCAA	8-ATGGCCSAGCAA	12.020945	-25.715019	0	T:9.0(1.77%),B:17.8(0.05%),P:1e-11	Tpos:111.0,Tstd:57.7,Bpos:110.8,Bstd:34.2,StrandBias:1.8,Multiplicity:1.00
0.800	0.001	0.001	0.198
0.001	0.001	0.001	0.997
0.001	0.001	0.997	0.001
0.190	0.001	0.808	0.001
0.001	0.997	0.001	0.001
0.001	0.609	0.389	0.001
0.007	0.419	0.382	0.191
0.997	0.001	0.001	0.001
0.001	0.001	0.997	0.001
0.001	0.580	0.418	0.001
0.800	0.001	0.001	0.198
0.808	0.190	0.001	0.001
>GTTACCCATAAT	9-GTTACCCATAAT	12.461101	-25.686351	0	T:10.0(1.97%),B:25.8(0.07%),P:1e-11	Tpos:74.2,Tstd:46.5,Bpos:90.2,Bstd:48.2,StrandBias:0.0,Multiplicity:1.00
0.291	0.001	0.707	0.001
0.001	0.001	0.001	0.997
0.001	0.001	0.198	0.800
0.997	0.001	0.001	0.001
0.167	0.498	0.001	0.334
0.001	0.997	0.001	0.001
0.001	0.997	0.001	0.001
0.997	0.001	0.001	0.001
0.334	0.001	0.001	0.664
0.536	0.296	0.167	0.001
0.997	0.001	0.001	0.001
0.001	0.001	0.001	0.997
>GAGCCATCAGCA	10-GAGCCATCAGCA	12.955547	-25.469713	0	T:6.0(1.18%),B:3.7(0.01%),P:1e-11	Tpos:154.7,Tstd:24.3,Bpos:146.7,Bstd:36.5,StrandBias:-1.0,Multiplicity:1.00
0.001	0.001	0.997	0.001
0.997	0.001	0.001	0.001
0.001	0.001	0.690	0.308
0.001	0.997	0.001	0.001
0.001	0.997	0.001	0.001
0.690	0.001	0.001	0.308
0.014	0.309	0.001	0.676
0.001	0.675	0.001	0.323
0.632	0.001	0.366	0.001
0.323	0.001	0.675	0.001
0.001	0.997	0.001	0.001
0.997	0.001	0.001	0.001
>AACAAATTTTGM	11-AACAAATTTTGM	9.943597	-24.853701	0	T:30.0(5.91%),B:458.4(1.31%),P:1e-10	Tpos:73.4,Tstd:50.2,Bpos:94.7,Bstd:58.3,StrandBias:0.3,Multiplicity:1.00
0.771	0.227	0.001	0.001
0.784	0.001	0.001	0.214
0.001	0.657	0.341	0.001
0.927	0.001	0.001	0.071
0.664	0.263	0.072	0.001
0.867	0.001	0.001	0.131
0.120	0.188	0.001	0.691
0.001	0.071	0.001	0.927
0.001	0.001	0.001	0.997
0.214	0.001	0.001	0.784
0.001	0.001	0.997	0.001
0.447	0.420	0.001	0.132
>CTGTAAATATAA	12-CTGTAAATATAA	13.354008	-24.739517	0	T:9.0(1.77%),B:19.3(0.06%),P:1e-10	Tpos:70.7,Tstd:30.3,Bpos:75.8,Bstd:46.2,StrandBias:0.3,Multiplicity:1.00
0.001	0.997	0.001	0.001
0.001	0.001	0.001	0.997
0.001	0.122	0.876	0.001
0.001	0.091	0.001	0.907
0.997	0.001	0.001	0.001
0.876	0.001	0.001	0.122
0.997	0.001	0.001	0.001
0.123	0.103	0.001	0.773
0.997	0.001	0.001	0.001
0.067	0.123	0.001	0.809
0.997	0.001	0.001	0.001
0.876	0.001	0.001	0.122
>ACATCTGTACTT	13-ACATCTGTACTT	13.780306	-23.762097	0	T:7.0(1.38%),B:8.0(0.02%),P:1e-10	Tpos:96.3,Tstd:52.4,Bpos:52.0,Bstd:39.2,StrandBias:-0.4,Multiplicity:1.00
0.997	0.001	0.001	0.001
0.001	0.997	0.001	0.001
0.997	0.001	0.001	0.001
0.001	0.161	0.001	0.837
0.162	0.675	0.162	0.001
0.001	0.001	0.001	0.997
0.001	0.001	0.997	0.001
0.001	0.001	0.001	0.997
0.997	0.001	0.001	0.001
0.161	0.837	0.001	0.001
0.001	0.001	0.001	0.997
0.001	0.001	0.350	0.648
>CAGTGCATACGA	14-CAGTGCATACGA	12.823894	-21.570309	0	T:7.0(1.38%),B:11.3(0.03%),P:1e-9	Tpos:49.4,Tstd:32.1,Bpos:85.4,Bstd:56.1,StrandBias:1.3,Multiplicity:1.00
0.311	0.687	0.001	0.001
0.690	0.001	0.001	0.308
0.308	0.001	0.690	0.001
0.001	0.001	0.001	0.997
0.001	0.001	0.997	0.001
0.001	0.653	0.001	0.345
0.997	0.001	0.001	0.001
0.001	0.001	0.003	0.995
0.966	0.001	0.032	0.001
0.001	0.690	0.308	0.001
0.032	0.001	0.618	0.349
0.997	0.001	0.001	0.001
>ACCAGTTGAACG	15-ACCAGTTGAACG	14.257152	-21.347551	0	T:6.0(1.18%),B:6.1(0.02%),P:1e-9	Tpos:107.2,Tstd:47.4,Bpos:83.2,Bstd:42.8,StrandBias:1.0,Multiplicity:1.00
0.997	0.001	0.001	0.001
0.001	0.997	0.001	0.001
0.001	0.799	0.199	0.001
0.997	0.001	0.001	0.001
0.001	0.001	0.997	0.001
0.001	0.001	0.001	0.997
0.001	0.001	0.001	0.997
0.001	0.001	0.997	0.001
0.997	0.001	0.001	0.001
0.799	0.001	0.001	0.199
0.001	0.997	0.001	0.001
0.200	0.001	0.599	0.200
>CTTTGCAAAGGA	16-CTTTGCAAAGGA	14.898441	-20.529761	0	T:5.0(0.98%),B:3.8(0.01%),P:1e-8	Tpos:107.2,Tstd:58.2,Bpos:86.8,Bstd:34.5,StrandBias:2.0,Multiplicity:1.00
0.001	0.759	0.001	0.239
0.001	0.239	0.001	0.759
0.001	0.001	0.001	0.997
0.001	0.001	0.001	0.997
0.001	0.001	0.997	0.001
0.001	0.997	0.001	0.001
0.997	0.001	0.001	0.001
0.997	0.001	0.001	0.001
0.997	0.001	0.001	0.001
0.001	0.001	0.997	0.001
0.001	0.001	0.997	0.001
0.997	0.001	0.001	0.001
>AAGCGAAAGAAG	17-AAGCGAAAGAAG	13.224454	-20.097349	0	T:8.0(1.57%),B:22.7(0.06%),P:1e-8	Tpos:110.6,Tstd:34.3,Bpos:103.7,Bstd:59.7,StrandBias:2.8,Multiplicity:1.00
0.997	0.001	0.001	0.001
0.997	0.001	0.001	0.001
0.083	0.001	0.915	0.001
0.001	0.738	0.142	0.119
0.001	0.001	0.997	0.001
0.856	0.001	0.142	0.001
0.856	0.142	0.001	0.001
0.997	0.001	0.001	0.001
0.001	0.001	0.997	0.001
0.997	0.001	0.001	0.001
0.997	0.001	0.001	0.001
0.106	0.142	0.751	0.001
>GAAGACATCATG	18-GAAGACATCATG	11.658464	-19.656386	0	T:10.0(1.97%),B:47.9(0.14%),P:1e-8	Tpos:97.2,Tstd:43.3,Bpos:96.5,Bstd:55.9,StrandBias:0.0,Multiplicity:1.00
0.001	0.001	0.926	0.072
0.842	0.001	0.156	0.001
0.724	0.001	0.001	0.274
0.001	0.001	0.854	0.144
0.709	0.001	0.001	0.289
0.073	0.781	0.073	0.073
0.997	0.001	0.001	0.001
0.001	0.001	0.001	0.997
0.145	0.481	0.302	0.073
0.926	0.001	0.001	0.072
0.001	0.001	0.001	0.997
0.001	0.001	0.997	0.001
>TATTGAAAGTCG	19-TATTGAAAGTCG	10.435868	-19.162372	0	T:16.0(3.15%),B:165.5(0.47%),P:1e-8	Tpos:82.6,Tstd:58.6,Bpos:99.0,Bstd:55.8,StrandBias:-0.4,Multiplicity:1.00
0.001	0.004	0.004	0.991
0.525	0.204	0.093	0.178
0.001	0.023	0.001	0.975
0.001	0.001	0.001	0.997
0.001	0.203	0.720	0.076
0.997	0.001	0.001	0.001
0.897	0.001	0.101	0.001
0.897	0.001	0.001	0.101
0.001	0.102	0.694	0.203
0.102	0.004	0.001	0.893
0.204	0.695	0.011	0.090
0.109	0.102	0.684	0.105
>TGAACTTYAAGA	20-TGAACTTYAAGA	9.020011	-18.506308	0	T:43.0(8.46%),B:1110.6(3.16%),P:1e-8	Tpos:87.5,Tstd:54.0,Bpos:92.8,Bstd:56.0,StrandBias:-1.0,Multiplicity:1.05
0.001	0.001	0.001	0.997
0.145	0.001	0.853	0.001
0.627	0.207	0.001	0.165
0.808	0.082	0.001	0.109
0.328	0.500	0.001	0.171
0.259	0.041	0.001	0.699
0.001	0.001	0.251	0.747
0.137	0.404	0.026	0.433
0.607	0.294	0.083	0.016
0.997	0.001	0.001	0.001
0.183	0.191	0.502	0.124
0.894	0.001	0.001	0.104
>GATCAGAAKGCC	21-GATCAGAAKGCC	11.467643	-17.844105	0	T:7.0(1.38%),B:19.6(0.06%),P:1e-7	Tpos:144.1,Tstd:22.5,Bpos:104.1,Bstd:62.4,StrandBias:0.0,Multiplicity:1.14
0.001	0.001	0.997	0.001
0.847	0.008	0.144	0.001
0.265	0.001	0.001	0.733
0.001	0.854	0.144	0.001
0.854	0.001	0.001	0.144
0.001	0.144	0.854	0.001
0.847	0.008	0.144	0.001
0.854	0.144	0.001	0.001
0.001	0.274	0.436	0.289
0.001	0.001	0.997	0.001
0.120	0.878	0.001	0.001
0.120	0.878	0.001	0.001
>KCTGAKGMCRAC	22-KCTGAKGMCRAC	11.660494	-17.497492	0	T:7.0(1.38%),B:20.5(0.06%),P:1e-7	Tpos:114.3,Tstd:47.3,Bpos:93.4,Bstd:48.3,StrandBias:-1.3,Multiplicity:1.00
0.001	0.001	0.511	0.487
0.020	0.956	0.020	0.004
0.001	0.001	0.001	0.997
0.001	0.001	0.997	0.001
0.979	0.001	0.019	0.001
0.001	0.020	0.447	0.532
0.019	0.001	0.979	0.001
0.447	0.532	0.001	0.020
0.001	0.997	0.001	0.001
0.532	0.020	0.447	0.001
0.979	0.001	0.019	0.001
0.003	0.895	0.001	0.101
>TATCTTTGATAT	23-TATCTTTGATAT	13.178417	-15.685192	0	T:5.0(0.98%),B:8.3(0.02%),P:1e-6	Tpos:47.6,Tstd:57.6,Bpos:75.2,Bstd:21.7,StrandBias:0.6,Multiplicity:1.00
0.001	0.001	0.001	0.997
0.780	0.218	0.001	0.001
0.001	0.001	0.001	0.997
0.001	0.997	0.001	0.001
0.001	0.001	0.001	0.997
0.001	0.001	0.001	0.997
0.001	0.001	0.001	0.997
0.001	0.001	0.997	0.001
0.997	0.001	0.001	0.001
0.001	0.001	0.001	0.997
0.849	0.001	0.001	0.149
0.001	0.001	0.001	0.997
>TGATAGATGTAA	24-TGATAGATGTAA	10.251128	-13.099127	0	T:13.0(2.56%),B:172.4(0.49%),P:1e-5	Tpos:111.9,Tstd:54.0,Bpos:93.2,Bstd:53.0,StrandBias:-0.6,Multiplicity:1.15
0.077	0.001	0.154	0.768
0.001	0.057	0.865	0.077
0.922	0.001	0.076	0.001
0.154	0.057	0.001	0.788
0.768	0.154	0.077	0.001
0.001	0.001	0.845	0.153
0.845	0.153	0.001	0.001
0.153	0.001	0.001	0.845
0.154	0.001	0.768	0.077
0.001	0.153	0.001	0.845
0.845	0.001	0.153	0.001
0.922	0.076	0.001	0.001
>GACATACAGACA	25-GACATACAGACA	14.700797	-6.432780	0	T:2.0(0.39%),B:4.8(0.01%),P:1e-2	Tpos:85.4,Tstd:11.8,Bpos:80.8,Bstd:58.3,StrandBias:10.0,Multiplicity:2.50
0.001	0.001	0.846	0.152
0.997	0.001	0.001	0.001
0.001	0.997	0.001	0.001
0.997	0.001	0.001	0.001
0.001	0.001	0.001	0.997
0.997	0.001	0.001	0.001
0.001	0.997	0.001	0.001
0.794	0.001	0.001	0.204
0.001	0.001	0.860	0.138
0.997	0.001	0.001	0.001
0.001	0.997	0.001	0.001
0.997	0.001	0.001	0.001
