>ACTTACAACA	1-ACTTACAACA	6.952645	-27.387037	0	T:89.0(17.52%),B:2766.5(7.88%),P:1e-11	Tpos:101.9,Tstd:56.4,Bpos:101.2,Bstd:57.8,StrandBias:0.2,Multiplicity:1.08
0.893	0.015	0.056	0.036
0.044	0.828	0.070	0.058
0.075	0.055	0.066	0.804
0.034	0.035	0.060	0.871
0.795	0.045	0.086	0.074
0.069	0.763	0.085	0.083
0.776	0.067	0.072	0.085
0.706	0.105	0.109	0.080
0.094	0.812	0.028	0.066
0.759	0.054	0.063	0.124
>AGCTGTAGTA	2-AGCTGTAGTA	7.329063	-25.261748	0	T:54.0(10.63%),B:1310.5(3.73%),P:1e-10	Tpos:100.8,Tstd:58.5,Bpos:99.6,Bstd:57.5,StrandBias:-0.2,Multiplicity:1.04
0.738	0.058	0.034	0.170
0.044	0.058	0.717	0.181
0.146	0.767	0.046	0.041
0.023	0.001	0.001	0.975
0.152	0.143	0.584	0.121
0.021	0.073	0.001	0.905
0.777	0.022	0.134	0.067
0.076	0.085	0.753	0.086
0.108	0.001	0.050	0.841
0.941	0.026	0.001	0.032
>AAAATGAATC	3-AAAATGAATC	7.969974	-23.213619	0	T:40.0(7.87%),B:834.7(2.38%),P:1e-10	Tpos:91.5,Tstd:48.4,Bpos:93.7,Bstd:56.6,StrandBias:-0.3,Multiplicity:1.00
0.960	0.001	0.038	0.001
0.923	0.001	0.001	0.075
0.892	0.001	0.058	0.049
0.857	0.042	0.056	0.045
0.001	0.001	0.048	0.950
0.025	0.103	0.838	0.034
0.885	0.038	0.048	0.029
0.859	0.047	0.051	0.043
0.001	0.100	0.028	0.871
0.017	0.962	0.001	0.020
>TGCGGCGTTC	4-TGCGGCGTTC	10.092042	-22.468032	0	T:13.0(2.56%),B:76.3(0.22%),P:1e-9	Tpos:95.0,Tstd:77.1,Bpos:104.8,Bstd:62.4,StrandBias:0.7,Multiplicity:1.00
0.024	0.200	0.025	0.751
0.001	0.001	0.997	0.001
0.001	0.714	0.001	0.284
0.232	0.001	0.766	0.001
0.001	0.001	0.883	0.115
0.001	0.997	0.001	0.001
0.251	0.001	0.747	0.001
0.001	0.001	0.001	0.997
0.001	0.267	0.001	0.731
0.001	0.878	0.001	0.120
>TTTCCTATAT	5-TTTCCTATAT	8.652311	-22.125538	0	T:29.0(5.71%),B:482.3(1.37%),P:1e-9	Tpos:99.5,Tstd:57.6,Bpos:97.9,Bstd:55.7,StrandBias:0.4,Multiplicity:1.04
0.001	0.001	0.001	0.997
0.001	0.001	0.001	0.997
0.090	0.001	0.078	0.831
0.001	0.939	0.059	0.001
0.001	0.944	0.001	0.054
0.038	0.001	0.001	0.960
0.921	0.077	0.001	0.001
0.049	0.067	0.072	0.812
0.754	0.001	0.064	0.181
0.001	0.001	0.085	0.913
>GCAAGATGGC	6-GCAAGATGGC	6.903582	-21.886705	0	T:97.0(19.09%),B:3482.8(9.92%),P:1e-9	Tpos:103.2,Tstd:43.1,Bpos:106.6,Bstd:48.0,StrandBias:1.0,Multiplicity:1.09
0.091	0.052	0.798	0.059
0.113	0.718	0.106	0.063
0.818	0.071	0.024	0.087
0.820	0.035	0.070	0.075
0.082	0.047	0.800	0.071
0.868	0.026	0.060	0.046
0.048	0.027	0.130	0.795
0.033	0.070	0.830	0.067
0.093	0.063	0.752	0.092
0.097	0.806	0.051	0.046
>GAACTTAGGA	7-GAACTTAGGA	10.594586	-21.666396	0	T:10.0(1.97%),B:38.6(0.11%),P:1e-9	Tpos:81.5,Tstd:43.3,Bpos:87.9,Bstd:52.8,StrandBias:1.2,Multiplicity:1.00
0.001	0.001	0.997	0.001
0.997	0.001	0.001	0.001
0.997	0.001	0.001	0.001
0.139	0.859	0.001	0.001
0.001	0.137	0.001	0.861
0.138	0.057	0.001	0.804
0.953	0.001	0.001	0.045
0.001	0.093	0.825	0.081
0.001	0.064	0.934	0.001
0.896	0.102	0.001	0.001
>CAGGCTGCTT	8-CAGGCTGCTT	10.128041	-21.641271	0	T:14.0(2.76%),B:100.0(0.28%),P:1e-9	Tpos:93.8,Tstd:63.7,Bpos:109.2,Bstd:57.4,StrandBias:0.0,Multiplicity:1.00
0.001	0.898	0.100	0.001
0.997	0.001	0.001	0.001
0.001	0.089	0.757	0.153
0.058	0.001	0.885	0.056
0.001	0.997	0.001	0.001
0.069	0.001	0.001	0.929
0.001	0.001	0.997	0.001
0.001	0.997	0.001	0.001
0.083	0.001	0.001	0.915
0.101	0.089	0.089	0.721
>TATAGGCTCG	9-TATAGGCTCG	10.596610	-21.419491	0	T:10.0(1.97%),B:39.8(0.11%),P:1e-9	Tpos:130.4,Tstd:44.7,Bpos:72.6,Bstd:50.9,StrandBias:0.0,Multiplicity:1.00
0.001	0.001	0.001	0.997
0.997	0.001	0.001	0.001
0.167	0.113	0.001	0.719
0.906	0.092	0.001	0.001
0.001	0.001	0.997	0.001
0.001	0.001	0.885	0.113
0.001	0.997	0.001	0.001
0.001	0.001	0.001	0.997
0.098	0.796	0.001	0.105
0.001	0.167	0.831	0.001
>TCATAGGTAA	10-TCATAGGTAA	7.153287	-20.602422	0	T:59.0(11.61%),B:1714.2(4.88%),P:1e-8	Tpos:98.1,Tstd:57.2,Bpos:99.2,Bstd:55.4,StrandBias:0.1,Multiplicity:1.02
0.046	0.030	0.082	0.842
0.015	0.843	0.075	0.067
0.834	0.031	0.098	0.037
0.060	0.093	0.082	0.765
0.747	0.091	0.108	0.054
0.073	0.052	0.791	0.084
0.067	0.059	0.841	0.033
0.095	0.082	0.090	0.733
0.845	0.082	0.049	0.024
0.767	0.086	0.116	0.031
>BTCGKGCGAG	11-BTCGKGCGAG	11.231946	-20.529761	0	T:5.0(0.98%),B:3.3(0.01%),P:1e-8	Tpos:143.8,Tstd:56.8,Bpos:76.8,Bstd:33.6,StrandBias:2.0,Multiplicity:1.00
0.001	0.268	0.316	0.416
0.315	0.001	0.001	0.683
0.267	0.731	0.001	0.001
0.001	0.001	0.997	0.001
0.001	0.001	0.535	0.463
0.001	0.132	0.866	0.001
0.001	0.997	0.001	0.001
0.001	0.001	0.997	0.001
0.997	0.001	0.001	0.001
0.001	0.001	0.997	0.001
>GGACTKACGC	12-GGACTKACGC	8.930641	-20.462127	0	T:17.0(3.35%),B:173.0(0.49%),P:1e-8	Tpos:93.6,Tstd:40.1,Bpos:103.3,Bstd:54.5,StrandBias:-0.7,Multiplicity:1.06
0.251	0.001	0.659	0.089
0.222	0.001	0.648	0.129
0.769	0.010	0.120	0.101
0.001	0.997	0.001	0.001
0.001	0.001	0.002	0.996
0.001	0.001	0.573	0.425
0.546	0.370	0.083	0.001
0.001	0.997	0.001	0.001
0.001	0.119	0.879	0.001
0.001	0.879	0.119	0.001
>ATCAAAAAGA	13-ATCAAAAAGA	9.180087	-19.966796	0	T:29.0(5.71%),B:531.7(1.51%),P:1e-8	Tpos:95.0,Tstd:60.6,Bpos:95.8,Bstd:56.0,StrandBias:-0.1,Multiplicity:1.04
0.947	0.051	0.001	0.001
0.071	0.103	0.038	0.788
0.023	0.931	0.001	0.045
0.883	0.053	0.001	0.063
0.956	0.042	0.001	0.001
0.903	0.037	0.001	0.059
0.805	0.001	0.193	0.001
0.960	0.038	0.001	0.001
0.040	0.023	0.913	0.024
0.942	0.001	0.056	0.001
>CGTTCCTTTG	14-CGTTCCTTTG	9.699024	-19.071620	0	T:19.0(3.74%),B:242.4(0.69%),P:1e-8	Tpos:87.8,Tstd:46.0,Bpos:102.3,Bstd:56.1,StrandBias:0.2,Multiplicity:1.06
0.070	0.928	0.001	0.001
0.041	0.001	0.919	0.039
0.088	0.001	0.001	0.910
0.076	0.001	0.001	0.922
0.068	0.826	0.059	0.047
0.071	0.871	0.001	0.057
0.001	0.001	0.001	0.997
0.001	0.089	0.089	0.821
0.001	0.001	0.001	0.997
0.126	0.001	0.872	0.001
>ATTTTTCCWC	15-ATTTTTCCWC	7.930409	-17.412115	0	T:69.0(13.58%),B:2358.3(6.72%),P:1e-7	Tpos:115.3,Tstd:53.4,Bpos:99.3,Bstd:59.9,StrandBias:-0.2,Multiplicity:1.07
0.569	0.001	0.028	0.402
0.151	0.030	0.219	0.600
0.228	0.001	0.228	0.543
0.001	0.158	0.001	0.840
0.001	0.030	0.001	0.968
0.026	0.067	0.026	0.881
0.022	0.954	0.023	0.001
0.073	0.656	0.246	0.025
0.552	0.001	0.001	0.446
0.151	0.547	0.301	0.001
>AGCTTCCTTA	16-AGCTTCCTTA	10.296193	-17.384093	0	T:4.0(0.79%),B:2.8(0.01%),P:1e-7	Tpos:75.0,Tstd:35.7,Bpos:105.4,Bstd:27.2,StrandBias:1.6,Multiplicity:1.00
0.700	0.100	0.100	0.100
0.100	0.100	0.700	0.100
0.100	0.700	0.100	0.100
0.100	0.100	0.100	0.700
0.100	0.100	0.100	0.700
0.100	0.700	0.100	0.100
0.100	0.700	0.100	0.100
0.100	0.100	0.100	0.700
0.100	0.100	0.100	0.700
0.700	0.100	0.100	0.100
>GRTAGAAYGT	17-GRTAGAAYGT	9.903937	-16.637839	0	T:13.0(2.56%),B:125.5(0.36%),P:1e-7	Tpos:107.2,Tstd:53.4,Bpos:91.1,Bstd:53.6,StrandBias:0.7,Multiplicity:1.00
0.001	0.001	0.696	0.302
0.434	0.279	0.286	0.001
0.214	0.001	0.001	0.784
0.997	0.001	0.001	0.001
0.001	0.001	0.997	0.001
0.754	0.244	0.001	0.001
0.997	0.001	0.001	0.001
0.001	0.501	0.001	0.497
0.243	0.001	0.755	0.001
0.001	0.001	0.001	0.997
>CAACACACTT	18-CAACACACTT	8.752962	-16.257533	0	T:26.0(5.12%),B:522.2(1.49%),P:1e-7	Tpos:88.8,Tstd:51.0,Bpos:98.3,Bstd:59.2,StrandBias:0.4,Multiplicity:1.00
0.117	0.881	0.001	0.001
0.809	0.001	0.001	0.189
0.891	0.001	0.001	0.107
0.001	0.864	0.001	0.134
0.781	0.130	0.001	0.088
0.001	0.860	0.138	0.001
0.896	0.006	0.097	0.001
0.053	0.645	0.173	0.129
0.071	0.001	0.162	0.766
0.037	0.227	0.130	0.606
>ACAGACATAC	19-ACAGACATAC	9.348405	-12.196980	0	T:15.0(2.95%),B:249.0(0.71%),P:1e-5	Tpos:125.2,Tstd:53.7,Bpos:98.4,Bstd:56.7,StrandBias:0.8,Multiplicity:1.27
0.839	0.001	0.117	0.043
0.001	0.739	0.057	0.203
0.915	0.001	0.081	0.003
0.001	0.038	0.960	0.001
0.449	0.048	0.268	0.236
0.020	0.814	0.001	0.165
0.681	0.218	0.053	0.048
0.001	0.230	0.001	0.768
0.886	0.001	0.001	0.112
0.001	0.939	0.001	0.059
>GCAGAAATGGAG	1-GCAGAAATGGAG	14.025399	-28.785933	0	T:9.0(1.77%),B:12.9(0.04%),P:1e-12	Tpos:123.8,Tstd:51.5,Bpos:92.2,Bstd:39.8,StrandBias:3.0,Multiplicity:1.00
0.001	0.001	0.997	0.001
0.001	0.862	0.136	0.001
0.997	0.001	0.001	0.001
0.001	0.001	0.997	0.001
0.862	0.001	0.001	0.136
0.862	0.001	0.136	0.001
0.862	0.001	0.136	0.001
0.001	0.001	0.001	0.997
0.136	0.001	0.862	0.001
0.001	0.001	0.997	0.001
0.997	0.001	0.001	0.001
0.001	0.001	0.997	0.001
>GTGGAAAATTGC	2-GTGGAAAATTGC	9.904791	-27.879396	0	T:25.0(4.92%),B:273.5(0.78%),P:1e-12	Tpos:112.4,Tstd:54.9,Bpos:98.1,Bstd:58.8,StrandBias:0.4,Multiplicity:1.04
0.001	0.001	0.918	0.080
0.097	0.037	0.001	0.865
0.044	0.001	0.837	0.118
0.039	0.044	0.762	0.155
0.997	0.001	0.001	0.001
0.911	0.044	0.044	0.001
0.955	0.043	0.001	0.001
0.724	0.044	0.088	0.144
0.132	0.074	0.002	0.792
0.001	0.001	0.001	0.997
0.151	0.077	0.629	0.143
0.037	0.615	0.123	0.225
>AAGACTTACAAC	3-AAGACTTACAAC	13.888152	-27.083708	0	T:8.0(1.57%),B:9.2(0.03%),P:1e-11	Tpos:109.5,Tstd:54.4,Bpos:106.6,Bstd:50.0,StrandBias:1.6,Multiplicity:1.00
0.997	0.001	0.001	0.001
0.997	0.001	0.001	0.001
0.001	0.001	0.997	0.001
0.856	0.001	0.001	0.142
0.001	0.856	0.001	0.142
0.001	0.001	0.142	0.856
0.001	0.001	0.001	0.997
0.856	0.001	0.001	0.142
0.001	0.997	0.001	0.001
0.997	0.001	0.001	0.001
0.856	0.001	0.001	0.142
0.001	0.856	0.142	0.001
>TGTCATAGGTAA	4-TGTCATAGGTAA	9.302752	-26.594290	0	T:25.0(4.92%),B:290.5(0.83%),P:1e-11	Tpos:106.6,Tstd:53.9,Bpos:101.9,Bstd:54.3,StrandBias:0.1,Multiplicity:1.00
0.049	0.049	0.101	0.801
0.098	0.001	0.829	0.072
0.098	0.001	0.049	0.852
0.001	0.899	0.049	0.051
0.802	0.049	0.100	0.049
0.109	0.100	0.070	0.721
0.948	0.001	0.049	0.002
0.147	0.049	0.803	0.001
0.001	0.049	0.901	0.049
0.098	0.082	0.001	0.819
0.783	0.023	0.140	0.054
0.852	0.049	0.001	0.098
>ARASGTGCAACC	5-ARASGTGCAACC	13.541878	-25.998965	0	T:5.0(0.98%),B:1.7(0.00%),P:1e-11	Tpos:95.6,Tstd:75.2,Bpos:191.7,Bstd:2.3,StrandBias:0.6,Multiplicity:1.00
0.997	0.001	0.001	0.001
0.499	0.001	0.499	0.001
0.997	0.001	0.001	0.001
0.001	0.499	0.499	0.001
0.001	0.001	0.749	0.249
0.001	0.001	0.001	0.997
0.001	0.001	0.997	0.001
0.001	0.749	0.001	0.249
0.997	0.001	0.001	0.001
0.997	0.001	0.001	0.001
0.001	0.997	0.001	0.001
0.001	0.997	0.001	0.001
>TTGTTCCAGTTA	6-TTGTTCCAGTTA	14.323862	-25.750936	0	T:7.0(1.38%),B:6.0(0.02%),P:1e-11	Tpos:104.4,Tstd:56.5,Bpos:86.1,Bstd:50.9,StrandBias:1.3,Multiplicity:1.00
0.001	0.001	0.001	0.997
0.001	0.001	0.001	0.997
0.001	0.001	0.997	0.001
0.001	0.001	0.001	0.997
0.001	0.199	0.001	0.799
0.199	0.799	0.001	0.001
0.001	0.799	0.001	0.199
0.997	0.001	0.001	0.001
0.001	0.001	0.799	0.199
0.001	0.001	0.001	0.997
0.001	0.001	0.001	0.997
0.997	0.001	0.001	0.001
>AWSCAAGATGGC	7-AWSCAAGATGGC	8.349615	-25.746594	0	T:67.0(13.19%),B:1839.7(5.24%),P:1e-11	Tpos:99.6,Tstd:44.1,Bpos:103.8,Bstd:48.1,StrandBias:0.8,Multiplicity:1.04
0.735	0.001	0.026	0.238
0.306	0.167	0.121	0.406
0.143	0.439	0.417	0.001
0.362	0.532	0.053	0.053
0.868	0.026	0.001	0.105
0.997	0.001	0.001	0.001
0.153	0.001	0.646	0.200
0.718	0.052	0.001	0.229
0.001	0.079	0.099	0.821
0.001	0.001	0.973	0.025
0.252	0.001	0.615	0.132
0.001	0.840	0.158	0.001
>ATGGCCSAGCAA	8-ATGGCCSAGCAA	12.020945	-25.715019	0	T:9.0(1.77%),B:17.8(0.05%),P:1e-11	Tpos:111.0,Tstd:57.7,Bpos:110.8,Bstd:34.2,StrandBias:1.8,Multiplicity:1.00
0.800	0.001	0.001	0.198
0.001	0.001	0.001	0.997
0.001	0.001	0.997	0.001
0.190	0.001	0.808	0.001
0.001	0.997	0.001	0.001
0.001	0.609	0.389	0.001
0.007	0.419	0.382	0.191
0.997	0.001	0.001	0.001
0.001	0.001	0.997	0.001
0.001	0.580	0.418	0.001
0.800	0.001	0.001	0.198
0.808	0.190	0.001	0.001
>GTTACCCATAAT	9-GTTACCCATAAT	12.461101	-25.686351	0	T:10.0(1.97%),B:25.8(0.07%),P:1e-11	Tpos:74.2,Tstd:46.5,Bpos:90.2,Bstd:48.2,StrandBias:0.0,Multiplicity:1.00
0.291	0.001	0.707	0.001
0.001	0.001	0.001	0.997
0.001	0.001	0.198	0.800
0.997	0.001	0.001	0.001
0.167	0.498	0.001	0.334
0.001	0.997	0.001	0.001
0.001	0.997	0.001	0.001
0.997	0.001	0.001	0.001
0.334	0.001	0.001	0.664
0.536	0.296	0.167	0.001
0.997	0.001	0.001	0.001
0.001	0.001	0.001	0.997
>GAGCCATCAGCA	10-GAGCCATCAGCA	12.955547	-25.469713	0	T:6.0(1.18%),B:3.7(0.01%),P:1e-11	Tpos:154.7,Tstd:24.3,Bpos:146.7,Bstd:36.5,StrandBias:-1.0,Multiplicity:1.00
0.001	0.001	0.997	0.001
0.997	0.001	0.001	0.001
0.001	0.001	0.690	0.308
0.001	0.997	0.001	0.001
0.001	0.997	0.001	0.001
0.690	0.001	0.001	0.308
0.014	0.309	0.001	0.676
0.001	0.675	0.001	0.323
0.632	0.001	0.366	0.001
0.323	0.001	0.675	0.001
0.001	0.997	0.001	0.001
0.997	0.001	0.001	0.001
>AACAAATTTTGM	11-AACAAATTTTGM	9.943597	-24.853701	0	T:30.0(5.91%),B:458.4(1.31%),P:1e-10	Tpos:73.4,Tstd:50.2,Bpos:94.7,Bstd:58.3,StrandBias:0.3,Multiplicity:1.00
0.771	0.227	0.001	0.001
0.784	0.001	0.001	0.214
0.001	0.657	0.341	0.001
0.927	0.001	0.001	0.071
0.664	0.263	0.072	0.001
0.867	0.001	0.001	0.131
0.120	0.188	0.001	0.691
0.001	0.071	0.001	0.927
0.001	0.001	0.001	0.997
0.214	0.001	0.001	0.784
0.001	0.001	0.997	0.001
0.447	0.420	0.001	0.132
>CTGTAAATATAA	12-CTGTAAATATAA	13.354008	-24.739517	0	T:9.0(1.77%),B:19.3(0.06%),P:1e-10	Tpos:70.7,Tstd:30.3,Bpos:75.8,Bstd:46.2,StrandBias:0.3,Multiplicity:1.00
0.001	0.997	0.001	0.001
0.001	0.001	0.001	0.997
0.001	0.122	0.876	0.001
0.001	0.091	0.001	0.907
0.997	0.001	0.001	0.001
0.876	0.001	0.001	0.122
0.997	0.001	0.001	0.001
0.123	0.103	0.001	0.773
0.997	0.001	0.001	0.001
0.067	0.123	0.001	0.809
0.997	0.001	0.001	0.001
0.876	0.001	0.001	0.122
>ACATCTGTACTT	13-ACATCTGTACTT	13.780306	-23.762097	0	T:7.0(1.38%),B:8.0(0.02%),P:1e-10	Tpos:96.3,Tstd:52.4,Bpos:52.0,Bstd:39.2,StrandBias:-0.4,Multiplicity:1.00
0.997	0.001	0.001	0.001
0.001	0.997	0.001	0.001
0.997	0.001	0.001	0.001
0.001	0.161	0.001	0.837
0.162	0.675	0.162	0.001
0.001	0.001	0.001	0.997
0.001	0.001	0.997	0.001
0.001	0.001	0.001	0.997
0.997	0.001	0.001	0.001
0.161	0.837	0.001	0.001
0.001	0.001	0.001	0.997
0.001	0.001	0.350	0.648
>CAGTGCATACGA	14-CAGTGCATACGA	12.823894	-21.570309	0	T:7.0(1.38%),B:11.3(0.03%),P:1e-9	Tpos:49.4,Tstd:32.1,Bpos:85.4,Bstd:56.1,StrandBias:1.3,Multiplicity:1.00
0.311	0.687	0.001	0.001
0.690	0.001	0.001	0.308
0.308	0.001	0.690	0.001
0.001	0.001	0.001	0.997
0.001	0.001	0.997	0.001
0.001	0.653	0.001	0.345
0.997	0.001	0.001	0.001
0.001	0.001	0.003	0.995
0.966	0.001	0.032	0.001
0.001	0.690	0.308	0.001
0.032	0.001	0.618	0.349
0.997	0.001	0.001	0.001
>ACCAGTTGAACG	15-ACCAGTTGAACG	14.257152	-21.347551	0	T:6.0(1.18%),B:6.1(0.02%),P:1e-9	Tpos:107.2,Tstd:47.4,Bpos:83.2,Bstd:42.8,StrandBias:1.0,Multiplicity:1.00
0.997	0.001	0.001	0.001
0.001	0.997	0.001	0.001
0.001	0.799	0.199	0.001
0.997	0.001	0.001	0.001
0.001	0.001	0.997	0.001
0.001	0.001	0.001	0.997
0.001	0.001	0.001	0.997
0.001	0.001	0.997	0.001
0.997	0.001	0.001	0.001
0.799	0.001	0.001	0.199
0.001	0.997	0.001	0.001
0.200	0.001	0.599	0.200
>CTTTGCAAAGGA	16-CTTTGCAAAGGA	14.898441	-20.529761	0	T:5.0(0.98%),B:3.8(0.01%),P:1e-8	Tpos:107.2,Tstd:58.2,Bpos:86.8,Bstd:34.5,StrandBias:2.0,Multiplicity:1.00
0.001	0.759	0.001	0.239
0.001	0.239	0.001	0.759
0.001	0.001	0.001	0.997
0.001	0.001	0.001	0.997
0.001	0.001	0.997	0.001
0.001	0.997	0.001	0.001
0.997	0.001	0.001	0.001
0.997	0.001	0.001	0.001
0.997	0.001	0.001	0.001
0.001	0.001	0.997	0.001
0.001	0.001	0.997	0.001
0.997	0.001	0.001	0.001
>AAGCGAAAGAAG	17-AAGCGAAAGAAG	13.224454	-20.097349	0	T:8.0(1.57%),B:22.7(0.06%),P:1e-8	Tpos:110.6,Tstd:34.3,Bpos:103.7,Bstd:59.7,StrandBias:2.8,Multiplicity:1.00
0.997	0.001	0.001	0.001
0.997	0.001	0.001	0.001
0.083	0.001	0.915	0.001
0.001	0.738	0.142	0.119
0.001	0.001	0.997	0.001
0.856	0.001	0.142	0.001
0.856	0.142	0.001	0.001
0.997	0.001	0.001	0.001
0.001	0.001	0.997	0.001
0.997	0.001	0.001	0.001
0.997	0.001	0.001	0.001
0.106	0.142	0.751	0.001
>GAAGACATCATG	18-GAAGACATCATG	11.658464	-19.656386	0	T:10.0(1.97%),B:47.9(0.14%),P:1e-8	Tpos:97.2,Tstd:43.3,Bpos:96.5,Bstd:55.9,StrandBias:0.0,Multiplicity:1.00
0.001	0.001	0.926	0.072
0.842	0.001	0.156	0.001
0.724	0.001	0.001	0.274
0.001	0.001	0.854	0.144
0.709	0.001	0.001	0.289
0.073	0.781	0.073	0.073
0.997	0.001	0.001	0.001
0.001	0.001	0.001	0.997
0.145	0.481	0.302	0.073
0.926	0.001	0.001	0.072
0.001	0.001	0.001	0.997
0.001	0.001	0.997	0.001
>TATTGAAAGTCG	19-TATTGAAAGTCG	10.435868	-19.162372	0	T:16.0(3.15%),B:165.5(0.47%),P:1e-8	Tpos:82.6,Tstd:58.6,Bpos:99.0,Bstd:55.8,StrandBias:-0.4,Multiplicity:1.00
0.001	0.004	0.004	0.991
0.525	0.204	0.093	0.178
0.001	0.023	0.001	0.975
0.001	0.001	0.001	0.997
0.001	0.203	0.720	0.076
0.997	0.001	0.001	0.001
0.897	0.001	0.101	0.001
0.897	0.001	0.001	0.101
0.001	0.102	0.694	0.203
0.102	0.004	0.001	0.893
0.204	0.695	0.011	0.090
0.109	0.102	0.684	0.105
>TGAACTTYAAGA	20-TGAACTTYAAGA	9.020011	-18.506308	0	T:43.0(8.46%),B:1110.6(3.16%),P:1e-8	Tpos:87.5,Tstd:54.0,Bpos:92.8,Bstd:56.0,StrandBias:-1.0,Multiplicity:1.05
0.001	0.001	0.001	0.997
0.145	0.001	0.853	0.001
0.627	0.207	0.001	0.165
0.808	0.082	0.001	0.109
0.328	0.500	0.001	0.171
0.259	0.041	0.001	0.699
0.001	0.001	0.251	0.747
0.137	0.404	0.026	0.433
0.607	0.294	0.083	0.016
0.997	0.001	0.001	0.001
0.183	0.191	0.502	0.124
0.894	0.001	0.001	0.104
>GATCAGAAKGCC	21-GATCAGAAKGCC	11.467643	-17.844105	0	T:7.0(1.38%),B:19.6(0.06%),P:1e-7	Tpos:144.1,Tstd:22.5,Bpos:104.1,Bstd:62.4,StrandBias:0.0,Multiplicity:1.14
0.001	0.001	0.997	0.001
0.847	0.008	0.144	0.001
0.265	0.001	0.001	0.733
0.001	0.854	0.144	0.001
0.854	0.001	0.001	0.144
0.001	0.144	0.854	0.001
0.847	0.008	0.144	0.001
0.854	0.144	0.001	0.001
0.001	0.274	0.436	0.289
0.001	0.001	0.997	0.001
0.120	0.878	0.001	0.001
0.120	0.878	0.001	0.001
>KCTGAKGMCRAC	22-KCTGAKGMCRAC	11.660494	-17.497492	0	T:7.0(1.38%),B:20.5(0.06%),P:1e-7	Tpos:114.3,Tstd:47.3,Bpos:93.4,Bstd:48.3,StrandBias:-1.3,Multiplicity:1.00
0.001	0.001	0.511	0.487
0.020	0.956	0.020	0.004
0.001	0.001	0.001	0.997
0.001	0.001	0.997	0.001
0.979	0.001	0.019	0.001
0.001	0.020	0.447	0.532
0.019	0.001	0.979	0.001
0.447	0.532	0.001	0.020
0.001	0.997	0.001	0.001
0.532	0.020	0.447	0.001
0.979	0.001	0.019	0.001
0.003	0.895	0.001	0.101
>TATCTTTGATAT	23-TATCTTTGATAT	13.178417	-15.685192	0	T:5.0(0.98%),B:8.3(0.02%),P:1e-6	Tpos:47.6,Tstd:57.6,Bpos:75.2,Bstd:21.7,StrandBias:0.6,Multiplicity:1.00
0.001	0.001	0.001	0.997
0.780	0.218	0.001	0.001
0.001	0.001	0.001	0.997
0.001	0.997	0.001	0.001
0.001	0.001	0.001	0.997
0.001	0.001	0.001	0.997
0.001	0.001	0.001	0.997
0.001	0.001	0.997	0.001
0.997	0.001	0.001	0.001
0.001	0.001	0.001	0.997
0.849	0.001	0.001	0.149
0.001	0.001	0.001	0.997
>TGATAGATGTAA	24-TGATAGATGTAA	10.251128	-13.099127	0	T:13.0(2.56%),B:172.4(0.49%),P:1e-5	Tpos:111.9,Tstd:54.0,Bpos:93.2,Bstd:53.0,StrandBias:-0.6,Multiplicity:1.15
0.077	0.001	0.154	0.768
0.001	0.057	0.865	0.077
0.922	0.001	0.076	0.001
0.154	0.057	0.001	0.788
0.768	0.154	0.077	0.001
0.001	0.001	0.845	0.153
0.845	0.153	0.001	0.001
0.153	0.001	0.001	0.845
0.154	0.001	0.768	0.077
0.001	0.153	0.001	0.845
0.845	0.001	0.153	0.001
0.922	0.076	0.001	0.001
>GACATACAGACA	25-GACATACAGACA	14.700797	-6.432780	0	T:2.0(0.39%),B:4.8(0.01%),P:1e-2	Tpos:85.4,Tstd:11.8,Bpos:80.8,Bstd:58.3,StrandBias:10.0,Multiplicity:2.50
0.001	0.001	0.846	0.152
0.997	0.001	0.001	0.001
0.001	0.997	0.001	0.001
0.997	0.001	0.001	0.001
0.001	0.001	0.001	0.997
0.997	0.001	0.001	0.001
0.001	0.997	0.001	0.001
0.794	0.001	0.001	0.204
0.001	0.001	0.860	0.138
0.997	0.001	0.001	0.001
0.001	0.997	0.001	0.001
0.997	0.001	0.001	0.001
>TCCGCTTC	1-TCCGCTTC	7.582163	-20.709536	0	T:47.0(9.25%),B:1191.6(3.39%),P:1e-8	Tpos:108.2,Tstd:49.6,Bpos:105.5,Bstd:58.9,StrandBias:-0.3,Multiplicity:1.02
0.001	0.001	0.001	0.997
0.001	0.729	0.115	0.155
0.106	0.859	0.034	0.001
0.109	0.001	0.835	0.055
0.001	0.937	0.001	0.061
0.001	0.075	0.001	0.923
0.001	0.178	0.001	0.820
0.001	0.997	0.001	0.001
>GCCATCTT	2-GCCATCTT	6.592268	-20.412271	0	T:148.0(29.13%),B:6396.5(18.21%),P:1e-8	Tpos:105.3,Tstd:40.5,Bpos:104.9,Bstd:49.8,StrandBias:-1.0,Multiplicity:1.10
0.118	0.183	0.698	0.001
0.001	0.708	0.001	0.290
0.001	0.965	0.033	0.001
0.585	0.378	0.036	0.001
0.001	0.176	0.213	0.610
0.165	0.582	0.100	0.153
0.001	0.013	0.001	0.985
0.194	0.001	0.141	0.664
>CTGTAAGT	3-CTGTAAGT	7.312826	-20.146113	0	T:84.0(16.54%),B:2934.2(8.36%),P:1e-8	Tpos:108.1,Tstd:55.2,Bpos:99.9,Bstd:57.0,StrandBias:-0.1,Multiplicity:1.10
0.056	0.745	0.001	0.198
0.022	0.001	0.017	0.960
0.068	0.018	0.898	0.016
0.089	0.102	0.001	0.808
0.978	0.001	0.017	0.004
0.938	0.001	0.001	0.060
0.128	0.018	0.801	0.053
0.015	0.001	0.060	0.924
>KSTATAGT	4-KSTATAGT	7.872688	-17.105768	0	T:43.0(8.46%),B:1167.7(3.33%),P:1e-7	Tpos:97.9,Tstd:58.6,Bpos:96.2,Bstd:56.0,StrandBias:0.3,Multiplicity:1.02
0.001	0.214	0.327	0.458
0.001	0.393	0.528	0.078
0.001	0.001	0.213	0.785
0.672	0.001	0.326	0.001
0.001	0.001	0.001	0.997
0.653	0.001	0.345	0.001
0.001	0.001	0.997	0.001
0.001	0.001	0.001	0.997
>CGAACAGA	5-CGAACAGA	8.184812	-15.450680	0	T:35.0(6.89%),B:897.8(2.56%),P:1e-6	Tpos:99.2,Tstd:57.9,Bpos:105.5,Bstd:55.6,StrandBias:0.2,Multiplicity:1.06
0.001	0.997	0.001	0.001
0.001	0.001	0.997	0.001
0.997	0.001	0.001	0.001
0.778	0.001	0.001	0.220
0.001	0.997	0.001	0.001
0.997	0.001	0.001	0.001
0.001	0.001	0.853	0.145
0.702	0.296	0.001	0.001
