>ACTTACAACA	1-ACTTACAACA	6.952645	-27.387037	0	T:89.0(17.52%),B:2766.5(7.88%),P:1e-11	Tpos:101.9,Tstd:56.4,Bpos:101.2,Bstd:57.8,StrandBias:0.2,Multiplicity:1.08
0.893	0.015	0.056	0.036
0.044	0.828	0.070	0.058
0.075	0.055	0.066	0.804
0.034	0.035	0.060	0.871
0.795	0.045	0.086	0.074
0.069	0.763	0.085	0.083
0.776	0.067	0.072	0.085
0.706	0.105	0.109	0.080
0.094	0.812	0.028	0.066
0.759	0.054	0.063	0.124
>AGCTGTAGTA	2-AGCTGTAGTA	7.329063	-25.261748	0	T:54.0(10.63%),B:1310.5(3.73%),P:1e-10	Tpos:100.8,Tstd:58.5,Bpos:99.6,Bstd:57.5,StrandBias:-0.2,Multiplicity:1.04
0.738	0.058	0.034	0.170
0.044	0.058	0.717	0.181
0.146	0.767	0.046	0.041
0.023	0.001	0.001	0.975
0.152	0.143	0.584	0.121
0.021	0.073	0.001	0.905
0.777	0.022	0.134	0.067
0.076	0.085	0.753	0.086
0.108	0.001	0.050	0.841
0.941	0.026	0.001	0.032
>AAAATGAATC	3-AAAATGAATC	7.969974	-23.213619	0	T:40.0(7.87%),B:834.7(2.38%),P:1e-10	Tpos:91.5,Tstd:48.4,Bpos:93.7,Bstd:56.6,StrandBias:-0.3,Multiplicity:1.00
0.960	0.001	0.038	0.001
0.923	0.001	0.001	0.075
0.892	0.001	0.058	0.049
0.857	0.042	0.056	0.045
0.001	0.001	0.048	0.950
0.025	0.103	0.838	0.034
0.885	0.038	0.048	0.029
0.859	0.047	0.051	0.043
0.001	0.100	0.028	0.871
0.017	0.962	0.001	0.020
>TGCGGCGTTC	4-TGCGGCGTTC	10.092042	-22.468032	0	T:13.0(2.56%),B:76.3(0.22%),P:1e-9	Tpos:95.0,Tstd:77.1,Bpos:104.8,Bstd:62.4,StrandBias:0.7,Multiplicity:1.00
0.024	0.200	0.025	0.751
0.001	0.001	0.997	0.001
0.001	0.714	0.001	0.284
0.232	0.001	0.766	0.001
0.001	0.001	0.883	0.115
0.001	0.997	0.001	0.001
0.251	0.001	0.747	0.001
0.001	0.001	0.001	0.997
0.001	0.267	0.001	0.731
0.001	0.878	0.001	0.120
>TTTCCTATAT	5-TTTCCTATAT	8.652311	-22.125538	0	T:29.0(5.71%),B:482.3(1.37%),P:1e-9	Tpos:99.5,Tstd:57.6,Bpos:97.9,Bstd:55.7,StrandBias:0.4,Multiplicity:1.04
0.001	0.001	0.001	0.997
0.001	0.001	0.001	0.997
0.090	0.001	0.078	0.831
0.001	0.939	0.059	0.001
0.001	0.944	0.001	0.054
0.038	0.001	0.001	0.960
0.921	0.077	0.001	0.001
0.049	0.067	0.072	0.812
0.754	0.001	0.064	0.181
0.001	0.001	0.085	0.913
>GCAAGATGGC	6-GCAAGATGGC	6.903582	-21.886705	0	T:97.0(19.09%),B:3482.8(9.92%),P:1e-9	Tpos:103.2,Tstd:43.1,Bpos:106.6,Bstd:48.0,StrandBias:1.0,Multiplicity:1.09
0.091	0.052	0.798	0.059
0.113	0.718	0.106	0.063
0.818	0.071	0.024	0.087
0.820	0.035	0.070	0.075
0.082	0.047	0.800	0.071
0.868	0.026	0.060	0.046
0.048	0.027	0.130	0.795
0.033	0.070	0.830	0.067
0.093	0.063	0.752	0.092
0.097	0.806	0.051	0.046
>GAACTTAGGA	7-GAACTTAGGA	10.594586	-21.666396	0	T:10.0(1.97%),B:38.6(0.11%),P:1e-9	Tpos:81.5,Tstd:43.3,Bpos:87.9,Bstd:52.8,StrandBias:1.2,Multiplicity:1.00
0.001	0.001	0.997	0.001
0.997	0.001	0.001	0.001
0.997	0.001	0.001	0.001
0.139	0.859	0.001	0.001
0.001	0.137	0.001	0.861
0.138	0.057	0.001	0.804
0.953	0.001	0.001	0.045
0.001	0.093	0.825	0.081
0.001	0.064	0.934	0.001
0.896	0.102	0.001	0.001
>CAGGCTGCTT	8-CAGGCTGCTT	10.128041	-21.641271	0	T:14.0(2.76%),B:100.0(0.28%),P:1e-9	Tpos:93.8,Tstd:63.7,Bpos:109.2,Bstd:57.4,StrandBias:0.0,Multiplicity:1.00
0.001	0.898	0.100	0.001
0.997	0.001	0.001	0.001
0.001	0.089	0.757	0.153
0.058	0.001	0.885	0.056
0.001	0.997	0.001	0.001
0.069	0.001	0.001	0.929
0.001	0.001	0.997	0.001
0.001	0.997	0.001	0.001
0.083	0.001	0.001	0.915
0.101	0.089	0.089	0.721
>TATAGGCTCG	9-TATAGGCTCG	10.596610	-21.419491	0	T:10.0(1.97%),B:39.8(0.11%),P:1e-9	Tpos:130.4,Tstd:44.7,Bpos:72.6,Bstd:50.9,StrandBias:0.0,Multiplicity:1.00
0.001	0.001	0.001	0.997
0.997	0.001	0.001	0.001
0.167	0.113	0.001	0.719
0.906	0.092	0.001	0.001
0.001	0.001	0.997	0.001
0.001	0.001	0.885	0.113
0.001	0.997	0.001	0.001
0.001	0.001	0.001	0.997
0.098	0.796	0.001	0.105
0.001	0.167	0.831	0.001
>TCATAGGTAA	10-TCATAGGTAA	7.153287	-20.602422	0	T:59.0(11.61%),B:1714.2(4.88%),P:1e-8	Tpos:98.1,Tstd:57.2,Bpos:99.2,Bstd:55.4,StrandBias:0.1,Multiplicity:1.02
0.046	0.030	0.082	0.842
0.015	0.843	0.075	0.067
0.834	0.031	0.098	0.037
0.060	0.093	0.082	0.765
0.747	0.091	0.108	0.054
0.073	0.052	0.791	0.084
0.067	0.059	0.841	0.033
0.095	0.082	0.090	0.733
0.845	0.082	0.049	0.024
0.767	0.086	0.116	0.031
>BTCGKGCGAG	11-BTCGKGCGAG	11.231946	-20.529761	0	T:5.0(0.98%),B:3.3(0.01%),P:1e-8	Tpos:143.8,Tstd:56.8,Bpos:76.8,Bstd:33.6,StrandBias:2.0,Multiplicity:1.00
0.001	0.268	0.316	0.416
0.315	0.001	0.001	0.683
0.267	0.731	0.001	0.001
0.001	0.001	0.997	0.001
0.001	0.001	0.535	0.463
0.001	0.132	0.866	0.001
0.001	0.997	0.001	0.001
0.001	0.001	0.997	0.001
0.997	0.001	0.001	0.001
0.001	0.001	0.997	0.001
>GGACTKACGC	12-GGACTKACGC	8.930641	-20.462127	0	T:17.0(3.35%),B:173.0(0.49%),P:1e-8	Tpos:93.6,Tstd:40.1,Bpos:103.3,Bstd:54.5,StrandBias:-0.7,Multiplicity:1.06
0.251	0.001	0.659	0.089
0.222	0.001	0.648	0.129
0.769	0.010	0.120	0.101
0.001	0.997	0.001	0.001
0.001	0.001	0.002	0.996
0.001	0.001	0.573	0.425
0.546	0.370	0.083	0.001
0.001	0.997	0.001	0.001
0.001	0.119	0.879	0.001
0.001	0.879	0.119	0.001
>ATCAAAAAGA	13-ATCAAAAAGA	9.180087	-19.966796	0	T:29.0(5.71%),B:531.7(1.51%),P:1e-8	Tpos:95.0,Tstd:60.6,Bpos:95.8,Bstd:56.0,StrandBias:-0.1,Multiplicity:1.04
0.947	0.051	0.001	0.001
0.071	0.103	0.038	0.788
0.023	0.931	0.001	0.045
0.883	0.053	0.001	0.063
0.956	0.042	0.001	0.001
0.903	0.037	0.001	0.059
0.805	0.001	0.193	0.001
0.960	0.038	0.001	0.001
0.040	0.023	0.913	0.024
0.942	0.001	0.056	0.001
>CGTTCCTTTG	14-CGTTCCTTTG	9.699024	-19.071620	0	T:19.0(3.74%),B:242.4(0.69%),P:1e-8	Tpos:87.8,Tstd:46.0,Bpos:102.3,Bstd:56.1,StrandBias:0.2,Multiplicity:1.06
0.070	0.928	0.001	0.001
0.041	0.001	0.919	0.039
0.088	0.001	0.001	0.910
0.076	0.001	0.001	0.922
0.068	0.826	0.059	0.047
0.071	0.871	0.001	0.057
0.001	0.001	0.001	0.997
0.001	0.089	0.089	0.821
0.001	0.001	0.001	0.997
0.126	0.001	0.872	0.001
>ATTTTTCCWC	15-ATTTTTCCWC	7.930409	-17.412115	0	T:69.0(13.58%),B:2358.3(6.72%),P:1e-7	Tpos:115.3,Tstd:53.4,Bpos:99.3,Bstd:59.9,StrandBias:-0.2,Multiplicity:1.07
0.569	0.001	0.028	0.402
0.151	0.030	0.219	0.600
0.228	0.001	0.228	0.543
0.001	0.158	0.001	0.840
0.001	0.030	0.001	0.968
0.026	0.067	0.026	0.881
0.022	0.954	0.023	0.001
0.073	0.656	0.246	0.025
0.552	0.001	0.001	0.446
0.151	0.547	0.301	0.001
>AGCTTCCTTA	16-AGCTTCCTTA	10.296193	-17.384093	0	T:4.0(0.79%),B:2.8(0.01%),P:1e-7	Tpos:75.0,Tstd:35.7,Bpos:105.4,Bstd:27.2,StrandBias:1.6,Multiplicity:1.00
0.700	0.100	0.100	0.100
0.100	0.100	0.700	0.100
0.100	0.700	0.100	0.100
0.100	0.100	0.100	0.700
0.100	0.100	0.100	0.700
0.100	0.700	0.100	0.100
0.100	0.700	0.100	0.100
0.100	0.100	0.100	0.700
0.100	0.100	0.100	0.700
0.700	0.100	0.100	0.100
>GRTAGAAYGT	17-GRTAGAAYGT	9.903937	-16.637839	0	T:13.0(2.56%),B:125.5(0.36%),P:1e-7	Tpos:107.2,Tstd:53.4,Bpos:91.1,Bstd:53.6,StrandBias:0.7,Multiplicity:1.00
0.001	0.001	0.696	0.302
0.434	0.279	0.286	0.001
0.214	0.001	0.001	0.784
0.997	0.001	0.001	0.001
0.001	0.001	0.997	0.001
0.754	0.244	0.001	0.001
0.997	0.001	0.001	0.001
0.001	0.501	0.001	0.497
0.243	0.001	0.755	0.001
0.001	0.001	0.001	0.997
>CAACACACTT	18-CAACACACTT	8.752962	-16.257533	0	T:26.0(5.12%),B:522.2(1.49%),P:1e-7	Tpos:88.8,Tstd:51.0,Bpos:98.3,Bstd:59.2,StrandBias:0.4,Multiplicity:1.00
0.117	0.881	0.001	0.001
0.809	0.001	0.001	0.189
0.891	0.001	0.001	0.107
0.001	0.864	0.001	0.134
0.781	0.130	0.001	0.088
0.001	0.860	0.138	0.001
0.896	0.006	0.097	0.001
0.053	0.645	0.173	0.129
0.071	0.001	0.162	0.766
0.037	0.227	0.130	0.606
>ACAGACATAC	19-ACAGACATAC	9.348405	-12.196980	0	T:15.0(2.95%),B:249.0(0.71%),P:1e-5	Tpos:125.2,Tstd:53.7,Bpos:98.4,Bstd:56.7,StrandBias:0.8,Multiplicity:1.27
0.839	0.001	0.117	0.043
0.001	0.739	0.057	0.203
0.915	0.001	0.081	0.003
0.001	0.038	0.960	0.001
0.449	0.048	0.268	0.236
0.020	0.814	0.001	0.165
0.681	0.218	0.053	0.048
0.001	0.230	0.001	0.768
0.886	0.001	0.001	0.112
0.001	0.939	0.001	0.059
