>TCCGCTTC	1-TCCGCTTC	7.582163	-20.709536	0	T:47.0(9.25%),B:1191.6(3.39%),P:1e-8	Tpos:108.2,Tstd:49.6,Bpos:105.5,Bstd:58.9,StrandBias:-0.3,Multiplicity:1.02
0.001	0.001	0.001	0.997
0.001	0.729	0.115	0.155
0.106	0.859	0.034	0.001
0.109	0.001	0.835	0.055
0.001	0.937	0.001	0.061
0.001	0.075	0.001	0.923
0.001	0.178	0.001	0.820
0.001	0.997	0.001	0.001
>GCCATCTT	2-GCCATCTT	6.592268	-20.412271	0	T:148.0(29.13%),B:6396.5(18.21%),P:1e-8	Tpos:105.3,Tstd:40.5,Bpos:104.9,Bstd:49.8,StrandBias:-1.0,Multiplicity:1.10
0.118	0.183	0.698	0.001
0.001	0.708	0.001	0.290
0.001	0.965	0.033	0.001
0.585	0.378	0.036	0.001
0.001	0.176	0.213	0.610
0.165	0.582	0.100	0.153
0.001	0.013	0.001	0.985
0.194	0.001	0.141	0.664
>CTGTAAGT	3-CTGTAAGT	7.312826	-20.146113	0	T:84.0(16.54%),B:2934.2(8.36%),P:1e-8	Tpos:108.1,Tstd:55.2,Bpos:99.9,Bstd:57.0,StrandBias:-0.1,Multiplicity:1.10
0.056	0.745	0.001	0.198
0.022	0.001	0.017	0.960
0.068	0.018	0.898	0.016
0.089	0.102	0.001	0.808
0.978	0.001	0.017	0.004
0.938	0.001	0.001	0.060
0.128	0.018	0.801	0.053
0.015	0.001	0.060	0.924
>KSTATAGT	4-KSTATAGT	7.872688	-17.105768	0	T:43.0(8.46%),B:1167.7(3.33%),P:1e-7	Tpos:97.9,Tstd:58.6,Bpos:96.2,Bstd:56.0,StrandBias:0.3,Multiplicity:1.02
0.001	0.214	0.327	0.458
0.001	0.393	0.528	0.078
0.001	0.001	0.213	0.785
0.672	0.001	0.326	0.001
0.001	0.001	0.001	0.997
0.653	0.001	0.345	0.001
0.001	0.001	0.997	0.001
0.001	0.001	0.001	0.997
>CGAACAGA	5-CGAACAGA	8.184812	-15.450680	0	T:35.0(6.89%),B:897.8(2.56%),P:1e-6	Tpos:99.2,Tstd:57.9,Bpos:105.5,Bstd:55.6,StrandBias:0.2,Multiplicity:1.06
0.001	0.997	0.001	0.001
0.001	0.001	0.997	0.001
0.997	0.001	0.001	0.001
0.778	0.001	0.001	0.220
0.001	0.997	0.001	0.001
0.997	0.001	0.001	0.001
0.001	0.001	0.853	0.145
0.702	0.296	0.001	0.001
