>TCYSTGCACC	1-TCYSTGCACC	7.106623	-27.598794	0	T:35.0(2.81%),B:219.1(0.64%),P:1e-11	Tpos:92.0,Tstd:50.8,Bpos:102.1,Bstd:59.6,StrandBias:-0.2,Multiplicity:1.03
0.248	0.238	0.050	0.464
0.172	0.448	0.200	0.180
0.202	0.327	0.033	0.438
0.197	0.325	0.441	0.037
0.062	0.045	0.052	0.841
0.043	0.061	0.858	0.038
0.146	0.486	0.178	0.191
0.565	0.090	0.263	0.082
0.313	0.598	0.043	0.046
0.040	0.637	0.057	0.266
>ACCTGTCGCC	2-ACCTGTCGCC	8.014241	-26.671950	0	T:40.0(3.21%),B:291.7(0.85%),P:1e-11	Tpos:102.6,Tstd:53.7,Bpos:110.3,Bstd:55.2,StrandBias:-0.1,Multiplicity:1.02
0.692	0.203	0.054	0.051
0.088	0.860	0.051	0.001
0.112	0.844	0.043	0.001
0.044	0.051	0.274	0.631
0.166	0.140	0.693	0.001
0.051	0.045	0.001	0.903
0.063	0.935	0.001	0.001
0.001	0.045	0.953	0.001
0.001	0.848	0.150	0.001
0.145	0.665	0.108	0.082
>CGWSTARGAT	3-CGWSTARGAT	6.471724	-25.881268	0	T:70.0(5.61%),B:764.5(2.22%),P:1e-11	Tpos:105.7,Tstd:61.6,Bpos:105.3,Bstd:57.6,StrandBias:-0.7,Multiplicity:1.07
0.205	0.711	0.043	0.041
0.031	0.055	0.854	0.060
0.298	0.183	0.176	0.343
0.138	0.337	0.453	0.073
0.039	0.339	0.036	0.586
0.675	0.028	0.257	0.040
0.405	0.175	0.348	0.071
0.308	0.037	0.631	0.024
0.496	0.316	0.042	0.146
0.046	0.359	0.050	0.545
>GTTGTCTGCT	4-GTTGTCTGCT	8.209211	-24.856296	0	T:48.0(3.85%),B:425.7(1.24%),P:1e-10	Tpos:81.0,Tstd:55.2,Bpos:107.1,Bstd:53.5,StrandBias:-1.0,Multiplicity:1.00
0.034	0.076	0.889	0.001
0.036	0.001	0.001	0.962
0.079	0.001	0.045	0.875
0.001	0.022	0.976	0.001
0.039	0.070	0.001	0.890
0.001	0.906	0.042	0.051
0.020	0.080	0.137	0.763
0.069	0.001	0.929	0.001
0.056	0.867	0.027	0.050
0.012	0.029	0.001	0.958
>GTTGAGCAAA	5-GTTGAGCAAA	9.262369	-23.487572	0	T:42.0(3.37%),B:353.8(1.03%),P:1e-10	Tpos:99.8,Tstd:63.1,Bpos:99.0,Bstd:57.4,StrandBias:-0.6,Multiplicity:1.00
0.001	0.107	0.891	0.001
0.029	0.027	0.033	0.911
0.058	0.039	0.099	0.804
0.001	0.041	0.926	0.032
0.952	0.001	0.027	0.020
0.142	0.031	0.801	0.026
0.105	0.867	0.001	0.027
0.997	0.001	0.001	0.001
0.915	0.048	0.036	0.001
0.930	0.042	0.027	0.001
>TTGATTTACC	6-TTGATTTACC	7.330333	-22.209004	0	T:47.0(3.77%),B:445.5(1.30%),P:1e-9	Tpos:97.2,Tstd:50.4,Bpos:104.4,Bstd:55.8,StrandBias:-0.8,Multiplicity:1.00
0.054	0.028	0.023	0.895
0.051	0.274	0.029	0.646
0.236	0.035	0.699	0.030
0.485	0.206	0.214	0.095
0.163	0.179	0.177	0.482
0.184	0.059	0.192	0.565
0.025	0.049	0.175	0.751
0.753	0.024	0.201	0.022
0.204	0.604	0.032	0.160
0.154	0.506	0.161	0.179
>GGTTATTTAG	7-GGTTATTTAG	10.243886	-21.393916	0	T:14.0(1.12%),B:40.4(0.12%),P:1e-9	Tpos:99.9,Tstd:55.7,Bpos:85.9,Bstd:55.8,StrandBias:0.4,Multiplicity:1.00
0.001	0.001	0.997	0.001
0.001	0.001	0.997	0.001
0.001	0.001	0.195	0.803
0.001	0.001	0.001	0.997
0.770	0.228	0.001	0.001
0.001	0.001	0.001	0.997
0.001	0.228	0.001	0.770
0.001	0.140	0.001	0.858
0.820	0.060	0.119	0.001
0.081	0.001	0.917	0.001
>CCGCCGCCTT	8-CCGCCGCCTT	6.832765	-20.927289	0	T:98.0(7.86%),B:1393.1(4.05%),P:1e-9	Tpos:99.4,Tstd:48.5,Bpos:106.6,Bstd:53.6,StrandBias:-0.1,Multiplicity:1.08
0.057	0.770	0.095	0.078
0.065	0.781	0.078	0.076
0.118	0.063	0.763	0.056
0.063	0.812	0.075	0.050
0.039	0.882	0.053	0.026
0.055	0.100	0.767	0.078
0.051	0.803	0.055	0.091
0.060	0.843	0.037	0.060
0.092	0.040	0.077	0.791
0.035	0.096	0.074	0.795
>AGTCCGGTTG	9-AGTCCGGTTG	11.150118	-20.708150	0	T:9.0(0.72%),B:13.0(0.04%),P:1e-8	Tpos:124.8,Tstd:54.5,Bpos:111.0,Bstd:61.7,StrandBias:0.3,Multiplicity:1.00
0.997	0.001	0.001	0.001
0.001	0.001	0.997	0.001
0.136	0.136	0.001	0.727
0.001	0.890	0.001	0.108
0.001	0.863	0.135	0.001
0.001	0.001	0.997	0.001
0.001	0.001	0.997	0.001
0.001	0.001	0.001	0.997
0.001	0.001	0.001	0.997
0.001	0.001	0.997	0.001
>TVSCCCKAGW	10-TVSCCCKAGW	8.070203	-19.874349	0	T:48.0(3.85%),B:496.4(1.44%),P:1e-8	Tpos:102.0,Tstd:58.3,Bpos:99.6,Bstd:58.7,StrandBias:-0.2,Multiplicity:1.09
0.001	0.001	0.001	0.997
0.353	0.267	0.380	0.001
0.001	0.517	0.481	0.001
0.001	0.579	0.419	0.001
0.380	0.532	0.087	0.001
0.001	0.997	0.001	0.001
0.001	0.001	0.447	0.551
0.997	0.001	0.001	0.001
0.001	0.062	0.544	0.393
0.400	0.176	0.062	0.362
>TGCGTATTCG	11-TGCGTATTCG	7.188777	-19.700337	0	T:55.0(4.41%),B:617.3(1.79%),P:1e-8	Tpos:88.6,Tstd:51.9,Bpos:93.2,Bstd:53.7,StrandBias:-0.9,Multiplicity:1.35
0.038	0.071	0.075	0.816
0.089	0.077	0.741	0.093
0.067	0.743	0.089	0.101
0.027	0.047	0.826	0.100
0.117	0.070	0.063	0.750
0.810	0.061	0.056	0.073
0.049	0.051	0.057	0.843
0.056	0.061	0.053	0.830
0.061	0.877	0.036	0.026
0.054	0.126	0.772	0.048
>TASKMTKGAM	12-TASKMTKGAM	7.809589	-19.595136	0	T:39.0(3.13%),B:357.3(1.04%),P:1e-8	Tpos:90.2,Tstd:59.4,Bpos:100.5,Bstd:56.9,StrandBias:0.6,Multiplicity:1.05
0.039	0.083	0.030	0.848
0.528	0.065	0.370	0.037
0.133	0.362	0.468	0.037
0.045	0.197	0.371	0.386
0.420	0.493	0.035	0.052
0.036	0.052	0.039	0.873
0.018	0.032	0.431	0.519
0.186	0.088	0.692	0.034
0.781	0.079	0.074	0.066
0.444	0.338	0.061	0.157
>CGTGTAMCGA	13-CGTGTAMCGA	8.464456	-19.550765	0	T:28.0(2.25%),B:200.1(0.58%),P:1e-8	Tpos:92.4,Tstd:53.6,Bpos:105.4,Bstd:52.5,StrandBias:0.3,Multiplicity:1.04
0.001	0.997	0.001	0.001
0.115	0.001	0.883	0.001
0.001	0.177	0.191	0.631
0.104	0.240	0.460	0.196
0.001	0.124	0.001	0.874
0.624	0.374	0.001	0.001
0.437	0.398	0.001	0.163
0.088	0.537	0.374	0.001
0.027	0.001	0.637	0.335
0.997	0.001	0.001	0.001
>CTTGTTGGCG	14-CTTGTTGGCG	10.296193	-19.408115	0	T:7.0(0.56%),B:6.6(0.02%),P:1e-8	Tpos:108.4,Tstd:51.1,Bpos:111.2,Bstd:67.4,StrandBias:1.3,Multiplicity:1.00
0.100	0.700	0.100	0.100
0.100	0.100	0.100	0.700
0.100	0.100	0.100	0.700
0.100	0.100	0.700	0.100
0.100	0.100	0.100	0.700
0.100	0.100	0.100	0.700
0.100	0.100	0.700	0.100
0.100	0.100	0.700	0.100
0.100	0.700	0.100	0.100
0.100	0.100	0.700	0.100
>ATCTGCTAGT	15-ATCTGCTAGT	9.791000	-19.132394	0	T:17.0(1.36%),B:75.8(0.22%),P:1e-8	Tpos:115.1,Tstd:48.9,Bpos:109.8,Bstd:54.9,StrandBias:-0.5,Multiplicity:1.00
0.898	0.001	0.001	0.100
0.105	0.323	0.001	0.571
0.134	0.864	0.001	0.001
0.007	0.001	0.080	0.912
0.001	0.225	0.639	0.135
0.001	0.997	0.001	0.001
0.001	0.001	0.001	0.997
0.845	0.001	0.153	0.001
0.123	0.001	0.875	0.001
0.001	0.088	0.034	0.877
>ACTAGRCRCG	16-ACTAGRCRCG	10.413527	-17.667687	0	T:8.0(0.64%),B:12.5(0.04%),P:1e-7	Tpos:114.8,Tstd:61.8,Bpos:83.5,Bstd:38.9,StrandBias:0.3,Multiplicity:1.12
0.943	0.055	0.001	0.001
0.001	0.755	0.243	0.001
0.001	0.001	0.001	0.997
0.997	0.001	0.001	0.001
0.001	0.243	0.755	0.001
0.453	0.001	0.545	0.001
0.001	0.997	0.001	0.001
0.560	0.001	0.438	0.001
0.001	0.804	0.001	0.194
0.243	0.001	0.755	0.001
>CCAGCTAGCT	17-CCAGCTAGCT	8.150582	-16.274804	0	T:23.0(1.84%),B:165.8(0.48%),P:1e-7	Tpos:98.8,Tstd:54.6,Bpos:97.2,Bstd:58.3,StrandBias:-0.7,Multiplicity:1.13
0.320	0.482	0.031	0.167
0.009	0.616	0.364	0.011
0.811	0.063	0.097	0.029
0.012	0.280	0.689	0.019
0.015	0.712	0.001	0.272
0.301	0.017	0.020	0.662
0.485	0.192	0.155	0.168
0.258	0.174	0.555	0.013
0.021	0.855	0.060	0.064
0.001	0.403	0.001	0.595
>TACGRAATGC	18-TACGRAATGC	9.678787	-13.766487	0	T:16.0(1.28%),B:99.0(0.29%),P:1e-5	Tpos:92.8,Tstd:52.3,Bpos:98.9,Bstd:56.4,StrandBias:0.6,Multiplicity:1.25
0.001	0.129	0.108	0.762
0.596	0.001	0.402	0.001
0.001	0.997	0.001	0.001
0.001	0.001	0.997	0.001
0.499	0.011	0.390	0.100
0.848	0.022	0.001	0.129
0.755	0.126	0.118	0.001
0.001	0.225	0.001	0.773
0.001	0.001	0.997	0.001
0.001	0.877	0.121	0.001
>ACGAGTGCTG	19-ACGAGTGCTG	10.296193	-13.736259	0	T:4.0(0.32%),B:3.0(0.01%),P:1e-5	Tpos:139.0,Tstd:7.0,Bpos:147.0,Bstd:0.0,StrandBias:-1.6,Multiplicity:1.00
0.700	0.100	0.100	0.100
0.100	0.700	0.100	0.100
0.100	0.100	0.700	0.100
0.700	0.100	0.100	0.100
0.100	0.100	0.700	0.100
0.100	0.100	0.100	0.700
0.100	0.100	0.700	0.100
0.100	0.700	0.100	0.100
0.100	0.100	0.100	0.700
0.100	0.100	0.700	0.100
>TGGAGCTAAT	20-TGGAGCTAAT	10.296193	-13.736259	0	T:4.0(0.32%),B:2.9(0.01%),P:1e-5	Tpos:111.8,Tstd:33.3,Bpos:103.6,Bstd:41.1,StrandBias:-10.0,Multiplicity:1.00
0.100	0.100	0.100	0.700
0.100	0.100	0.700	0.100
0.100	0.100	0.700	0.100
0.700	0.100	0.100	0.100
0.100	0.100	0.700	0.100
0.100	0.700	0.100	0.100
0.100	0.100	0.100	0.700
0.700	0.100	0.100	0.100
0.700	0.100	0.100	0.100
0.100	0.100	0.100	0.700
>CCAGTTATAC	21-CCAGTTATAC	10.296193	-13.736259	0	T:4.0(0.32%),B:2.9(0.01%),P:1e-5	Tpos:105.0,Tstd:26.0,Bpos:123.7,Bstd:34.9,StrandBias:10.0,Multiplicity:1.00
0.100	0.700	0.100	0.100
0.100	0.700	0.100	0.100
0.700	0.100	0.100	0.100
0.100	0.100	0.700	0.100
0.100	0.100	0.100	0.700
0.100	0.100	0.100	0.700
0.700	0.100	0.100	0.100
0.100	0.100	0.100	0.700
0.700	0.100	0.100	0.100
0.100	0.700	0.100	0.100
>CTGGCACCAA	22-CTGGCACCAA	10.296193	-13.483760	0	T:5.0(0.40%),B:5.8(0.02%),P:1e-5	Tpos:66.4,Tstd:36.7,Bpos:127.1,Bstd:29.8,StrandBias:-0.6,Multiplicity:1.00
0.100	0.700	0.100	0.100
0.100	0.100	0.100	0.700
0.100	0.100	0.700	0.100
0.100	0.100	0.700	0.100
0.100	0.700	0.100	0.100
0.700	0.100	0.100	0.100
0.100	0.700	0.100	0.100
0.100	0.700	0.100	0.100
0.700	0.100	0.100	0.100
0.700	0.100	0.100	0.100
>YACCGCCCCB	23-YACCGCCCCB	7.538386	-13.154588	0	T:75.0(6.01%),B:1161.2(3.38%),P:1e-5	Tpos:67.9,Tstd:46.9,Bpos:69.0,Bstd:56.2,StrandBias:1.2,Multiplicity:1.19
0.232	0.330	0.001	0.437
0.689	0.212	0.002	0.097
0.001	0.741	0.153	0.105
0.004	0.824	0.006	0.166
0.238	0.250	0.509	0.003
0.001	0.996	0.002	0.001
0.002	0.991	0.005	0.002
0.377	0.616	0.004	0.003
0.003	0.995	0.001	0.001
0.003	0.336	0.352	0.308
>CGGTCATTGC	24-CGGTCATTGC	10.296193	-12.602107	0	T:5.0(0.40%),B:6.8(0.02%),P:1e-5	Tpos:101.6,Tstd:36.4,Bpos:129.9,Bstd:33.6,StrandBias:0.6,Multiplicity:1.00
0.100	0.700	0.100	0.100
0.100	0.100	0.700	0.100
0.100	0.100	0.700	0.100
0.100	0.100	0.100	0.700
0.100	0.700	0.100	0.100
0.700	0.100	0.100	0.100
0.100	0.100	0.100	0.700
0.100	0.100	0.100	0.700
0.100	0.100	0.700	0.100
0.100	0.700	0.100	0.100
>TCGCATAATG	25-TCGCATAATG	10.660107	-8.595733	0	T:8.0(0.64%),B:42.4(0.12%),P:1e-3	Tpos:86.5,Tstd:48.9,Bpos:86.8,Bstd:48.2,StrandBias:-1.5,Multiplicity:1.75
0.068	0.126	0.001	0.805
0.100	0.898	0.001	0.001
0.001	0.001	0.997	0.001
0.001	0.997	0.001	0.001
0.997	0.001	0.001	0.001
0.001	0.001	0.001	0.997
0.923	0.001	0.001	0.075
0.931	0.067	0.001	0.001
0.001	0.075	0.001	0.923
0.001	0.001	0.997	0.001
