>GAACGTCG	1-GAACGTCG	4.669804	-19.242020	0	T:463.0(37.13%),B:10146.7(29.50%),P:1e-8	Tpos:105.0,Tstd:56.6,Bpos:104.5,Bstd:55.0,StrandBias:0.1,Multiplicity:1.28
0.111	0.048	0.797	0.044
0.735	0.155	0.042	0.068
0.799	0.058	0.099	0.044
0.067	0.765	0.045	0.123
0.126	0.048	0.762	0.064
0.137	0.116	0.118	0.629
0.047	0.704	0.149	0.100
0.056	0.060	0.820	0.064
>GTATACAA	2-GTATACAA	6.534246	-16.529636	0	T:207.0(16.60%),B:3965.1(11.53%),P:1e-7	Tpos:92.9,Tstd:56.6,Bpos:94.1,Bstd:57.6,StrandBias:0.4,Multiplicity:1.12
0.056	0.017	0.899	0.028
0.001	0.064	0.001	0.934
0.906	0.044	0.001	0.049
0.060	0.001	0.001	0.938
0.860	0.048	0.025	0.067
0.001	0.997	0.001	0.001
0.840	0.081	0.014	0.065
0.703	0.103	0.073	0.121
>TAAGTGTT	3-TAAGTGTT	8.808482	-15.409881	0	T:64.0(5.13%),B:875.7(2.55%),P:1e-6	Tpos:114.4,Tstd:60.4,Bpos:103.8,Bstd:59.6,StrandBias:0.2,Multiplicity:1.00
0.001	0.001	0.001	0.997
0.997	0.001	0.001	0.001
0.997	0.001	0.001	0.001
0.001	0.001	0.997	0.001
0.001	0.001	0.001	0.997
0.001	0.001	0.770	0.228
0.001	0.001	0.135	0.863
0.001	0.001	0.001	0.997
>CGAATACG	4-CGAATACG	7.721374	-15.054330	0	T:49.0(3.93%),B:602.3(1.75%),P:1e-6	Tpos:95.6,Tstd:54.3,Bpos:97.4,Bstd:56.0,StrandBias:0.7,Multiplicity:1.33
0.001	0.807	0.001	0.191
0.001	0.001	0.997	0.001
0.943	0.001	0.055	0.001
0.997	0.001	0.001	0.001
0.001	0.001	0.001	0.997
0.891	0.001	0.001	0.107
0.117	0.881	0.001	0.001
0.001	0.001	0.997	0.001
>GGTGGTGG	5-GGTGGTGG	7.936570	-13.433953	0	T:57.0(4.57%),B:791.9(2.30%),P:1e-5	Tpos:101.7,Tstd:56.7,Bpos:107.6,Bstd:58.7,StrandBias:0.1,Multiplicity:1.07
0.001	0.001	0.997	0.001
0.001	0.001	0.997	0.001
0.001	0.066	0.001	0.932
0.099	0.001	0.899	0.001
0.001	0.001	0.997	0.001
0.001	0.099	0.001	0.899
0.001	0.001	0.997	0.001
0.001	0.001	0.810	0.188
>AATAGGAG	6-AATAGGAG	7.631401	-13.235561	0	T:44.0(3.53%),B:550.2(1.60%),P:1e-5	Tpos:115.0,Tstd:55.5,Bpos:99.9,Bstd:58.8,StrandBias:-0.8,Multiplicity:1.00
0.997	0.001	0.001	0.001
0.997	0.001	0.001	0.001
0.001	0.001	0.001	0.997
0.783	0.001	0.001	0.215
0.001	0.001	0.997	0.001
0.001	0.001	0.997	0.001
0.849	0.149	0.001	0.001
0.001	0.001	0.997	0.001
>KATCGTGA	7-KATCGTGA	7.128168	-12.742221	0	T:84.0(6.74%),B:1364.8(3.97%),P:1e-5	Tpos:96.8,Tstd:52.4,Bpos:99.9,Bstd:55.6,StrandBias:0.1,Multiplicity:1.09
0.001	0.001	0.572	0.426
0.831	0.167	0.001	0.001
0.001	0.207	0.287	0.505
0.001	0.857	0.141	0.001
0.001	0.201	0.797	0.001
0.030	0.001	0.161	0.808
0.001	0.001	0.916	0.082
0.780	0.058	0.001	0.161
>CAAGGCCC	8-CAAGGCCC	8.973482	-11.848287	0	T:24.0(1.92%),B:231.9(0.67%),P:1e-5	Tpos:108.2,Tstd:49.8,Bpos:95.7,Bstd:61.9,StrandBias:0.7,Multiplicity:1.00
0.001	0.997	0.001	0.001
0.997	0.001	0.001	0.001
0.834	0.001	0.164	0.001
0.001	0.001	0.997	0.001
0.001	0.001	0.997	0.001
0.147	0.851	0.001	0.001
0.001	0.997	0.001	0.001
0.001	0.997	0.001	0.001
>ACTTCCGG	9-ACTTCCGG	8.302948	-11.805873	0	T:43.0(3.45%),B:564.7(1.64%),P:1e-5	Tpos:92.9,Tstd:43.8,Bpos:96.4,Bstd:51.6,StrandBias:-1.1,Multiplicity:1.00
0.932	0.001	0.001	0.066
0.001	0.905	0.001	0.093
0.001	0.001	0.001	0.997
0.119	0.001	0.001	0.879
0.076	0.831	0.092	0.001
0.087	0.911	0.001	0.001
0.001	0.001	0.997	0.001
0.001	0.001	0.997	0.001
>ACAGCTAG	10-ACAGCTAG	6.216310	-10.737650	0	T:53.0(4.25%),B:788.5(2.29%),P:1e-4	Tpos:99.7,Tstd:50.1,Bpos:102.0,Bstd:57.4,StrandBias:0.7,Multiplicity:1.11
0.733	0.265	0.001	0.001
0.001	0.914	0.084	0.001
0.872	0.001	0.001	0.126
0.001	0.001	0.997	0.001
0.001	0.997	0.001	0.001
0.001	0.001	0.001	0.997
0.997	0.001	0.001	0.001
0.001	0.001	0.997	0.001
>MTTATGCG	11-MTTATGCG	7.335475	-8.282142	0	T:36.0(2.89%),B:520.4(1.51%),P:1e-3	Tpos:99.0,Tstd:57.4,Bpos:95.9,Bstd:55.3,StrandBias:1.5,Multiplicity:1.19
0.507	0.491	0.001	0.001
0.323	0.001	0.047	0.629
0.001	0.001	0.001	0.997
0.997	0.001	0.001	0.001
0.001	0.001	0.001	0.997
0.001	0.001	0.997	0.001
0.001	0.997	0.001	0.001
0.001	0.001	0.997	0.001
>GGGGGGGG	12-GGGGGGGG	6.851495	-3.750156	0	T:28.0(2.25%),B:512.3(1.49%),P:1e-1	Tpos:50.7,Tstd:32.0,Bpos:55.5,Bstd:50.8,StrandBias:-1.7,Multiplicity:1.14
0.001	0.095	0.903	0.001
0.001	0.001	0.997	0.001
0.001	0.021	0.977	0.001
0.001	0.078	0.920	0.001
0.001	0.043	0.955	0.001
0.001	0.043	0.955	0.001
0.001	0.001	0.997	0.001
0.039	0.001	0.912	0.048
