>ATGTTGAGSGCG	1-ATGTTGAGSGCG	13.543642	-32.545130	0	T:12.0(0.96%),B:10.9(0.03%),P:1e-14	Tpos:106.8,Tstd:40.9,Bpos:74.4,Bstd:25.5,StrandBias:3.5,Multiplicity:1.00
0.997	0.001	0.001	0.001
0.001	0.001	0.001	0.997
0.001	0.123	0.875	0.001
0.001	0.001	0.001	0.997
0.001	0.001	0.001	0.997
0.001	0.001	0.997	0.001
0.997	0.001	0.001	0.001
0.001	0.001	0.997	0.001
0.001	0.494	0.504	0.001
0.001	0.001	0.875	0.123
0.001	0.997	0.001	0.001
0.001	0.001	0.875	0.123
>ACCTGTCGCCST	2-ACCTGTCGCCST	13.518364	-31.682382	0	T:8.0(0.64%),B:2.8(0.01%),P:1e-13	Tpos:57.0,Tstd:40.0,Bpos:187.1,Bstd:4.2,StrandBias:0.7,Multiplicity:1.00
0.997	0.001	0.001	0.001
0.001	0.997	0.001	0.001
0.132	0.866	0.001	0.001
0.001	0.001	0.001	0.997
0.001	0.001	0.997	0.001
0.001	0.001	0.001	0.997
0.001	0.997	0.001	0.001
0.001	0.001	0.997	0.001
0.001	0.997	0.001	0.001
0.001	0.866	0.001	0.132
0.001	0.398	0.468	0.132
0.001	0.001	0.001	0.997
>ACAGTGATAGTG	3-ACAGTGATAGTG	13.888152	-31.682382	0	T:8.0(0.64%),B:2.2(0.01%),P:1e-13	Tpos:106.5,Tstd:49.8,Bpos:149.2,Bstd:35.0,StrandBias:-0.7,Multiplicity:1.00
0.997	0.001	0.001	0.001
0.001	0.997	0.001	0.001
0.997	0.001	0.001	0.001
0.001	0.001	0.997	0.001
0.001	0.142	0.001	0.856
0.001	0.142	0.856	0.001
0.856	0.001	0.142	0.001
0.001	0.001	0.001	0.997
0.856	0.001	0.142	0.001
0.001	0.001	0.997	0.001
0.001	0.142	0.001	0.856
0.001	0.001	0.856	0.142
>GGTCCAGTTTTA	4-GGTCCAGTTTTA	10.268961	-26.972448	0	T:7.0(0.56%),B:2.5(0.01%),P:1e-11	Tpos:102.7,Tstd:48.7,Bpos:106.4,Bstd:77.7,StrandBias:2.6,Multiplicity:1.00
0.001	0.001	0.997	0.001
0.001	0.001	0.769	0.229
0.001	0.001	0.001	0.997
0.041	0.957	0.001	0.001
0.001	0.997	0.001	0.001
0.997	0.001	0.001	0.001
0.001	0.001	0.997	0.001
0.001	0.001	0.001	0.997
0.001	0.001	0.001	0.997
0.188	0.001	0.001	0.810
0.001	0.001	0.001	0.997
0.997	0.001	0.001	0.001
>AACACTAGCTGT	5-AACACTAGCTGT	7.473152	-26.636556	0	T:77.0(6.17%),B:871.9(2.54%),P:1e-11	Tpos:104.5,Tstd:53.3,Bpos:100.0,Bstd:55.1,StrandBias:-0.5,Multiplicity:1.03
0.713	0.113	0.092	0.082
0.799	0.072	0.072	0.057
0.102	0.764	0.062	0.072
0.768	0.072	0.109	0.051
0.082	0.744	0.092	0.082
0.051	0.139	0.031	0.779
0.791	0.082	0.051	0.076
0.031	0.092	0.709	0.168
0.059	0.726	0.102	0.113
0.113	0.062	0.121	0.704
0.072	0.072	0.747	0.109
0.047	0.061	0.131	0.761
>AAATCAAGATCG	6-AAATCAAGATCG	13.470520	-26.409076	0	T:12.0(0.96%),B:17.2(0.05%),P:1e-11	Tpos:101.2,Tstd:36.2,Bpos:102.8,Bstd:38.9,StrandBias:0.5,Multiplicity:1.00
0.896	0.001	0.001	0.102
0.997	0.001	0.001	0.001
0.997	0.001	0.001	0.001
0.001	0.001	0.001	0.997
0.001	0.896	0.102	0.001
0.896	0.102	0.001	0.001
0.896	0.001	0.001	0.102
0.103	0.103	0.793	0.001
0.896	0.001	0.102	0.001
0.001	0.001	0.001	0.997
0.001	0.822	0.176	0.001
0.001	0.001	0.997	0.001
>CCGTTTTCTCAA	7-CCGTTTTCTCAA	14.390144	-24.448001	0	T:8.0(0.64%),B:5.5(0.02%),P:1e-10	Tpos:104.4,Tstd:58.3,Bpos:114.3,Bstd:72.6,StrandBias:2.6,Multiplicity:1.00
0.001	0.997	0.001	0.001
0.001	0.997	0.001	0.001
0.001	0.152	0.846	0.001
0.001	0.001	0.001	0.997
0.001	0.001	0.001	0.997
0.001	0.001	0.001	0.997
0.001	0.001	0.001	0.997
0.001	0.997	0.001	0.001
0.001	0.001	0.152	0.846
0.001	0.997	0.001	0.001
0.846	0.152	0.001	0.001
0.997	0.001	0.001	0.001
>AGAACACTTACC	8-AGAACACTTACC	13.485275	-23.853862	0	T:10.0(0.80%),B:12.9(0.04%),P:1e-10	Tpos:102.4,Tstd:59.6,Bpos:133.4,Bstd:55.9,StrandBias:-1.2,Multiplicity:1.00
0.894	0.001	0.001	0.104
0.105	0.001	0.789	0.105
0.997	0.001	0.001	0.001
0.997	0.001	0.001	0.001
0.051	0.843	0.001	0.105
0.997	0.001	0.001	0.001
0.104	0.894	0.001	0.001
0.001	0.001	0.001	0.997
0.001	0.104	0.001	0.894
0.997	0.001	0.001	0.001
0.001	0.997	0.001	0.001
0.105	0.789	0.105	0.001
>CCTTGCTTCAGT	9-CCTTGCTTCAGT	13.475971	-22.396562	0	T:6.0(0.48%),B:2.8(0.01%),P:1e-9	Tpos:118.4,Tstd:53.3,Bpos:121.8,Bstd:57.0,StrandBias:0.4,Multiplicity:1.17
0.001	0.997	0.001	0.001
0.229	0.769	0.001	0.001
0.001	0.001	0.001	0.997
0.001	0.001	0.001	0.997
0.001	0.001	0.997	0.001
0.001	0.997	0.001	0.001
0.191	0.001	0.001	0.807
0.001	0.001	0.001	0.997
0.001	0.997	0.001	0.001
0.997	0.001	0.001	0.001
0.001	0.001	0.997	0.001
0.001	0.001	0.001	0.997
>CAGCTAGCTGGG	10-CAGCTAGCTGGG	10.102440	-21.747617	0	T:19.0(1.52%),B:81.1(0.24%),P:1e-9	Tpos:93.2,Tstd:62.8,Bpos:93.6,Bstd:57.5,StrandBias:-0.2,Multiplicity:1.11
0.107	0.795	0.001	0.097
0.805	0.097	0.097	0.001
0.001	0.001	0.902	0.096
0.097	0.801	0.001	0.101
0.111	0.097	0.097	0.695
0.796	0.001	0.097	0.106
0.001	0.001	0.997	0.001
0.001	0.997	0.001	0.001
0.001	0.001	0.001	0.997
0.198	0.001	0.800	0.001
0.001	0.001	0.702	0.296
0.203	0.098	0.602	0.097
>GTGGAAGTGGCG	11-GTGGAAGTGGCG	12.355432	-21.410874	0	T:5.0(0.40%),B:1.4(0.00%),P:1e-9	Tpos:136.4,Tstd:17.4,Bpos:125.0,Bstd:0.0,StrandBias:10.0,Multiplicity:1.00
0.100	0.100	0.700	0.100
0.100	0.100	0.100	0.700
0.100	0.100	0.700	0.100
0.100	0.100	0.700	0.100
0.700	0.100	0.100	0.100
0.700	0.100	0.100	0.100
0.100	0.100	0.700	0.100
0.100	0.100	0.100	0.700
0.100	0.100	0.700	0.100
0.100	0.100	0.700	0.100
0.100	0.700	0.100	0.100
0.100	0.100	0.700	0.100
>CATGCAACCTAA	12-CATGCAACCTAA	13.714856	-21.410874	0	T:5.0(0.40%),B:1.1(0.00%),P:1e-9	Tpos:118.2,Tstd:57.5,Bpos:47.0,Bstd:0.0,StrandBias:2.8,Multiplicity:1.60
0.001	0.997	0.001	0.001
0.997	0.001	0.001	0.001
0.001	0.001	0.001	0.997
0.001	0.001	0.997	0.001
0.138	0.723	0.138	0.001
0.997	0.001	0.001	0.001
0.860	0.001	0.001	0.138
0.001	0.997	0.001	0.001
0.001	0.997	0.001	0.001
0.138	0.306	0.001	0.555
0.997	0.001	0.001	0.001
0.997	0.001	0.001	0.001
>ACGAATACGAAT	13-ACGAATACGAAT	10.049599	-21.203398	0	T:24.0(1.92%),B:137.8(0.40%),P:1e-9	Tpos:80.4,Tstd:46.1,Bpos:74.8,Bstd:44.5,StrandBias:1.8,Multiplicity:2.00
0.647	0.056	0.222	0.075
0.111	0.803	0.001	0.085
0.055	0.186	0.758	0.001
0.997	0.001	0.001	0.001
0.888	0.001	0.110	0.001
0.113	0.001	0.001	0.885
0.889	0.001	0.055	0.055
0.055	0.753	0.001	0.191
0.001	0.055	0.943	0.001
0.722	0.166	0.111	0.001
0.841	0.001	0.114	0.044
0.065	0.055	0.001	0.879
>ATGGCGGCCKCC	14-ATGGCGGCCKCC	10.442381	-21.192758	0	T:36.0(2.89%),B:293.5(0.85%),P:1e-9	Tpos:123.5,Tstd:31.3,Bpos:114.6,Bstd:39.5,StrandBias:2.2,Multiplicity:1.00
0.963	0.001	0.035	0.001
0.001	0.001	0.035	0.963
0.035	0.001	0.963	0.001
0.001	0.001	0.963	0.035
0.001	0.997	0.001	0.001
0.126	0.036	0.720	0.118
0.072	0.016	0.857	0.055
0.055	0.909	0.035	0.001
0.036	0.756	0.107	0.101
0.207	0.074	0.297	0.422
0.175	0.724	0.052	0.049
0.052	0.764	0.064	0.120
>TGCAGTAKCATT	15-TGCAGTAKCATT	11.497972	-20.481252	0	T:14.0(1.12%),B:43.2(0.13%),P:1e-8	Tpos:114.8,Tstd:59.1,Bpos:103.0,Bstd:59.1,StrandBias:-0.9,Multiplicity:1.21
0.310	0.001	0.077	0.612
0.001	0.001	0.839	0.159
0.284	0.714	0.001	0.001
0.921	0.001	0.001	0.077
0.001	0.001	0.997	0.001
0.001	0.001	0.001	0.997
0.875	0.001	0.123	0.001
0.011	0.155	0.369	0.465
0.001	0.997	0.001	0.001
0.997	0.001	0.001	0.001
0.077	0.083	0.001	0.839
0.001	0.077	0.238	0.684
>AGGTCAAAGGTC	16-AGGTCAAAGGTC	11.042049	-20.065102	0	T:33.0(2.65%),B:263.4(0.77%),P:1e-8	Tpos:76.9,Tstd:35.0,Bpos:85.4,Bstd:44.3,StrandBias:0.9,Multiplicity:1.06
0.997	0.001	0.001	0.001
0.027	0.001	0.845	0.127
0.001	0.001	0.959	0.039
0.050	0.001	0.001	0.948
0.001	0.895	0.103	0.001
0.690	0.001	0.103	0.206
0.526	0.114	0.359	0.001
0.896	0.001	0.001	0.102
0.001	0.001	0.997	0.001
0.310	0.103	0.586	0.001
0.001	0.001	0.001	0.997
0.001	0.880	0.001	0.118
>ATGCTGACATGC	17-ATGCTGACATGC	12.724187	-18.331896	0	T:8.0(0.64%),B:11.6(0.03%),P:1e-7	Tpos:78.9,Tstd:54.9,Bpos:90.9,Bstd:61.6,StrandBias:0.8,Multiplicity:1.75
0.840	0.001	0.001	0.158
0.001	0.001	0.001	0.997
0.158	0.001	0.683	0.158
0.001	0.840	0.001	0.158
0.192	0.001	0.320	0.486
0.318	0.001	0.680	0.001
0.997	0.001	0.001	0.001
0.001	0.997	0.001	0.001
0.997	0.001	0.001	0.001
0.001	0.001	0.001	0.997
0.001	0.001	0.997	0.001
0.158	0.840	0.001	0.001
>CCATCGAAATCA	18-CCATCGAAATCA	16.351453	-16.479984	0	T:4.0(0.32%),B:1.2(0.00%),P:1e-7	Tpos:70.5,Tstd:43.5,Bpos:122.0,Bstd:0.0,StrandBias:-1.6,Multiplicity:1.00
0.001	0.997	0.001	0.001
0.001	0.997	0.001	0.001
0.778	0.001	0.220	0.001
0.001	0.001	0.001	0.997
0.001	0.997	0.001	0.001
0.001	0.001	0.997	0.001
0.997	0.001	0.001	0.001
0.997	0.001	0.001	0.001
0.997	0.001	0.001	0.001
0.001	0.001	0.001	0.997
0.001	0.997	0.001	0.001
0.997	0.001	0.001	0.001
>CAAGTTTGGTCA	19-CAAGTTTGGTCA	15.088354	-15.977902	0	T:5.0(0.40%),B:3.8(0.01%),P:1e-6	Tpos:70.4,Tstd:45.2,Bpos:53.4,Bstd:46.7,StrandBias:10.0,Multiplicity:1.00
0.001	0.997	0.001	0.001
0.997	0.001	0.001	0.001
0.997	0.001	0.001	0.001
0.001	0.001	0.997	0.001
0.001	0.001	0.001	0.997
0.001	0.001	0.001	0.997
0.001	0.001	0.001	0.997
0.001	0.001	0.997	0.001
0.001	0.001	0.997	0.001
0.001	0.001	0.001	0.997
0.001	0.778	0.220	0.001
0.997	0.001	0.001	0.001
>AAACTAGAACTT	20-AAACTAGAACTT	12.355432	-13.736259	0	T:4.0(0.32%),B:2.1(0.01%),P:1e-5	Tpos:70.0,Tstd:51.1,Bpos:67.0,Bstd:12.9,StrandBias:10.0,Multiplicity:1.00
0.700	0.100	0.100	0.100
0.700	0.100	0.100	0.100
0.700	0.100	0.100	0.100
0.100	0.700	0.100	0.100
0.100	0.100	0.100	0.700
0.700	0.100	0.100	0.100
0.100	0.100	0.700	0.100
0.700	0.100	0.100	0.100
0.700	0.100	0.100	0.100
0.100	0.700	0.100	0.100
0.100	0.100	0.100	0.700
0.100	0.100	0.100	0.700
>AGTGGACTGAAC	21-AGTGGACTGAAC	12.951558	-13.276558	0	T:7.0(0.56%),B:15.6(0.05%),P:1e-5	Tpos:103.7,Tstd:61.9,Bpos:80.2,Bstd:48.4,StrandBias:-1.4,Multiplicity:1.57
0.997	0.001	0.001	0.001
0.001	0.001	0.712	0.286
0.001	0.001	0.001	0.997
0.129	0.001	0.869	0.001
0.129	0.001	0.869	0.001
0.997	0.001	0.001	0.001
0.001	0.935	0.063	0.001
0.001	0.001	0.001	0.997
0.129	0.001	0.869	0.001
0.869	0.001	0.001	0.129
0.997	0.001	0.001	0.001
0.001	0.997	0.001	0.001
>AGTTTTGATGCC	22-AGTTTTGATGCC	14.689795	-12.143227	0	T:4.0(0.32%),B:3.3(0.01%),P:1e-5	Tpos:109.0,Tstd:50.3,Bpos:45.1,Bstd:27.7,StrandBias:0.0,Multiplicity:1.50
0.997	0.001	0.001	0.001
0.001	0.001	0.818	0.180
0.001	0.180	0.001	0.818
0.001	0.001	0.001	0.997
0.001	0.001	0.001	0.997
0.001	0.001	0.001	0.997
0.001	0.001	0.997	0.001
0.997	0.001	0.001	0.001
0.001	0.001	0.001	0.997
0.001	0.001	0.997	0.001
0.001	0.997	0.001	0.001
0.001	0.997	0.001	0.001
>TGCGATGCGAAA	23-TGCGATGCGAAA	10.879820	-10.396657	0	T:9.0(0.72%),B:42.4(0.12%),P:1e-4	Tpos:131.6,Tstd:44.7,Bpos:105.2,Bstd:49.4,StrandBias:1.6,Multiplicity:1.00
0.285	0.001	0.001	0.713
0.001	0.001	0.856	0.142
0.001	0.713	0.143	0.143
0.001	0.001	0.713	0.285
0.997	0.001	0.001	0.001
0.001	0.001	0.001	0.997
0.001	0.143	0.713	0.143
0.285	0.713	0.001	0.001
0.001	0.001	0.997	0.001
0.713	0.143	0.001	0.143
0.997	0.001	0.001	0.001
0.856	0.142	0.001	0.001
>TATGCGATGCGA	24-TATGCGATGCGA	10.903036	-10.241318	0	T:8.0(0.64%),B:33.2(0.10%),P:1e-4	Tpos:96.6,Tstd:54.2,Bpos:101.3,Bstd:47.4,StrandBias:0.8,Multiplicity:1.75
0.136	0.001	0.001	0.862
0.862	0.001	0.001	0.136
0.137	0.001	0.137	0.725
0.001	0.001	0.997	0.001
0.001	0.997	0.001	0.001
0.001	0.136	0.862	0.001
0.862	0.136	0.001	0.001
0.001	0.136	0.001	0.862
0.136	0.001	0.862	0.001
0.001	0.862	0.001	0.136
0.274	0.001	0.588	0.137
0.725	0.001	0.137	0.137
>ACCACCCCCCCC	25-ACCACCCCCCCC	7.100720	-9.956126	0	T:57.0(4.57%),B:895.3(2.60%),P:1e-4	Tpos:66.1,Tstd:48.0,Bpos:69.8,Bstd:58.1,StrandBias:1.1,Multiplicity:1.07
0.769	0.085	0.074	0.072
0.077	0.760	0.046	0.117
0.128	0.728	0.057	0.087
0.710	0.116	0.091	0.083
0.098	0.791	0.037	0.074
0.119	0.789	0.046	0.046
0.191	0.659	0.071	0.079
0.055	0.807	0.055	0.083
0.064	0.736	0.094	0.106
0.191	0.620	0.098	0.091
0.083	0.830	0.009	0.078
0.064	0.804	0.037	0.095
