>AAAATTTTKD	1-AAAATTTTKD	6.578937	-98.043208	0	T:456.0(35.93%),B:13701.8(19.37%),P:1e-42	Tpos:96.7,Tstd:56.7,Bpos:99.9,Bstd:139.1,StrandBias:0.0,Multiplicity:1.29
0.774	0.156	0.058	0.012
0.887	0.089	0.001	0.023
0.867	0.001	0.011	0.121
0.668	0.001	0.001	0.330
0.303	0.023	0.001	0.673
0.027	0.004	0.007	0.962
0.030	0.001	0.106	0.863
0.122	0.141	0.186	0.551
0.160	0.141	0.305	0.394
0.352	0.188	0.214	0.245
>ATTTTTWGCT	2-ATTTTTWGCT	5.850459	-88.053571	0	T:455.0(35.86%),B:14199.2(20.07%),P:1e-38	Tpos:98.0,Tstd:56.4,Bpos:100.2,Bstd:121.7,StrandBias:0.2,Multiplicity:1.15
0.568	0.002	0.209	0.221
0.167	0.190	0.178	0.464
0.001	0.067	0.043	0.889
0.001	0.001	0.001	0.997
0.168	0.299	0.003	0.530
0.184	0.177	0.156	0.483
0.381	0.194	0.184	0.241
0.222	0.216	0.434	0.128
0.290	0.548	0.002	0.160
0.205	0.218	0.001	0.576
>GAAATTTGGT	3-GAAATTTGGT	5.216729	-81.513110	0	T:711.0(56.03%),B:27321.1(38.62%),P:1e-35	Tpos:99.3,Tstd:55.9,Bpos:99.5,Bstd:117.7,StrandBias:0.1,Multiplicity:1.26
0.109	0.125	0.664	0.102
0.741	0.060	0.107	0.092
0.757	0.075	0.028	0.140
0.744	0.024	0.072	0.160
0.090	0.088	0.106	0.716
0.118	0.102	0.035	0.745
0.033	0.064	0.095	0.808
0.131	0.134	0.598	0.137
0.145	0.121	0.607	0.127
0.124	0.132	0.121	0.623
>TTTCAAATTT	4-TTTCAAATTT	6.773220	-65.093085	0	T:462.0(36.41%),B:15964.8(22.57%),P:1e-28	Tpos:97.8,Tstd:54.7,Bpos:99.8,Bstd:125.2,StrandBias:-0.1,Multiplicity:1.19
0.030	0.036	0.050	0.884
0.051	0.042	0.037	0.870
0.051	0.097	0.065	0.787
0.076	0.701	0.083	0.140
0.752	0.095	0.109	0.044
0.819	0.045	0.077	0.059
0.723	0.088	0.089	0.100
0.086	0.100	0.067	0.747
0.072	0.031	0.038	0.859
0.029	0.070	0.039	0.862
>AATTTTCTGG	5-AATTTTCTGG	6.834868	-53.583955	0	T:245.0(19.31%),B:7008.8(9.91%),P:1e-23	Tpos:99.5,Tstd:58.6,Bpos:100.6,Bstd:105.3,StrandBias:-0.3,Multiplicity:1.09
0.771	0.082	0.086	0.061
0.724	0.098	0.085	0.093
0.068	0.051	0.084	0.797
0.083	0.084	0.091	0.742
0.033	0.047	0.044	0.876
0.069	0.062	0.053	0.816
0.063	0.765	0.098	0.074
0.055	0.066	0.040	0.839
0.025	0.043	0.837	0.095
0.051	0.041	0.836	0.072
>TTTTTTTTTT	6-TTTTTTTTTT	7.564617	-52.274204	0	T:270.0(21.28%),B:8126.2(11.49%),P:1e-22	Tpos:103.5,Tstd:55.0,Bpos:98.2,Bstd:161.0,StrandBias:-0.6,Multiplicity:1.19
0.252	0.001	0.001	0.746
0.282	0.001	0.001	0.716
0.125	0.001	0.001	0.873
0.169	0.001	0.001	0.829
0.344	0.001	0.001	0.654
0.001	0.001	0.001	0.997
0.131	0.001	0.001	0.867
0.052	0.001	0.001	0.946
0.154	0.001	0.001	0.844
0.001	0.001	0.001	0.997
>AGATATATCG	7-AGATATATCG	5.759493	-34.149658	0	T:248.0(19.54%),B:8343.0(11.79%),P:1e-14	Tpos:99.9,Tstd:53.8,Bpos:101.8,Bstd:119.2,StrandBias:-0.3,Multiplicity:1.14
0.772	0.001	0.125	0.102
0.137	0.119	0.630	0.114
0.776	0.090	0.034	0.100
0.130	0.065	0.116	0.689
0.682	0.093	0.085	0.140
0.122	0.063	0.102	0.713
0.801	0.120	0.032	0.047
0.120	0.130	0.073	0.677
0.134	0.574	0.183	0.109
0.136	0.100	0.687	0.077
>GGTGACCCCC	8-GGTGACCCCC	10.657387	-33.147940	0	T:14.0(1.10%),B:33.0(0.05%),P:1e-14	Tpos:100.9,Tstd:53.6,Bpos:115.7,Bstd:54.3,StrandBias:-0.8,Multiplicity:1.08
0.001	0.001	0.997	0.001
0.001	0.001	0.997	0.001
0.001	0.107	0.107	0.785
0.001	0.001	0.997	0.001
0.934	0.001	0.001	0.064
0.001	0.892	0.001	0.106
0.001	0.921	0.001	0.077
0.001	0.997	0.001	0.001
0.001	0.997	0.001	0.001
0.001	0.997	0.001	0.001
>GTTGTTGCTG	9-GTTGTTGCTG	9.405798	-25.394724	0	T:31.0(2.44%),B:380.4(0.54%),P:1e-11	Tpos:100.4,Tstd:55.7,Bpos:98.9,Bstd:58.0,StrandBias:0.2,Multiplicity:1.06
0.001	0.001	0.997	0.001
0.001	0.001	0.013	0.985
0.001	0.034	0.001	0.964
0.001	0.001	0.997	0.001
0.001	0.113	0.129	0.757
0.418	0.001	0.001	0.580
0.001	0.078	0.920	0.001
0.001	0.925	0.022	0.052
0.184	0.001	0.001	0.814
0.001	0.001	0.997	0.001
>CTGGGAMTAT	10-CTGGGAMTAT	8.750816	-22.250478	0	T:20.0(1.58%),B:178.6(0.25%),P:1e-9	Tpos:136.6,Tstd:47.0,Bpos:106.2,Bstd:51.6,StrandBias:0.5,Multiplicity:1.26
0.148	0.624	0.021	0.207
0.023	0.059	0.108	0.810
0.068	0.354	0.530	0.048
0.334	0.013	0.570	0.083
0.040	0.021	0.554	0.385
0.718	0.014	0.089	0.179
0.534	0.398	0.028	0.040
0.033	0.324	0.067	0.576
0.932	0.012	0.032	0.024
0.062	0.262	0.061	0.615
>CTTCGGRCGG	11-CTTCGGRCGG	9.320868	-21.419034	0	T:15.0(1.18%),B:96.0(0.14%),P:1e-9	Tpos:71.5,Tstd:46.7,Bpos:96.3,Bstd:57.1,StrandBias:0.3,Multiplicity:1.33
0.001	0.712	0.001	0.286
0.001	0.001	0.211	0.787
0.001	0.001	0.101	0.897
0.001	0.997	0.001	0.001
0.003	0.001	0.995	0.001
0.001	0.001	0.897	0.101
0.440	0.069	0.368	0.123
0.337	0.585	0.077	0.001
0.060	0.001	0.938	0.001
0.001	0.122	0.876	0.001
>ACACAGTCCC	12-ACACAGTCCC	9.360641	-21.402359	0	T:39.0(3.07%),B:675.4(0.95%),P:1e-9	Tpos:96.9,Tstd:54.2,Bpos:98.3,Bstd:58.6,StrandBias:0.3,Multiplicity:1.18
0.723	0.046	0.001	0.230
0.035	0.963	0.001	0.001
0.951	0.001	0.001	0.047
0.034	0.938	0.001	0.027
0.851	0.123	0.025	0.001
0.001	0.001	0.997	0.001
0.045	0.001	0.001	0.953
0.001	0.997	0.001	0.001
0.037	0.868	0.039	0.056
0.001	0.886	0.001	0.112
>AGTAGGCCTA	13-AGTAGGCCTA	7.181866	-20.726892	0	T:30.0(2.36%),B:435.5(0.62%),P:1e-9	Tpos:109.1,Tstd:46.8,Bpos:97.5,Bstd:65.7,StrandBias:-0.1,Multiplicity:1.10
0.450	0.264	0.181	0.106
0.244	0.084	0.470	0.201
0.035	0.088	0.227	0.650
0.703	0.121	0.072	0.104
0.080	0.037	0.772	0.111
0.096	0.094	0.715	0.095
0.127	0.667	0.078	0.128
0.183	0.720	0.001	0.096
0.092	0.116	0.094	0.698
0.628	0.183	0.110	0.079
>GTTAACACAG	14-GTTAACACAG	13.723853	-19.786092	0	T:9.0(0.71%),B:27.3(0.04%),P:1e-8	Tpos:105.8,Tstd:53.5,Bpos:83.3,Bstd:59.5,StrandBias:0.3,Multiplicity:1.00
0.001	0.001	0.997	0.001
0.001	0.001	0.001	0.997
0.001	0.001	0.001	0.997
0.997	0.001	0.001	0.001
0.997	0.001	0.001	0.001
0.001	0.997	0.001	0.001
0.894	0.001	0.001	0.104
0.001	0.997	0.001	0.001
0.997	0.001	0.001	0.001
0.001	0.001	0.997	0.001
>AACGCAACAT	15-AACGCAACAT	10.301089	-18.290660	0	T:22.0(1.73%),B:273.4(0.39%),P:1e-7	Tpos:83.7,Tstd:50.3,Bpos:112.1,Bstd:82.2,StrandBias:0.1,Multiplicity:1.23
0.962	0.036	0.001	0.001
0.997	0.001	0.001	0.001
0.162	0.815	0.001	0.022
0.163	0.026	0.587	0.224
0.024	0.974	0.001	0.001
0.833	0.053	0.001	0.113
0.997	0.001	0.001	0.001
0.027	0.971	0.001	0.001
0.885	0.079	0.035	0.001
0.001	0.001	0.001	0.997
>CCAGCCCGTA	16-CCAGCCCGTA	10.296193	-18.026982	0	T:5.0(0.39%),B:4.0(0.01%),P:1e-7	Tpos:78.7,Tstd:61.5,Bpos:90.1,Bstd:45.8,StrandBias:1.0,Multiplicity:1.20
0.100	0.700	0.100	0.100
0.100	0.700	0.100	0.100
0.700	0.100	0.100	0.100
0.100	0.100	0.700	0.100
0.100	0.700	0.100	0.100
0.100	0.700	0.100	0.100
0.100	0.700	0.100	0.100
0.100	0.100	0.700	0.100
0.100	0.100	0.100	0.700
0.700	0.100	0.100	0.100
>CCCATGGWMA	17-CCCATGGWMA	8.807018	-16.354782	0	T:18.0(1.42%),B:207.9(0.29%),P:1e-7	Tpos:81.3,Tstd:49.1,Bpos:90.4,Bstd:80.2,StrandBias:0.6,Multiplicity:1.00
0.001	0.537	0.145	0.317
0.001	0.757	0.001	0.241
0.313	0.598	0.088	0.001
0.576	0.241	0.182	0.001
0.161	0.001	0.185	0.653
0.001	0.001	0.997	0.001
0.001	0.001	0.997	0.001
0.444	0.001	0.227	0.328
0.477	0.521	0.001	0.001
0.579	0.177	0.145	0.099
>GGGGGGGGGG	18-GGGGGGGGGG	6.171585	-16.158927	0	T:46.0(3.62%),B:1064.8(1.51%),P:1e-7	Tpos:100.2,Tstd:54.1,Bpos:100.7,Bstd:64.5,StrandBias:-0.1,Multiplicity:1.09
0.153	0.080	0.599	0.168
0.160	0.066	0.622	0.152
0.168	0.074	0.583	0.175
0.168	0.091	0.601	0.140
0.160	0.109	0.604	0.127
0.161	0.096	0.574	0.169
0.157	0.075	0.622	0.146
0.169	0.100	0.588	0.143
0.125	0.100	0.608	0.167
0.144	0.104	0.599	0.153
>GATGGATTGA	19-GATGGATTGA	8.782095	-15.700405	0	T:31.0(2.44%),B:579.4(0.82%),P:1e-6	Tpos:107.0,Tstd:62.1,Bpos:100.3,Bstd:86.6,StrandBias:0.7,Multiplicity:1.00
0.001	0.001	0.711	0.287
0.786	0.090	0.052	0.072
0.072	0.001	0.016	0.911
0.001	0.001	0.966	0.032
0.001	0.001	0.997	0.001
0.800	0.058	0.141	0.001
0.052	0.052	0.014	0.882
0.001	0.102	0.001	0.896
0.052	0.091	0.856	0.001
0.877	0.075	0.001	0.047
>KGATGACGAT	20-KGATGACGAT	9.996362	-14.582847	0	T:22.0(1.73%),B:340.1(0.48%),P:1e-6	Tpos:125.0,Tstd:57.1,Bpos:91.7,Bstd:109.4,StrandBias:1.6,Multiplicity:1.41
0.001	0.129	0.382	0.488
0.001	0.001	0.997	0.001
0.997	0.001	0.001	0.001
0.001	0.233	0.001	0.765
0.001	0.100	0.787	0.112
0.831	0.167	0.001	0.001
0.001	0.569	0.166	0.264
0.001	0.001	0.997	0.001
0.952	0.032	0.015	0.001
0.204	0.001	0.001	0.794
>TACGATCCAA	21-TACGATCCAA	10.296193	-11.581933	0	T:4.0(0.32%),B:7.3(0.01%),P:1e-5	Tpos:69.2,Tstd:59.9,Bpos:92.8,Bstd:41.8,StrandBias:10.0,Multiplicity:1.25
0.100	0.100	0.100	0.700
0.700	0.100	0.100	0.100
0.100	0.700	0.100	0.100
0.100	0.100	0.700	0.100
0.700	0.100	0.100	0.100
0.100	0.100	0.100	0.700
0.100	0.700	0.100	0.100
0.100	0.700	0.100	0.100
0.700	0.100	0.100	0.100
0.700	0.100	0.100	0.100
>TATATATATA	22-TATATATATA	10.296193	-10.751815	0	T:8.0(0.63%),B:62.1(0.09%),P:1e-4	Tpos:69.3,Tstd:63.8,Bpos:85.8,Bstd:111.5,StrandBias:0.0,Multiplicity:1.00
0.100	0.100	0.100	0.700
0.700	0.100	0.100	0.100
0.100	0.100	0.100	0.700
0.700	0.100	0.100	0.100
0.100	0.100	0.100	0.700
0.700	0.100	0.100	0.100
0.100	0.100	0.100	0.700
0.700	0.100	0.100	0.100
0.100	0.100	0.100	0.700
0.700	0.100	0.100	0.100
>ACATACATAC	23-ACATACATAC	7.322458	-9.599823	0	T:129.0(10.17%),B:5100.1(7.21%),P:1e-4	Tpos:123.3,Tstd:48.7,Bpos:101.0,Bstd:110.2,StrandBias:0.8,Multiplicity:1.17
0.920	0.010	0.025	0.045
0.111	0.774	0.028	0.087
0.829	0.069	0.080	0.022
0.062	0.054	0.294	0.590
0.907	0.078	0.014	0.001
0.046	0.773	0.019	0.162
0.752	0.038	0.083	0.127
0.038	0.008	0.290	0.664
0.893	0.012	0.064	0.031
0.035	0.913	0.001	0.051
>CCCTAGGGCA	24-CCCTAGGGCA	10.296193	-9.094913	0	T:3.0(0.24%),B:5.8(0.01%),P:1e-3	Tpos:91.8,Tstd:51.9,Bpos:87.3,Bstd:42.4,StrandBias:-0.6,Multiplicity:1.00
0.100	0.700	0.100	0.100
0.100	0.700	0.100	0.100
0.100	0.700	0.100	0.100
0.100	0.100	0.100	0.700
0.700	0.100	0.100	0.100
0.100	0.100	0.700	0.100
0.100	0.100	0.700	0.100
0.100	0.100	0.700	0.100
0.100	0.700	0.100	0.100
0.700	0.100	0.100	0.100
>AGASAGAGAG	25-AGASAGAGAG	11.139842	-6.128774	0	T:13.0(1.02%),B:282.4(0.40%),P:1e-2	Tpos:75.9,Tstd:46.2,Bpos:89.6,Bstd:83.9,StrandBias:1.0,Multiplicity:1.31
0.965	0.001	0.019	0.015
0.001	0.051	0.930	0.018
0.844	0.056	0.052	0.048
0.056	0.362	0.442	0.141
0.936	0.062	0.001	0.001
0.052	0.092	0.792	0.064
0.832	0.136	0.031	0.001
0.064	0.319	0.490	0.127
0.913	0.024	0.062	0.001
0.019	0.103	0.868	0.010
