>TTTYAMNAAATT	1-TTTYAMNAAATT	7.000838	-99.979446	0	T:523.0(41.21%),B:16654.8(23.55%),P:1e-43	Tpos:96.7,Tstd:55.3,Bpos:99.1,Bstd:133.6,StrandBias:-0.0,Multiplicity:1.37
0.001	0.001	0.019	0.979
0.077	0.222	0.001	0.700
0.091	0.085	0.198	0.626
0.203	0.393	0.049	0.355
0.516	0.220	0.099	0.165
0.477	0.361	0.068	0.095
0.333	0.275	0.203	0.189
0.752	0.088	0.159	0.001
0.729	0.001	0.001	0.269
0.544	0.084	0.001	0.371
0.422	0.001	0.001	0.576
0.042	0.001	0.001	0.956
>AAAAWWWAAWAW	2-AAAAWWWAAWAW	6.652361	-77.724606	0	T:353.0(27.82%),B:10271.7(14.52%),P:1e-33	Tpos:101.5,Tstd:55.1,Bpos:97.7,Bstd:160.4,StrandBias:0.3,Multiplicity:1.33
0.459	0.086	0.248	0.206
0.824	0.007	0.101	0.068
0.603	0.011	0.146	0.240
0.586	0.059	0.053	0.302
0.454	0.075	0.036	0.434
0.382	0.046	0.127	0.445
0.351	0.118	0.092	0.439
0.460	0.104	0.128	0.308
0.569	0.014	0.142	0.275
0.414	0.108	0.193	0.285
0.664	0.059	0.085	0.192
0.426	0.109	0.073	0.392
>KATATTTTTNVT	3-KATATTTTTNVT	7.002120	-67.428364	0	T:195.0(15.37%),B:4462.4(6.31%),P:1e-29	Tpos:104.5,Tstd:57.0,Bpos:94.7,Bstd:128.5,StrandBias:0.5,Multiplicity:1.05
0.196	0.022	0.442	0.340
0.659	0.237	0.007	0.097
0.295	0.177	0.015	0.513
0.503	0.093	0.184	0.220
0.007	0.185	0.012	0.796
0.249	0.110	0.126	0.515
0.010	0.005	0.026	0.959
0.095	0.150	0.180	0.575
0.139	0.167	0.223	0.471
0.219	0.213	0.339	0.229
0.350	0.232	0.291	0.127
0.088	0.277	0.011	0.624
>TAAATATATAAA	4-TAAATATATAAA	11.967060	-57.754169	0	T:32.0(2.52%),B:127.8(0.18%),P:1e-25	Tpos:73.7,Tstd:62.1,Bpos:87.5,Bstd:131.3,StrandBias:0.1,Multiplicity:1.03
0.143	0.108	0.001	0.748
0.842	0.001	0.001	0.156
0.793	0.001	0.001	0.205
0.920	0.078	0.001	0.001
0.001	0.078	0.078	0.843
0.997	0.001	0.001	0.001
0.127	0.001	0.001	0.871
0.997	0.001	0.001	0.001
0.001	0.001	0.001	0.997
0.997	0.001	0.001	0.001
0.715	0.001	0.001	0.283
0.664	0.078	0.206	0.052
>GTTAACACAGGG	5-GTTAACACAGGG	14.407081	-36.702327	0	T:7.0(0.55%),B:1.4(0.00%),P:1e-15	Tpos:111.6,Tstd:31.0,Bpos:104.3,Bstd:45.1,StrandBias:0.4,Multiplicity:1.00
0.001	0.001	0.997	0.001
0.001	0.001	0.001	0.997
0.001	0.001	0.001	0.997
0.997	0.001	0.001	0.001
0.997	0.001	0.001	0.001
0.001	0.997	0.001	0.001
0.997	0.001	0.001	0.001
0.001	0.997	0.001	0.001
0.997	0.001	0.001	0.001
0.124	0.001	0.874	0.001
0.001	0.001	0.895	0.103
0.001	0.001	0.997	0.001
>CACYKMCTTGGC	6-CACYKMCTTGGC	12.834054	-36.001191	0	T:10.0(0.79%),B:7.5(0.01%),P:1e-15	Tpos:108.9,Tstd:66.0,Bpos:98.4,Bstd:31.3,StrandBias:0.6,Multiplicity:1.00
0.001	0.997	0.001	0.001
0.997	0.001	0.001	0.001
0.001	0.997	0.001	0.001
0.001	0.554	0.001	0.444
0.001	0.077	0.477	0.445
0.538	0.460	0.001	0.001
0.001	0.997	0.001	0.001
0.001	0.001	0.001	0.997
0.001	0.001	0.001	0.997
0.001	0.001	0.997	0.001
0.001	0.001	0.997	0.001
0.001	0.997	0.001	0.001
>GTTGTAGCTGCT	7-GTTGTAGCTGCT	11.069667	-32.972037	0	T:11.0(0.87%),B:14.1(0.02%),P:1e-14	Tpos:71.5,Tstd:60.0,Bpos:125.4,Bstd:65.0,StrandBias:0.3,Multiplicity:1.00
0.001	0.001	0.674	0.324
0.001	0.001	0.001	0.997
0.001	0.001	0.001	0.997
0.001	0.001	0.997	0.001
0.001	0.001	0.001	0.997
0.965	0.001	0.001	0.033
0.001	0.001	0.997	0.001
0.001	0.729	0.269	0.001
0.001	0.001	0.324	0.674
0.001	0.001	0.997	0.001
0.015	0.969	0.015	0.001
0.001	0.001	0.001	0.997
>TTAAAGCTCTTG	8-TTAAAGCTCTTG	10.439849	-31.865902	0	T:7.0(0.55%),B:2.8(0.00%),P:1e-13	Tpos:127.6,Tstd:45.1,Bpos:168.7,Bstd:12.3,StrandBias:-0.4,Multiplicity:1.00
0.115	0.073	0.094	0.718
0.104	0.100	0.112	0.684
0.675	0.122	0.099	0.104
0.670	0.105	0.097	0.128
0.723	0.078	0.086	0.113
0.159	0.111	0.584	0.146
0.138	0.604	0.097	0.161
0.137	0.091	0.075	0.697
0.128	0.602	0.128	0.142
0.133	0.097	0.079	0.691
0.093	0.093	0.117	0.697
0.118	0.116	0.654	0.112
>CAWGTAGGCCTA	9-CAWGTAGGCCTA	11.506081	-28.717957	0	T:16.0(1.26%),B:69.0(0.10%),P:1e-12	Tpos:109.7,Tstd:48.2,Bpos:103.3,Bstd:57.4,StrandBias:-0.5,Multiplicity:1.06
0.001	0.771	0.135	0.093
0.630	0.106	0.263	0.001
0.511	0.001	0.001	0.487
0.140	0.128	0.731	0.001
0.001	0.001	0.001	0.997
0.997	0.001	0.001	0.001
0.131	0.001	0.867	0.001
0.001	0.001	0.997	0.001
0.001	0.871	0.001	0.127
0.127	0.871	0.001	0.001
0.001	0.001	0.001	0.997
0.997	0.001	0.001	0.001
>TCCTCATCCTCA	10-TCCTCATCCTCA	8.248711	-27.293782	0	T:50.0(3.94%),B:858.8(1.21%),P:1e-11	Tpos:99.5,Tstd:60.4,Bpos:100.9,Bstd:122.6,StrandBias:0.1,Multiplicity:1.36
0.032	0.077	0.113	0.778
0.040	0.882	0.001	0.077
0.039	0.682	0.120	0.159
0.001	0.001	0.001	0.997
0.038	0.960	0.001	0.001
0.807	0.077	0.115	0.001
0.001	0.001	0.071	0.927
0.154	0.775	0.001	0.070
0.109	0.677	0.077	0.137
0.066	0.001	0.077	0.856
0.077	0.807	0.001	0.115
0.857	0.026	0.077	0.040
>ATCCCGTCCGAA	11-ATCCCGTCCGAA	10.902147	-25.665624	0	T:14.0(1.10%),B:58.8(0.08%),P:1e-11	Tpos:87.7,Tstd:60.4,Bpos:92.4,Bstd:67.9,StrandBias:1.0,Multiplicity:1.07
0.617	0.191	0.001	0.191
0.001	0.043	0.001	0.955
0.190	0.619	0.190	0.001
0.015	0.793	0.001	0.191
0.001	0.953	0.001	0.045
0.001	0.191	0.807	0.001
0.191	0.191	0.031	0.587
0.001	0.997	0.001	0.001
0.381	0.572	0.001	0.046
0.014	0.014	0.971	0.001
0.997	0.001	0.001	0.001
0.997	0.001	0.001	0.001
>CCGTAAAAGGCA	12-CCGTAAAAGGCA	16.429318	-19.450522	0	T:5.0(0.39%),B:3.8(0.01%),P:1e-8	Tpos:86.5,Tstd:59.3,Bpos:72.8,Bstd:58.3,StrandBias:1.0,Multiplicity:1.20
0.001	0.997	0.001	0.001
0.001	0.997	0.001	0.001
0.001	0.001	0.997	0.001
0.001	0.001	0.001	0.997
0.997	0.001	0.001	0.001
0.997	0.001	0.001	0.001
0.997	0.001	0.001	0.001
0.841	0.001	0.157	0.001
0.001	0.001	0.997	0.001
0.001	0.001	0.997	0.001
0.001	0.997	0.001	0.001
0.997	0.001	0.001	0.001
>GTGATACGATCC	13-GTGATACGATCC	12.355432	-16.521640	0	T:4.0(0.32%),B:2.2(0.00%),P:1e-7	Tpos:66.2,Tstd:59.9,Bpos:76.7,Bstd:39.4,StrandBias:10.0,Multiplicity:1.25
0.100	0.100	0.700	0.100
0.100	0.100	0.100	0.700
0.100	0.100	0.700	0.100
0.700	0.100	0.100	0.100
0.100	0.100	0.100	0.700
0.700	0.100	0.100	0.100
0.100	0.700	0.100	0.100
0.100	0.100	0.700	0.100
0.700	0.100	0.100	0.100
0.100	0.100	0.100	0.700
0.100	0.700	0.100	0.100
0.100	0.700	0.100	0.100
>GTTTCCATGGAA	14-GTTTCCATGGAA	14.526820	-14.046585	0	T:5.0(0.39%),B:9.3(0.01%),P:1e-6	Tpos:76.3,Tstd:52.4,Bpos:96.8,Bstd:28.4,StrandBias:0.3,Multiplicity:1.00
0.147	0.001	0.851	0.001
0.001	0.001	0.001	0.997
0.001	0.001	0.001	0.997
0.001	0.001	0.001	0.997
0.001	0.851	0.147	0.001
0.001	0.997	0.001	0.001
0.997	0.001	0.001	0.001
0.001	0.001	0.001	0.997
0.001	0.001	0.997	0.001
0.001	0.001	0.997	0.001
0.997	0.001	0.001	0.001
0.997	0.001	0.001	0.001
>ATCATCATCATC	15-ATCATCATCATC	12.642467	-13.989642	0	T:10.0(0.79%),B:70.8(0.10%),P:1e-6	Tpos:128.7,Tstd:57.6,Bpos:81.9,Bstd:154.1,StrandBias:-2.8,Multiplicity:1.90
0.958	0.001	0.014	0.027
0.001	0.001	0.027	0.971
0.019	0.979	0.001	0.001
0.982	0.001	0.016	0.001
0.001	0.001	0.027	0.971
0.027	0.905	0.001	0.067
0.997	0.001	0.001	0.001
0.001	0.019	0.001	0.979
0.001	0.961	0.001	0.037
0.949	0.027	0.001	0.023
0.018	0.030	0.001	0.951
0.001	0.997	0.001	0.001
>GGGGGGGGGGGG	16-GGGGGGGGGGGG	6.988137	-13.886081	0	T:43.0(3.39%),B:1047.7(1.48%),P:1e-6	Tpos:101.8,Tstd:52.9,Bpos:100.4,Bstd:62.1,StrandBias:-0.0,Multiplicity:1.07
0.133	0.085	0.626	0.156
0.165	0.074	0.622	0.139
0.138	0.058	0.658	0.146
0.118	0.062	0.706	0.114
0.146	0.064	0.672	0.118
0.141	0.055	0.684	0.120
0.161	0.052	0.686	0.101
0.136	0.058	0.693	0.113
0.138	0.064	0.699	0.099
0.135	0.075	0.688	0.102
0.139	0.085	0.646	0.130
0.159	0.085	0.620	0.136
>SWATGTCTGYCT	17-SWATGTCTGYCT	11.243798	-13.035666	0	T:10.0(0.79%),B:78.5(0.11%),P:1e-5	Tpos:95.8,Tstd:52.4,Bpos:92.4,Bstd:71.2,StrandBias:-0.6,Multiplicity:1.11
0.151	0.493	0.355	0.001
0.468	0.064	0.001	0.468
0.711	0.232	0.056	0.001
0.001	0.001	0.052	0.946
0.001	0.249	0.633	0.117
0.064	0.003	0.001	0.932
0.127	0.871	0.001	0.001
0.001	0.001	0.001	0.997
0.123	0.002	0.810	0.065
0.001	0.428	0.001	0.570
0.030	0.736	0.083	0.151
0.193	0.118	0.001	0.688
>GTTGTTGTTGTT	18-GTTGTTGTTGTT	12.685287	-11.796607	0	T:10.0(0.79%),B:90.2(0.13%),P:1e-5	Tpos:128.1,Tstd:45.4,Bpos:100.2,Bstd:52.8,StrandBias:-0.7,Multiplicity:1.00
0.001	0.028	0.970	0.001
0.001	0.001	0.001	0.997
0.001	0.033	0.001	0.965
0.001	0.001	0.997	0.001
0.001	0.001	0.001	0.997
0.030	0.001	0.001	0.968
0.001	0.001	0.997	0.001
0.030	0.001	0.001	0.968
0.001	0.001	0.001	0.997
0.024	0.001	0.974	0.001
0.001	0.001	0.039	0.959
0.001	0.030	0.001	0.968
>TACATACATACA	19-TACATACATACA	12.404671	-10.731938	0	T:12.0(0.95%),B:148.2(0.21%),P:1e-4	Tpos:148.8,Tstd:33.8,Bpos:99.3,Bstd:101.5,StrandBias:1.9,Multiplicity:1.42
0.001	0.033	0.015	0.951
0.997	0.001	0.001	0.001
0.001	0.979	0.019	0.001
0.997	0.001	0.001	0.001
0.001	0.001	0.001	0.997
0.997	0.001	0.001	0.001
0.018	0.980	0.001	0.001
0.997	0.001	0.001	0.001
0.001	0.066	0.001	0.932
0.987	0.001	0.011	0.001
0.001	0.982	0.016	0.001
0.975	0.023	0.001	0.001
>ACAACTCAACAT	20-ACAACTCAACAT	12.355432	-8.747291	0	T:2.0(0.16%),B:1.8(0.00%),P:1e-3	Tpos:103.4,Tstd:57.2,Bpos:98.5,Bstd:55.9,StrandBias:-10.0,Multiplicity:3.50
0.700	0.100	0.100	0.100
0.100	0.700	0.100	0.100
0.700	0.100	0.100	0.100
0.700	0.100	0.100	0.100
0.100	0.700	0.100	0.100
0.100	0.100	0.100	0.700
0.100	0.700	0.100	0.100
0.700	0.100	0.100	0.100
0.700	0.100	0.100	0.100
0.100	0.700	0.100	0.100
0.700	0.100	0.100	0.100
0.100	0.100	0.100	0.700
>ATTTGACAACAC	21-ATTTGACAACAC	12.355432	-8.747291	0	T:2.0(0.16%),B:1.8(0.00%),P:1e-3	Tpos:100.8,Tstd:55.2,Bpos:122.4,Bstd:29.9,StrandBias:-10.0,Multiplicity:2.50
0.700	0.100	0.100	0.100
0.100	0.100	0.100	0.700
0.100	0.100	0.100	0.700
0.100	0.100	0.100	0.700
0.100	0.100	0.700	0.100
0.700	0.100	0.100	0.100
0.100	0.700	0.100	0.100
0.700	0.100	0.100	0.100
0.700	0.100	0.100	0.100
0.100	0.700	0.100	0.100
0.700	0.100	0.100	0.100
0.100	0.700	0.100	0.100
>SAGAVRGASAGA	22-SAGAVRGASAGA	11.496623	-8.666471	0	T:13.0(1.02%),B:213.3(0.30%),P:1e-3	Tpos:77.6,Tstd:46.3,Bpos:88.5,Bstd:84.0,StrandBias:1.0,Multiplicity:1.38
0.093	0.476	0.430	0.001
0.813	0.093	0.001	0.093
0.006	0.280	0.713	0.001
0.905	0.001	0.093	0.001
0.280	0.290	0.430	0.001
0.521	0.093	0.385	0.001
0.003	0.137	0.767	0.093
0.890	0.001	0.108	0.001
0.093	0.386	0.428	0.093
0.807	0.093	0.099	0.001
0.001	0.330	0.668	0.001
0.997	0.001	0.001	0.001
>CTTCCAAATCCT	23-CTTCCAAATCCT	12.355432	-7.372911	0	T:2.0(0.16%),B:2.4(0.00%),P:1e-3	Tpos:120.4,Tstd:45.2,Bpos:115.0,Bstd:10.4,StrandBias:-10.0,Multiplicity:2.50
0.100	0.700	0.100	0.100
0.100	0.100	0.100	0.700
0.100	0.100	0.100	0.700
0.100	0.700	0.100	0.100
0.100	0.700	0.100	0.100
0.700	0.100	0.100	0.100
0.700	0.100	0.100	0.100
0.700	0.100	0.100	0.100
0.100	0.100	0.100	0.700
0.100	0.700	0.100	0.100
0.100	0.700	0.100	0.100
0.100	0.100	0.100	0.700
>ATAGATAGATAG	24-ATAGATAGATAG	14.712006	-3.907554	0	T:2.0(0.16%),B:12.5(0.02%),P:1e-1	Tpos:152.9,Tstd:23.5,Bpos:127.0,Bstd:124.0,StrandBias:-10.0,Multiplicity:1.00
0.997	0.001	0.001	0.001
0.001	0.001	0.001	0.997
0.847	0.001	0.151	0.001
0.001	0.001	0.997	0.001
0.997	0.001	0.001	0.001
0.001	0.001	0.001	0.997
0.997	0.001	0.001	0.001
0.001	0.001	0.997	0.001
0.997	0.001	0.001	0.001
0.001	0.001	0.001	0.997
0.997	0.001	0.001	0.001
0.001	0.001	0.997	0.001
>CCTGYCTGTCTG	25-CCTGYCTGTCTG	15.239860	-3.759185	0	T:2.0(0.16%),B:14.0(0.02%),P:1e-1	Tpos:111.0,Tstd:57.0,Bpos:131.8,Bstd:70.4,StrandBias:0.0,Multiplicity:1.00
0.001	0.885	0.001	0.113
0.001	0.997	0.001	0.001
0.001	0.001	0.001	0.997
0.001	0.001	0.997	0.001
0.001	0.480	0.001	0.518
0.001	0.997	0.001	0.001
0.001	0.001	0.001	0.997
0.001	0.001	0.997	0.001
0.001	0.001	0.001	0.997
0.001	0.599	0.399	0.001
0.001	0.001	0.001	0.997
0.001	0.001	0.997	0.001
