>AAAAATTT	1-AAAAATTT	5.268515	-104.858825	0	T:788.0(62.10%),B:29833.3(42.18%),P:1e-45	Tpos:97.6,Tstd:57.6,Bpos:100.3,Bstd:138.1,StrandBias:0.0,Multiplicity:1.71
0.728	0.145	0.074	0.053
0.962	0.001	0.036	0.001
0.997	0.001	0.001	0.001
0.997	0.001	0.001	0.001
0.854	0.043	0.001	0.102
0.094	0.025	0.001	0.880
0.088	0.046	0.001	0.865
0.070	0.034	0.130	0.766
>ATTTTTGG	2-ATTTTTGG	4.985254	-78.448706	0	T:831.0(65.48%),B:34213.3(48.37%),P:1e-34	Tpos:100.3,Tstd:56.5,Bpos:100.9,Bstd:108.3,StrandBias:0.1,Multiplicity:1.35
0.525	0.230	0.079	0.166
0.001	0.092	0.344	0.563
0.018	0.001	0.001	0.980
0.094	0.001	0.001	0.904
0.055	0.181	0.216	0.548
0.089	0.181	0.198	0.532
0.116	0.109	0.530	0.245
0.229	0.225	0.545	0.001
>YSAAATTT	3-YSAAATTT	4.502763	-64.230360	0	T:657.0(51.77%),B:25826.4(36.51%),P:1e-27	Tpos:97.6,Tstd:56.6,Bpos:99.8,Bstd:112.4,StrandBias:0.1,Multiplicity:1.24
0.188	0.382	0.137	0.293
0.203	0.344	0.378	0.074
0.652	0.189	0.104	0.055
0.719	0.065	0.069	0.147
0.581	0.166	0.139	0.114
0.195	0.258	0.107	0.440
0.063	0.176	0.090	0.671
0.142	0.158	0.164	0.536
>ATATATCT	4-ATATATCT	5.183072	-54.525171	0	T:723.0(56.97%),B:30254.6(42.77%),P:1e-23	Tpos:103.9,Tstd:54.3,Bpos:100.3,Bstd:131.6,StrandBias:0.0,Multiplicity:1.49
0.890	0.001	0.001	0.108
0.001	0.001	0.061	0.937
0.797	0.115	0.001	0.087
0.122	0.001	0.001	0.876
0.841	0.001	0.001	0.157
0.001	0.001	0.095	0.903
0.109	0.787	0.017	0.087
0.123	0.066	0.139	0.672
>CAAGAAAA	5-CAAGAAAA	7.396049	-42.935939	0	T:178.0(14.03%),B:4847.0(6.85%),P:1e-18	Tpos:103.2,Tstd:58.4,Bpos:99.9,Bstd:101.6,StrandBias:0.2,Multiplicity:1.01
0.001	0.997	0.001	0.001
0.997	0.001	0.001	0.001
0.771	0.047	0.181	0.001
0.001	0.001	0.997	0.001
0.826	0.001	0.001	0.172
0.927	0.001	0.001	0.071
0.872	0.001	0.126	0.001
0.997	0.001	0.001	0.001
>TTTTACTT	6-TTTTACTT	7.513227	-31.418958	0	T:179.0(14.11%),B:5526.3(7.81%),P:1e-13	Tpos:93.1,Tstd:56.6,Bpos:100.2,Bstd:100.8,StrandBias:-0.1,Multiplicity:1.07
0.001	0.211	0.001	0.787
0.001	0.001	0.001	0.997
0.001	0.001	0.001	0.997
0.001	0.001	0.191	0.807
0.997	0.001	0.001	0.001
0.001	0.997	0.001	0.001
0.001	0.090	0.001	0.908
0.001	0.001	0.183	0.815
>TCTAAAAT	7-TCTAAAAT	7.268816	-29.452619	0	T:238.0(18.75%),B:8253.6(11.67%),P:1e-12	Tpos:101.7,Tstd:51.9,Bpos:100.2,Bstd:128.8,StrandBias:-0.3,Multiplicity:1.11
0.029	0.001	0.145	0.825
0.189	0.454	0.158	0.199
0.001	0.001	0.001	0.997
0.938	0.001	0.001	0.060
0.895	0.001	0.030	0.074
0.912	0.086	0.001	0.001
0.997	0.001	0.001	0.001
0.001	0.001	0.001	0.997
>CTCCAACT	8-CTCCAACT	6.997172	-22.631619	0	T:110.0(8.67%),B:3201.5(4.53%),P:1e-9	Tpos:96.2,Tstd:55.2,Bpos:100.2,Bstd:77.1,StrandBias:-0.2,Multiplicity:1.03
0.026	0.881	0.092	0.001
0.062	0.087	0.001	0.850
0.163	0.779	0.057	0.001
0.028	0.925	0.001	0.046
0.884	0.058	0.001	0.057
0.792	0.001	0.080	0.127
0.047	0.930	0.001	0.022
0.043	0.001	0.001	0.955
>TATCGGGA	9-TATCGGGA	5.484206	-22.386814	0	T:155.0(12.21%),B:5111.0(7.23%),P:1e-9	Tpos:103.4,Tstd:56.3,Bpos:100.9,Bstd:86.6,StrandBias:0.0,Multiplicity:1.07
0.125	0.036	0.090	0.749
0.690	0.111	0.094	0.105
0.036	0.059	0.065	0.840
0.083	0.653	0.139	0.125
0.140	0.060	0.721	0.079
0.017	0.052	0.866	0.065
0.036	0.078	0.768	0.118
0.725	0.162	0.037	0.076
>CAGCCTCA	10-CAGCCTCA	6.688800	-18.910083	0	T:96.0(7.57%),B:2850.8(4.03%),P:1e-8	Tpos:101.4,Tstd:51.8,Bpos:104.9,Bstd:71.8,StrandBias:0.4,Multiplicity:1.10
0.001	0.950	0.048	0.001
0.799	0.178	0.022	0.001
0.115	0.001	0.883	0.001
0.001	0.762	0.145	0.092
0.096	0.697	0.119	0.088
0.001	0.056	0.001	0.942
0.034	0.964	0.001	0.001
0.997	0.001	0.001	0.001
>CGTCCGAA	11-CGTCCGAA	7.144497	-17.666668	0	T:45.0(3.55%),B:976.0(1.38%),P:1e-7	Tpos:102.3,Tstd:56.7,Bpos:97.0,Bstd:63.2,StrandBias:0.1,Multiplicity:1.18
0.016	0.879	0.001	0.104
0.001	0.192	0.806	0.001
0.001	0.126	0.010	0.863
0.001	0.938	0.015	0.046
0.001	0.926	0.049	0.024
0.001	0.116	0.851	0.032
0.875	0.001	0.123	0.001
0.997	0.001	0.001	0.001
>GTAGGCCT	12-GTAGGCCT	8.825006	-16.807239	0	T:33.0(2.60%),B:612.0(0.87%),P:1e-7	Tpos:100.7,Tstd:50.3,Bpos:100.3,Bstd:89.5,StrandBias:-0.2,Multiplicity:1.06
0.171	0.106	0.597	0.126
0.001	0.001	0.001	0.997
0.997	0.001	0.001	0.001
0.001	0.001	0.997	0.001
0.001	0.001	0.997	0.001
0.001	0.997	0.001	0.001
0.001	0.997	0.001	0.001
0.001	0.001	0.001	0.997
>CTGGGACT	13-CTGGGACT	6.856566	-15.934669	0	T:42.0(3.31%),B:933.4(1.32%),P:1e-6	Tpos:112.4,Tstd:56.3,Bpos:101.3,Bstd:75.6,StrandBias:0.2,Multiplicity:1.15
0.001	0.997	0.001	0.001
0.001	0.098	0.001	0.900
0.115	0.146	0.738	0.001
0.001	0.001	0.997	0.001
0.001	0.001	0.997	0.001
0.997	0.001	0.001	0.001
0.112	0.886	0.001	0.001
0.001	0.001	0.001	0.997
>GGGGTCCC	14-GGGGTCCC	7.506474	-14.667599	0	T:39.0(3.07%),B:875.2(1.24%),P:1e-6	Tpos:97.9,Tstd:56.4,Bpos:101.0,Bstd:60.1,StrandBias:0.1,Multiplicity:1.03
0.001	0.101	0.897	0.001
0.001	0.001	0.997	0.001
0.001	0.001	0.712	0.286
0.001	0.001	0.910	0.088
0.292	0.174	0.001	0.533
0.092	0.906	0.001	0.001
0.114	0.884	0.001	0.001
0.001	0.997	0.001	0.001
>AGGGACTG	15-AGGGACTG	6.835356	-13.001678	0	T:63.0(4.96%),B:1862.9(2.63%),P:1e-5	Tpos:101.6,Tstd:51.3,Bpos:98.4,Bstd:81.2,StrandBias:-0.3,Multiplicity:1.10
0.885	0.022	0.092	0.001
0.094	0.001	0.904	0.001
0.001	0.001	0.997	0.001
0.001	0.001	0.997	0.001
0.997	0.001	0.001	0.001
0.001	0.997	0.001	0.001
0.001	0.001	0.133	0.865
0.001	0.001	0.863	0.135
>CAGTAGCA	16-CAGTAGCA	8.777605	-12.195256	0	T:49.0(3.86%),B:1351.1(1.91%),P:1e-5	Tpos:87.9,Tstd:59.7,Bpos:100.2,Bstd:93.5,StrandBias:-0.7,Multiplicity:1.06
0.153	0.845	0.001	0.001
0.997	0.001	0.001	0.001
0.001	0.001	0.997	0.001
0.001	0.199	0.001	0.799
0.822	0.176	0.001	0.001
0.001	0.001	0.997	0.001
0.001	0.997	0.001	0.001
0.997	0.001	0.001	0.001
>GGGGGGGG	17-GGGGGGGG	7.729458	-10.856853	0	T:23.0(1.81%),B:464.8(0.66%),P:1e-4	Tpos:107.2,Tstd:55.0,Bpos:100.2,Bstd:64.6,StrandBias:-0.6,Multiplicity:1.13
0.072	0.010	0.872	0.046
0.001	0.001	0.983	0.015
0.048	0.001	0.950	0.001
0.001	0.001	0.997	0.001
0.001	0.001	0.997	0.001
0.001	0.015	0.983	0.001
0.001	0.009	0.989	0.001
0.001	0.079	0.836	0.084
>GATGATGA	18-GATGATGA	6.347810	-10.674277	0	T:67.0(5.28%),B:2181.8(3.08%),P:1e-4	Tpos:107.1,Tstd:60.9,Bpos:96.1,Bstd:103.6,StrandBias:0.8,Multiplicity:1.26
0.001	0.001	0.997	0.001
0.997	0.001	0.001	0.001
0.001	0.001	0.125	0.873
0.001	0.001	0.997	0.001
0.997	0.001	0.001	0.001
0.115	0.071	0.001	0.813
0.001	0.001	0.997	0.001
0.997	0.001	0.001	0.001
>ATACATAC	19-ATACATAC	8.236954	-8.781258	0	T:36.0(2.84%),B:1023.4(1.45%),P:1e-3	Tpos:142.8,Tstd:36.6,Bpos:99.1,Bstd:122.8,StrandBias:1.2,Multiplicity:2.79
0.700	0.100	0.100	0.100
0.100	0.100	0.100	0.700
0.700	0.100	0.100	0.100
0.100	0.700	0.100	0.100
0.700	0.100	0.100	0.100
0.100	0.100	0.100	0.700
0.700	0.100	0.100	0.100
0.100	0.700	0.100	0.100
>TATATATA	20-TATATATA	8.236954	-8.219912	0	T:21.0(1.65%),B:485.7(0.69%),P:1e-3	Tpos:71.7,Tstd:63.9,Bpos:96.5,Bstd:115.9,StrandBias:0.0,Multiplicity:1.00
0.100	0.100	0.100	0.700
0.700	0.100	0.100	0.100
0.100	0.100	0.100	0.700
0.700	0.100	0.100	0.100
0.100	0.100	0.100	0.700
0.700	0.100	0.100	0.100
0.100	0.100	0.100	0.700
0.700	0.100	0.100	0.100
>GTCTGTCT	21-GTCTGTCT	8.481793	-7.081623	0	T:39.0(3.07%),B:1250.9(1.77%),P:1e-3	Tpos:114.1,Tstd:56.2,Bpos:104.1,Bstd:96.4,StrandBias:-1.9,Multiplicity:1.68
0.001	0.001	0.997	0.001
0.001	0.001	0.001	0.997
0.001	0.997	0.001	0.001
0.001	0.001	0.001	0.997
0.001	0.001	0.997	0.001
0.001	0.183	0.001	0.815
0.001	0.997	0.001	0.001
0.001	0.092	0.001	0.906
>GAGAGAGA	22-GAGAGAGA	6.291044	-3.080690	0	T:178.0(14.03%),B:8778.4(12.41%),P:1e-1	Tpos:88.1,Tstd:53.2,Bpos:97.1,Bstd:89.2,StrandBias:0.7,Multiplicity:1.13
0.100	0.100	0.700	0.100
0.700	0.100	0.100	0.100
0.100	0.100	0.700	0.100
0.700	0.100	0.100	0.100
0.100	0.100	0.700	0.100
0.700	0.100	0.100	0.100
0.100	0.100	0.700	0.100
0.700	0.100	0.100	0.100
>GTTGTTGT	23-GTTGTTGT	8.236954	-1.005590	0	T:24.0(1.89%),B:1229.5(1.74%),P:1e0	Tpos:123.3,Tstd:46.2,Bpos:99.7,Bstd:73.4,StrandBias:-0.7,Multiplicity:1.11
0.100	0.100	0.700	0.100
0.100	0.100	0.100	0.700
0.100	0.100	0.100	0.700
0.100	0.100	0.700	0.100
0.100	0.100	0.100	0.700
0.100	0.100	0.100	0.700
0.100	0.100	0.700	0.100
0.100	0.100	0.100	0.700
