>ATWTTTKAAAWA	3-TWTTTMAAAWAT	6.139555	-44.124721	0	T:601.0(50.13%),B:27030.1(37.23%),P:1e-19
0.641	0.001	0.072	0.286
0.222	0.062	0.013	0.703
0.527	0.017	0.007	0.449
0.067	0.007	0.001	0.925
0.243	0.129	0.139	0.489
0.163	0.017	0.191	0.629
0.166	0.115	0.388	0.331
0.549	0.078	0.066	0.307
0.450	0.178	0.118	0.254
0.821	0.154	0.001	0.024
0.361	0.097	0.093	0.448
0.710	0.041	0.101	0.148
