>ATTTCTCCATCA	6-TGATGGAGAAAT	8.878879	-36.305515	0	T:56.0(4.67%),B:904.0(1.25%),P:1e-15
0.776	0.128	0.036	0.060
0.001	0.038	0.020	0.941
0.033	0.100	0.107	0.760
0.041	0.001	0.041	0.917
0.013	0.835	0.083	0.069
0.115	0.077	0.021	0.787
0.069	0.770	0.063	0.098
0.107	0.778	0.083	0.032
0.852	0.048	0.041	0.059
0.078	0.077	0.063	0.782
0.057	0.868	0.053	0.022
0.938	0.041	0.001	0.020
