>TGATGGAGAAAT	6-TGATGGAGAAAT,BestGuess:GATA3(Zf),DR4/iTreg-Gata3-ChIP-Seq(GSE20898)/Homer(0.606)	8.878879	-36.305515	0	T:56.0(4.67%),B:904.0(1.25%),P:1e-15
0.020	0.001	0.041	0.938
0.022	0.053	0.868	0.057
0.782	0.063	0.077	0.078
0.059	0.041	0.048	0.852
0.032	0.083	0.778	0.107
0.098	0.063	0.770	0.069
0.787	0.021	0.077	0.115
0.069	0.083	0.835	0.013
0.917	0.041	0.001	0.041
0.760	0.107	0.100	0.033
0.941	0.020	0.038	0.001
0.060	0.036	0.128	0.776
