>AAAAAAAATTTT	2-AAAAAAAATTTT	6.900930	-58.784168	0	T:259.0(21.60%),B:7974.6(10.98%),P:1e-25
0.432	0.165	0.177	0.226
0.465	0.144	0.181	0.210
0.526	0.098	0.194	0.182
0.527	0.175	0.113	0.185
0.703	0.138	0.072	0.087
0.816	0.143	0.009	0.032
0.756	0.113	0.014	0.117
0.602	0.103	0.011	0.284
0.264	0.094	0.080	0.562
0.123	0.047	0.175	0.655
0.079	0.015	0.144	0.762
0.122	0.144	0.160	0.574
