>ATRTATRTATDW	14-ATRTATRTATDW,BestGuess:PB0080.1_Tbp_1/Jaspar(0.774)	7.851480	-26.305919	0	T:26.0(2.17%),B:277.8(0.38%),P:1e-11
0.592	0.157	0.019	0.232
0.218	0.150	0.182	0.450
0.376	0.104	0.321	0.200
0.283	0.025	0.222	0.470
0.637	0.020	0.021	0.322
0.282	0.005	0.182	0.531
0.533	0.011	0.437	0.019
0.244	0.016	0.164	0.576
0.644	0.016	0.024	0.316
0.339	0.014	0.154	0.493
0.269	0.126	0.290	0.314
0.457	0.016	0.012	0.515
