>TWTTTMAAAWAT	3-TWTTTMAAAWAT,BestGuess:PB0148.1_Mtf1_2/Jaspar(0.715)	6.139555	-44.124721	0	T:601.0(50.13%),B:27030.1(37.23%),P:1e-19
0.148	0.101	0.041	0.710
0.448	0.093	0.097	0.361
0.024	0.001	0.154	0.821
0.254	0.118	0.178	0.450
0.307	0.066	0.078	0.549
0.331	0.388	0.115	0.166
0.629	0.191	0.017	0.163
0.489	0.139	0.129	0.243
0.925	0.001	0.007	0.067
0.449	0.007	0.017	0.527
0.703	0.013	0.062	0.222
0.286	0.072	0.001	0.641
