>GCTGCAATTATT	16-GCTGCAATTATT,BestGuess:MF0010.1_Homeobox_class/Jaspar(0.737)	9.686869	-22.963572	0	T:30.0(2.50%),B:429.4(0.59%),P:1e-9
0.001	0.035	0.937	0.027
0.152	0.643	0.143	0.062
0.107	0.001	0.071	0.821
0.071	0.001	0.892	0.036
0.036	0.822	0.001	0.141
0.975	0.001	0.001	0.023
0.874	0.036	0.071	0.019
0.133	0.107	0.071	0.689
0.144	0.107	0.055	0.694
0.854	0.008	0.026	0.112
0.014	0.001	0.035	0.950
0.036	0.036	0.071	0.857
