>AATAATTGCAGC	16-GCTGCAATTATT	9.686869	-22.963572	0	T:30.0(2.50%),B:429.4(0.59%),P:1e-9
0.857	0.071	0.036	0.036
0.950	0.035	0.001	0.014
0.112	0.026	0.008	0.854
0.694	0.055	0.107	0.144
0.689	0.071	0.107	0.133
0.019	0.071	0.036	0.874
0.023	0.001	0.001	0.975
0.141	0.001	0.822	0.036
0.036	0.892	0.001	0.071
0.821	0.071	0.001	0.107
0.062	0.143	0.643	0.152
0.027	0.937	0.035	0.001
