>WHATAYATAYAT	14-ATRTATRTATDW	7.851480	-26.305919	0	T:26.0(2.17%),B:277.8(0.38%),P:1e-11
0.515	0.012	0.016	0.457
0.314	0.290	0.126	0.269
0.493	0.154	0.014	0.339
0.316	0.024	0.016	0.644
0.576	0.164	0.016	0.244
0.019	0.437	0.011	0.533
0.531	0.182	0.005	0.282
0.322	0.021	0.020	0.637
0.470	0.222	0.025	0.283
0.200	0.321	0.104	0.376
0.450	0.182	0.150	0.218
0.232	0.019	0.157	0.592
