>CCCCCCCCCCCC	12-GGGGGGGGGGGG	6.857303	-27.771827	0	T:64.0(5.34%),B:1393.1(1.92%),P:1e-12
0.107	0.696	0.085	0.112
0.138	0.720	0.063	0.079
0.112	0.712	0.088	0.088
0.108	0.790	0.037	0.065
0.088	0.833	0.029	0.050
0.060	0.793	0.043	0.104
0.069	0.797	0.030	0.104
0.084	0.799	0.046	0.071
0.080	0.787	0.056	0.077
0.104	0.710	0.087	0.099
0.108	0.690	0.075	0.127
0.097	0.675	0.061	0.167
