>AAAATGGCGG	1-AAAATGGCGG	8.786193	-43.152318	0	T:207.0(12.39%),B:2169.1(6.38%),P:1e-18	Tpos:109.3,Tstd:40.3,Bpos:109.5,Bstd:44.0,StrandBias:1.7,Multiplicity:1.05
0.973	0.001	0.025	0.001
0.897	0.001	0.001	0.101
0.478	0.004	0.299	0.218
0.997	0.001	0.001	0.001
0.001	0.001	0.001	0.997
0.021	0.001	0.953	0.025
0.066	0.001	0.932	0.001
0.103	0.853	0.001	0.043
0.001	0.131	0.721	0.147
0.216	0.095	0.688	0.001
>TCACTTCCGG	2-TCACTTCCGG	7.308627	-41.770734	0	T:112.0(6.70%),B:884.2(2.60%),P:1e-18	Tpos:102.4,Tstd:49.5,Bpos:97.2,Bstd:54.5,StrandBias:-0.8,Multiplicity:1.02
0.068	0.084	0.092	0.756
0.065	0.827	0.064	0.044
0.735	0.117	0.058	0.090
0.028	0.915	0.039	0.018
0.154	0.094	0.083	0.669
0.055	0.042	0.035	0.868
0.054	0.826	0.048	0.072
0.044	0.864	0.053	0.039
0.086	0.020	0.804	0.090
0.113	0.063	0.744	0.080
>GAGGGCGCHC	3-GAGGGCGCHC	7.400943	-36.519980	0	T:167.0(9.99%),B:1714.5(5.04%),P:1e-15	Tpos:78.9,Tstd:37.0,Bpos:78.4,Bstd:49.1,StrandBias:0.1,Multiplicity:1.01
0.081	0.001	0.917	0.001
0.742	0.127	0.130	0.001
0.001	0.042	0.874	0.083
0.069	0.057	0.873	0.001
0.001	0.001	0.997	0.001
0.001	0.985	0.013	0.001
0.001	0.001	0.997	0.001
0.001	0.765	0.114	0.120
0.304	0.346	0.050	0.300
0.237	0.539	0.201	0.023
>HATAATATTW	4-HATAATATTW	7.635828	-28.869889	0	T:281.0(16.82%),B:3713.6(10.92%),P:1e-12	Tpos:83.5,Tstd:57.0,Bpos:85.5,Bstd:55.6,StrandBias:-0.0,Multiplicity:1.15
0.281	0.317	0.033	0.370
0.816	0.061	0.122	0.001
0.199	0.004	0.001	0.796
0.618	0.090	0.111	0.181
0.997	0.001	0.001	0.001
0.001	0.001	0.001	0.997
0.680	0.001	0.186	0.133
0.001	0.001	0.001	0.997
0.232	0.003	0.248	0.517
0.550	0.001	0.001	0.448
>GTGCACCCGG	5-GTGCACCCGG	6.328630	-28.669419	0	T:129.0(7.72%),B:1317.5(3.87%),P:1e-12	Tpos:96.5,Tstd:54.5,Bpos:103.0,Bstd:58.2,StrandBias:0.3,Multiplicity:1.07
0.258	0.001	0.573	0.168
0.001	0.001	0.001	0.997
0.175	0.148	0.511	0.166
0.209	0.516	0.138	0.137
0.679	0.201	0.001	0.119
0.195	0.560	0.202	0.043
0.160	0.570	0.069	0.201
0.112	0.539	0.251	0.098
0.097	0.045	0.695	0.163
0.001	0.001	0.773	0.225
>GNGCAGCTGC	6-GNGCAGCTGC	5.671663	-26.167717	0	T:101.0(6.04%),B:967.7(2.85%),P:1e-11	Tpos:101.4,Tstd:53.2,Bpos:103.9,Bstd:55.2,StrandBias:-0.1,Multiplicity:1.04
0.163	0.175	0.442	0.220
0.207	0.329	0.214	0.250
0.209	0.021	0.556	0.214
0.032	0.631	0.166	0.171
0.407	0.215	0.146	0.232
0.016	0.258	0.499	0.227
0.027	0.647	0.245	0.081
0.222	0.196	0.181	0.401
0.018	0.015	0.945	0.022
0.204	0.532	0.197	0.067
>TCTGAATCTG	7-TCTGAATCTG	10.224747	-24.738838	0	T:25.0(1.50%),B:92.1(0.27%),P:1e-10	Tpos:105.6,Tstd:47.3,Bpos:94.2,Bstd:52.7,StrandBias:1.6,Multiplicity:1.12
0.001	0.001	0.001	0.997
0.001	0.997	0.001	0.001
0.195	0.001	0.001	0.803
0.001	0.037	0.884	0.078
0.997	0.001	0.001	0.001
0.997	0.001	0.001	0.001
0.094	0.001	0.001	0.904
0.001	0.997	0.001	0.001
0.001	0.001	0.001	0.997
0.001	0.001	0.997	0.001
>CCTTTGACCC	8-CCTTTGACCC	7.266631	-22.745298	0	T:147.0(8.80%),B:1719.2(5.06%),P:1e-9	Tpos:97.2,Tstd:46.8,Bpos:89.3,Bstd:51.2,StrandBias:-0.8,Multiplicity:1.09
0.093	0.727	0.112	0.068
0.028	0.845	0.034	0.093
0.063	0.135	0.052	0.750
0.078	0.071	0.075	0.776
0.002	0.051	0.061	0.886
0.067	0.060	0.809	0.064
0.816	0.040	0.064	0.080
0.088	0.754	0.061	0.097
0.083	0.848	0.030	0.039
0.057	0.795	0.037	0.111
>TGTCACCTWA	9-TGTCACCTWA	7.827423	-22.465721	0	T:110.0(6.58%),B:1166.8(3.43%),P:1e-9	Tpos:96.6,Tstd:50.2,Bpos:95.6,Bstd:56.4,StrandBias:-0.6,Multiplicity:1.07
0.108	0.001	0.198	0.693
0.046	0.140	0.813	0.001
0.119	0.244	0.001	0.636
0.001	0.997	0.001	0.001
0.602	0.029	0.001	0.368
0.001	0.997	0.001	0.001
0.040	0.624	0.001	0.335
0.170	0.080	0.001	0.749
0.290	0.185	0.097	0.428
0.930	0.001	0.068	0.001
>CTCACTCGRT	10-CTCACTCGRT	8.013685	-22.428936	0	T:58.0(3.47%),B:456.9(1.34%),P:1e-9	Tpos:106.1,Tstd:45.0,Bpos:102.3,Bstd:57.3,StrandBias:-1.2,Multiplicity:1.00
0.001	0.997	0.001	0.001
0.026	0.234	0.244	0.497
0.065	0.664	0.176	0.095
0.847	0.001	0.141	0.011
0.001	0.952	0.027	0.020
0.150	0.121	0.134	0.595
0.001	0.997	0.001	0.001
0.107	0.048	0.520	0.325
0.500	0.001	0.498	0.001
0.053	0.118	0.102	0.727
>GGAATGACCT	11-GGAATGACCT	6.864391	-21.406280	0	T:77.0(4.61%),B:718.6(2.11%),P:1e-9	Tpos:109.5,Tstd:57.3,Bpos:101.1,Bstd:56.0,StrandBias:-0.2,Multiplicity:1.04
0.154	0.178	0.438	0.231
0.018	0.001	0.781	0.200
0.520	0.090	0.168	0.222
0.979	0.003	0.017	0.001
0.119	0.122	0.216	0.543
0.190	0.107	0.553	0.150
0.563	0.097	0.257	0.083
0.212	0.658	0.001	0.129
0.001	0.708	0.163	0.128
0.087	0.223	0.197	0.493
>AGTTCTCGCC	12-AGTTCTCGCC	10.307686	-19.205150	0	T:16.0(0.96%),B:48.4(0.14%),P:1e-8	Tpos:109.3,Tstd:63.8,Bpos:98.6,Bstd:54.3,StrandBias:0.0,Multiplicity:1.00
0.997	0.001	0.001	0.001
0.001	0.008	0.990	0.001
0.266	0.001	0.001	0.732
0.097	0.008	0.001	0.894
0.171	0.719	0.001	0.109
0.010	0.001	0.224	0.765
0.067	0.931	0.001	0.001
0.050	0.001	0.823	0.126
0.007	0.981	0.005	0.007
0.107	0.891	0.001	0.001
>TTTTTCATGT	13-TTTTTCATGT	10.956789	-19.024185	0	T:28.0(1.68%),B:151.3(0.44%),P:1e-8	Tpos:105.5,Tstd:56.4,Bpos:88.9,Bstd:57.7,StrandBias:1.7,Multiplicity:1.04
0.001	0.001	0.001	0.997
0.001	0.001	0.001	0.997
0.001	0.001	0.072	0.926
0.001	0.001	0.001	0.997
0.001	0.001	0.001	0.997
0.001	0.997	0.001	0.001
0.997	0.001	0.001	0.001
0.001	0.001	0.001	0.997
0.220	0.001	0.778	0.001
0.001	0.001	0.001	0.997
>ATCCCCGAAT	14-ATCCCCGAAT	11.119372	-18.618468	0	T:11.0(0.66%),B:20.0(0.06%),P:1e-8	Tpos:80.1,Tstd:48.3,Bpos:124.8,Bstd:53.0,StrandBias:-0.2,Multiplicity:1.18
0.997	0.001	0.001	0.001
0.101	0.001	0.001	0.897
0.001	0.897	0.101	0.001
0.001	0.896	0.102	0.001
0.001	0.997	0.001	0.001
0.001	0.997	0.001	0.001
0.001	0.001	0.897	0.101
0.997	0.001	0.001	0.001
0.997	0.001	0.001	0.001
0.001	0.101	0.001	0.897
>CATGTAACCT	15-CATGTAACCT	9.165995	-17.366084	0	T:42.0(2.51%),B:322.7(0.95%),P:1e-7	Tpos:91.0,Tstd:56.3,Bpos:91.0,Bstd:55.8,StrandBias:-0.5,Multiplicity:1.10
0.028	0.949	0.001	0.022
0.808	0.048	0.001	0.143
0.001	0.001	0.001	0.997
0.039	0.001	0.936	0.024
0.036	0.039	0.001	0.924
0.912	0.001	0.086	0.001
0.921	0.039	0.039	0.001
0.126	0.732	0.039	0.103
0.013	0.894	0.026	0.067
0.019	0.001	0.001	0.979
>CTGCCGAGGG	16-CTGCCGAGGG	11.839621	-16.306994	0	T:7.0(0.42%),B:7.5(0.02%),P:1e-7	Tpos:83.4,Tstd:43.1,Bpos:122.1,Bstd:40.1,StrandBias:-0.4,Multiplicity:1.00
0.001	0.997	0.001	0.001
0.001	0.001	0.001	0.997
0.162	0.001	0.836	0.001
0.001	0.997	0.001	0.001
0.001	0.997	0.001	0.001
0.001	0.001	0.836	0.162
0.997	0.001	0.001	0.001
0.001	0.001	0.997	0.001
0.001	0.001	0.997	0.001
0.001	0.001	0.997	0.001
>CCACGAGAGA	17-CCACGAGAGA	10.296193	-14.488117	0	T:5.0(0.30%),B:3.8(0.01%),P:1e-6	Tpos:113.4,Tstd:55.8,Bpos:120.3,Bstd:38.7,StrandBias:-0.6,Multiplicity:1.00
0.100	0.700	0.100	0.100
0.100	0.700	0.100	0.100
0.700	0.100	0.100	0.100
0.100	0.700	0.100	0.100
0.100	0.100	0.700	0.100
0.700	0.100	0.100	0.100
0.100	0.100	0.700	0.100
0.700	0.100	0.100	0.100
0.100	0.100	0.700	0.100
0.700	0.100	0.100	0.100
>CGTCAGTTTG	18-CGTCAGTTTG	10.006918	-13.523019	0	T:23.0(1.38%),B:143.0(0.42%),P:1e-5	Tpos:106.0,Tstd:59.5,Bpos:107.7,Bstd:58.3,StrandBias:-0.4,Multiplicity:1.13
0.082	0.916	0.001	0.001
0.001	0.001	0.900	0.098
0.072	0.001	0.083	0.844
0.001	0.842	0.156	0.001
0.997	0.001	0.001	0.001
0.001	0.001	0.997	0.001
0.001	0.001	0.077	0.921
0.001	0.001	0.001	0.997
0.157	0.204	0.001	0.638
0.040	0.062	0.897	0.001
>CAGAACGACG	19-CAGAACGACG	10.526709	-12.743212	0	T:13.0(0.78%),B:52.6(0.15%),P:1e-5	Tpos:86.6,Tstd:51.5,Bpos:105.8,Bstd:48.6,StrandBias:1.1,Multiplicity:1.46
0.001	0.997	0.001	0.001
0.850	0.104	0.045	0.001
0.001	0.001	0.997	0.001
0.892	0.001	0.106	0.001
0.997	0.001	0.001	0.001
0.001	0.997	0.001	0.001
0.001	0.001	0.997	0.001
0.997	0.001	0.001	0.001
0.001	0.905	0.093	0.001
0.001	0.001	0.997	0.001
>GCTGTGAACT	20-GCTGTGAACT	10.928283	-11.596682	0	T:16.0(0.96%),B:86.1(0.25%),P:1e-5	Tpos:108.5,Tstd:49.0,Bpos:92.4,Bstd:56.9,StrandBias:-1.3,Multiplicity:1.06
0.001	0.001	0.997	0.001
0.311	0.687	0.001	0.001
0.063	0.001	0.001	0.935
0.001	0.001	0.997	0.001
0.001	0.001	0.259	0.739
0.001	0.001	0.997	0.001
0.739	0.001	0.259	0.001
0.834	0.164	0.001	0.001
0.001	0.935	0.063	0.001
0.001	0.001	0.001	0.997
>GGTCCACAAT	21-GGTCCACAAT	12.159255	-11.144222	0	T:5.0(0.30%),B:6.5(0.02%),P:1e-4	Tpos:99.0,Tstd:53.1,Bpos:94.4,Bstd:67.9,StrandBias:-2.6,Multiplicity:1.40
0.001	0.001	0.997	0.001
0.001	0.001	0.997	0.001
0.001	0.001	0.001	0.997
0.001	0.997	0.001	0.001
0.001	0.997	0.001	0.001
0.811	0.001	0.187	0.001
0.001	0.997	0.001	0.001
0.997	0.001	0.001	0.001
0.997	0.001	0.001	0.001
0.001	0.001	0.001	0.997
>CGCACGGACG	22-CGCACGGACG	7.452939	-10.392476	0	T:37.0(2.21%),B:358.0(1.05%),P:1e-4	Tpos:108.3,Tstd:66.4,Bpos:99.6,Bstd:59.9,StrandBias:-1.9,Multiplicity:1.31
0.070	0.742	0.110	0.078
0.074	0.104	0.749	0.073
0.097	0.725	0.088	0.090
0.841	0.035	0.084	0.040
0.019	0.917	0.024	0.040
0.032	0.035	0.848	0.085
0.114	0.066	0.778	0.042
0.856	0.085	0.028	0.031
0.060	0.776	0.072	0.092
0.100	0.038	0.775	0.087
>CYMCCTCCYC	23-CYMCCTCCYC	6.104375	-8.899142	0	T:146.0(8.74%),B:2184.4(6.42%),P:1e-3	Tpos:86.8,Tstd:54.8,Bpos:76.6,Bstd:60.0,StrandBias:1.2,Multiplicity:1.04
0.046	0.835	0.079	0.040
0.043	0.538	0.012	0.407
0.392	0.526	0.052	0.030
0.054	0.818	0.084	0.044
0.023	0.553	0.399	0.025
0.254	0.260	0.024	0.463
0.042	0.689	0.019	0.250
0.095	0.788	0.045	0.072
0.136	0.459	0.015	0.390
0.047	0.844	0.047	0.062
>CTTGTTGTTG	24-CTTGTTGTTG	9.824094	-8.035523	0	T:26.0(1.56%),B:246.3(0.72%),P:1e-3	Tpos:127.1,Tstd:48.1,Bpos:105.3,Bstd:52.5,StrandBias:-0.3,Multiplicity:1.04
0.001	0.944	0.054	0.001
0.159	0.001	0.001	0.839
0.122	0.122	0.001	0.755
0.158	0.044	0.765	0.033
0.064	0.001	0.001	0.934
0.021	0.035	0.001	0.943
0.001	0.116	0.862	0.021
0.087	0.001	0.053	0.859
0.001	0.001	0.001	0.997
0.001	0.038	0.960	0.001
>GTGGACAACC	25-GTGGACAACC	11.394055	-4.038229	0	T:3.0(0.18%),B:11.9(0.04%),P:1e-1	Tpos:114.7,Tstd:44.2,Bpos:86.6,Bstd:54.4,StrandBias:3.3,Multiplicity:3.67
0.001	0.001	0.997	0.001
0.001	0.001	0.001	0.997
0.001	0.001	0.997	0.001
0.001	0.001	0.997	0.001
0.911	0.001	0.001	0.087
0.001	0.997	0.001	0.001
0.997	0.001	0.001	0.001
0.997	0.001	0.001	0.001
0.001	0.997	0.001	0.001
0.001	0.997	0.001	0.001
