>CCAAGATGGCGG	1-CCAAGATGGCGG	9.081817	-38.676918	0	T:167.0(9.99%),B:1673.9(4.92%),P:1e-16	Tpos:107.5,Tstd:36.9,Bpos:110.4,Bstd:39.2,StrandBias:2.0,Multiplicity:1.02
0.127	0.505	0.085	0.283
0.075	0.853	0.011	0.061
0.889	0.037	0.037	0.037
0.801	0.001	0.001	0.197
0.133	0.097	0.539	0.231
0.962	0.036	0.001	0.001
0.001	0.037	0.037	0.925
0.001	0.001	0.925	0.073
0.059	0.038	0.791	0.112
0.037	0.836	0.001	0.126
0.078	0.023	0.799	0.100
0.071	0.080	0.741	0.108
>TGACGGGAAGAG	2-TGACGGGAAGAG	13.567001	-38.419555	0	T:10.0(0.60%),B:2.9(0.01%),P:1e-16	Tpos:75.7,Tstd:58.9,Bpos:125.3,Bstd:27.3,StrandBias:1.2,Multiplicity:1.00
0.110	0.001	0.001	0.888
0.001	0.001	0.997	0.001
0.888	0.001	0.001	0.110
0.001	0.997	0.001	0.001
0.001	0.110	0.888	0.001
0.111	0.111	0.777	0.001
0.110	0.001	0.888	0.001
0.997	0.001	0.001	0.001
0.997	0.001	0.001	0.001
0.001	0.001	0.997	0.001
0.888	0.001	0.110	0.001
0.110	0.001	0.888	0.001
>TTTTCATGTACA	3-TTTTCATGTACA	11.221299	-35.338869	0	T:33.0(1.97%),B:108.4(0.32%),P:1e-15	Tpos:101.1,Tstd:56.0,Bpos:95.2,Bstd:53.0,StrandBias:0.2,Multiplicity:1.03
0.261	0.131	0.001	0.607
0.001	0.001	0.098	0.900
0.001	0.001	0.062	0.936
0.001	0.190	0.105	0.704
0.001	0.950	0.048	0.001
0.815	0.063	0.001	0.121
0.001	0.001	0.062	0.936
0.001	0.028	0.970	0.001
0.040	0.001	0.001	0.958
0.886	0.001	0.001	0.112
0.001	0.963	0.001	0.035
0.631	0.001	0.176	0.192
>WGAGGGCGCCCT	4-WGAGGGCGCCCT	7.892999	-34.134600	0	T:131.0(7.84%),B:1246.1(3.66%),P:1e-14	Tpos:77.3,Tstd:35.4,Bpos:85.3,Bstd:50.3,StrandBias:0.1,Multiplicity:1.02
0.353	0.128	0.113	0.406
0.381	0.001	0.573	0.045
0.932	0.042	0.001	0.025
0.001	0.045	0.685	0.269
0.246	0.026	0.610	0.118
0.041	0.026	0.831	0.102
0.001	0.948	0.001	0.050
0.001	0.001	0.923	0.075
0.001	0.644	0.066	0.289
0.252	0.484	0.026	0.238
0.242	0.410	0.227	0.122
0.049	0.001	0.045	0.905
>GGTCAAAGGTCA	5-GGTCAAAGGTCA	8.835542	-32.381124	0	T:143.0(8.56%),B:1447.6(4.26%),P:1e-14	Tpos:89.1,Tstd:42.2,Bpos:86.4,Bstd:48.7,StrandBias:0.6,Multiplicity:1.09
0.042	0.047	0.829	0.082
0.055	0.032	0.824	0.089
0.114	0.058	0.074	0.754
0.072	0.826	0.059	0.043
0.876	0.032	0.060	0.032
0.763	0.039	0.119	0.079
0.859	0.095	0.037	0.009
0.031	0.001	0.879	0.089
0.032	0.001	0.883	0.084
0.047	0.032	0.051	0.870
0.074	0.758	0.049	0.119
0.880	0.044	0.028	0.048
>AAACCGGAAGTG	6-AAACCGGAAGTG	9.387090	-32.187848	0	T:59.0(3.53%),B:366.5(1.08%),P:1e-13	Tpos:87.3,Tstd:41.7,Bpos:93.3,Bstd:50.1,StrandBias:0.8,Multiplicity:1.03
0.728	0.039	0.194	0.039
0.689	0.116	0.117	0.078
0.814	0.087	0.038	0.061
0.156	0.601	0.087	0.156
0.207	0.697	0.038	0.058
0.064	0.039	0.858	0.039
0.058	0.001	0.903	0.038
0.961	0.037	0.001	0.001
0.893	0.038	0.001	0.068
0.001	0.001	0.997	0.001
0.077	0.025	0.116	0.782
0.276	0.002	0.683	0.039
>GCGGTAGTGGSC	7-GCGGTAGTGGSC	11.768073	-30.185545	0	T:9.0(0.54%),B:3.1(0.01%),P:1e-13	Tpos:112.1,Tstd:51.4,Bpos:77.0,Bstd:16.1,StrandBias:-0.3,Multiplicity:1.00
0.001	0.001	0.997	0.001
0.001	0.726	0.272	0.001
0.001	0.136	0.862	0.001
0.001	0.150	0.848	0.001
0.001	0.001	0.001	0.997
0.575	0.001	0.423	0.001
0.001	0.001	0.997	0.001
0.136	0.001	0.001	0.862
0.001	0.001	0.997	0.001
0.136	0.273	0.590	0.001
0.001	0.560	0.438	0.001
0.272	0.726	0.001	0.001
>AAACGTGTCTGA	8-AAACGTGTCTGA	13.292211	-29.012496	0	T:13.0(0.78%),B:13.2(0.04%),P:1e-12	Tpos:115.5,Tstd:52.7,Bpos:126.6,Bstd:38.9,StrandBias:-0.7,Multiplicity:1.00
0.997	0.001	0.001	0.001
0.997	0.001	0.001	0.001
0.997	0.001	0.001	0.001
0.001	0.997	0.001	0.001
0.347	0.001	0.577	0.075
0.001	0.001	0.001	0.997
0.001	0.095	0.903	0.001
0.001	0.095	0.001	0.903
0.001	0.807	0.096	0.096
0.001	0.001	0.001	0.997
0.095	0.001	0.903	0.001
0.997	0.001	0.001	0.001
>TGAACAAGGTGT	9-TGAACAAGGTGT	12.561390	-27.069492	0	T:14.0(0.84%),B:19.2(0.06%),P:1e-11	Tpos:115.2,Tstd:50.6,Bpos:88.6,Bstd:42.8,StrandBias:0.8,Multiplicity:1.00
0.001	0.001	0.001	0.997
0.001	0.001	0.997	0.001
0.997	0.001	0.001	0.001
0.698	0.001	0.001	0.300
0.001	0.668	0.001	0.330
0.997	0.001	0.001	0.001
0.698	0.001	0.300	0.001
0.001	0.001	0.639	0.359
0.001	0.001	0.937	0.061
0.307	0.001	0.001	0.691
0.001	0.305	0.693	0.001
0.032	0.001	0.001	0.966
>TCTGAATCTGAA	10-TCTGAATCTGAA	13.611292	-26.113603	0	T:10.0(0.60%),B:7.1(0.02%),P:1e-11	Tpos:117.2,Tstd:35.0,Bpos:81.0,Bstd:31.8,StrandBias:1.9,Multiplicity:1.40
0.001	0.001	0.001	0.997
0.001	0.997	0.001	0.001
0.001	0.001	0.001	0.997
0.001	0.001	0.997	0.001
0.997	0.001	0.001	0.001
0.997	0.001	0.001	0.001
0.001	0.001	0.077	0.921
0.077	0.921	0.001	0.001
0.001	0.001	0.001	0.997
0.001	0.001	0.921	0.077
0.825	0.001	0.173	0.001
0.921	0.001	0.001	0.077
>TTAGCATCAGTG	11-TTAGCATCAGTG	13.387878	-25.797624	0	T:11.0(0.66%),B:10.4(0.03%),P:1e-11	Tpos:100.2,Tstd:61.6,Bpos:100.6,Bstd:47.1,StrandBias:0.3,Multiplicity:1.00
0.001	0.001	0.001	0.997
0.001	0.001	0.097	0.901
0.901	0.001	0.001	0.097
0.001	0.001	0.901	0.097
0.001	0.997	0.001	0.001
0.901	0.001	0.001	0.097
0.001	0.001	0.001	0.997
0.001	0.997	0.001	0.001
0.901	0.001	0.097	0.001
0.217	0.097	0.685	0.001
0.001	0.001	0.001	0.997
0.001	0.001	0.901	0.097
>CTGAAAAAGAGG	12-CTGAAAAAGAGG	9.933977	-25.619371	0	T:38.0(2.27%),B:202.8(0.60%),P:1e-11	Tpos:109.9,Tstd:48.4,Bpos:98.3,Bstd:54.6,StrandBias:-0.2,Multiplicity:1.00
0.044	0.800	0.075	0.081
0.050	0.050	0.025	0.875
0.074	0.026	0.875	0.025
0.850	0.050	0.025	0.075
0.757	0.099	0.119	0.025
0.876	0.074	0.049	0.001
0.815	0.085	0.074	0.026
0.948	0.007	0.001	0.044
0.063	0.099	0.794	0.044
0.938	0.024	0.001	0.037
0.091	0.061	0.784	0.064
0.184	0.025	0.697	0.094
>TGCAAACTCCGG	13-TGCAAACTCCGG	13.390576	-24.862890	0	T:7.0(0.42%),B:2.7(0.01%),P:1e-10	Tpos:138.3,Tstd:51.9,Bpos:130.2,Bstd:31.4,StrandBias:0.4,Multiplicity:1.00
0.001	0.001	0.001	0.997
0.001	0.187	0.811	0.001
0.001	0.997	0.001	0.001
0.997	0.001	0.001	0.001
0.997	0.001	0.001	0.001
0.997	0.001	0.001	0.001
0.001	0.997	0.001	0.001
0.001	0.001	0.001	0.997
0.001	0.624	0.374	0.001
0.187	0.797	0.001	0.015
0.203	0.001	0.781	0.015
0.001	0.001	0.811	0.187
>TAGTGCACGTGA	14-TAGTGCACGTGA	13.649533	-24.862890	0	T:7.0(0.42%),B:2.2(0.01%),P:1e-10	Tpos:71.9,Tstd:39.7,Bpos:84.5,Bstd:8.7,StrandBias:2.6,Multiplicity:1.00
0.001	0.091	0.001	0.907
0.921	0.001	0.001	0.077
0.001	0.001	0.997	0.001
0.118	0.001	0.001	0.880
0.001	0.001	0.997	0.001
0.001	0.997	0.001	0.001
0.997	0.001	0.001	0.001
0.001	0.997	0.001	0.001
0.118	0.001	0.880	0.001
0.118	0.001	0.001	0.880
0.118	0.001	0.763	0.118
0.880	0.118	0.001	0.001
>TTAAAAAAMAAA	15-TTAAAAAAMAAA	8.539511	-21.300830	0	T:187.0(11.19%),B:2399.8(7.06%),P:1e-9	Tpos:84.6,Tstd:54.9,Bpos:82.2,Bstd:56.0,StrandBias:-0.2,Multiplicity:1.08
0.134	0.001	0.192	0.673
0.089	0.048	0.314	0.549
0.562	0.198	0.109	0.131
0.761	0.053	0.175	0.011
0.849	0.001	0.069	0.081
0.813	0.130	0.010	0.047
0.957	0.004	0.011	0.028
0.767	0.111	0.023	0.099
0.308	0.402	0.149	0.140
0.882	0.012	0.089	0.017
0.928	0.001	0.070	0.001
0.893	0.018	0.030	0.059
>CGKTCACCATAC	16-CGKTCACCATAC	12.377801	-20.652405	0	T:8.0(0.48%),B:6.1(0.02%),P:1e-8	Tpos:115.8,Tstd:47.8,Bpos:65.5,Bstd:35.5,StrandBias:-1.6,Multiplicity:1.00
0.001	0.759	0.120	0.120
0.001	0.001	0.879	0.119
0.001	0.121	0.368	0.510
0.001	0.239	0.001	0.759
0.001	0.997	0.001	0.001
0.879	0.001	0.119	0.001
0.149	0.730	0.120	0.001
0.001	0.997	0.001	0.001
0.967	0.031	0.001	0.001
0.001	0.001	0.001	0.997
0.997	0.001	0.001	0.001
0.001	0.607	0.001	0.391
>CTCTTCAGTTTG	17-CTCTTCAGTTTG	14.018194	-20.188695	0	T:10.0(0.60%),B:13.6(0.04%),P:1e-8	Tpos:78.5,Tstd:65.5,Bpos:106.8,Bstd:58.6,StrandBias:-1.2,Multiplicity:1.30
0.105	0.893	0.001	0.001
0.001	0.001	0.001	0.997
0.001	0.997	0.001	0.001
0.001	0.001	0.105	0.893
0.001	0.001	0.001	0.997
0.001	0.997	0.001	0.001
0.893	0.001	0.001	0.105
0.001	0.001	0.997	0.001
0.001	0.001	0.001	0.997
0.001	0.001	0.001	0.997
0.001	0.001	0.001	0.997
0.001	0.105	0.893	0.001
>GTACGTACACAT	18-GTACGTACACAT	16.160667	-19.899712	0	T:5.0(0.30%),B:2.0(0.01%),P:1e-8	Tpos:76.6,Tstd:49.2,Bpos:22.9,Bstd:7.2,StrandBias:2.0,Multiplicity:1.00
0.001	0.001	0.997	0.001
0.001	0.001	0.001	0.997
0.997	0.001	0.001	0.001
0.001	0.997	0.001	0.001
0.001	0.001	0.878	0.120
0.001	0.001	0.001	0.997
0.997	0.001	0.001	0.001
0.001	0.997	0.001	0.001
0.997	0.001	0.001	0.001
0.001	0.997	0.001	0.001
0.997	0.001	0.001	0.001
0.268	0.001	0.001	0.730
>GAGTCGCGCCTG	19-GAGTCGCGCCTG	9.954452	-19.004416	0	T:15.0(0.90%),B:42.6(0.13%),P:1e-8	Tpos:89.8,Tstd:56.9,Bpos:100.0,Bstd:56.0,StrandBias:-0.6,Multiplicity:1.00
0.097	0.001	0.805	0.097
0.798	0.104	0.001	0.097
0.097	0.097	0.805	0.001
0.193	0.001	0.001	0.805
0.001	0.902	0.001	0.096
0.001	0.096	0.902	0.001
0.097	0.709	0.001	0.193
0.001	0.001	0.902	0.096
0.193	0.805	0.001	0.001
0.008	0.694	0.290	0.008
0.096	0.001	0.001	0.902
0.001	0.001	0.997	0.001
>TCATTCGGCGAT	20-TCATTCGGCGAT	10.493227	-18.200820	0	T:6.0(0.36%),B:3.8(0.01%),P:1e-7	Tpos:76.2,Tstd:51.2,Bpos:141.6,Bstd:26.0,StrandBias:0.7,Multiplicity:1.33
0.001	0.049	0.001	0.949
0.001	0.773	0.001	0.225
0.997	0.001	0.001	0.001
0.001	0.001	0.186	0.812
0.001	0.001	0.001	0.997
0.001	0.997	0.001	0.001
0.001	0.001	0.997	0.001
0.001	0.001	0.997	0.001
0.001	0.752	0.246	0.001
0.001	0.001	0.997	0.001
0.997	0.001	0.001	0.001
0.001	0.001	0.001	0.997
>TGTGGACAACCA	21-TGTGGACAACCA	10.251469	-16.474733	0	T:5.0(0.30%),B:2.4(0.01%),P:1e-7	Tpos:117.3,Tstd:41.3,Bpos:25.9,Bstd:18.5,StrandBias:10.0,Multiplicity:2.40
0.108	0.082	0.092	0.718
0.103	0.113	0.656	0.128
0.098	0.099	0.105	0.698
0.119	0.116	0.651	0.114
0.128	0.110	0.623	0.139
0.693	0.093	0.076	0.138
0.151	0.633	0.106	0.110
0.717	0.101	0.101	0.081
0.666	0.104	0.104	0.126
0.137	0.618	0.106	0.139
0.131	0.608	0.129	0.132
0.721	0.078	0.089	0.112
>GCGTCCGTGCGT	22-GCGTCCGTGCGT	10.502939	-13.695428	0	T:18.0(1.08%),B:91.2(0.27%),P:1e-5	Tpos:116.5,Tstd:64.2,Bpos:101.4,Bstd:62.6,StrandBias:4.2,Multiplicity:1.22
0.074	0.121	0.706	0.099
0.099	0.555	0.001	0.345
0.001	0.099	0.695	0.205
0.001	0.001	0.001	0.997
0.001	0.789	0.209	0.001
0.099	0.883	0.001	0.017
0.001	0.001	0.997	0.001
0.001	0.098	0.001	0.900
0.099	0.205	0.695	0.001
0.001	0.805	0.001	0.193
0.099	0.099	0.795	0.007
0.001	0.001	0.001	0.997
>AACAGAACGACG	23-AACAGAACGACG	16.374665	-9.845171	0	T:4.0(0.24%),B:4.7(0.01%),P:1e-4	Tpos:62.4,Tstd:50.8,Bpos:83.5,Bstd:44.7,StrandBias:3.0,Multiplicity:2.25
0.997	0.001	0.001	0.001
0.997	0.001	0.001	0.001
0.001	0.997	0.001	0.001
0.997	0.001	0.001	0.001
0.107	0.001	0.891	0.001
0.997	0.001	0.001	0.001
0.997	0.001	0.001	0.001
0.001	0.997	0.001	0.001
0.107	0.001	0.891	0.001
0.997	0.001	0.001	0.001
0.001	0.997	0.001	0.001
0.001	0.001	0.997	0.001
>CAACAACAAGAA	24-CAACAACAAGAA	11.641874	-8.502515	0	T:18.0(1.08%),B:136.2(0.40%),P:1e-3	Tpos:117.4,Tstd:40.4,Bpos:103.9,Bstd:58.2,StrandBias:2.4,Multiplicity:1.17
0.001	0.997	0.001	0.001
0.997	0.001	0.001	0.001
0.754	0.244	0.001	0.001
0.133	0.865	0.001	0.001
0.997	0.001	0.001	0.001
0.997	0.001	0.001	0.001
0.001	0.997	0.001	0.001
0.783	0.107	0.001	0.109
0.811	0.001	0.019	0.169
0.031	0.342	0.626	0.001
0.891	0.001	0.001	0.107
0.930	0.001	0.001	0.068
>CCCCCCCCCCCC	25-CCCCCCCCCCCC	12.465546	-1.236395	0	T:10.0(0.60%),B:164.0(0.48%),P:1e0	Tpos:76.4,Tstd:44.8,Bpos:43.7,Bstd:36.7,StrandBias:6.2,Multiplicity:1.00
0.001	0.971	0.027	0.001
0.001	0.997	0.001	0.001
0.024	0.974	0.001	0.001
0.001	0.997	0.001	0.001
0.001	0.997	0.001	0.001
0.001	0.964	0.001	0.034
0.072	0.926	0.001	0.001
0.093	0.905	0.001	0.001
0.094	0.884	0.001	0.021
0.027	0.955	0.001	0.017
0.014	0.984	0.001	0.001
0.001	0.997	0.001	0.001
