>GGCGCCCT	1-GGCGCCCT	4.608342	-35.277968	0	T:334.0(19.99%),B:4397.2(12.93%),P:1e-15	Tpos:94.8,Tstd:45.0,Bpos:98.7,Bstd:53.3,StrandBias:-0.5,Multiplicity:1.09
0.196	0.003	0.528	0.273
0.098	0.168	0.456	0.278
0.114	0.704	0.039	0.143
0.145	0.084	0.571	0.200
0.102	0.536	0.295	0.067
0.121	0.518	0.154	0.207
0.289	0.460	0.190	0.061
0.283	0.075	0.107	0.535
>CACTTCCG	2-CACTTCCG	7.917965	-27.947152	0	T:114.0(6.82%),B:1117.4(3.29%),P:1e-12	Tpos:94.9,Tstd:46.9,Bpos:95.9,Bstd:56.3,StrandBias:-0.3,Multiplicity:1.03
0.001	0.864	0.001	0.134
0.910	0.088	0.001	0.001
0.001	0.997	0.001	0.001
0.001	0.074	0.001	0.924
0.141	0.001	0.001	0.857
0.001	0.997	0.001	0.001
0.001	0.997	0.001	0.001
0.001	0.001	0.848	0.150
>ACATGATA	3-ACATGATA	6.662069	-25.289343	0	T:317.0(18.97%),B:4457.7(13.11%),P:1e-10	Tpos:97.7,Tstd:52.9,Bpos:93.6,Bstd:55.6,StrandBias:-0.1,Multiplicity:1.09
0.805	0.019	0.083	0.093
0.001	0.826	0.088	0.085
0.943	0.020	0.036	0.001
0.019	0.033	0.001	0.947
0.037	0.001	0.961	0.001
0.908	0.022	0.039	0.031
0.134	0.057	0.001	0.808
0.835	0.067	0.097	0.001
>AGGTCAAC	4-AGGTCAAC	6.834630	-19.455985	0	T:272.0(16.28%),B:3909.8(11.50%),P:1e-8	Tpos:99.0,Tstd:53.7,Bpos:96.7,Bstd:55.5,StrandBias:0.4,Multiplicity:1.10
0.876	0.068	0.001	0.055
0.001	0.054	0.895	0.050
0.106	0.001	0.862	0.031
0.001	0.047	0.035	0.917
0.064	0.934	0.001	0.001
0.997	0.001	0.001	0.001
0.940	0.058	0.001	0.001
0.156	0.727	0.116	0.001
>CCTGATTG	5-CCTGATTG	6.844322	-17.630651	0	T:171.0(10.23%),B:2256.9(6.64%),P:1e-7	Tpos:102.3,Tstd:55.2,Bpos:96.6,Bstd:56.3,StrandBias:-0.3,Multiplicity:1.06
0.084	0.788	0.047	0.081
0.001	0.828	0.001	0.170
0.001	0.001	0.001	0.997
0.234	0.138	0.627	0.001
0.997	0.001	0.001	0.001
0.001	0.223	0.194	0.582
0.147	0.147	0.001	0.705
0.001	0.163	0.835	0.001
>CTSAMTCT	6-CTSAMTCT	8.135641	-16.390493	0	T:79.0(4.73%),B:840.9(2.47%),P:1e-7	Tpos:98.6,Tstd:51.7,Bpos:102.9,Bstd:55.2,StrandBias:0.2,Multiplicity:1.08
0.001	0.997	0.001	0.001
0.001	0.001	0.341	0.657
0.001	0.431	0.567	0.001
0.997	0.001	0.001	0.001
0.371	0.472	0.001	0.156
0.001	0.025	0.207	0.767
0.013	0.955	0.001	0.031
0.001	0.001	0.214	0.784
>CGTCCGTG	7-CGTCCGTG	6.642557	-12.460297	0	T:111.0(6.64%),B:1443.5(4.24%),P:1e-5	Tpos:105.0,Tstd:60.3,Bpos:101.6,Bstd:59.2,StrandBias:1.0,Multiplicity:1.52
0.001	0.925	0.001	0.073
0.001	0.044	0.883	0.072
0.037	0.001	0.001	0.961
0.027	0.777	0.195	0.001
0.001	0.928	0.070	0.001
0.001	0.001	0.997	0.001
0.018	0.070	0.042	0.870
0.095	0.227	0.677	0.001
>AGAAACCG	8-AGAAACCG	8.236954	-10.896747	0	T:22.0(1.32%),B:157.8(0.46%),P:1e-4	Tpos:112.7,Tstd:52.2,Bpos:106.6,Bstd:55.2,StrandBias:-0.5,Multiplicity:1.00
0.700	0.100	0.100	0.100
0.100	0.100	0.700	0.100
0.700	0.100	0.100	0.100
0.700	0.100	0.100	0.100
0.700	0.100	0.100	0.100
0.100	0.700	0.100	0.100
0.100	0.700	0.100	0.100
0.100	0.100	0.700	0.100
>ACGAATAC	9-ACGAATAC	10.794885	-8.695660	0	T:24.0(1.44%),B:209.9(0.62%),P:1e-3	Tpos:95.5,Tstd:54.8,Bpos:88.2,Bstd:54.7,StrandBias:1.1,Multiplicity:1.33
0.997	0.001	0.001	0.001
0.001	0.997	0.001	0.001
0.001	0.001	0.997	0.001
0.997	0.001	0.001	0.001
0.997	0.001	0.001	0.001
0.238	0.001	0.001	0.760
0.997	0.001	0.001	0.001
0.001	0.997	0.001	0.001
