>AAAATGGCGG	1-AAAATGGCGG	8.786193	-43.152318	0	T:207.0(12.39%),B:2169.1(6.38%),P:1e-18	Tpos:109.3,Tstd:40.3,Bpos:109.5,Bstd:44.0,StrandBias:1.7,Multiplicity:1.05
0.973	0.001	0.025	0.001
0.897	0.001	0.001	0.101
0.478	0.004	0.299	0.218
0.997	0.001	0.001	0.001
0.001	0.001	0.001	0.997
0.021	0.001	0.953	0.025
0.066	0.001	0.932	0.001
0.103	0.853	0.001	0.043
0.001	0.131	0.721	0.147
0.216	0.095	0.688	0.001
>TCACTTCCGG	2-TCACTTCCGG	7.308627	-41.770734	0	T:112.0(6.70%),B:884.2(2.60%),P:1e-18	Tpos:102.4,Tstd:49.5,Bpos:97.2,Bstd:54.5,StrandBias:-0.8,Multiplicity:1.02
0.068	0.084	0.092	0.756
0.065	0.827	0.064	0.044
0.735	0.117	0.058	0.090
0.028	0.915	0.039	0.018
0.154	0.094	0.083	0.669
0.055	0.042	0.035	0.868
0.054	0.826	0.048	0.072
0.044	0.864	0.053	0.039
0.086	0.020	0.804	0.090
0.113	0.063	0.744	0.080
>GAGGGCGCHC	3-GAGGGCGCHC	7.400943	-36.519980	0	T:167.0(9.99%),B:1714.5(5.04%),P:1e-15	Tpos:78.9,Tstd:37.0,Bpos:78.4,Bstd:49.1,StrandBias:0.1,Multiplicity:1.01
0.081	0.001	0.917	0.001
0.742	0.127	0.130	0.001
0.001	0.042	0.874	0.083
0.069	0.057	0.873	0.001
0.001	0.001	0.997	0.001
0.001	0.985	0.013	0.001
0.001	0.001	0.997	0.001
0.001	0.765	0.114	0.120
0.304	0.346	0.050	0.300
0.237	0.539	0.201	0.023
>HATAATATTW	4-HATAATATTW	7.635828	-28.869889	0	T:281.0(16.82%),B:3713.6(10.92%),P:1e-12	Tpos:83.5,Tstd:57.0,Bpos:85.5,Bstd:55.6,StrandBias:-0.0,Multiplicity:1.15
0.281	0.317	0.033	0.370
0.816	0.061	0.122	0.001
0.199	0.004	0.001	0.796
0.618	0.090	0.111	0.181
0.997	0.001	0.001	0.001
0.001	0.001	0.001	0.997
0.680	0.001	0.186	0.133
0.001	0.001	0.001	0.997
0.232	0.003	0.248	0.517
0.550	0.001	0.001	0.448
>GTGCACCCGG	5-GTGCACCCGG	6.328630	-28.669419	0	T:129.0(7.72%),B:1317.5(3.87%),P:1e-12	Tpos:96.5,Tstd:54.5,Bpos:103.0,Bstd:58.2,StrandBias:0.3,Multiplicity:1.07
0.258	0.001	0.573	0.168
0.001	0.001	0.001	0.997
0.175	0.148	0.511	0.166
0.209	0.516	0.138	0.137
0.679	0.201	0.001	0.119
0.195	0.560	0.202	0.043
0.160	0.570	0.069	0.201
0.112	0.539	0.251	0.098
0.097	0.045	0.695	0.163
0.001	0.001	0.773	0.225
>GNGCAGCTGC	6-GNGCAGCTGC	5.671663	-26.167717	0	T:101.0(6.04%),B:967.7(2.85%),P:1e-11	Tpos:101.4,Tstd:53.2,Bpos:103.9,Bstd:55.2,StrandBias:-0.1,Multiplicity:1.04
0.163	0.175	0.442	0.220
0.207	0.329	0.214	0.250
0.209	0.021	0.556	0.214
0.032	0.631	0.166	0.171
0.407	0.215	0.146	0.232
0.016	0.258	0.499	0.227
0.027	0.647	0.245	0.081
0.222	0.196	0.181	0.401
0.018	0.015	0.945	0.022
0.204	0.532	0.197	0.067
>TCTGAATCTG	7-TCTGAATCTG	10.224747	-24.738838	0	T:25.0(1.50%),B:92.1(0.27%),P:1e-10	Tpos:105.6,Tstd:47.3,Bpos:94.2,Bstd:52.7,StrandBias:1.6,Multiplicity:1.12
0.001	0.001	0.001	0.997
0.001	0.997	0.001	0.001
0.195	0.001	0.001	0.803
0.001	0.037	0.884	0.078
0.997	0.001	0.001	0.001
0.997	0.001	0.001	0.001
0.094	0.001	0.001	0.904
0.001	0.997	0.001	0.001
0.001	0.001	0.001	0.997
0.001	0.001	0.997	0.001
>CCTTTGACCC	8-CCTTTGACCC	7.266631	-22.745298	0	T:147.0(8.80%),B:1719.2(5.06%),P:1e-9	Tpos:97.2,Tstd:46.8,Bpos:89.3,Bstd:51.2,StrandBias:-0.8,Multiplicity:1.09
0.093	0.727	0.112	0.068
0.028	0.845	0.034	0.093
0.063	0.135	0.052	0.750
0.078	0.071	0.075	0.776
0.002	0.051	0.061	0.886
0.067	0.060	0.809	0.064
0.816	0.040	0.064	0.080
0.088	0.754	0.061	0.097
0.083	0.848	0.030	0.039
0.057	0.795	0.037	0.111
>TGTCACCTWA	9-TGTCACCTWA	7.827423	-22.465721	0	T:110.0(6.58%),B:1166.8(3.43%),P:1e-9	Tpos:96.6,Tstd:50.2,Bpos:95.6,Bstd:56.4,StrandBias:-0.6,Multiplicity:1.07
0.108	0.001	0.198	0.693
0.046	0.140	0.813	0.001
0.119	0.244	0.001	0.636
0.001	0.997	0.001	0.001
0.602	0.029	0.001	0.368
0.001	0.997	0.001	0.001
0.040	0.624	0.001	0.335
0.170	0.080	0.001	0.749
0.290	0.185	0.097	0.428
0.930	0.001	0.068	0.001
>CTCACTCGRT	10-CTCACTCGRT	8.013685	-22.428936	0	T:58.0(3.47%),B:456.9(1.34%),P:1e-9	Tpos:106.1,Tstd:45.0,Bpos:102.3,Bstd:57.3,StrandBias:-1.2,Multiplicity:1.00
0.001	0.997	0.001	0.001
0.026	0.234	0.244	0.497
0.065	0.664	0.176	0.095
0.847	0.001	0.141	0.011
0.001	0.952	0.027	0.020
0.150	0.121	0.134	0.595
0.001	0.997	0.001	0.001
0.107	0.048	0.520	0.325
0.500	0.001	0.498	0.001
0.053	0.118	0.102	0.727
>GGAATGACCT	11-GGAATGACCT	6.864391	-21.406280	0	T:77.0(4.61%),B:718.6(2.11%),P:1e-9	Tpos:109.5,Tstd:57.3,Bpos:101.1,Bstd:56.0,StrandBias:-0.2,Multiplicity:1.04
0.154	0.178	0.438	0.231
0.018	0.001	0.781	0.200
0.520	0.090	0.168	0.222
0.979	0.003	0.017	0.001
0.119	0.122	0.216	0.543
0.190	0.107	0.553	0.150
0.563	0.097	0.257	0.083
0.212	0.658	0.001	0.129
0.001	0.708	0.163	0.128
0.087	0.223	0.197	0.493
>AGTTCTCGCC	12-AGTTCTCGCC	10.307686	-19.205150	0	T:16.0(0.96%),B:48.4(0.14%),P:1e-8	Tpos:109.3,Tstd:63.8,Bpos:98.6,Bstd:54.3,StrandBias:0.0,Multiplicity:1.00
0.997	0.001	0.001	0.001
0.001	0.008	0.990	0.001
0.266	0.001	0.001	0.732
0.097	0.008	0.001	0.894
0.171	0.719	0.001	0.109
0.010	0.001	0.224	0.765
0.067	0.931	0.001	0.001
0.050	0.001	0.823	0.126
0.007	0.981	0.005	0.007
0.107	0.891	0.001	0.001
>TTTTTCATGT	13-TTTTTCATGT	10.956789	-19.024185	0	T:28.0(1.68%),B:151.3(0.44%),P:1e-8	Tpos:105.5,Tstd:56.4,Bpos:88.9,Bstd:57.7,StrandBias:1.7,Multiplicity:1.04
0.001	0.001	0.001	0.997
0.001	0.001	0.001	0.997
0.001	0.001	0.072	0.926
0.001	0.001	0.001	0.997
0.001	0.001	0.001	0.997
0.001	0.997	0.001	0.001
0.997	0.001	0.001	0.001
0.001	0.001	0.001	0.997
0.220	0.001	0.778	0.001
0.001	0.001	0.001	0.997
>ATCCCCGAAT	14-ATCCCCGAAT	11.119372	-18.618468	0	T:11.0(0.66%),B:20.0(0.06%),P:1e-8	Tpos:80.1,Tstd:48.3,Bpos:124.8,Bstd:53.0,StrandBias:-0.2,Multiplicity:1.18
0.997	0.001	0.001	0.001
0.101	0.001	0.001	0.897
0.001	0.897	0.101	0.001
0.001	0.896	0.102	0.001
0.001	0.997	0.001	0.001
0.001	0.997	0.001	0.001
0.001	0.001	0.897	0.101
0.997	0.001	0.001	0.001
0.997	0.001	0.001	0.001
0.001	0.101	0.001	0.897
>CATGTAACCT	15-CATGTAACCT	9.165995	-17.366084	0	T:42.0(2.51%),B:322.7(0.95%),P:1e-7	Tpos:91.0,Tstd:56.3,Bpos:91.0,Bstd:55.8,StrandBias:-0.5,Multiplicity:1.10
0.028	0.949	0.001	0.022
0.808	0.048	0.001	0.143
0.001	0.001	0.001	0.997
0.039	0.001	0.936	0.024
0.036	0.039	0.001	0.924
0.912	0.001	0.086	0.001
0.921	0.039	0.039	0.001
0.126	0.732	0.039	0.103
0.013	0.894	0.026	0.067
0.019	0.001	0.001	0.979
>CTGCCGAGGG	16-CTGCCGAGGG	11.839621	-16.306994	0	T:7.0(0.42%),B:7.5(0.02%),P:1e-7	Tpos:83.4,Tstd:43.1,Bpos:122.1,Bstd:40.1,StrandBias:-0.4,Multiplicity:1.00
0.001	0.997	0.001	0.001
0.001	0.001	0.001	0.997
0.162	0.001	0.836	0.001
0.001	0.997	0.001	0.001
0.001	0.997	0.001	0.001
0.001	0.001	0.836	0.162
0.997	0.001	0.001	0.001
0.001	0.001	0.997	0.001
0.001	0.001	0.997	0.001
0.001	0.001	0.997	0.001
>CCACGAGAGA	17-CCACGAGAGA	10.296193	-14.488117	0	T:5.0(0.30%),B:3.8(0.01%),P:1e-6	Tpos:113.4,Tstd:55.8,Bpos:120.3,Bstd:38.7,StrandBias:-0.6,Multiplicity:1.00
0.100	0.700	0.100	0.100
0.100	0.700	0.100	0.100
0.700	0.100	0.100	0.100
0.100	0.700	0.100	0.100
0.100	0.100	0.700	0.100
0.700	0.100	0.100	0.100
0.100	0.100	0.700	0.100
0.700	0.100	0.100	0.100
0.100	0.100	0.700	0.100
0.700	0.100	0.100	0.100
>CGTCAGTTTG	18-CGTCAGTTTG	10.006918	-13.523019	0	T:23.0(1.38%),B:143.0(0.42%),P:1e-5	Tpos:106.0,Tstd:59.5,Bpos:107.7,Bstd:58.3,StrandBias:-0.4,Multiplicity:1.13
0.082	0.916	0.001	0.001
0.001	0.001	0.900	0.098
0.072	0.001	0.083	0.844
0.001	0.842	0.156	0.001
0.997	0.001	0.001	0.001
0.001	0.001	0.997	0.001
0.001	0.001	0.077	0.921
0.001	0.001	0.001	0.997
0.157	0.204	0.001	0.638
0.040	0.062	0.897	0.001
>CAGAACGACG	19-CAGAACGACG	10.526709	-12.743212	0	T:13.0(0.78%),B:52.6(0.15%),P:1e-5	Tpos:86.6,Tstd:51.5,Bpos:105.8,Bstd:48.6,StrandBias:1.1,Multiplicity:1.46
0.001	0.997	0.001	0.001
0.850	0.104	0.045	0.001
0.001	0.001	0.997	0.001
0.892	0.001	0.106	0.001
0.997	0.001	0.001	0.001
0.001	0.997	0.001	0.001
0.001	0.001	0.997	0.001
0.997	0.001	0.001	0.001
0.001	0.905	0.093	0.001
0.001	0.001	0.997	0.001
>GCTGTGAACT	20-GCTGTGAACT	10.928283	-11.596682	0	T:16.0(0.96%),B:86.1(0.25%),P:1e-5	Tpos:108.5,Tstd:49.0,Bpos:92.4,Bstd:56.9,StrandBias:-1.3,Multiplicity:1.06
0.001	0.001	0.997	0.001
0.311	0.687	0.001	0.001
0.063	0.001	0.001	0.935
0.001	0.001	0.997	0.001
0.001	0.001	0.259	0.739
0.001	0.001	0.997	0.001
0.739	0.001	0.259	0.001
0.834	0.164	0.001	0.001
0.001	0.935	0.063	0.001
0.001	0.001	0.001	0.997
>GGTCCACAAT	21-GGTCCACAAT	12.159255	-11.144222	0	T:5.0(0.30%),B:6.5(0.02%),P:1e-4	Tpos:99.0,Tstd:53.1,Bpos:94.4,Bstd:67.9,StrandBias:-2.6,Multiplicity:1.40
0.001	0.001	0.997	0.001
0.001	0.001	0.997	0.001
0.001	0.001	0.001	0.997
0.001	0.997	0.001	0.001
0.001	0.997	0.001	0.001
0.811	0.001	0.187	0.001
0.001	0.997	0.001	0.001
0.997	0.001	0.001	0.001
0.997	0.001	0.001	0.001
0.001	0.001	0.001	0.997
>CGCACGGACG	22-CGCACGGACG	7.452939	-10.392476	0	T:37.0(2.21%),B:358.0(1.05%),P:1e-4	Tpos:108.3,Tstd:66.4,Bpos:99.6,Bstd:59.9,StrandBias:-1.9,Multiplicity:1.31
0.070	0.742	0.110	0.078
0.074	0.104	0.749	0.073
0.097	0.725	0.088	0.090
0.841	0.035	0.084	0.040
0.019	0.917	0.024	0.040
0.032	0.035	0.848	0.085
0.114	0.066	0.778	0.042
0.856	0.085	0.028	0.031
0.060	0.776	0.072	0.092
0.100	0.038	0.775	0.087
>CYMCCTCCYC	23-CYMCCTCCYC	6.104375	-8.899142	0	T:146.0(8.74%),B:2184.4(6.42%),P:1e-3	Tpos:86.8,Tstd:54.8,Bpos:76.6,Bstd:60.0,StrandBias:1.2,Multiplicity:1.04
0.046	0.835	0.079	0.040
0.043	0.538	0.012	0.407
0.392	0.526	0.052	0.030
0.054	0.818	0.084	0.044
0.023	0.553	0.399	0.025
0.254	0.260	0.024	0.463
0.042	0.689	0.019	0.250
0.095	0.788	0.045	0.072
0.136	0.459	0.015	0.390
0.047	0.844	0.047	0.062
>CTTGTTGTTG	24-CTTGTTGTTG	9.824094	-8.035523	0	T:26.0(1.56%),B:246.3(0.72%),P:1e-3	Tpos:127.1,Tstd:48.1,Bpos:105.3,Bstd:52.5,StrandBias:-0.3,Multiplicity:1.04
0.001	0.944	0.054	0.001
0.159	0.001	0.001	0.839
0.122	0.122	0.001	0.755
0.158	0.044	0.765	0.033
0.064	0.001	0.001	0.934
0.021	0.035	0.001	0.943
0.001	0.116	0.862	0.021
0.087	0.001	0.053	0.859
0.001	0.001	0.001	0.997
0.001	0.038	0.960	0.001
>GTGGACAACC	25-GTGGACAACC	11.394055	-4.038229	0	T:3.0(0.18%),B:11.9(0.04%),P:1e-1	Tpos:114.7,Tstd:44.2,Bpos:86.6,Bstd:54.4,StrandBias:3.3,Multiplicity:3.67
0.001	0.001	0.997	0.001
0.001	0.001	0.001	0.997
0.001	0.001	0.997	0.001
0.001	0.001	0.997	0.001
0.911	0.001	0.001	0.087
0.001	0.997	0.001	0.001
0.997	0.001	0.001	0.001
0.997	0.001	0.001	0.001
0.001	0.997	0.001	0.001
0.001	0.997	0.001	0.001
>CCAAGATGGCGG	1-CCAAGATGGCGG	9.081817	-38.676918	0	T:167.0(9.99%),B:1673.9(4.92%),P:1e-16	Tpos:107.5,Tstd:36.9,Bpos:110.4,Bstd:39.2,StrandBias:2.0,Multiplicity:1.02
0.127	0.505	0.085	0.283
0.075	0.853	0.011	0.061
0.889	0.037	0.037	0.037
0.801	0.001	0.001	0.197
0.133	0.097	0.539	0.231
0.962	0.036	0.001	0.001
0.001	0.037	0.037	0.925
0.001	0.001	0.925	0.073
0.059	0.038	0.791	0.112
0.037	0.836	0.001	0.126
0.078	0.023	0.799	0.100
0.071	0.080	0.741	0.108
>TGACGGGAAGAG	2-TGACGGGAAGAG	13.567001	-38.419555	0	T:10.0(0.60%),B:2.9(0.01%),P:1e-16	Tpos:75.7,Tstd:58.9,Bpos:125.3,Bstd:27.3,StrandBias:1.2,Multiplicity:1.00
0.110	0.001	0.001	0.888
0.001	0.001	0.997	0.001
0.888	0.001	0.001	0.110
0.001	0.997	0.001	0.001
0.001	0.110	0.888	0.001
0.111	0.111	0.777	0.001
0.110	0.001	0.888	0.001
0.997	0.001	0.001	0.001
0.997	0.001	0.001	0.001
0.001	0.001	0.997	0.001
0.888	0.001	0.110	0.001
0.110	0.001	0.888	0.001
>TTTTCATGTACA	3-TTTTCATGTACA	11.221299	-35.338869	0	T:33.0(1.97%),B:108.4(0.32%),P:1e-15	Tpos:101.1,Tstd:56.0,Bpos:95.2,Bstd:53.0,StrandBias:0.2,Multiplicity:1.03
0.261	0.131	0.001	0.607
0.001	0.001	0.098	0.900
0.001	0.001	0.062	0.936
0.001	0.190	0.105	0.704
0.001	0.950	0.048	0.001
0.815	0.063	0.001	0.121
0.001	0.001	0.062	0.936
0.001	0.028	0.970	0.001
0.040	0.001	0.001	0.958
0.886	0.001	0.001	0.112
0.001	0.963	0.001	0.035
0.631	0.001	0.176	0.192
>WGAGGGCGCCCT	4-WGAGGGCGCCCT	7.892999	-34.134600	0	T:131.0(7.84%),B:1246.1(3.66%),P:1e-14	Tpos:77.3,Tstd:35.4,Bpos:85.3,Bstd:50.3,StrandBias:0.1,Multiplicity:1.02
0.353	0.128	0.113	0.406
0.381	0.001	0.573	0.045
0.932	0.042	0.001	0.025
0.001	0.045	0.685	0.269
0.246	0.026	0.610	0.118
0.041	0.026	0.831	0.102
0.001	0.948	0.001	0.050
0.001	0.001	0.923	0.075
0.001	0.644	0.066	0.289
0.252	0.484	0.026	0.238
0.242	0.410	0.227	0.122
0.049	0.001	0.045	0.905
>GGTCAAAGGTCA	5-GGTCAAAGGTCA	8.835542	-32.381124	0	T:143.0(8.56%),B:1447.6(4.26%),P:1e-14	Tpos:89.1,Tstd:42.2,Bpos:86.4,Bstd:48.7,StrandBias:0.6,Multiplicity:1.09
0.042	0.047	0.829	0.082
0.055	0.032	0.824	0.089
0.114	0.058	0.074	0.754
0.072	0.826	0.059	0.043
0.876	0.032	0.060	0.032
0.763	0.039	0.119	0.079
0.859	0.095	0.037	0.009
0.031	0.001	0.879	0.089
0.032	0.001	0.883	0.084
0.047	0.032	0.051	0.870
0.074	0.758	0.049	0.119
0.880	0.044	0.028	0.048
>AAACCGGAAGTG	6-AAACCGGAAGTG	9.387090	-32.187848	0	T:59.0(3.53%),B:366.5(1.08%),P:1e-13	Tpos:87.3,Tstd:41.7,Bpos:93.3,Bstd:50.1,StrandBias:0.8,Multiplicity:1.03
0.728	0.039	0.194	0.039
0.689	0.116	0.117	0.078
0.814	0.087	0.038	0.061
0.156	0.601	0.087	0.156
0.207	0.697	0.038	0.058
0.064	0.039	0.858	0.039
0.058	0.001	0.903	0.038
0.961	0.037	0.001	0.001
0.893	0.038	0.001	0.068
0.001	0.001	0.997	0.001
0.077	0.025	0.116	0.782
0.276	0.002	0.683	0.039
>GCGGTAGTGGSC	7-GCGGTAGTGGSC	11.768073	-30.185545	0	T:9.0(0.54%),B:3.1(0.01%),P:1e-13	Tpos:112.1,Tstd:51.4,Bpos:77.0,Bstd:16.1,StrandBias:-0.3,Multiplicity:1.00
0.001	0.001	0.997	0.001
0.001	0.726	0.272	0.001
0.001	0.136	0.862	0.001
0.001	0.150	0.848	0.001
0.001	0.001	0.001	0.997
0.575	0.001	0.423	0.001
0.001	0.001	0.997	0.001
0.136	0.001	0.001	0.862
0.001	0.001	0.997	0.001
0.136	0.273	0.590	0.001
0.001	0.560	0.438	0.001
0.272	0.726	0.001	0.001
>AAACGTGTCTGA	8-AAACGTGTCTGA	13.292211	-29.012496	0	T:13.0(0.78%),B:13.2(0.04%),P:1e-12	Tpos:115.5,Tstd:52.7,Bpos:126.6,Bstd:38.9,StrandBias:-0.7,Multiplicity:1.00
0.997	0.001	0.001	0.001
0.997	0.001	0.001	0.001
0.997	0.001	0.001	0.001
0.001	0.997	0.001	0.001
0.347	0.001	0.577	0.075
0.001	0.001	0.001	0.997
0.001	0.095	0.903	0.001
0.001	0.095	0.001	0.903
0.001	0.807	0.096	0.096
0.001	0.001	0.001	0.997
0.095	0.001	0.903	0.001
0.997	0.001	0.001	0.001
>TGAACAAGGTGT	9-TGAACAAGGTGT	12.561390	-27.069492	0	T:14.0(0.84%),B:19.2(0.06%),P:1e-11	Tpos:115.2,Tstd:50.6,Bpos:88.6,Bstd:42.8,StrandBias:0.8,Multiplicity:1.00
0.001	0.001	0.001	0.997
0.001	0.001	0.997	0.001
0.997	0.001	0.001	0.001
0.698	0.001	0.001	0.300
0.001	0.668	0.001	0.330
0.997	0.001	0.001	0.001
0.698	0.001	0.300	0.001
0.001	0.001	0.639	0.359
0.001	0.001	0.937	0.061
0.307	0.001	0.001	0.691
0.001	0.305	0.693	0.001
0.032	0.001	0.001	0.966
>TCTGAATCTGAA	10-TCTGAATCTGAA	13.611292	-26.113603	0	T:10.0(0.60%),B:7.1(0.02%),P:1e-11	Tpos:117.2,Tstd:35.0,Bpos:81.0,Bstd:31.8,StrandBias:1.9,Multiplicity:1.40
0.001	0.001	0.001	0.997
0.001	0.997	0.001	0.001
0.001	0.001	0.001	0.997
0.001	0.001	0.997	0.001
0.997	0.001	0.001	0.001
0.997	0.001	0.001	0.001
0.001	0.001	0.077	0.921
0.077	0.921	0.001	0.001
0.001	0.001	0.001	0.997
0.001	0.001	0.921	0.077
0.825	0.001	0.173	0.001
0.921	0.001	0.001	0.077
>TTAGCATCAGTG	11-TTAGCATCAGTG	13.387878	-25.797624	0	T:11.0(0.66%),B:10.4(0.03%),P:1e-11	Tpos:100.2,Tstd:61.6,Bpos:100.6,Bstd:47.1,StrandBias:0.3,Multiplicity:1.00
0.001	0.001	0.001	0.997
0.001	0.001	0.097	0.901
0.901	0.001	0.001	0.097
0.001	0.001	0.901	0.097
0.001	0.997	0.001	0.001
0.901	0.001	0.001	0.097
0.001	0.001	0.001	0.997
0.001	0.997	0.001	0.001
0.901	0.001	0.097	0.001
0.217	0.097	0.685	0.001
0.001	0.001	0.001	0.997
0.001	0.001	0.901	0.097
>CTGAAAAAGAGG	12-CTGAAAAAGAGG	9.933977	-25.619371	0	T:38.0(2.27%),B:202.8(0.60%),P:1e-11	Tpos:109.9,Tstd:48.4,Bpos:98.3,Bstd:54.6,StrandBias:-0.2,Multiplicity:1.00
0.044	0.800	0.075	0.081
0.050	0.050	0.025	0.875
0.074	0.026	0.875	0.025
0.850	0.050	0.025	0.075
0.757	0.099	0.119	0.025
0.876	0.074	0.049	0.001
0.815	0.085	0.074	0.026
0.948	0.007	0.001	0.044
0.063	0.099	0.794	0.044
0.938	0.024	0.001	0.037
0.091	0.061	0.784	0.064
0.184	0.025	0.697	0.094
>TGCAAACTCCGG	13-TGCAAACTCCGG	13.390576	-24.862890	0	T:7.0(0.42%),B:2.7(0.01%),P:1e-10	Tpos:138.3,Tstd:51.9,Bpos:130.2,Bstd:31.4,StrandBias:0.4,Multiplicity:1.00
0.001	0.001	0.001	0.997
0.001	0.187	0.811	0.001
0.001	0.997	0.001	0.001
0.997	0.001	0.001	0.001
0.997	0.001	0.001	0.001
0.997	0.001	0.001	0.001
0.001	0.997	0.001	0.001
0.001	0.001	0.001	0.997
0.001	0.624	0.374	0.001
0.187	0.797	0.001	0.015
0.203	0.001	0.781	0.015
0.001	0.001	0.811	0.187
>TAGTGCACGTGA	14-TAGTGCACGTGA	13.649533	-24.862890	0	T:7.0(0.42%),B:2.2(0.01%),P:1e-10	Tpos:71.9,Tstd:39.7,Bpos:84.5,Bstd:8.7,StrandBias:2.6,Multiplicity:1.00
0.001	0.091	0.001	0.907
0.921	0.001	0.001	0.077
0.001	0.001	0.997	0.001
0.118	0.001	0.001	0.880
0.001	0.001	0.997	0.001
0.001	0.997	0.001	0.001
0.997	0.001	0.001	0.001
0.001	0.997	0.001	0.001
0.118	0.001	0.880	0.001
0.118	0.001	0.001	0.880
0.118	0.001	0.763	0.118
0.880	0.118	0.001	0.001
>TTAAAAAAMAAA	15-TTAAAAAAMAAA	8.539511	-21.300830	0	T:187.0(11.19%),B:2399.8(7.06%),P:1e-9	Tpos:84.6,Tstd:54.9,Bpos:82.2,Bstd:56.0,StrandBias:-0.2,Multiplicity:1.08
0.134	0.001	0.192	0.673
0.089	0.048	0.314	0.549
0.562	0.198	0.109	0.131
0.761	0.053	0.175	0.011
0.849	0.001	0.069	0.081
0.813	0.130	0.010	0.047
0.957	0.004	0.011	0.028
0.767	0.111	0.023	0.099
0.308	0.402	0.149	0.140
0.882	0.012	0.089	0.017
0.928	0.001	0.070	0.001
0.893	0.018	0.030	0.059
>CGKTCACCATAC	16-CGKTCACCATAC	12.377801	-20.652405	0	T:8.0(0.48%),B:6.1(0.02%),P:1e-8	Tpos:115.8,Tstd:47.8,Bpos:65.5,Bstd:35.5,StrandBias:-1.6,Multiplicity:1.00
0.001	0.759	0.120	0.120
0.001	0.001	0.879	0.119
0.001	0.121	0.368	0.510
0.001	0.239	0.001	0.759
0.001	0.997	0.001	0.001
0.879	0.001	0.119	0.001
0.149	0.730	0.120	0.001
0.001	0.997	0.001	0.001
0.967	0.031	0.001	0.001
0.001	0.001	0.001	0.997
0.997	0.001	0.001	0.001
0.001	0.607	0.001	0.391
>CTCTTCAGTTTG	17-CTCTTCAGTTTG	14.018194	-20.188695	0	T:10.0(0.60%),B:13.6(0.04%),P:1e-8	Tpos:78.5,Tstd:65.5,Bpos:106.8,Bstd:58.6,StrandBias:-1.2,Multiplicity:1.30
0.105	0.893	0.001	0.001
0.001	0.001	0.001	0.997
0.001	0.997	0.001	0.001
0.001	0.001	0.105	0.893
0.001	0.001	0.001	0.997
0.001	0.997	0.001	0.001
0.893	0.001	0.001	0.105
0.001	0.001	0.997	0.001
0.001	0.001	0.001	0.997
0.001	0.001	0.001	0.997
0.001	0.001	0.001	0.997
0.001	0.105	0.893	0.001
>GTACGTACACAT	18-GTACGTACACAT	16.160667	-19.899712	0	T:5.0(0.30%),B:2.0(0.01%),P:1e-8	Tpos:76.6,Tstd:49.2,Bpos:22.9,Bstd:7.2,StrandBias:2.0,Multiplicity:1.00
0.001	0.001	0.997	0.001
0.001	0.001	0.001	0.997
0.997	0.001	0.001	0.001
0.001	0.997	0.001	0.001
0.001	0.001	0.878	0.120
0.001	0.001	0.001	0.997
0.997	0.001	0.001	0.001
0.001	0.997	0.001	0.001
0.997	0.001	0.001	0.001
0.001	0.997	0.001	0.001
0.997	0.001	0.001	0.001
0.268	0.001	0.001	0.730
>GAGTCGCGCCTG	19-GAGTCGCGCCTG	9.954452	-19.004416	0	T:15.0(0.90%),B:42.6(0.13%),P:1e-8	Tpos:89.8,Tstd:56.9,Bpos:100.0,Bstd:56.0,StrandBias:-0.6,Multiplicity:1.00
0.097	0.001	0.805	0.097
0.798	0.104	0.001	0.097
0.097	0.097	0.805	0.001
0.193	0.001	0.001	0.805
0.001	0.902	0.001	0.096
0.001	0.096	0.902	0.001
0.097	0.709	0.001	0.193
0.001	0.001	0.902	0.096
0.193	0.805	0.001	0.001
0.008	0.694	0.290	0.008
0.096	0.001	0.001	0.902
0.001	0.001	0.997	0.001
>TCATTCGGCGAT	20-TCATTCGGCGAT	10.493227	-18.200820	0	T:6.0(0.36%),B:3.8(0.01%),P:1e-7	Tpos:76.2,Tstd:51.2,Bpos:141.6,Bstd:26.0,StrandBias:0.7,Multiplicity:1.33
0.001	0.049	0.001	0.949
0.001	0.773	0.001	0.225
0.997	0.001	0.001	0.001
0.001	0.001	0.186	0.812
0.001	0.001	0.001	0.997
0.001	0.997	0.001	0.001
0.001	0.001	0.997	0.001
0.001	0.001	0.997	0.001
0.001	0.752	0.246	0.001
0.001	0.001	0.997	0.001
0.997	0.001	0.001	0.001
0.001	0.001	0.001	0.997
>TGTGGACAACCA	21-TGTGGACAACCA	10.251469	-16.474733	0	T:5.0(0.30%),B:2.4(0.01%),P:1e-7	Tpos:117.3,Tstd:41.3,Bpos:25.9,Bstd:18.5,StrandBias:10.0,Multiplicity:2.40
0.108	0.082	0.092	0.718
0.103	0.113	0.656	0.128
0.098	0.099	0.105	0.698
0.119	0.116	0.651	0.114
0.128	0.110	0.623	0.139
0.693	0.093	0.076	0.138
0.151	0.633	0.106	0.110
0.717	0.101	0.101	0.081
0.666	0.104	0.104	0.126
0.137	0.618	0.106	0.139
0.131	0.608	0.129	0.132
0.721	0.078	0.089	0.112
>GCGTCCGTGCGT	22-GCGTCCGTGCGT	10.502939	-13.695428	0	T:18.0(1.08%),B:91.2(0.27%),P:1e-5	Tpos:116.5,Tstd:64.2,Bpos:101.4,Bstd:62.6,StrandBias:4.2,Multiplicity:1.22
0.074	0.121	0.706	0.099
0.099	0.555	0.001	0.345
0.001	0.099	0.695	0.205
0.001	0.001	0.001	0.997
0.001	0.789	0.209	0.001
0.099	0.883	0.001	0.017
0.001	0.001	0.997	0.001
0.001	0.098	0.001	0.900
0.099	0.205	0.695	0.001
0.001	0.805	0.001	0.193
0.099	0.099	0.795	0.007
0.001	0.001	0.001	0.997
>AACAGAACGACG	23-AACAGAACGACG	16.374665	-9.845171	0	T:4.0(0.24%),B:4.7(0.01%),P:1e-4	Tpos:62.4,Tstd:50.8,Bpos:83.5,Bstd:44.7,StrandBias:3.0,Multiplicity:2.25
0.997	0.001	0.001	0.001
0.997	0.001	0.001	0.001
0.001	0.997	0.001	0.001
0.997	0.001	0.001	0.001
0.107	0.001	0.891	0.001
0.997	0.001	0.001	0.001
0.997	0.001	0.001	0.001
0.001	0.997	0.001	0.001
0.107	0.001	0.891	0.001
0.997	0.001	0.001	0.001
0.001	0.997	0.001	0.001
0.001	0.001	0.997	0.001
>CAACAACAAGAA	24-CAACAACAAGAA	11.641874	-8.502515	0	T:18.0(1.08%),B:136.2(0.40%),P:1e-3	Tpos:117.4,Tstd:40.4,Bpos:103.9,Bstd:58.2,StrandBias:2.4,Multiplicity:1.17
0.001	0.997	0.001	0.001
0.997	0.001	0.001	0.001
0.754	0.244	0.001	0.001
0.133	0.865	0.001	0.001
0.997	0.001	0.001	0.001
0.997	0.001	0.001	0.001
0.001	0.997	0.001	0.001
0.783	0.107	0.001	0.109
0.811	0.001	0.019	0.169
0.031	0.342	0.626	0.001
0.891	0.001	0.001	0.107
0.930	0.001	0.001	0.068
>CCCCCCCCCCCC	25-CCCCCCCCCCCC	12.465546	-1.236395	0	T:10.0(0.60%),B:164.0(0.48%),P:1e0	Tpos:76.4,Tstd:44.8,Bpos:43.7,Bstd:36.7,StrandBias:6.2,Multiplicity:1.00
0.001	0.971	0.027	0.001
0.001	0.997	0.001	0.001
0.024	0.974	0.001	0.001
0.001	0.997	0.001	0.001
0.001	0.997	0.001	0.001
0.001	0.964	0.001	0.034
0.072	0.926	0.001	0.001
0.093	0.905	0.001	0.001
0.094	0.884	0.001	0.021
0.027	0.955	0.001	0.017
0.014	0.984	0.001	0.001
0.001	0.997	0.001	0.001
>GGCGCCCT	1-GGCGCCCT	4.608342	-35.277968	0	T:334.0(19.99%),B:4397.2(12.93%),P:1e-15	Tpos:94.8,Tstd:45.0,Bpos:98.7,Bstd:53.3,StrandBias:-0.5,Multiplicity:1.09
0.196	0.003	0.528	0.273
0.098	0.168	0.456	0.278
0.114	0.704	0.039	0.143
0.145	0.084	0.571	0.200
0.102	0.536	0.295	0.067
0.121	0.518	0.154	0.207
0.289	0.460	0.190	0.061
0.283	0.075	0.107	0.535
>CACTTCCG	2-CACTTCCG	7.917965	-27.947152	0	T:114.0(6.82%),B:1117.4(3.29%),P:1e-12	Tpos:94.9,Tstd:46.9,Bpos:95.9,Bstd:56.3,StrandBias:-0.3,Multiplicity:1.03
0.001	0.864	0.001	0.134
0.910	0.088	0.001	0.001
0.001	0.997	0.001	0.001
0.001	0.074	0.001	0.924
0.141	0.001	0.001	0.857
0.001	0.997	0.001	0.001
0.001	0.997	0.001	0.001
0.001	0.001	0.848	0.150
>ACATGATA	3-ACATGATA	6.662069	-25.289343	0	T:317.0(18.97%),B:4457.7(13.11%),P:1e-10	Tpos:97.7,Tstd:52.9,Bpos:93.6,Bstd:55.6,StrandBias:-0.1,Multiplicity:1.09
0.805	0.019	0.083	0.093
0.001	0.826	0.088	0.085
0.943	0.020	0.036	0.001
0.019	0.033	0.001	0.947
0.037	0.001	0.961	0.001
0.908	0.022	0.039	0.031
0.134	0.057	0.001	0.808
0.835	0.067	0.097	0.001
>AGGTCAAC	4-AGGTCAAC	6.834630	-19.455985	0	T:272.0(16.28%),B:3909.8(11.50%),P:1e-8	Tpos:99.0,Tstd:53.7,Bpos:96.7,Bstd:55.5,StrandBias:0.4,Multiplicity:1.10
0.876	0.068	0.001	0.055
0.001	0.054	0.895	0.050
0.106	0.001	0.862	0.031
0.001	0.047	0.035	0.917
0.064	0.934	0.001	0.001
0.997	0.001	0.001	0.001
0.940	0.058	0.001	0.001
0.156	0.727	0.116	0.001
>CCTGATTG	5-CCTGATTG	6.844322	-17.630651	0	T:171.0(10.23%),B:2256.9(6.64%),P:1e-7	Tpos:102.3,Tstd:55.2,Bpos:96.6,Bstd:56.3,StrandBias:-0.3,Multiplicity:1.06
0.084	0.788	0.047	0.081
0.001	0.828	0.001	0.170
0.001	0.001	0.001	0.997
0.234	0.138	0.627	0.001
0.997	0.001	0.001	0.001
0.001	0.223	0.194	0.582
0.147	0.147	0.001	0.705
0.001	0.163	0.835	0.001
>CTSAMTCT	6-CTSAMTCT	8.135641	-16.390493	0	T:79.0(4.73%),B:840.9(2.47%),P:1e-7	Tpos:98.6,Tstd:51.7,Bpos:102.9,Bstd:55.2,StrandBias:0.2,Multiplicity:1.08
0.001	0.997	0.001	0.001
0.001	0.001	0.341	0.657
0.001	0.431	0.567	0.001
0.997	0.001	0.001	0.001
0.371	0.472	0.001	0.156
0.001	0.025	0.207	0.767
0.013	0.955	0.001	0.031
0.001	0.001	0.214	0.784
>CGTCCGTG	7-CGTCCGTG	6.642557	-12.460297	0	T:111.0(6.64%),B:1443.5(4.24%),P:1e-5	Tpos:105.0,Tstd:60.3,Bpos:101.6,Bstd:59.2,StrandBias:1.0,Multiplicity:1.52
0.001	0.925	0.001	0.073
0.001	0.044	0.883	0.072
0.037	0.001	0.001	0.961
0.027	0.777	0.195	0.001
0.001	0.928	0.070	0.001
0.001	0.001	0.997	0.001
0.018	0.070	0.042	0.870
0.095	0.227	0.677	0.001
>AGAAACCG	8-AGAAACCG	8.236954	-10.896747	0	T:22.0(1.32%),B:157.8(0.46%),P:1e-4	Tpos:112.7,Tstd:52.2,Bpos:106.6,Bstd:55.2,StrandBias:-0.5,Multiplicity:1.00
0.700	0.100	0.100	0.100
0.100	0.100	0.700	0.100
0.700	0.100	0.100	0.100
0.700	0.100	0.100	0.100
0.700	0.100	0.100	0.100
0.100	0.700	0.100	0.100
0.100	0.700	0.100	0.100
0.100	0.100	0.700	0.100
>ACGAATAC	9-ACGAATAC	10.794885	-8.695660	0	T:24.0(1.44%),B:209.9(0.62%),P:1e-3	Tpos:95.5,Tstd:54.8,Bpos:88.2,Bstd:54.7,StrandBias:1.1,Multiplicity:1.33
0.997	0.001	0.001	0.001
0.001	0.997	0.001	0.001
0.001	0.001	0.997	0.001
0.997	0.001	0.001	0.001
0.997	0.001	0.001	0.001
0.238	0.001	0.001	0.760
0.997	0.001	0.001	0.001
0.001	0.997	0.001	0.001
