>GGGGGGGGGGGG	17-GGGGGGGGGGGG	6.766140	-21.699486	0	T:42.0(6.05%),B:1387.6(1.98%),P:1e-9
0.136	0.108	0.618	0.138
0.092	0.148	0.648	0.112
0.094	0.109	0.737	0.060
0.134	0.085	0.759	0.022
0.089	0.038	0.811	0.062
0.104	0.041	0.816	0.039
0.082	0.037	0.851	0.030
0.073	0.040	0.842	0.045
0.077	0.056	0.784	0.083
0.097	0.045	0.758	0.100
0.085	0.076	0.723	0.116
0.161	0.048	0.656	0.135
