>AATTTTGAAATT	3-AATTTTGAAATT	6.765547	-41.434383	0	T:269.0(38.76%),B:16655.3(23.74%),P:1e-17
0.717	0.103	0.084	0.096
0.750	0.064	0.068	0.118
0.144	0.084	0.088	0.684
0.084	0.083	0.074	0.759
0.065	0.068	0.053	0.814
0.089	0.039	0.057	0.815
0.045	0.117	0.738	0.100
0.781	0.071	0.072	0.076
0.762	0.093	0.063	0.082
0.764	0.062	0.074	0.100
0.140	0.089	0.097	0.674
0.107	0.069	0.081	0.743
