>ATTTKCWGCAAA	2-ATTTKCWGCAAA,BestGuess:STAT1(Stat)/HelaS3-STAT1-ChIP-Seq(GSE12782)/Homer(0.723)	8.990545	-42.283635	0	T:65.0(9.37%),B:1765.4(2.52%),P:1e-18
0.785	0.001	0.115	0.099
0.222	0.052	0.097	0.629
0.001	0.048	0.040	0.911
0.001	0.043	0.001	0.955
0.001	0.078	0.458	0.463
0.047	0.627	0.287	0.039
0.307	0.072	0.209	0.413
0.113	0.026	0.764	0.097
0.272	0.556	0.146	0.026
0.882	0.116	0.001	0.001
0.953	0.001	0.001	0.045
0.911	0.026	0.001	0.062
