>GAAAAAATTTAA	1-GAAAAAATTTAA	6.362961	-50.383617	0	T:318.0(45.82%),B:19895.5(28.36%),P:1e-21
0.247	0.151	0.450	0.153
0.671	0.145	0.111	0.073
0.724	0.043	0.120	0.113
0.783	0.060	0.062	0.095
0.844	0.007	0.022	0.127
0.837	0.031	0.046	0.086
0.654	0.090	0.090	0.166
0.208	0.036	0.121	0.635
0.146	0.095	0.144	0.615
0.157	0.084	0.142	0.617
0.584	0.137	0.089	0.190
0.588	0.155	0.088	0.169
