>CTGAATCTTTCA	14-CTGAATCTTTCA,BestGuess:Pit1+1bp(Homeobox)/GCrat-Pit1-ChIP-Seq(GSE58009)/Homer(0.690)	9.880519	-24.530253	0	T:28.0(4.03%),B:588.1(0.84%),P:1e-10
0.189	0.651	0.135	0.025
0.106	0.001	0.077	0.816
0.038	0.077	0.884	0.001
0.750	0.068	0.039	0.143
0.896	0.001	0.001	0.102
0.049	0.001	0.077	0.873
0.085	0.715	0.059	0.141
0.049	0.118	0.039	0.794
0.038	0.001	0.001	0.960
0.017	0.001	0.060	0.922
0.096	0.865	0.038	0.001
0.879	0.043	0.077	0.001
