>TTTGCWGMAAAT	2-ATTTKCWGCAAA	8.990545	-42.283635	0	T:65.0(9.37%),B:1765.4(2.52%),P:1e-18
0.062	0.001	0.026	0.911
0.045	0.001	0.001	0.953
0.001	0.001	0.116	0.882
0.026	0.146	0.556	0.272
0.097	0.764	0.026	0.113
0.413	0.209	0.072	0.307
0.039	0.287	0.627	0.047
0.463	0.458	0.078	0.001
0.955	0.001	0.043	0.001
0.911	0.040	0.048	0.001
0.629	0.097	0.052	0.222
0.099	0.115	0.001	0.785
