>TGAAAGATTCAG	14-CTGAATCTTTCA	9.880519	-24.530253	0	T:28.0(4.03%),B:588.1(0.84%),P:1e-10
0.001	0.077	0.043	0.879
0.001	0.038	0.865	0.096
0.922	0.060	0.001	0.017
0.960	0.001	0.001	0.038
0.794	0.039	0.118	0.049
0.141	0.059	0.715	0.085
0.873	0.077	0.001	0.049
0.102	0.001	0.001	0.896
0.143	0.039	0.068	0.750
0.001	0.884	0.077	0.038
0.816	0.077	0.001	0.106
0.025	0.135	0.651	0.189
