>GCAATATTTTAC	4-GCAATATTTTAC	8.677128	-39.633721	0	T:66.0(9.51%),B:1916.2(2.73%),P:1e-17
0.413	0.001	0.585	0.001
0.144	0.803	0.001	0.052
0.913	0.001	0.001	0.085
0.809	0.088	0.001	0.102
0.104	0.371	0.001	0.524
0.730	0.178	0.001	0.091
0.079	0.001	0.001	0.919
0.149	0.187	0.001	0.663
0.102	0.001	0.001	0.896
0.188	0.082	0.176	0.554
0.551	0.001	0.052	0.396
0.078	0.832	0.089	0.001
