>AAAATSCTAA	1-AAAATSCTAA	6.460447	-66.979533	0	T:481.0(37.26%),B:16773.3(23.22%),P:1e-29	Tpos:96.2,Tstd:57.3,Bpos:100.0,Bstd:119.4,StrandBias:0.1,Multiplicity:1.14
0.879	0.020	0.092	0.009
0.953	0.001	0.045	0.001
0.902	0.011	0.001	0.086
0.697	0.146	0.027	0.130
0.208	0.028	0.020	0.744
0.195	0.369	0.295	0.141
0.208	0.452	0.274	0.066
0.021	0.058	0.181	0.740
0.583	0.202	0.214	0.001
0.750	0.061	0.060	0.129
>ACCAAAATTT	2-ACCAAAATTT	4.709477	-56.676243	0	T:763.0(59.10%),B:32302.2(44.71%),P:1e-24	Tpos:100.7,Tstd:56.0,Bpos:99.6,Bstd:119.7,StrandBias:0.0,Multiplicity:1.41
0.654	0.111	0.122	0.113
0.110	0.676	0.117	0.097
0.101	0.682	0.102	0.115
0.724	0.087	0.097	0.092
0.726	0.084	0.093	0.097
0.724	0.085	0.103	0.088
0.706	0.087	0.083	0.124
0.114	0.108	0.081	0.697
0.109	0.087	0.086	0.718
0.107	0.102	0.097	0.694
>TWTWTTTTTT	3-TWTWTTTTTT	8.446620	-51.025913	0	T:194.0(15.03%),B:5106.1(7.07%),P:1e-22	Tpos:102.8,Tstd:57.4,Bpos:99.2,Bstd:152.2,StrandBias:-1.0,Multiplicity:1.19
0.392	0.001	0.063	0.544
0.443	0.001	0.001	0.555
0.418	0.001	0.001	0.580
0.428	0.001	0.001	0.570
0.195	0.001	0.001	0.803
0.001	0.001	0.001	0.997
0.189	0.001	0.001	0.809
0.167	0.001	0.001	0.831
0.133	0.091	0.007	0.769
0.187	0.086	0.067	0.660
>AAATTTTAAA	4-AAATTTTAAA	5.723957	-48.005410	0	T:572.0(44.31%),B:22875.8(31.67%),P:1e-20	Tpos:101.9,Tstd:54.8,Bpos:101.2,Bstd:140.8,StrandBias:-0.1,Multiplicity:1.55
0.689	0.061	0.074	0.176
0.699	0.072	0.057	0.172
0.592	0.040	0.060	0.308
0.248	0.100	0.083	0.569
0.201	0.082	0.055	0.662
0.124	0.072	0.121	0.683
0.204	0.170	0.148	0.478
0.450	0.182	0.178	0.190
0.674	0.079	0.044	0.203
0.588	0.115	0.095	0.202
>ATATATTTCA	5-ATATATTTCA	5.205882	-46.907150	0	T:715.0(55.38%),B:30618.9(42.38%),P:1e-20	Tpos:91.8,Tstd:55.6,Bpos:100.4,Bstd:123.5,StrandBias:0.2,Multiplicity:1.36
0.678	0.114	0.132	0.076
0.070	0.118	0.092	0.720
0.590	0.137	0.148	0.125
0.096	0.114	0.089	0.701
0.741	0.019	0.133	0.107
0.001	0.059	0.072	0.868
0.122	0.138	0.069	0.671
0.062	0.106	0.090	0.742
0.099	0.665	0.112	0.124
0.623	0.126	0.134	0.117
>CAACATCTTC	6-CAACATCTTC	6.754907	-33.107763	0	T:190.0(14.72%),B:5904.5(8.17%),P:1e-14	Tpos:104.0,Tstd:54.6,Bpos:98.9,Bstd:104.0,StrandBias:0.1,Multiplicity:1.07
0.112	0.781	0.091	0.016
0.688	0.088	0.001	0.223
0.601	0.037	0.216	0.146
0.001	0.711	0.179	0.109
0.677	0.001	0.057	0.265
0.082	0.159	0.119	0.640
0.135	0.573	0.102	0.190
0.130	0.097	0.001	0.772
0.035	0.001	0.173	0.791
0.044	0.869	0.013	0.074
>ATATATATAT	7-ATATATATAT	10.296193	-27.925948	0	T:16.0(1.24%),B:72.8(0.10%),P:1e-12	Tpos:108.6,Tstd:54.4,Bpos:98.1,Bstd:122.9,StrandBias:0.0,Multiplicity:1.31
0.700	0.100	0.100	0.100
0.100	0.100	0.100	0.700
0.700	0.100	0.100	0.100
0.100	0.100	0.100	0.700
0.700	0.100	0.100	0.100
0.100	0.100	0.100	0.700
0.700	0.100	0.100	0.100
0.100	0.100	0.100	0.700
0.700	0.100	0.100	0.100
0.100	0.100	0.100	0.700
>TTTTCTCAAA	8-TTTTCTCAAA	9.648460	-26.391455	0	T:56.0(4.34%),B:1069.7(1.48%),P:1e-11	Tpos:103.7,Tstd:52.4,Bpos:99.7,Bstd:108.7,StrandBias:0.0,Multiplicity:1.07
0.020	0.001	0.001	0.978
0.018	0.001	0.001	0.980
0.016	0.001	0.001	0.982
0.001	0.026	0.013	0.960
0.096	0.874	0.029	0.001
0.119	0.018	0.001	0.862
0.082	0.758	0.150	0.010
0.819	0.179	0.001	0.001
0.979	0.008	0.001	0.012
0.826	0.011	0.036	0.127
>CGGCGGCCCA	9-CGGCGGCCCA	10.238275	-23.900594	0	T:12.0(0.93%),B:43.1(0.06%),P:1e-10	Tpos:79.5,Tstd:44.3,Bpos:92.7,Bstd:33.3,StrandBias:0.5,Multiplicity:1.00
0.031	0.844	0.084	0.041
0.053	0.001	0.945	0.001
0.001	0.001	0.997	0.001
0.001	0.790	0.001	0.208
0.001	0.001	0.997	0.001
0.001	0.001	0.997	0.001
0.001	0.934	0.001	0.064
0.065	0.756	0.084	0.095
0.001	0.885	0.001	0.113
0.997	0.001	0.001	0.001
>GGCCGAAACG	10-GGCCGAAACG	10.148835	-23.275255	0	T:15.0(1.16%),B:84.6(0.12%),P:1e-10	Tpos:95.8,Tstd:54.1,Bpos:95.3,Bstd:56.0,StrandBias:-0.7,Multiplicity:1.07
0.001	0.134	0.864	0.001
0.001	0.001	0.997	0.001
0.001	0.997	0.001	0.001
0.001	0.815	0.183	0.001
0.001	0.030	0.968	0.001
0.708	0.290	0.001	0.001
0.997	0.001	0.001	0.001
0.648	0.001	0.033	0.318
0.317	0.587	0.095	0.001
0.134	0.001	0.581	0.284
>CTGCAGCAGC	11-CTGCAGCAGC	7.065521	-22.471170	0	T:97.0(7.51%),B:2701.3(3.74%),P:1e-9	Tpos:98.6,Tstd:56.1,Bpos:99.7,Bstd:69.3,StrandBias:0.2,Multiplicity:1.12
0.056	0.650	0.032	0.262
0.131	0.068	0.031	0.770
0.222	0.002	0.671	0.105
0.001	0.900	0.001	0.098
0.592	0.088	0.042	0.278
0.088	0.001	0.910	0.001
0.001	0.925	0.052	0.022
0.878	0.041	0.001	0.080
0.166	0.001	0.504	0.329
0.165	0.576	0.155	0.104
>GGGGGGGGGG	12-GGGGGGGGGG	9.315514	-22.403339	0	T:25.0(1.94%),B:284.2(0.39%),P:1e-9	Tpos:114.5,Tstd:49.0,Bpos:100.3,Bstd:54.4,StrandBias:0.0,Multiplicity:1.08
0.051	0.075	0.765	0.109
0.075	0.091	0.741	0.093
0.062	0.045	0.829	0.064
0.059	0.057	0.851	0.033
0.055	0.041	0.862	0.042
0.074	0.035	0.816	0.075
0.066	0.076	0.826	0.032
0.091	0.068	0.759	0.082
0.084	0.074	0.801	0.041
0.075	0.062	0.753	0.110
>ACGCGCCCWG	13-ACGCGCCCWG	8.714669	-20.099319	0	T:19.0(1.47%),B:183.0(0.25%),P:1e-8	Tpos:83.3,Tstd:55.9,Bpos:103.9,Bstd:45.3,StrandBias:0.0,Multiplicity:1.00
0.929	0.069	0.001	0.001
0.001	0.890	0.012	0.097
0.001	0.071	0.721	0.207
0.009	0.818	0.172	0.001
0.208	0.001	0.790	0.001
0.001	0.716	0.121	0.162
0.177	0.670	0.152	0.001
0.120	0.878	0.001	0.001
0.521	0.001	0.001	0.477
0.001	0.010	0.988	0.001
>GAKGGTCATG	14-GAKGGTCATG	8.184109	-17.580821	0	T:15.0(1.16%),B:129.4(0.18%),P:1e-7	Tpos:103.9,Tstd:51.8,Bpos:95.0,Bstd:53.5,StrandBias:-0.4,Multiplicity:1.07
0.001	0.001	0.997	0.001
0.977	0.001	0.021	0.001
0.001	0.001	0.477	0.521
0.001	0.001	0.997	0.001
0.001	0.001	0.997	0.001
0.001	0.001	0.001	0.997
0.001	0.997	0.001	0.001
0.997	0.001	0.001	0.001
0.001	0.001	0.001	0.997
0.319	0.001	0.679	0.001
>TGATGATGAT	15-TGATGATGAT	8.696816	-17.288910	0	T:32.0(2.48%),B:570.9(0.79%),P:1e-7	Tpos:107.9,Tstd:58.9,Bpos:87.8,Bstd:100.2,StrandBias:0.5,Multiplicity:1.42
0.117	0.024	0.103	0.756
0.001	0.131	0.655	0.213
0.625	0.154	0.197	0.024
0.044	0.167	0.145	0.644
0.071	0.245	0.660	0.024
0.710	0.115	0.085	0.090
0.222	0.113	0.026	0.639
0.222	0.088	0.676	0.014
0.645	0.128	0.107	0.120
0.001	0.001	0.024	0.974
>TGTAGGCCTA	16-TGTAGGCCTA	9.907576	-17.127552	0	T:19.0(1.47%),B:220.1(0.30%),P:1e-7	Tpos:94.6,Tstd:60.5,Bpos:96.6,Bstd:60.4,StrandBias:0.0,Multiplicity:1.00
0.097	0.044	0.185	0.674
0.300	0.001	0.628	0.071
0.001	0.001	0.112	0.886
0.997	0.001	0.001	0.001
0.032	0.001	0.966	0.001
0.001	0.059	0.939	0.001
0.001	0.935	0.063	0.001
0.031	0.967	0.001	0.001
0.001	0.001	0.001	0.997
0.997	0.001	0.001	0.001
>ATCGTCCTGS	17-ATCGTCCTGS	10.454880	-16.881513	0	T:8.0(0.62%),B:27.5(0.04%),P:1e-7	Tpos:74.1,Tstd:36.2,Bpos:92.9,Bstd:63.4,StrandBias:-1.6,Multiplicity:1.00
0.997	0.001	0.001	0.001
0.001	0.011	0.139	0.849
0.001	0.943	0.055	0.001
0.041	0.001	0.957	0.001
0.140	0.001	0.019	0.840
0.001	0.997	0.001	0.001
0.001	0.993	0.001	0.005
0.001	0.001	0.370	0.628
0.001	0.005	0.952	0.042
0.001	0.523	0.473	0.003
>TATAGTTAGG	18-TATAGTTAGG	10.296193	-14.065339	0	T:5.0(0.39%),B:9.8(0.01%),P:1e-6	Tpos:108.7,Tstd:47.1,Bpos:103.9,Bstd:40.8,StrandBias:10.0,Multiplicity:2.20
0.100	0.100	0.100	0.700
0.700	0.100	0.100	0.100
0.100	0.100	0.100	0.700
0.700	0.100	0.100	0.100
0.100	0.100	0.700	0.100
0.100	0.100	0.100	0.700
0.100	0.100	0.100	0.700
0.700	0.100	0.100	0.100
0.100	0.100	0.700	0.100
0.100	0.100	0.700	0.100
>GGCAAATGAA	19-GGCAAATGAA	10.971198	-10.778814	0	T:8.0(0.62%),B:62.7(0.09%),P:1e-4	Tpos:110.0,Tstd:63.0,Bpos:92.5,Bstd:56.5,StrandBias:2.6,Multiplicity:1.75
0.001	0.001	0.997	0.001
0.001	0.001	0.997	0.001
0.001	0.997	0.001	0.001
0.997	0.001	0.001	0.001
0.997	0.001	0.001	0.001
0.997	0.001	0.001	0.001
0.001	0.001	0.001	0.997
0.001	0.001	0.997	0.001
0.997	0.001	0.001	0.001
0.941	0.001	0.057	0.001
>GTTGTTGTTG	20-GTTGTTGTTG	10.706575	-8.059678	0	T:13.0(1.01%),B:228.7(0.32%),P:1e-3	Tpos:110.8,Tstd:54.0,Bpos:100.0,Bstd:50.8,StrandBias:0.0,Multiplicity:1.00
0.001	0.070	0.928	0.001
0.001	0.001	0.001	0.997
0.001	0.001	0.001	0.997
0.001	0.001	0.997	0.001
0.001	0.001	0.001	0.997
0.001	0.001	0.001	0.997
0.001	0.001	0.997	0.001
0.001	0.001	0.001	0.997
0.001	0.047	0.001	0.951
0.001	0.001	0.997	0.001
>CAACGCACAT	21-CAACGCACAT	10.296193	-7.772577	0	T:4.0(0.31%),B:19.2(0.03%),P:1e-3	Tpos:78.4,Tstd:37.8,Bpos:88.9,Bstd:31.3,StrandBias:10.0,Multiplicity:4.00
0.100	0.700	0.100	0.100
0.700	0.100	0.100	0.100
0.700	0.100	0.100	0.100
0.100	0.700	0.100	0.100
0.100	0.100	0.700	0.100
0.100	0.700	0.100	0.100
0.700	0.100	0.100	0.100
0.100	0.700	0.100	0.100
0.700	0.100	0.100	0.100
0.100	0.100	0.100	0.700
>CCCGAAGGAC	22-CCCGAAGGAC	10.296193	-7.380565	0	T:2.0(0.15%),B:2.3(0.00%),P:1e-3	Tpos:85.1,Tstd:59.7,Bpos:120.6,Bstd:25.1,StrandBias:-10.0,Multiplicity:3.50
0.100	0.700	0.100	0.100
0.100	0.700	0.100	0.100
0.100	0.700	0.100	0.100
0.100	0.100	0.700	0.100
0.700	0.100	0.100	0.100
0.700	0.100	0.100	0.100
0.100	0.100	0.700	0.100
0.100	0.100	0.700	0.100
0.700	0.100	0.100	0.100
0.100	0.700	0.100	0.100
>GAGAGAGAGA	23-GAGAGAGAGA	7.592836	-7.334887	0	T:16.0(1.24%),B:345.7(0.48%),P:1e-3	Tpos:108.7,Tstd:47.5,Bpos:90.4,Bstd:89.7,StrandBias:-0.7,Multiplicity:1.44
0.001	0.001	0.997	0.001
0.997	0.001	0.001	0.001
0.001	0.001	0.997	0.001
0.996	0.002	0.001	0.001
0.001	0.001	0.997	0.001
0.997	0.001	0.001	0.001
0.001	0.001	0.996	0.002
0.997	0.001	0.001	0.001
0.001	0.001	0.997	0.001
0.970	0.001	0.028	0.001
>ACRTACRTAC	24-ACRTACRTAC	3.052949	-3.918075	0	T:554.0(42.91%),B:28941.9(40.06%),P:1e-1	Tpos:101.1,Tstd:54.9,Bpos:100.7,Bstd:108.3,StrandBias:0.1,Multiplicity:1.26
0.929	0.001	0.001	0.069
0.001	0.822	0.107	0.070
0.428	0.135	0.410	0.027
0.001	0.053	0.039	0.907
0.952	0.031	0.001	0.016
0.001	0.953	0.045	0.001
0.467	0.047	0.455	0.031
0.001	0.036	0.044	0.919
0.823	0.121	0.017	0.039
0.020	0.832	0.031	0.117
>TATTATTATT	25-TATTATTATT	10.296193	-2.660688	0	T:8.0(0.62%),B:240.4(0.33%),P:1e-1	Tpos:87.4,Tstd:41.2,Bpos:124.6,Bstd:117.7,StrandBias:2.3,Multiplicity:1.00
0.100	0.100	0.100	0.700
0.700	0.100	0.100	0.100
0.100	0.100	0.100	0.700
0.100	0.100	0.100	0.700
0.700	0.100	0.100	0.100
0.100	0.100	0.100	0.700
0.100	0.100	0.100	0.700
0.700	0.100	0.100	0.100
0.100	0.100	0.100	0.700
0.100	0.100	0.100	0.700
