>AAAATSCTAA	1-AAAATSCTAA	6.460447	-66.979533	0	T:481.0(37.26%),B:16773.3(23.22%),P:1e-29	Tpos:96.2,Tstd:57.3,Bpos:100.0,Bstd:119.4,StrandBias:0.1,Multiplicity:1.14
0.879	0.020	0.092	0.009
0.953	0.001	0.045	0.001
0.902	0.011	0.001	0.086
0.697	0.146	0.027	0.130
0.208	0.028	0.020	0.744
0.195	0.369	0.295	0.141
0.208	0.452	0.274	0.066
0.021	0.058	0.181	0.740
0.583	0.202	0.214	0.001
0.750	0.061	0.060	0.129
>ACCAAAATTT	2-ACCAAAATTT	4.709477	-56.676243	0	T:763.0(59.10%),B:32302.2(44.71%),P:1e-24	Tpos:100.7,Tstd:56.0,Bpos:99.6,Bstd:119.7,StrandBias:0.0,Multiplicity:1.41
0.654	0.111	0.122	0.113
0.110	0.676	0.117	0.097
0.101	0.682	0.102	0.115
0.724	0.087	0.097	0.092
0.726	0.084	0.093	0.097
0.724	0.085	0.103	0.088
0.706	0.087	0.083	0.124
0.114	0.108	0.081	0.697
0.109	0.087	0.086	0.718
0.107	0.102	0.097	0.694
>TWTWTTTTTT	3-TWTWTTTTTT	8.446620	-51.025913	0	T:194.0(15.03%),B:5106.1(7.07%),P:1e-22	Tpos:102.8,Tstd:57.4,Bpos:99.2,Bstd:152.2,StrandBias:-1.0,Multiplicity:1.19
0.392	0.001	0.063	0.544
0.443	0.001	0.001	0.555
0.418	0.001	0.001	0.580
0.428	0.001	0.001	0.570
0.195	0.001	0.001	0.803
0.001	0.001	0.001	0.997
0.189	0.001	0.001	0.809
0.167	0.001	0.001	0.831
0.133	0.091	0.007	0.769
0.187	0.086	0.067	0.660
>AAATTTTAAA	4-AAATTTTAAA	5.723957	-48.005410	0	T:572.0(44.31%),B:22875.8(31.67%),P:1e-20	Tpos:101.9,Tstd:54.8,Bpos:101.2,Bstd:140.8,StrandBias:-0.1,Multiplicity:1.55
0.689	0.061	0.074	0.176
0.699	0.072	0.057	0.172
0.592	0.040	0.060	0.308
0.248	0.100	0.083	0.569
0.201	0.082	0.055	0.662
0.124	0.072	0.121	0.683
0.204	0.170	0.148	0.478
0.450	0.182	0.178	0.190
0.674	0.079	0.044	0.203
0.588	0.115	0.095	0.202
>ATATATTTCA	5-ATATATTTCA	5.205882	-46.907150	0	T:715.0(55.38%),B:30618.9(42.38%),P:1e-20	Tpos:91.8,Tstd:55.6,Bpos:100.4,Bstd:123.5,StrandBias:0.2,Multiplicity:1.36
0.678	0.114	0.132	0.076
0.070	0.118	0.092	0.720
0.590	0.137	0.148	0.125
0.096	0.114	0.089	0.701
0.741	0.019	0.133	0.107
0.001	0.059	0.072	0.868
0.122	0.138	0.069	0.671
0.062	0.106	0.090	0.742
0.099	0.665	0.112	0.124
0.623	0.126	0.134	0.117
>CAACATCTTC	6-CAACATCTTC	6.754907	-33.107763	0	T:190.0(14.72%),B:5904.5(8.17%),P:1e-14	Tpos:104.0,Tstd:54.6,Bpos:98.9,Bstd:104.0,StrandBias:0.1,Multiplicity:1.07
0.112	0.781	0.091	0.016
0.688	0.088	0.001	0.223
0.601	0.037	0.216	0.146
0.001	0.711	0.179	0.109
0.677	0.001	0.057	0.265
0.082	0.159	0.119	0.640
0.135	0.573	0.102	0.190
0.130	0.097	0.001	0.772
0.035	0.001	0.173	0.791
0.044	0.869	0.013	0.074
>ATATATATAT	7-ATATATATAT	10.296193	-27.925948	0	T:16.0(1.24%),B:72.8(0.10%),P:1e-12	Tpos:108.6,Tstd:54.4,Bpos:98.1,Bstd:122.9,StrandBias:0.0,Multiplicity:1.31
0.700	0.100	0.100	0.100
0.100	0.100	0.100	0.700
0.700	0.100	0.100	0.100
0.100	0.100	0.100	0.700
0.700	0.100	0.100	0.100
0.100	0.100	0.100	0.700
0.700	0.100	0.100	0.100
0.100	0.100	0.100	0.700
0.700	0.100	0.100	0.100
0.100	0.100	0.100	0.700
>TTTTCTCAAA	8-TTTTCTCAAA	9.648460	-26.391455	0	T:56.0(4.34%),B:1069.7(1.48%),P:1e-11	Tpos:103.7,Tstd:52.4,Bpos:99.7,Bstd:108.7,StrandBias:0.0,Multiplicity:1.07
0.020	0.001	0.001	0.978
0.018	0.001	0.001	0.980
0.016	0.001	0.001	0.982
0.001	0.026	0.013	0.960
0.096	0.874	0.029	0.001
0.119	0.018	0.001	0.862
0.082	0.758	0.150	0.010
0.819	0.179	0.001	0.001
0.979	0.008	0.001	0.012
0.826	0.011	0.036	0.127
>CGGCGGCCCA	9-CGGCGGCCCA	10.238275	-23.900594	0	T:12.0(0.93%),B:43.1(0.06%),P:1e-10	Tpos:79.5,Tstd:44.3,Bpos:92.7,Bstd:33.3,StrandBias:0.5,Multiplicity:1.00
0.031	0.844	0.084	0.041
0.053	0.001	0.945	0.001
0.001	0.001	0.997	0.001
0.001	0.790	0.001	0.208
0.001	0.001	0.997	0.001
0.001	0.001	0.997	0.001
0.001	0.934	0.001	0.064
0.065	0.756	0.084	0.095
0.001	0.885	0.001	0.113
0.997	0.001	0.001	0.001
>GGCCGAAACG	10-GGCCGAAACG	10.148835	-23.275255	0	T:15.0(1.16%),B:84.6(0.12%),P:1e-10	Tpos:95.8,Tstd:54.1,Bpos:95.3,Bstd:56.0,StrandBias:-0.7,Multiplicity:1.07
0.001	0.134	0.864	0.001
0.001	0.001	0.997	0.001
0.001	0.997	0.001	0.001
0.001	0.815	0.183	0.001
0.001	0.030	0.968	0.001
0.708	0.290	0.001	0.001
0.997	0.001	0.001	0.001
0.648	0.001	0.033	0.318
0.317	0.587	0.095	0.001
0.134	0.001	0.581	0.284
>CTGCAGCAGC	11-CTGCAGCAGC	7.065521	-22.471170	0	T:97.0(7.51%),B:2701.3(3.74%),P:1e-9	Tpos:98.6,Tstd:56.1,Bpos:99.7,Bstd:69.3,StrandBias:0.2,Multiplicity:1.12
0.056	0.650	0.032	0.262
0.131	0.068	0.031	0.770
0.222	0.002	0.671	0.105
0.001	0.900	0.001	0.098
0.592	0.088	0.042	0.278
0.088	0.001	0.910	0.001
0.001	0.925	0.052	0.022
0.878	0.041	0.001	0.080
0.166	0.001	0.504	0.329
0.165	0.576	0.155	0.104
>GGGGGGGGGG	12-GGGGGGGGGG	9.315514	-22.403339	0	T:25.0(1.94%),B:284.2(0.39%),P:1e-9	Tpos:114.5,Tstd:49.0,Bpos:100.3,Bstd:54.4,StrandBias:0.0,Multiplicity:1.08
0.051	0.075	0.765	0.109
0.075	0.091	0.741	0.093
0.062	0.045	0.829	0.064
0.059	0.057	0.851	0.033
0.055	0.041	0.862	0.042
0.074	0.035	0.816	0.075
0.066	0.076	0.826	0.032
0.091	0.068	0.759	0.082
0.084	0.074	0.801	0.041
0.075	0.062	0.753	0.110
>ACGCGCCCWG	13-ACGCGCCCWG	8.714669	-20.099319	0	T:19.0(1.47%),B:183.0(0.25%),P:1e-8	Tpos:83.3,Tstd:55.9,Bpos:103.9,Bstd:45.3,StrandBias:0.0,Multiplicity:1.00
0.929	0.069	0.001	0.001
0.001	0.890	0.012	0.097
0.001	0.071	0.721	0.207
0.009	0.818	0.172	0.001
0.208	0.001	0.790	0.001
0.001	0.716	0.121	0.162
0.177	0.670	0.152	0.001
0.120	0.878	0.001	0.001
0.521	0.001	0.001	0.477
0.001	0.010	0.988	0.001
>GAKGGTCATG	14-GAKGGTCATG	8.184109	-17.580821	0	T:15.0(1.16%),B:129.4(0.18%),P:1e-7	Tpos:103.9,Tstd:51.8,Bpos:95.0,Bstd:53.5,StrandBias:-0.4,Multiplicity:1.07
0.001	0.001	0.997	0.001
0.977	0.001	0.021	0.001
0.001	0.001	0.477	0.521
0.001	0.001	0.997	0.001
0.001	0.001	0.997	0.001
0.001	0.001	0.001	0.997
0.001	0.997	0.001	0.001
0.997	0.001	0.001	0.001
0.001	0.001	0.001	0.997
0.319	0.001	0.679	0.001
>TGATGATGAT	15-TGATGATGAT	8.696816	-17.288910	0	T:32.0(2.48%),B:570.9(0.79%),P:1e-7	Tpos:107.9,Tstd:58.9,Bpos:87.8,Bstd:100.2,StrandBias:0.5,Multiplicity:1.42
0.117	0.024	0.103	0.756
0.001	0.131	0.655	0.213
0.625	0.154	0.197	0.024
0.044	0.167	0.145	0.644
0.071	0.245	0.660	0.024
0.710	0.115	0.085	0.090
0.222	0.113	0.026	0.639
0.222	0.088	0.676	0.014
0.645	0.128	0.107	0.120
0.001	0.001	0.024	0.974
>TGTAGGCCTA	16-TGTAGGCCTA	9.907576	-17.127552	0	T:19.0(1.47%),B:220.1(0.30%),P:1e-7	Tpos:94.6,Tstd:60.5,Bpos:96.6,Bstd:60.4,StrandBias:0.0,Multiplicity:1.00
0.097	0.044	0.185	0.674
0.300	0.001	0.628	0.071
0.001	0.001	0.112	0.886
0.997	0.001	0.001	0.001
0.032	0.001	0.966	0.001
0.001	0.059	0.939	0.001
0.001	0.935	0.063	0.001
0.031	0.967	0.001	0.001
0.001	0.001	0.001	0.997
0.997	0.001	0.001	0.001
>ATCGTCCTGS	17-ATCGTCCTGS	10.454880	-16.881513	0	T:8.0(0.62%),B:27.5(0.04%),P:1e-7	Tpos:74.1,Tstd:36.2,Bpos:92.9,Bstd:63.4,StrandBias:-1.6,Multiplicity:1.00
0.997	0.001	0.001	0.001
0.001	0.011	0.139	0.849
0.001	0.943	0.055	0.001
0.041	0.001	0.957	0.001
0.140	0.001	0.019	0.840
0.001	0.997	0.001	0.001
0.001	0.993	0.001	0.005
0.001	0.001	0.370	0.628
0.001	0.005	0.952	0.042
0.001	0.523	0.473	0.003
>TATAGTTAGG	18-TATAGTTAGG	10.296193	-14.065339	0	T:5.0(0.39%),B:9.8(0.01%),P:1e-6	Tpos:108.7,Tstd:47.1,Bpos:103.9,Bstd:40.8,StrandBias:10.0,Multiplicity:2.20
0.100	0.100	0.100	0.700
0.700	0.100	0.100	0.100
0.100	0.100	0.100	0.700
0.700	0.100	0.100	0.100
0.100	0.100	0.700	0.100
0.100	0.100	0.100	0.700
0.100	0.100	0.100	0.700
0.700	0.100	0.100	0.100
0.100	0.100	0.700	0.100
0.100	0.100	0.700	0.100
>GGCAAATGAA	19-GGCAAATGAA	10.971198	-10.778814	0	T:8.0(0.62%),B:62.7(0.09%),P:1e-4	Tpos:110.0,Tstd:63.0,Bpos:92.5,Bstd:56.5,StrandBias:2.6,Multiplicity:1.75
0.001	0.001	0.997	0.001
0.001	0.001	0.997	0.001
0.001	0.997	0.001	0.001
0.997	0.001	0.001	0.001
0.997	0.001	0.001	0.001
0.997	0.001	0.001	0.001
0.001	0.001	0.001	0.997
0.001	0.001	0.997	0.001
0.997	0.001	0.001	0.001
0.941	0.001	0.057	0.001
>GTTGTTGTTG	20-GTTGTTGTTG	10.706575	-8.059678	0	T:13.0(1.01%),B:228.7(0.32%),P:1e-3	Tpos:110.8,Tstd:54.0,Bpos:100.0,Bstd:50.8,StrandBias:0.0,Multiplicity:1.00
0.001	0.070	0.928	0.001
0.001	0.001	0.001	0.997
0.001	0.001	0.001	0.997
0.001	0.001	0.997	0.001
0.001	0.001	0.001	0.997
0.001	0.001	0.001	0.997
0.001	0.001	0.997	0.001
0.001	0.001	0.001	0.997
0.001	0.047	0.001	0.951
0.001	0.001	0.997	0.001
>CAACGCACAT	21-CAACGCACAT	10.296193	-7.772577	0	T:4.0(0.31%),B:19.2(0.03%),P:1e-3	Tpos:78.4,Tstd:37.8,Bpos:88.9,Bstd:31.3,StrandBias:10.0,Multiplicity:4.00
0.100	0.700	0.100	0.100
0.700	0.100	0.100	0.100
0.700	0.100	0.100	0.100
0.100	0.700	0.100	0.100
0.100	0.100	0.700	0.100
0.100	0.700	0.100	0.100
0.700	0.100	0.100	0.100
0.100	0.700	0.100	0.100
0.700	0.100	0.100	0.100
0.100	0.100	0.100	0.700
>CCCGAAGGAC	22-CCCGAAGGAC	10.296193	-7.380565	0	T:2.0(0.15%),B:2.3(0.00%),P:1e-3	Tpos:85.1,Tstd:59.7,Bpos:120.6,Bstd:25.1,StrandBias:-10.0,Multiplicity:3.50
0.100	0.700	0.100	0.100
0.100	0.700	0.100	0.100
0.100	0.700	0.100	0.100
0.100	0.100	0.700	0.100
0.700	0.100	0.100	0.100
0.700	0.100	0.100	0.100
0.100	0.100	0.700	0.100
0.100	0.100	0.700	0.100
0.700	0.100	0.100	0.100
0.100	0.700	0.100	0.100
>GAGAGAGAGA	23-GAGAGAGAGA	7.592836	-7.334887	0	T:16.0(1.24%),B:345.7(0.48%),P:1e-3	Tpos:108.7,Tstd:47.5,Bpos:90.4,Bstd:89.7,StrandBias:-0.7,Multiplicity:1.44
0.001	0.001	0.997	0.001
0.997	0.001	0.001	0.001
0.001	0.001	0.997	0.001
0.996	0.002	0.001	0.001
0.001	0.001	0.997	0.001
0.997	0.001	0.001	0.001
0.001	0.001	0.996	0.002
0.997	0.001	0.001	0.001
0.001	0.001	0.997	0.001
0.970	0.001	0.028	0.001
>ACRTACRTAC	24-ACRTACRTAC	3.052949	-3.918075	0	T:554.0(42.91%),B:28941.9(40.06%),P:1e-1	Tpos:101.1,Tstd:54.9,Bpos:100.7,Bstd:108.3,StrandBias:0.1,Multiplicity:1.26
0.929	0.001	0.001	0.069
0.001	0.822	0.107	0.070
0.428	0.135	0.410	0.027
0.001	0.053	0.039	0.907
0.952	0.031	0.001	0.016
0.001	0.953	0.045	0.001
0.467	0.047	0.455	0.031
0.001	0.036	0.044	0.919
0.823	0.121	0.017	0.039
0.020	0.832	0.031	0.117
>TATTATTATT	25-TATTATTATT	10.296193	-2.660688	0	T:8.0(0.62%),B:240.4(0.33%),P:1e-1	Tpos:87.4,Tstd:41.2,Bpos:124.6,Bstd:117.7,StrandBias:2.3,Multiplicity:1.00
0.100	0.100	0.100	0.700
0.700	0.100	0.100	0.100
0.100	0.100	0.100	0.700
0.100	0.100	0.100	0.700
0.700	0.100	0.100	0.100
0.100	0.100	0.100	0.700
0.100	0.100	0.100	0.700
0.700	0.100	0.100	0.100
0.100	0.100	0.100	0.700
0.100	0.100	0.100	0.700
>ATTTCAAAAATC	1-ATTTCAAAAATC	8.870788	-57.254630	0	T:114.0(8.83%),B:2053.0(2.84%),P:1e-24	Tpos:104.4,Tstd:55.6,Bpos:101.9,Bstd:99.1,StrandBias:-0.3,Multiplicity:1.02
0.815	0.037	0.037	0.111
0.051	0.095	0.061	0.793
0.052	0.001	0.050	0.897
0.035	0.030	0.023	0.912
0.091	0.824	0.023	0.062
0.864	0.062	0.015	0.059
0.817	0.065	0.045	0.073
0.906	0.037	0.040	0.017
0.755	0.084	0.045	0.116
0.763	0.057	0.064	0.116
0.025	0.042	0.035	0.898
0.058	0.760	0.104	0.078
>AAAAAAAAAAAW	2-AAAAAAAAAAAW	8.251185	-56.874736	0	T:263.0(20.37%),B:7600.4(10.52%),P:1e-24	Tpos:105.4,Tstd:56.0,Bpos:98.6,Bstd:179.5,StrandBias:0.3,Multiplicity:1.20
0.631	0.032	0.101	0.236
0.818	0.001	0.001	0.180
0.736	0.001	0.001	0.262
0.659	0.001	0.001	0.339
0.713	0.001	0.001	0.285
0.592	0.001	0.001	0.406
0.726	0.001	0.001	0.272
0.701	0.005	0.001	0.293
0.653	0.001	0.001	0.345
0.633	0.001	0.001	0.365
0.623	0.001	0.001	0.375
0.514	0.001	0.001	0.484
>TTTTAAGATTTT	3-TTTTAAGATTTT	6.851497	-56.157276	0	T:389.0(30.13%),B:13200.3(18.27%),P:1e-24	Tpos:98.2,Tstd:57.0,Bpos:101.3,Bstd:137.2,StrandBias:0.0,Multiplicity:1.27
0.089	0.067	0.109	0.735
0.061	0.094	0.041	0.804
0.068	0.090	0.087	0.755
0.079	0.123	0.054	0.744
0.696	0.090	0.111	0.103
0.772	0.076	0.089	0.063
0.131	0.130	0.631	0.108
0.760	0.052	0.080	0.108
0.078	0.042	0.101	0.779
0.134	0.071	0.058	0.737
0.082	0.051	0.046	0.821
0.070	0.112	0.050	0.768
>AAAATATGATTT	4-AAAATATGATTT	8.822862	-47.424444	0	T:126.0(9.76%),B:2737.3(3.79%),P:1e-20	Tpos:94.7,Tstd:56.7,Bpos:97.5,Bstd:128.2,StrandBias:0.1,Multiplicity:1.07
0.854	0.027	0.051	0.068
0.951	0.016	0.012	0.021
0.797	0.047	0.081	0.075
0.810	0.037	0.089	0.064
0.061	0.066	0.070	0.803
0.804	0.037	0.068	0.091
0.058	0.058	0.056	0.828
0.083	0.055	0.815	0.047
0.783	0.062	0.087	0.068
0.120	0.035	0.032	0.813
0.065	0.012	0.018	0.905
0.074	0.032	0.055	0.839
>GVAAAAATTTTT	5-GVAAAAATTTTT	7.701944	-38.564974	0	T:101.0(7.82%),B:2177.8(3.01%),P:1e-16	Tpos:83.1,Tstd:58.1,Bpos:98.3,Bstd:133.6,StrandBias:0.0,Multiplicity:1.00
0.236	0.106	0.424	0.234
0.243	0.234	0.346	0.176
0.499	0.182	0.127	0.192
0.686	0.162	0.086	0.066
0.707	0.081	0.070	0.142
0.769	0.048	0.057	0.126
0.741	0.087	0.040	0.132
0.297	0.048	0.049	0.606
0.270	0.033	0.046	0.651
0.165	0.060	0.087	0.688
0.108	0.053	0.065	0.774
0.096	0.125	0.160	0.619
>ATATATATATTT	6-ATATATATATTT	9.614349	-32.513269	0	T:16.0(1.24%),B:53.6(0.07%),P:1e-14	Tpos:108.7,Tstd:53.8,Bpos:97.3,Bstd:126.3,StrandBias:0.0,Multiplicity:1.31
0.997	0.001	0.001	0.001
0.001	0.001	0.001	0.997
0.997	0.001	0.001	0.001
0.001	0.001	0.001	0.997
0.997	0.001	0.001	0.001
0.001	0.001	0.001	0.997
0.997	0.001	0.001	0.001
0.001	0.001	0.001	0.997
0.997	0.001	0.001	0.001
0.001	0.001	0.001	0.997
0.082	0.001	0.001	0.916
0.078	0.001	0.001	0.920
>TAAAGAGGGTCG	7-TAAAGAGGGTCG	12.694855	-28.008855	0	T:12.0(0.93%),B:30.8(0.04%),P:1e-12	Tpos:99.2,Tstd:63.7,Bpos:106.1,Bstd:59.4,StrandBias:-0.2,Multiplicity:1.08
0.135	0.001	0.001	0.863
0.859	0.001	0.001	0.139
0.997	0.001	0.001	0.001
0.997	0.001	0.001	0.001
0.208	0.001	0.790	0.001
0.997	0.001	0.001	0.001
0.163	0.001	0.700	0.136
0.135	0.001	0.863	0.001
0.135	0.001	0.863	0.001
0.001	0.001	0.001	0.997
0.212	0.786	0.001	0.001
0.352	0.001	0.646	0.001
>GYTAAGAGKRTC	8-GYTAAGAGKRTC	13.924801	-26.313726	0	T:8.0(0.62%),B:8.0(0.01%),P:1e-11	Tpos:119.0,Tstd:42.2,Bpos:79.5,Bstd:28.1,StrandBias:0.7,Multiplicity:1.00
0.001	0.001	0.997	0.001
0.001	0.470	0.001	0.528
0.001	0.001	0.001	0.997
0.997	0.001	0.001	0.001
0.763	0.235	0.001	0.001
0.001	0.001	0.997	0.001
0.763	0.001	0.001	0.235
0.001	0.001	0.997	0.001
0.001	0.001	0.528	0.470
0.470	0.001	0.528	0.001
0.001	0.001	0.001	0.997
0.001	0.997	0.001	0.001
>TCTTGGCCTCAA	9-TCTTGGCCTCAA	13.290055	-25.522940	0	T:9.0(0.70%),B:14.0(0.02%),P:1e-11	Tpos:57.4,Tstd:35.7,Bpos:93.4,Bstd:77.0,StrandBias:2.0,Multiplicity:1.11
0.001	0.116	0.001	0.882
0.001	0.882	0.001	0.116
0.001	0.116	0.001	0.882
0.001	0.001	0.001	0.997
0.001	0.001	0.914	0.084
0.001	0.001	0.997	0.001
0.001	0.882	0.001	0.116
0.116	0.882	0.001	0.001
0.116	0.001	0.001	0.882
0.001	0.902	0.001	0.096
0.997	0.001	0.001	0.001
0.997	0.001	0.001	0.001
>GGGGGGGGGGGG	10-GGGGGGGGGGGG	9.613338	-25.461465	0	T:26.0(2.01%),B:266.9(0.37%),P:1e-11	Tpos:119.0,Tstd:48.1,Bpos:100.3,Bstd:54.1,StrandBias:0.2,Multiplicity:1.04
0.110	0.059	0.710	0.121
0.123	0.056	0.720	0.101
0.121	0.048	0.727	0.104
0.123	0.035	0.744	0.098
0.090	0.041	0.809	0.060
0.083	0.047	0.820	0.050
0.101	0.068	0.757	0.074
0.104	0.063	0.759	0.074
0.079	0.067	0.756	0.098
0.104	0.065	0.768	0.063
0.093	0.071	0.722	0.114
0.092	0.090	0.710	0.108
>TATATAGTTAGA	11-TATATAGTTAGA	11.324774	-23.200993	0	T:7.0(0.54%),B:7.5(0.01%),P:1e-10	Tpos:94.6,Tstd:53.2,Bpos:93.6,Bstd:35.3,StrandBias:10.0,Multiplicity:1.86
0.001	0.001	0.001	0.997
0.802	0.001	0.034	0.163
0.001	0.001	0.001	0.997
0.840	0.001	0.158	0.001
0.001	0.001	0.001	0.997
0.997	0.001	0.001	0.001
0.001	0.001	0.997	0.001
0.001	0.001	0.001	0.997
0.001	0.001	0.001	0.997
0.997	0.001	0.001	0.001
0.001	0.001	0.997	0.001
0.801	0.001	0.197	0.001
>CGGCGGCCCACT	12-CGGCGGCCCACT	13.702315	-22.281798	0	T:7.0(0.54%),B:8.4(0.01%),P:1e-9	Tpos:86.0,Tstd:53.2,Bpos:109.5,Bstd:28.6,StrandBias:0.3,Multiplicity:1.29
0.125	0.749	0.001	0.125
0.124	0.001	0.874	0.001
0.001	0.001	0.997	0.001
0.001	0.874	0.001	0.124
0.001	0.001	0.997	0.001
0.001	0.001	0.997	0.001
0.001	0.997	0.001	0.001
0.001	0.997	0.001	0.001
0.001	0.874	0.001	0.124
0.997	0.001	0.001	0.001
0.001	0.874	0.001	0.124
0.001	0.001	0.124	0.874
>CCATATTGGATC	13-CCATATTGGATC	12.355432	-19.469615	0	T:5.0(0.39%),B:3.4(0.00%),P:1e-8	Tpos:82.8,Tstd:52.6,Bpos:129.1,Bstd:18.6,StrandBias:2.3,Multiplicity:1.20
0.100	0.700	0.100	0.100
0.100	0.700	0.100	0.100
0.700	0.100	0.100	0.100
0.100	0.100	0.100	0.700
0.700	0.100	0.100	0.100
0.100	0.100	0.100	0.700
0.100	0.100	0.100	0.700
0.100	0.100	0.700	0.100
0.100	0.100	0.700	0.100
0.700	0.100	0.100	0.100
0.100	0.100	0.100	0.700
0.100	0.700	0.100	0.100
>ATCATCATCATC	14-ATCATCATCATC	9.759131	-19.378622	0	T:28.0(2.17%),B:409.6(0.57%),P:1e-8	Tpos:110.6,Tstd:55.1,Bpos:87.9,Bstd:112.9,StrandBias:-0.5,Multiplicity:1.32
0.880	0.040	0.018	0.062
0.117	0.018	0.072	0.793
0.057	0.802	0.054	0.087
0.816	0.029	0.054	0.101
0.106	0.031	0.057	0.806
0.018	0.954	0.010	0.018
0.841	0.015	0.036	0.108
0.001	0.036	0.108	0.855
0.119	0.819	0.026	0.036
0.841	0.047	0.054	0.058
0.001	0.070	0.040	0.889
0.042	0.714	0.195	0.049
>ASAGTTCCGAAG	15-ASAGTTCCGAAG	11.439287	-19.295316	0	T:4.0(0.31%),B:0.3(0.00%),P:1e-8	Tpos:76.7,Tstd:46.3,Bpos:30.0,Bstd:0.0,StrandBias:-10.0,Multiplicity:1.75
0.892	0.097	0.010	0.001
0.098	0.400	0.302	0.200
0.901	0.097	0.001	0.001
0.200	0.098	0.604	0.098
0.001	0.001	0.001	0.997
0.001	0.297	0.209	0.493
0.001	0.692	0.306	0.001
0.001	0.683	0.001	0.315
0.298	0.209	0.492	0.001
0.901	0.001	0.097	0.001
0.805	0.001	0.097	0.097
0.001	0.001	0.688	0.310
>CTGCAACGCACA	16-CTGCAACGCACA	13.856439	-18.383604	0	T:6.0(0.46%),B:8.2(0.01%),P:1e-7	Tpos:85.5,Tstd:39.9,Bpos:102.5,Bstd:24.1,StrandBias:2.2,Multiplicity:1.83
0.001	0.712	0.001	0.286
0.142	0.001	0.001	0.856
0.001	0.001	0.856	0.142
0.001	0.997	0.001	0.001
0.997	0.001	0.001	0.001
0.997	0.001	0.001	0.001
0.001	0.856	0.001	0.142
0.001	0.001	0.997	0.001
0.142	0.856	0.001	0.001
0.997	0.001	0.001	0.001
0.001	0.997	0.001	0.001
0.997	0.001	0.001	0.001
>GTCAGTACGTBC	17-GTCAGTACGTBC	13.796660	-16.536967	0	T:4.0(0.31%),B:2.2(0.00%),P:1e-7	Tpos:98.2,Tstd:35.2,Bpos:86.5,Bstd:22.4,StrandBias:-10.0,Multiplicity:1.00
0.001	0.001	0.997	0.001
0.001	0.001	0.001	0.997
0.001	0.979	0.019	0.001
0.642	0.356	0.001	0.001
0.001	0.001	0.997	0.001
0.001	0.001	0.001	0.997
0.616	0.361	0.022	0.001
0.001	0.997	0.001	0.001
0.001	0.001	0.997	0.001
0.001	0.001	0.001	0.997
0.001	0.381	0.309	0.309
0.001	0.691	0.001	0.307
>GACTACATTTCC	18-GACTACATTTCC	14.221528	-13.792833	0	T:4.0(0.31%),B:4.7(0.01%),P:1e-5	Tpos:88.2,Tstd:61.9,Bpos:73.5,Bstd:49.2,StrandBias:-10.0,Multiplicity:2.25
0.001	0.001	0.997	0.001
0.997	0.001	0.001	0.001
0.001	0.997	0.001	0.001
0.001	0.001	0.001	0.997
0.997	0.001	0.001	0.001
0.001	0.895	0.103	0.001
0.997	0.001	0.001	0.001
0.001	0.001	0.001	0.997
0.001	0.103	0.001	0.895
0.001	0.001	0.001	0.997
0.001	0.997	0.001	0.001
0.001	0.997	0.001	0.001
>TGTTGTWGTYGT	19-TGTTGTWGTYGT	11.883809	-11.280982	0	T:9.0(0.70%),B:76.1(0.11%),P:1e-4	Tpos:110.5,Tstd:55.5,Bpos:103.6,Bstd:49.5,StrandBias:-0.1,Multiplicity:1.00
0.029	0.021	0.105	0.845
0.001	0.061	0.906	0.032
0.073	0.029	0.058	0.840
0.029	0.077	0.060	0.834
0.102	0.029	0.785	0.084
0.100	0.054	0.058	0.788
0.545	0.001	0.001	0.453
0.127	0.015	0.642	0.216
0.078	0.109	0.058	0.755
0.001	0.454	0.005	0.540
0.032	0.044	0.866	0.058
0.080	0.087	0.088	0.745
>TACAGTCCTGTA	20-TACAGTCCTGTA	14.800611	-10.612082	0	T:3.0(0.23%),B:3.4(0.00%),P:1e-4	Tpos:104.0,Tstd:39.8,Bpos:88.9,Bstd:39.2,StrandBias:-10.0,Multiplicity:1.00
0.001	0.001	0.001	0.997
0.997	0.001	0.001	0.001
0.001	0.997	0.001	0.001
0.997	0.001	0.001	0.001
0.001	0.001	0.997	0.001
0.001	0.001	0.001	0.997
0.001	0.997	0.001	0.001
0.001	0.997	0.001	0.001
0.001	0.163	0.001	0.835
0.001	0.001	0.997	0.001
0.197	0.001	0.001	0.801
0.997	0.001	0.001	0.001
>GAGAGAGRAGGG	21-GAGAGAGRAGGG	10.723469	-9.187981	0	T:20.0(1.55%),B:419.5(0.58%),P:1e-3	Tpos:110.0,Tstd:46.8,Bpos:89.8,Bstd:88.8,StrandBias:-0.6,Multiplicity:1.35
0.312	0.001	0.686	0.001
0.917	0.081	0.001	0.001
0.001	0.001	0.997	0.001
0.807	0.001	0.191	0.001
0.001	0.260	0.738	0.001
0.954	0.001	0.044	0.001
0.001	0.001	0.997	0.001
0.546	0.001	0.452	0.001
0.500	0.164	0.335	0.001
0.348	0.001	0.650	0.001
0.270	0.002	0.592	0.136
0.297	0.001	0.651	0.051
>CAACAGTGCTCA	22-CAACAGTGCTCA	12.355432	-8.754990	0	T:2.0(0.15%),B:1.1(0.00%),P:1e-3	Tpos:79.2,Tstd:43.9,Bpos:98.3,Bstd:32.5,StrandBias:10.0,Multiplicity:2.50
0.100	0.700	0.100	0.100
0.700	0.100	0.100	0.100
0.700	0.100	0.100	0.100
0.100	0.700	0.100	0.100
0.700	0.100	0.100	0.100
0.100	0.100	0.700	0.100
0.100	0.100	0.100	0.700
0.100	0.100	0.700	0.100
0.100	0.700	0.100	0.100
0.100	0.100	0.100	0.700
0.100	0.700	0.100	0.100
0.700	0.100	0.100	0.100
>CATACATACATA	23-CATACATACATA	12.496667	-8.087658	0	T:8.0(0.62%),B:92.6(0.13%),P:1e-3	Tpos:111.3,Tstd:49.2,Bpos:101.1,Bstd:105.5,StrandBias:0.7,Multiplicity:1.00
0.007	0.991	0.001	0.001
0.983	0.001	0.015	0.001
0.001	0.001	0.001	0.997
0.997	0.001	0.001	0.001
0.001	0.997	0.001	0.001
0.997	0.001	0.001	0.001
0.017	0.001	0.001	0.981
0.997	0.001	0.001	0.001
0.001	0.997	0.001	0.001
0.997	0.001	0.001	0.001
0.001	0.001	0.012	0.986
0.997	0.001	0.001	0.001
>CATTTGCCATGT	24-CATTTGCCATGT	12.355432	-7.736128	0	T:3.0(0.23%),B:8.3(0.01%),P:1e-3	Tpos:100.0,Tstd:54.1,Bpos:55.5,Bstd:24.3,StrandBias:-10.0,Multiplicity:2.67
0.100	0.700	0.100	0.100
0.700	0.100	0.100	0.100
0.100	0.100	0.100	0.700
0.100	0.100	0.100	0.700
0.100	0.100	0.100	0.700
0.100	0.100	0.700	0.100
0.100	0.700	0.100	0.100
0.100	0.700	0.100	0.100
0.700	0.100	0.100	0.100
0.100	0.100	0.100	0.700
0.100	0.100	0.700	0.100
0.100	0.100	0.100	0.700
>TACGTACGTACG	25-TACGTACGTACG	14.882112	-6.345835	0	T:3.0(0.23%),B:13.1(0.02%),P:1e-2	Tpos:157.9,Tstd:47.7,Bpos:101.7,Bstd:33.8,StrandBias:0.2,Multiplicity:1.00
0.001	0.001	0.001	0.997
0.819	0.001	0.179	0.001
0.001	0.997	0.001	0.001
0.001	0.001	0.997	0.001
0.001	0.001	0.001	0.997
0.997	0.001	0.001	0.001
0.001	0.997	0.001	0.001
0.001	0.001	0.997	0.001
0.001	0.001	0.001	0.997
0.997	0.001	0.001	0.001
0.001	0.997	0.001	0.001
0.001	0.001	0.997	0.001
>CAAAAAWT	1-CAAAAAWT	5.938299	-71.817986	0	T:698.0(54.07%),B:27413.2(37.95%),P:1e-31	Tpos:99.7,Tstd:57.3,Bpos:100.2,Bstd:132.3,StrandBias:0.2,Multiplicity:1.42
0.120	0.470	0.203	0.207
0.614	0.311	0.045	0.030
0.846	0.068	0.085	0.001
0.997	0.001	0.001	0.001
0.997	0.001	0.001	0.001
0.890	0.001	0.001	0.108
0.404	0.138	0.001	0.457
0.093	0.001	0.001	0.905
>AAAAATTT	2-AAAAATTT	7.401984	-69.975692	0	T:343.0(26.57%),B:10281.4(14.23%),P:1e-30	Tpos:104.2,Tstd:57.7,Bpos:98.7,Bstd:143.6,StrandBias:-0.0,Multiplicity:1.27
0.841	0.040	0.083	0.036
0.997	0.001	0.001	0.001
0.973	0.001	0.001	0.025
0.997	0.001	0.001	0.001
0.803	0.066	0.043	0.088
0.089	0.062	0.025	0.824
0.124	0.030	0.001	0.845
0.114	0.043	0.055	0.788
>AAAATBTG	3-AAAATBTG	5.922426	-55.013811	0	T:713.0(55.23%),B:29701.0(41.11%),P:1e-23	Tpos:100.9,Tstd:55.7,Bpos:98.6,Bstd:106.6,StrandBias:-0.1,Multiplicity:1.22
0.969	0.001	0.001	0.029
0.978	0.001	0.020	0.001
0.851	0.001	0.147	0.001
0.597	0.094	0.065	0.244
0.189	0.115	0.001	0.695
0.001	0.339	0.337	0.323
0.134	0.001	0.001	0.864
0.061	0.095	0.707	0.137
>ACGATTTT	4-ACGATTTT	5.360462	-53.628031	0	T:516.0(39.97%),B:19520.4(27.02%),P:1e-23	Tpos:97.6,Tstd:54.8,Bpos:99.9,Bstd:116.8,StrandBias:0.1,Multiplicity:1.20
0.900	0.031	0.036	0.033
0.039	0.746	0.060	0.155
0.056	0.066	0.877	0.001
0.913	0.001	0.001	0.085
0.039	0.076	0.012	0.873
0.001	0.001	0.057	0.941
0.001	0.001	0.001	0.997
0.045	0.044	0.001	0.910
>TACCAAAT	5-TACCAAAT	5.107350	-49.801559	0	T:691.0(53.52%),B:29011.2(40.16%),P:1e-21	Tpos:98.5,Tstd:56.5,Bpos:99.8,Bstd:106.5,StrandBias:0.0,Multiplicity:1.36
0.134	0.155	0.067	0.644
0.492	0.067	0.119	0.322
0.001	0.771	0.099	0.129
0.085	0.690	0.135	0.090
0.820	0.055	0.124	0.001
0.890	0.083	0.026	0.001
0.811	0.149	0.039	0.001
0.104	0.001	0.075	0.820
>ATATTTCT	6-ATATTTCT	5.590202	-44.969731	0	T:629.0(48.72%),B:26168.0(36.22%),P:1e-19	Tpos:99.0,Tstd:55.9,Bpos:98.0,Bstd:127.0,StrandBias:0.1,Multiplicity:1.42
0.798	0.051	0.062	0.089
0.059	0.115	0.094	0.732
0.784	0.063	0.046	0.107
0.080	0.034	0.009	0.877
0.111	0.078	0.070	0.741
0.061	0.055	0.068	0.816
0.097	0.626	0.107	0.170
0.192	0.129	0.049	0.630
>TTCTTGGG	7-TTCTTGGG	5.049885	-36.835240	0	T:390.0(30.21%),B:14795.9(20.48%),P:1e-15	Tpos:101.3,Tstd:53.1,Bpos:98.8,Bstd:88.7,StrandBias:-0.0,Multiplicity:1.14
0.094	0.061	0.083	0.762
0.058	0.153	0.032	0.757
0.105	0.704	0.048	0.143
0.066	0.037	0.073	0.824
0.072	0.079	0.058	0.791
0.106	0.122	0.727	0.045
0.078	0.101	0.754	0.067
0.133	0.053	0.690	0.124
>ATCTTAAA	8-ATCTTAAA	6.446481	-35.937509	0	T:311.0(24.09%),B:11109.2(15.38%),P:1e-15	Tpos:102.8,Tstd:57.2,Bpos:98.6,Bstd:116.2,StrandBias:-0.0,Multiplicity:1.08
0.933	0.016	0.050	0.001
0.001	0.029	0.029	0.941
0.206	0.637	0.029	0.128
0.066	0.089	0.057	0.788
0.085	0.001	0.001	0.913
0.895	0.082	0.022	0.001
0.997	0.001	0.001	0.001
0.890	0.060	0.013	0.037
>ATTTCGGT	9-ATTTCGGT	6.734943	-26.540992	0	T:189.0(14.64%),B:6311.1(8.74%),P:1e-11	Tpos:107.6,Tstd:56.0,Bpos:100.9,Bstd:96.5,StrandBias:0.2,Multiplicity:1.03
0.957	0.001	0.001	0.041
0.052	0.001	0.049	0.898
0.045	0.045	0.047	0.863
0.001	0.136	0.001	0.862
0.001	0.960	0.001	0.038
0.128	0.082	0.702	0.088
0.083	0.161	0.755	0.001
0.001	0.001	0.001	0.997
>CTGCAGCA	10-CTGCAGCA	7.216371	-25.210465	0	T:103.0(7.98%),B:2796.3(3.87%),P:1e-10	Tpos:97.8,Tstd:59.0,Bpos:100.8,Bstd:76.7,StrandBias:-0.5,Multiplicity:1.09
0.224	0.525	0.001	0.250
0.134	0.001	0.281	0.584
0.001	0.001	0.997	0.001
0.001	0.889	0.109	0.001
0.658	0.046	0.001	0.295
0.001	0.370	0.592	0.037
0.001	0.580	0.418	0.001
0.986	0.001	0.001	0.012
>ACTTTCGC	11-ACTTTCGC	8.096612	-21.540753	0	T:79.0(6.12%),B:2051.5(2.84%),P:1e-9	Tpos:103.3,Tstd:52.7,Bpos:99.8,Bstd:109.0,StrandBias:0.5,Multiplicity:1.04
0.997	0.001	0.001	0.001
0.001	0.905	0.093	0.001
0.001	0.001	0.001	0.997
0.001	0.001	0.123	0.875
0.001	0.001	0.001	0.997
0.001	0.696	0.186	0.117
0.001	0.001	0.997	0.001
0.001	0.906	0.092	0.001
>GGGGGGGG	12-GGGGGGGG	8.093952	-19.961906	0	T:25.0(1.94%),B:321.4(0.44%),P:1e-8	Tpos:113.6,Tstd:49.9,Bpos:100.9,Bstd:55.9,StrandBias:0.0,Multiplicity:1.08
0.019	0.070	0.873	0.038
0.022	0.026	0.942	0.010
0.001	0.012	0.979	0.008
0.001	0.001	0.997	0.001
0.024	0.001	0.974	0.001
0.029	0.001	0.969	0.001
0.041	0.002	0.939	0.018
0.041	0.047	0.876	0.036
>ATATATAT	13-ATATATAT	8.236954	-19.264474	0	T:34.0(2.63%),B:581.3(0.80%),P:1e-8	Tpos:109.0,Tstd:55.6,Bpos:104.4,Bstd:111.8,StrandBias:0.0,Multiplicity:1.24
0.700	0.100	0.100	0.100
0.100	0.100	0.100	0.700
0.700	0.100	0.100	0.100
0.100	0.100	0.100	0.700
0.700	0.100	0.100	0.100
0.100	0.100	0.100	0.700
0.700	0.100	0.100	0.100
0.100	0.100	0.100	0.700
>GGTAAAGA	14-GGTAAAGA	9.044369	-15.801556	0	T:43.0(3.33%),B:976.3(1.35%),P:1e-6	Tpos:102.4,Tstd:46.4,Bpos:100.8,Bstd:88.7,StrandBias:-0.2,Multiplicity:1.13
0.001	0.001	0.997	0.001
0.001	0.001	0.997	0.001
0.001	0.001	0.001	0.997
0.705	0.001	0.132	0.162
0.997	0.001	0.001	0.001
0.997	0.001	0.001	0.001
0.001	0.001	0.997	0.001
0.997	0.001	0.001	0.001
>TTCCTTCT	15-TTCCTTCT	10.072364	-14.024892	0	T:38.0(2.94%),B:868.0(1.20%),P:1e-6	Tpos:94.4,Tstd:59.9,Bpos:99.4,Bstd:79.6,StrandBias:-0.2,Multiplicity:1.03
0.001	0.001	0.001	0.997
0.369	0.001	0.001	0.629
0.001	0.997	0.001	0.001
0.001	0.997	0.001	0.001
0.001	0.001	0.001	0.997
0.001	0.001	0.001	0.997
0.001	0.997	0.001	0.001
0.001	0.001	0.001	0.997
>TAGGCCTA	16-TAGGCCTA	8.236954	-13.862271	0	T:17.0(1.32%),B:222.0(0.31%),P:1e-6	Tpos:86.8,Tstd:63.4,Bpos:96.5,Bstd:58.6,StrandBias:0.0,Multiplicity:1.00
0.100	0.100	0.100	0.700
0.700	0.100	0.100	0.100
0.100	0.100	0.700	0.100
0.100	0.100	0.700	0.100
0.100	0.700	0.100	0.100
0.100	0.700	0.100	0.100
0.100	0.100	0.100	0.700
0.700	0.100	0.100	0.100
>TTTCGGCA	17-TTTCGGCA	8.112811	-11.582905	0	T:28.0(2.17%),B:609.5(0.84%),P:1e-5	Tpos:95.9,Tstd:59.5,Bpos:99.2,Bstd:61.6,StrandBias:0.5,Multiplicity:1.21
0.001	0.001	0.001	0.997
0.001	0.001	0.001	0.997
0.001	0.001	0.001	0.997
0.001	0.997	0.001	0.001
0.001	0.001	0.997	0.001
0.001	0.001	0.997	0.001
0.001	0.997	0.001	0.001
0.702	0.245	0.052	0.001
>CATGGKTA	18-CATGGKTA	10.169031	-10.616493	0	T:25.0(1.94%),B:540.6(0.75%),P:1e-4	Tpos:106.6,Tstd:57.9,Bpos:99.7,Bstd:70.7,StrandBias:-0.4,Multiplicity:1.00
0.001	0.997	0.001	0.001
0.773	0.001	0.225	0.001
0.001	0.001	0.001	0.997
0.001	0.001	0.997	0.001
0.001	0.001	0.997	0.001
0.001	0.001	0.436	0.562
0.001	0.001	0.068	0.930
0.997	0.001	0.001	0.001
>TGATGATG	19-TGATGATG	6.052750	-7.660117	0	T:317.0(24.55%),B:14964.8(20.72%),P:1e-3	Tpos:103.4,Tstd:57.4,Bpos:98.2,Bstd:98.1,StrandBias:0.1,Multiplicity:1.23
0.155	0.085	0.034	0.726
0.088	0.019	0.867	0.026
0.584	0.019	0.146	0.251
0.134	0.036	0.024	0.806
0.001	0.162	0.836	0.001
0.559	0.001	0.052	0.388
0.001	0.001	0.099	0.899
0.067	0.157	0.740	0.036
>CTAACTAT	20-CTAACTAT	10.789608	-6.933989	0	T:13.0(1.01%),B:258.1(0.36%),P:1e-3	Tpos:105.8,Tstd:54.8,Bpos:102.6,Bstd:83.9,StrandBias:-2.4,Multiplicity:1.46
0.001	0.997	0.001	0.001
0.001	0.001	0.001	0.997
0.997	0.001	0.001	0.001
0.756	0.001	0.001	0.242
0.001	0.997	0.001	0.001
0.001	0.001	0.001	0.997
0.997	0.001	0.001	0.001
0.001	0.001	0.001	0.997
>CGKACGCA	21-CGKACGCA	7.590429	-5.795733	0	T:29.0(2.25%),B:921.5(1.28%),P:1e-2	Tpos:122.6,Tstd:59.8,Bpos:98.8,Bstd:47.5,StrandBias:-0.1,Multiplicity:1.39
0.001	0.997	0.001	0.001
0.001	0.001	0.997	0.001
0.001	0.001	0.547	0.451
0.997	0.001	0.001	0.001
0.001	0.730	0.268	0.001
0.001	0.092	0.906	0.001
0.001	0.832	0.001	0.166
0.997	0.001	0.001	0.001
>GAGAGAGA	22-GAGAGAGA	6.291044	-4.651159	0	T:194.0(15.03%),B:9225.7(12.77%),P:1e-2	Tpos:104.6,Tstd:53.0,Bpos:97.1,Bstd:86.8,StrandBias:-0.3,Multiplicity:1.15
0.100	0.100	0.700	0.100
0.700	0.100	0.100	0.100
0.100	0.100	0.700	0.100
0.700	0.100	0.100	0.100
0.100	0.100	0.700	0.100
0.700	0.100	0.100	0.100
0.100	0.100	0.700	0.100
0.700	0.100	0.100	0.100
>ATACATAC	23-ATACATAC	8.236954	-1.432075	0	T:22.0(1.70%),B:1038.6(1.44%),P:1e0	Tpos:111.2,Tstd:51.8,Bpos:99.9,Bstd:121.8,StrandBias:0.6,Multiplicity:4.77
0.700	0.100	0.100	0.100
0.100	0.100	0.100	0.700
0.700	0.100	0.100	0.100
0.100	0.700	0.100	0.100
0.700	0.100	0.100	0.100
0.100	0.100	0.100	0.700
0.700	0.100	0.100	0.100
0.100	0.700	0.100	0.100
