>CAAAAAWT	1-CAAAAAWT	5.938299	-71.817986	0	T:698.0(54.07%),B:27413.2(37.95%),P:1e-31	Tpos:99.7,Tstd:57.3,Bpos:100.2,Bstd:132.3,StrandBias:0.2,Multiplicity:1.42
0.120	0.470	0.203	0.207
0.614	0.311	0.045	0.030
0.846	0.068	0.085	0.001
0.997	0.001	0.001	0.001
0.997	0.001	0.001	0.001
0.890	0.001	0.001	0.108
0.404	0.138	0.001	0.457
0.093	0.001	0.001	0.905
>AAAAATTT	2-AAAAATTT	7.401984	-69.975692	0	T:343.0(26.57%),B:10281.4(14.23%),P:1e-30	Tpos:104.2,Tstd:57.7,Bpos:98.7,Bstd:143.6,StrandBias:-0.0,Multiplicity:1.27
0.841	0.040	0.083	0.036
0.997	0.001	0.001	0.001
0.973	0.001	0.001	0.025
0.997	0.001	0.001	0.001
0.803	0.066	0.043	0.088
0.089	0.062	0.025	0.824
0.124	0.030	0.001	0.845
0.114	0.043	0.055	0.788
>AAAATBTG	3-AAAATBTG	5.922426	-55.013811	0	T:713.0(55.23%),B:29701.0(41.11%),P:1e-23	Tpos:100.9,Tstd:55.7,Bpos:98.6,Bstd:106.6,StrandBias:-0.1,Multiplicity:1.22
0.969	0.001	0.001	0.029
0.978	0.001	0.020	0.001
0.851	0.001	0.147	0.001
0.597	0.094	0.065	0.244
0.189	0.115	0.001	0.695
0.001	0.339	0.337	0.323
0.134	0.001	0.001	0.864
0.061	0.095	0.707	0.137
>ACGATTTT	4-ACGATTTT	5.360462	-53.628031	0	T:516.0(39.97%),B:19520.4(27.02%),P:1e-23	Tpos:97.6,Tstd:54.8,Bpos:99.9,Bstd:116.8,StrandBias:0.1,Multiplicity:1.20
0.900	0.031	0.036	0.033
0.039	0.746	0.060	0.155
0.056	0.066	0.877	0.001
0.913	0.001	0.001	0.085
0.039	0.076	0.012	0.873
0.001	0.001	0.057	0.941
0.001	0.001	0.001	0.997
0.045	0.044	0.001	0.910
>TACCAAAT	5-TACCAAAT	5.107350	-49.801559	0	T:691.0(53.52%),B:29011.2(40.16%),P:1e-21	Tpos:98.5,Tstd:56.5,Bpos:99.8,Bstd:106.5,StrandBias:0.0,Multiplicity:1.36
0.134	0.155	0.067	0.644
0.492	0.067	0.119	0.322
0.001	0.771	0.099	0.129
0.085	0.690	0.135	0.090
0.820	0.055	0.124	0.001
0.890	0.083	0.026	0.001
0.811	0.149	0.039	0.001
0.104	0.001	0.075	0.820
>ATATTTCT	6-ATATTTCT	5.590202	-44.969731	0	T:629.0(48.72%),B:26168.0(36.22%),P:1e-19	Tpos:99.0,Tstd:55.9,Bpos:98.0,Bstd:127.0,StrandBias:0.1,Multiplicity:1.42
0.798	0.051	0.062	0.089
0.059	0.115	0.094	0.732
0.784	0.063	0.046	0.107
0.080	0.034	0.009	0.877
0.111	0.078	0.070	0.741
0.061	0.055	0.068	0.816
0.097	0.626	0.107	0.170
0.192	0.129	0.049	0.630
>TTCTTGGG	7-TTCTTGGG	5.049885	-36.835240	0	T:390.0(30.21%),B:14795.9(20.48%),P:1e-15	Tpos:101.3,Tstd:53.1,Bpos:98.8,Bstd:88.7,StrandBias:-0.0,Multiplicity:1.14
0.094	0.061	0.083	0.762
0.058	0.153	0.032	0.757
0.105	0.704	0.048	0.143
0.066	0.037	0.073	0.824
0.072	0.079	0.058	0.791
0.106	0.122	0.727	0.045
0.078	0.101	0.754	0.067
0.133	0.053	0.690	0.124
>ATCTTAAA	8-ATCTTAAA	6.446481	-35.937509	0	T:311.0(24.09%),B:11109.2(15.38%),P:1e-15	Tpos:102.8,Tstd:57.2,Bpos:98.6,Bstd:116.2,StrandBias:-0.0,Multiplicity:1.08
0.933	0.016	0.050	0.001
0.001	0.029	0.029	0.941
0.206	0.637	0.029	0.128
0.066	0.089	0.057	0.788
0.085	0.001	0.001	0.913
0.895	0.082	0.022	0.001
0.997	0.001	0.001	0.001
0.890	0.060	0.013	0.037
>ATTTCGGT	9-ATTTCGGT	6.734943	-26.540992	0	T:189.0(14.64%),B:6311.1(8.74%),P:1e-11	Tpos:107.6,Tstd:56.0,Bpos:100.9,Bstd:96.5,StrandBias:0.2,Multiplicity:1.03
0.957	0.001	0.001	0.041
0.052	0.001	0.049	0.898
0.045	0.045	0.047	0.863
0.001	0.136	0.001	0.862
0.001	0.960	0.001	0.038
0.128	0.082	0.702	0.088
0.083	0.161	0.755	0.001
0.001	0.001	0.001	0.997
>CTGCAGCA	10-CTGCAGCA	7.216371	-25.210465	0	T:103.0(7.98%),B:2796.3(3.87%),P:1e-10	Tpos:97.8,Tstd:59.0,Bpos:100.8,Bstd:76.7,StrandBias:-0.5,Multiplicity:1.09
0.224	0.525	0.001	0.250
0.134	0.001	0.281	0.584
0.001	0.001	0.997	0.001
0.001	0.889	0.109	0.001
0.658	0.046	0.001	0.295
0.001	0.370	0.592	0.037
0.001	0.580	0.418	0.001
0.986	0.001	0.001	0.012
>ACTTTCGC	11-ACTTTCGC	8.096612	-21.540753	0	T:79.0(6.12%),B:2051.5(2.84%),P:1e-9	Tpos:103.3,Tstd:52.7,Bpos:99.8,Bstd:109.0,StrandBias:0.5,Multiplicity:1.04
0.997	0.001	0.001	0.001
0.001	0.905	0.093	0.001
0.001	0.001	0.001	0.997
0.001	0.001	0.123	0.875
0.001	0.001	0.001	0.997
0.001	0.696	0.186	0.117
0.001	0.001	0.997	0.001
0.001	0.906	0.092	0.001
>GGGGGGGG	12-GGGGGGGG	8.093952	-19.961906	0	T:25.0(1.94%),B:321.4(0.44%),P:1e-8	Tpos:113.6,Tstd:49.9,Bpos:100.9,Bstd:55.9,StrandBias:0.0,Multiplicity:1.08
0.019	0.070	0.873	0.038
0.022	0.026	0.942	0.010
0.001	0.012	0.979	0.008
0.001	0.001	0.997	0.001
0.024	0.001	0.974	0.001
0.029	0.001	0.969	0.001
0.041	0.002	0.939	0.018
0.041	0.047	0.876	0.036
>ATATATAT	13-ATATATAT	8.236954	-19.264474	0	T:34.0(2.63%),B:581.3(0.80%),P:1e-8	Tpos:109.0,Tstd:55.6,Bpos:104.4,Bstd:111.8,StrandBias:0.0,Multiplicity:1.24
0.700	0.100	0.100	0.100
0.100	0.100	0.100	0.700
0.700	0.100	0.100	0.100
0.100	0.100	0.100	0.700
0.700	0.100	0.100	0.100
0.100	0.100	0.100	0.700
0.700	0.100	0.100	0.100
0.100	0.100	0.100	0.700
>GGTAAAGA	14-GGTAAAGA	9.044369	-15.801556	0	T:43.0(3.33%),B:976.3(1.35%),P:1e-6	Tpos:102.4,Tstd:46.4,Bpos:100.8,Bstd:88.7,StrandBias:-0.2,Multiplicity:1.13
0.001	0.001	0.997	0.001
0.001	0.001	0.997	0.001
0.001	0.001	0.001	0.997
0.705	0.001	0.132	0.162
0.997	0.001	0.001	0.001
0.997	0.001	0.001	0.001
0.001	0.001	0.997	0.001
0.997	0.001	0.001	0.001
>TTCCTTCT	15-TTCCTTCT	10.072364	-14.024892	0	T:38.0(2.94%),B:868.0(1.20%),P:1e-6	Tpos:94.4,Tstd:59.9,Bpos:99.4,Bstd:79.6,StrandBias:-0.2,Multiplicity:1.03
0.001	0.001	0.001	0.997
0.369	0.001	0.001	0.629
0.001	0.997	0.001	0.001
0.001	0.997	0.001	0.001
0.001	0.001	0.001	0.997
0.001	0.001	0.001	0.997
0.001	0.997	0.001	0.001
0.001	0.001	0.001	0.997
>TAGGCCTA	16-TAGGCCTA	8.236954	-13.862271	0	T:17.0(1.32%),B:222.0(0.31%),P:1e-6	Tpos:86.8,Tstd:63.4,Bpos:96.5,Bstd:58.6,StrandBias:0.0,Multiplicity:1.00
0.100	0.100	0.100	0.700
0.700	0.100	0.100	0.100
0.100	0.100	0.700	0.100
0.100	0.100	0.700	0.100
0.100	0.700	0.100	0.100
0.100	0.700	0.100	0.100
0.100	0.100	0.100	0.700
0.700	0.100	0.100	0.100
>TTTCGGCA	17-TTTCGGCA	8.112811	-11.582905	0	T:28.0(2.17%),B:609.5(0.84%),P:1e-5	Tpos:95.9,Tstd:59.5,Bpos:99.2,Bstd:61.6,StrandBias:0.5,Multiplicity:1.21
0.001	0.001	0.001	0.997
0.001	0.001	0.001	0.997
0.001	0.001	0.001	0.997
0.001	0.997	0.001	0.001
0.001	0.001	0.997	0.001
0.001	0.001	0.997	0.001
0.001	0.997	0.001	0.001
0.702	0.245	0.052	0.001
>CATGGKTA	18-CATGGKTA	10.169031	-10.616493	0	T:25.0(1.94%),B:540.6(0.75%),P:1e-4	Tpos:106.6,Tstd:57.9,Bpos:99.7,Bstd:70.7,StrandBias:-0.4,Multiplicity:1.00
0.001	0.997	0.001	0.001
0.773	0.001	0.225	0.001
0.001	0.001	0.001	0.997
0.001	0.001	0.997	0.001
0.001	0.001	0.997	0.001
0.001	0.001	0.436	0.562
0.001	0.001	0.068	0.930
0.997	0.001	0.001	0.001
>TGATGATG	19-TGATGATG	6.052750	-7.660117	0	T:317.0(24.55%),B:14964.8(20.72%),P:1e-3	Tpos:103.4,Tstd:57.4,Bpos:98.2,Bstd:98.1,StrandBias:0.1,Multiplicity:1.23
0.155	0.085	0.034	0.726
0.088	0.019	0.867	0.026
0.584	0.019	0.146	0.251
0.134	0.036	0.024	0.806
0.001	0.162	0.836	0.001
0.559	0.001	0.052	0.388
0.001	0.001	0.099	0.899
0.067	0.157	0.740	0.036
>CTAACTAT	20-CTAACTAT	10.789608	-6.933989	0	T:13.0(1.01%),B:258.1(0.36%),P:1e-3	Tpos:105.8,Tstd:54.8,Bpos:102.6,Bstd:83.9,StrandBias:-2.4,Multiplicity:1.46
0.001	0.997	0.001	0.001
0.001	0.001	0.001	0.997
0.997	0.001	0.001	0.001
0.756	0.001	0.001	0.242
0.001	0.997	0.001	0.001
0.001	0.001	0.001	0.997
0.997	0.001	0.001	0.001
0.001	0.001	0.001	0.997
>CGKACGCA	21-CGKACGCA	7.590429	-5.795733	0	T:29.0(2.25%),B:921.5(1.28%),P:1e-2	Tpos:122.6,Tstd:59.8,Bpos:98.8,Bstd:47.5,StrandBias:-0.1,Multiplicity:1.39
0.001	0.997	0.001	0.001
0.001	0.001	0.997	0.001
0.001	0.001	0.547	0.451
0.997	0.001	0.001	0.001
0.001	0.730	0.268	0.001
0.001	0.092	0.906	0.001
0.001	0.832	0.001	0.166
0.997	0.001	0.001	0.001
>GAGAGAGA	22-GAGAGAGA	6.291044	-4.651159	0	T:194.0(15.03%),B:9225.7(12.77%),P:1e-2	Tpos:104.6,Tstd:53.0,Bpos:97.1,Bstd:86.8,StrandBias:-0.3,Multiplicity:1.15
0.100	0.100	0.700	0.100
0.700	0.100	0.100	0.100
0.100	0.100	0.700	0.100
0.700	0.100	0.100	0.100
0.100	0.100	0.700	0.100
0.700	0.100	0.100	0.100
0.100	0.100	0.700	0.100
0.700	0.100	0.100	0.100
>ATACATAC	23-ATACATAC	8.236954	-1.432075	0	T:22.0(1.70%),B:1038.6(1.44%),P:1e0	Tpos:111.2,Tstd:51.8,Bpos:99.9,Bstd:121.8,StrandBias:0.6,Multiplicity:4.77
0.700	0.100	0.100	0.100
0.100	0.100	0.100	0.700
0.700	0.100	0.100	0.100
0.100	0.700	0.100	0.100
0.700	0.100	0.100	0.100
0.100	0.100	0.100	0.700
0.700	0.100	0.100	0.100
0.100	0.700	0.100	0.100
