>ATTTCAAAAATC	1-ATTTCAAAAATC	8.870788	-57.254630	0	T:114.0(8.83%),B:2053.0(2.84%),P:1e-24	Tpos:104.4,Tstd:55.6,Bpos:101.9,Bstd:99.1,StrandBias:-0.3,Multiplicity:1.02
0.815	0.037	0.037	0.111
0.051	0.095	0.061	0.793
0.052	0.001	0.050	0.897
0.035	0.030	0.023	0.912
0.091	0.824	0.023	0.062
0.864	0.062	0.015	0.059
0.817	0.065	0.045	0.073
0.906	0.037	0.040	0.017
0.755	0.084	0.045	0.116
0.763	0.057	0.064	0.116
0.025	0.042	0.035	0.898
0.058	0.760	0.104	0.078
>AAAAAAAAAAAW	2-AAAAAAAAAAAW	8.251185	-56.874736	0	T:263.0(20.37%),B:7600.4(10.52%),P:1e-24	Tpos:105.4,Tstd:56.0,Bpos:98.6,Bstd:179.5,StrandBias:0.3,Multiplicity:1.20
0.631	0.032	0.101	0.236
0.818	0.001	0.001	0.180
0.736	0.001	0.001	0.262
0.659	0.001	0.001	0.339
0.713	0.001	0.001	0.285
0.592	0.001	0.001	0.406
0.726	0.001	0.001	0.272
0.701	0.005	0.001	0.293
0.653	0.001	0.001	0.345
0.633	0.001	0.001	0.365
0.623	0.001	0.001	0.375
0.514	0.001	0.001	0.484
>TTTTAAGATTTT	3-TTTTAAGATTTT	6.851497	-56.157276	0	T:389.0(30.13%),B:13200.3(18.27%),P:1e-24	Tpos:98.2,Tstd:57.0,Bpos:101.3,Bstd:137.2,StrandBias:0.0,Multiplicity:1.27
0.089	0.067	0.109	0.735
0.061	0.094	0.041	0.804
0.068	0.090	0.087	0.755
0.079	0.123	0.054	0.744
0.696	0.090	0.111	0.103
0.772	0.076	0.089	0.063
0.131	0.130	0.631	0.108
0.760	0.052	0.080	0.108
0.078	0.042	0.101	0.779
0.134	0.071	0.058	0.737
0.082	0.051	0.046	0.821
0.070	0.112	0.050	0.768
>AAAATATGATTT	4-AAAATATGATTT	8.822862	-47.424444	0	T:126.0(9.76%),B:2737.3(3.79%),P:1e-20	Tpos:94.7,Tstd:56.7,Bpos:97.5,Bstd:128.2,StrandBias:0.1,Multiplicity:1.07
0.854	0.027	0.051	0.068
0.951	0.016	0.012	0.021
0.797	0.047	0.081	0.075
0.810	0.037	0.089	0.064
0.061	0.066	0.070	0.803
0.804	0.037	0.068	0.091
0.058	0.058	0.056	0.828
0.083	0.055	0.815	0.047
0.783	0.062	0.087	0.068
0.120	0.035	0.032	0.813
0.065	0.012	0.018	0.905
0.074	0.032	0.055	0.839
>GVAAAAATTTTT	5-GVAAAAATTTTT	7.701944	-38.564974	0	T:101.0(7.82%),B:2177.8(3.01%),P:1e-16	Tpos:83.1,Tstd:58.1,Bpos:98.3,Bstd:133.6,StrandBias:0.0,Multiplicity:1.00
0.236	0.106	0.424	0.234
0.243	0.234	0.346	0.176
0.499	0.182	0.127	0.192
0.686	0.162	0.086	0.066
0.707	0.081	0.070	0.142
0.769	0.048	0.057	0.126
0.741	0.087	0.040	0.132
0.297	0.048	0.049	0.606
0.270	0.033	0.046	0.651
0.165	0.060	0.087	0.688
0.108	0.053	0.065	0.774
0.096	0.125	0.160	0.619
>ATATATATATTT	6-ATATATATATTT	9.614349	-32.513269	0	T:16.0(1.24%),B:53.6(0.07%),P:1e-14	Tpos:108.7,Tstd:53.8,Bpos:97.3,Bstd:126.3,StrandBias:0.0,Multiplicity:1.31
0.997	0.001	0.001	0.001
0.001	0.001	0.001	0.997
0.997	0.001	0.001	0.001
0.001	0.001	0.001	0.997
0.997	0.001	0.001	0.001
0.001	0.001	0.001	0.997
0.997	0.001	0.001	0.001
0.001	0.001	0.001	0.997
0.997	0.001	0.001	0.001
0.001	0.001	0.001	0.997
0.082	0.001	0.001	0.916
0.078	0.001	0.001	0.920
>TAAAGAGGGTCG	7-TAAAGAGGGTCG	12.694855	-28.008855	0	T:12.0(0.93%),B:30.8(0.04%),P:1e-12	Tpos:99.2,Tstd:63.7,Bpos:106.1,Bstd:59.4,StrandBias:-0.2,Multiplicity:1.08
0.135	0.001	0.001	0.863
0.859	0.001	0.001	0.139
0.997	0.001	0.001	0.001
0.997	0.001	0.001	0.001
0.208	0.001	0.790	0.001
0.997	0.001	0.001	0.001
0.163	0.001	0.700	0.136
0.135	0.001	0.863	0.001
0.135	0.001	0.863	0.001
0.001	0.001	0.001	0.997
0.212	0.786	0.001	0.001
0.352	0.001	0.646	0.001
>GYTAAGAGKRTC	8-GYTAAGAGKRTC	13.924801	-26.313726	0	T:8.0(0.62%),B:8.0(0.01%),P:1e-11	Tpos:119.0,Tstd:42.2,Bpos:79.5,Bstd:28.1,StrandBias:0.7,Multiplicity:1.00
0.001	0.001	0.997	0.001
0.001	0.470	0.001	0.528
0.001	0.001	0.001	0.997
0.997	0.001	0.001	0.001
0.763	0.235	0.001	0.001
0.001	0.001	0.997	0.001
0.763	0.001	0.001	0.235
0.001	0.001	0.997	0.001
0.001	0.001	0.528	0.470
0.470	0.001	0.528	0.001
0.001	0.001	0.001	0.997
0.001	0.997	0.001	0.001
>TCTTGGCCTCAA	9-TCTTGGCCTCAA	13.290055	-25.522940	0	T:9.0(0.70%),B:14.0(0.02%),P:1e-11	Tpos:57.4,Tstd:35.7,Bpos:93.4,Bstd:77.0,StrandBias:2.0,Multiplicity:1.11
0.001	0.116	0.001	0.882
0.001	0.882	0.001	0.116
0.001	0.116	0.001	0.882
0.001	0.001	0.001	0.997
0.001	0.001	0.914	0.084
0.001	0.001	0.997	0.001
0.001	0.882	0.001	0.116
0.116	0.882	0.001	0.001
0.116	0.001	0.001	0.882
0.001	0.902	0.001	0.096
0.997	0.001	0.001	0.001
0.997	0.001	0.001	0.001
>GGGGGGGGGGGG	10-GGGGGGGGGGGG	9.613338	-25.461465	0	T:26.0(2.01%),B:266.9(0.37%),P:1e-11	Tpos:119.0,Tstd:48.1,Bpos:100.3,Bstd:54.1,StrandBias:0.2,Multiplicity:1.04
0.110	0.059	0.710	0.121
0.123	0.056	0.720	0.101
0.121	0.048	0.727	0.104
0.123	0.035	0.744	0.098
0.090	0.041	0.809	0.060
0.083	0.047	0.820	0.050
0.101	0.068	0.757	0.074
0.104	0.063	0.759	0.074
0.079	0.067	0.756	0.098
0.104	0.065	0.768	0.063
0.093	0.071	0.722	0.114
0.092	0.090	0.710	0.108
>TATATAGTTAGA	11-TATATAGTTAGA	11.324774	-23.200993	0	T:7.0(0.54%),B:7.5(0.01%),P:1e-10	Tpos:94.6,Tstd:53.2,Bpos:93.6,Bstd:35.3,StrandBias:10.0,Multiplicity:1.86
0.001	0.001	0.001	0.997
0.802	0.001	0.034	0.163
0.001	0.001	0.001	0.997
0.840	0.001	0.158	0.001
0.001	0.001	0.001	0.997
0.997	0.001	0.001	0.001
0.001	0.001	0.997	0.001
0.001	0.001	0.001	0.997
0.001	0.001	0.001	0.997
0.997	0.001	0.001	0.001
0.001	0.001	0.997	0.001
0.801	0.001	0.197	0.001
>CGGCGGCCCACT	12-CGGCGGCCCACT	13.702315	-22.281798	0	T:7.0(0.54%),B:8.4(0.01%),P:1e-9	Tpos:86.0,Tstd:53.2,Bpos:109.5,Bstd:28.6,StrandBias:0.3,Multiplicity:1.29
0.125	0.749	0.001	0.125
0.124	0.001	0.874	0.001
0.001	0.001	0.997	0.001
0.001	0.874	0.001	0.124
0.001	0.001	0.997	0.001
0.001	0.001	0.997	0.001
0.001	0.997	0.001	0.001
0.001	0.997	0.001	0.001
0.001	0.874	0.001	0.124
0.997	0.001	0.001	0.001
0.001	0.874	0.001	0.124
0.001	0.001	0.124	0.874
>CCATATTGGATC	13-CCATATTGGATC	12.355432	-19.469615	0	T:5.0(0.39%),B:3.4(0.00%),P:1e-8	Tpos:82.8,Tstd:52.6,Bpos:129.1,Bstd:18.6,StrandBias:2.3,Multiplicity:1.20
0.100	0.700	0.100	0.100
0.100	0.700	0.100	0.100
0.700	0.100	0.100	0.100
0.100	0.100	0.100	0.700
0.700	0.100	0.100	0.100
0.100	0.100	0.100	0.700
0.100	0.100	0.100	0.700
0.100	0.100	0.700	0.100
0.100	0.100	0.700	0.100
0.700	0.100	0.100	0.100
0.100	0.100	0.100	0.700
0.100	0.700	0.100	0.100
>ATCATCATCATC	14-ATCATCATCATC	9.759131	-19.378622	0	T:28.0(2.17%),B:409.6(0.57%),P:1e-8	Tpos:110.6,Tstd:55.1,Bpos:87.9,Bstd:112.9,StrandBias:-0.5,Multiplicity:1.32
0.880	0.040	0.018	0.062
0.117	0.018	0.072	0.793
0.057	0.802	0.054	0.087
0.816	0.029	0.054	0.101
0.106	0.031	0.057	0.806
0.018	0.954	0.010	0.018
0.841	0.015	0.036	0.108
0.001	0.036	0.108	0.855
0.119	0.819	0.026	0.036
0.841	0.047	0.054	0.058
0.001	0.070	0.040	0.889
0.042	0.714	0.195	0.049
>ASAGTTCCGAAG	15-ASAGTTCCGAAG	11.439287	-19.295316	0	T:4.0(0.31%),B:0.3(0.00%),P:1e-8	Tpos:76.7,Tstd:46.3,Bpos:30.0,Bstd:0.0,StrandBias:-10.0,Multiplicity:1.75
0.892	0.097	0.010	0.001
0.098	0.400	0.302	0.200
0.901	0.097	0.001	0.001
0.200	0.098	0.604	0.098
0.001	0.001	0.001	0.997
0.001	0.297	0.209	0.493
0.001	0.692	0.306	0.001
0.001	0.683	0.001	0.315
0.298	0.209	0.492	0.001
0.901	0.001	0.097	0.001
0.805	0.001	0.097	0.097
0.001	0.001	0.688	0.310
>CTGCAACGCACA	16-CTGCAACGCACA	13.856439	-18.383604	0	T:6.0(0.46%),B:8.2(0.01%),P:1e-7	Tpos:85.5,Tstd:39.9,Bpos:102.5,Bstd:24.1,StrandBias:2.2,Multiplicity:1.83
0.001	0.712	0.001	0.286
0.142	0.001	0.001	0.856
0.001	0.001	0.856	0.142
0.001	0.997	0.001	0.001
0.997	0.001	0.001	0.001
0.997	0.001	0.001	0.001
0.001	0.856	0.001	0.142
0.001	0.001	0.997	0.001
0.142	0.856	0.001	0.001
0.997	0.001	0.001	0.001
0.001	0.997	0.001	0.001
0.997	0.001	0.001	0.001
>GTCAGTACGTBC	17-GTCAGTACGTBC	13.796660	-16.536967	0	T:4.0(0.31%),B:2.2(0.00%),P:1e-7	Tpos:98.2,Tstd:35.2,Bpos:86.5,Bstd:22.4,StrandBias:-10.0,Multiplicity:1.00
0.001	0.001	0.997	0.001
0.001	0.001	0.001	0.997
0.001	0.979	0.019	0.001
0.642	0.356	0.001	0.001
0.001	0.001	0.997	0.001
0.001	0.001	0.001	0.997
0.616	0.361	0.022	0.001
0.001	0.997	0.001	0.001
0.001	0.001	0.997	0.001
0.001	0.001	0.001	0.997
0.001	0.381	0.309	0.309
0.001	0.691	0.001	0.307
>GACTACATTTCC	18-GACTACATTTCC	14.221528	-13.792833	0	T:4.0(0.31%),B:4.7(0.01%),P:1e-5	Tpos:88.2,Tstd:61.9,Bpos:73.5,Bstd:49.2,StrandBias:-10.0,Multiplicity:2.25
0.001	0.001	0.997	0.001
0.997	0.001	0.001	0.001
0.001	0.997	0.001	0.001
0.001	0.001	0.001	0.997
0.997	0.001	0.001	0.001
0.001	0.895	0.103	0.001
0.997	0.001	0.001	0.001
0.001	0.001	0.001	0.997
0.001	0.103	0.001	0.895
0.001	0.001	0.001	0.997
0.001	0.997	0.001	0.001
0.001	0.997	0.001	0.001
>TGTTGTWGTYGT	19-TGTTGTWGTYGT	11.883809	-11.280982	0	T:9.0(0.70%),B:76.1(0.11%),P:1e-4	Tpos:110.5,Tstd:55.5,Bpos:103.6,Bstd:49.5,StrandBias:-0.1,Multiplicity:1.00
0.029	0.021	0.105	0.845
0.001	0.061	0.906	0.032
0.073	0.029	0.058	0.840
0.029	0.077	0.060	0.834
0.102	0.029	0.785	0.084
0.100	0.054	0.058	0.788
0.545	0.001	0.001	0.453
0.127	0.015	0.642	0.216
0.078	0.109	0.058	0.755
0.001	0.454	0.005	0.540
0.032	0.044	0.866	0.058
0.080	0.087	0.088	0.745
>TACAGTCCTGTA	20-TACAGTCCTGTA	14.800611	-10.612082	0	T:3.0(0.23%),B:3.4(0.00%),P:1e-4	Tpos:104.0,Tstd:39.8,Bpos:88.9,Bstd:39.2,StrandBias:-10.0,Multiplicity:1.00
0.001	0.001	0.001	0.997
0.997	0.001	0.001	0.001
0.001	0.997	0.001	0.001
0.997	0.001	0.001	0.001
0.001	0.001	0.997	0.001
0.001	0.001	0.001	0.997
0.001	0.997	0.001	0.001
0.001	0.997	0.001	0.001
0.001	0.163	0.001	0.835
0.001	0.001	0.997	0.001
0.197	0.001	0.001	0.801
0.997	0.001	0.001	0.001
>GAGAGAGRAGGG	21-GAGAGAGRAGGG	10.723469	-9.187981	0	T:20.0(1.55%),B:419.5(0.58%),P:1e-3	Tpos:110.0,Tstd:46.8,Bpos:89.8,Bstd:88.8,StrandBias:-0.6,Multiplicity:1.35
0.312	0.001	0.686	0.001
0.917	0.081	0.001	0.001
0.001	0.001	0.997	0.001
0.807	0.001	0.191	0.001
0.001	0.260	0.738	0.001
0.954	0.001	0.044	0.001
0.001	0.001	0.997	0.001
0.546	0.001	0.452	0.001
0.500	0.164	0.335	0.001
0.348	0.001	0.650	0.001
0.270	0.002	0.592	0.136
0.297	0.001	0.651	0.051
>CAACAGTGCTCA	22-CAACAGTGCTCA	12.355432	-8.754990	0	T:2.0(0.15%),B:1.1(0.00%),P:1e-3	Tpos:79.2,Tstd:43.9,Bpos:98.3,Bstd:32.5,StrandBias:10.0,Multiplicity:2.50
0.100	0.700	0.100	0.100
0.700	0.100	0.100	0.100
0.700	0.100	0.100	0.100
0.100	0.700	0.100	0.100
0.700	0.100	0.100	0.100
0.100	0.100	0.700	0.100
0.100	0.100	0.100	0.700
0.100	0.100	0.700	0.100
0.100	0.700	0.100	0.100
0.100	0.100	0.100	0.700
0.100	0.700	0.100	0.100
0.700	0.100	0.100	0.100
>CATACATACATA	23-CATACATACATA	12.496667	-8.087658	0	T:8.0(0.62%),B:92.6(0.13%),P:1e-3	Tpos:111.3,Tstd:49.2,Bpos:101.1,Bstd:105.5,StrandBias:0.7,Multiplicity:1.00
0.007	0.991	0.001	0.001
0.983	0.001	0.015	0.001
0.001	0.001	0.001	0.997
0.997	0.001	0.001	0.001
0.001	0.997	0.001	0.001
0.997	0.001	0.001	0.001
0.017	0.001	0.001	0.981
0.997	0.001	0.001	0.001
0.001	0.997	0.001	0.001
0.997	0.001	0.001	0.001
0.001	0.001	0.012	0.986
0.997	0.001	0.001	0.001
>CATTTGCCATGT	24-CATTTGCCATGT	12.355432	-7.736128	0	T:3.0(0.23%),B:8.3(0.01%),P:1e-3	Tpos:100.0,Tstd:54.1,Bpos:55.5,Bstd:24.3,StrandBias:-10.0,Multiplicity:2.67
0.100	0.700	0.100	0.100
0.700	0.100	0.100	0.100
0.100	0.100	0.100	0.700
0.100	0.100	0.100	0.700
0.100	0.100	0.100	0.700
0.100	0.100	0.700	0.100
0.100	0.700	0.100	0.100
0.100	0.700	0.100	0.100
0.700	0.100	0.100	0.100
0.100	0.100	0.100	0.700
0.100	0.100	0.700	0.100
0.100	0.100	0.100	0.700
>TACGTACGTACG	25-TACGTACGTACG	14.882112	-6.345835	0	T:3.0(0.23%),B:13.1(0.02%),P:1e-2	Tpos:157.9,Tstd:47.7,Bpos:101.7,Bstd:33.8,StrandBias:0.2,Multiplicity:1.00
0.001	0.001	0.001	0.997
0.819	0.001	0.179	0.001
0.001	0.997	0.001	0.001
0.001	0.001	0.997	0.001
0.001	0.001	0.001	0.997
0.997	0.001	0.001	0.001
0.001	0.997	0.001	0.001
0.001	0.001	0.997	0.001
0.001	0.001	0.001	0.997
0.997	0.001	0.001	0.001
0.001	0.997	0.001	0.001
0.001	0.001	0.997	0.001
