>GCTGCCATTTTG	7-GCTGCCATTTTG,BestGuess:YY1/MA0095.2/Jaspar(0.870)	9.251796	-22.383997	0	T:29.0(12.83%),B:1111.1(3.14%),P:1e-9
0.001	0.048	0.894	0.057
0.060	0.805	0.048	0.087
0.098	0.175	0.001	0.726
0.042	0.001	0.896	0.061
0.001	0.620	0.188	0.191
0.109	0.889	0.001	0.001
0.774	0.123	0.001	0.102
0.001	0.052	0.001	0.946
0.048	0.001	0.088	0.863
0.061	0.001	0.001	0.937
0.001	0.061	0.001	0.937
0.001	0.134	0.722	0.143
