>CTAATGMCTG	1-CTAATGMCTG	10.075284	-43.666661	0	T:27.0(3.02%),B:93.2(0.27%),P:1e-18	Tpos:88.7,Tstd:54.8,Bpos:87.7,Bstd:57.3,StrandBias:-0.7,Multiplicity:1.00
0.001	0.997	0.001	0.001
0.001	0.393	0.007	0.599
0.923	0.001	0.075	0.001
0.874	0.001	0.124	0.001
0.072	0.093	0.125	0.710
0.001	0.001	0.665	0.333
0.471	0.527	0.001	0.001
0.129	0.869	0.001	0.001
0.143	0.001	0.001	0.855
0.101	0.124	0.774	0.001
>GCTGAGTTCA	2-GCTGAGTTCA	10.256834	-40.583798	0	T:25.0(2.79%),B:86.0(0.25%),P:1e-17	Tpos:76.6,Tstd:50.4,Bpos:85.1,Bstd:59.5,StrandBias:-0.3,Multiplicity:1.16
0.001	0.197	0.667	0.135
0.001	0.997	0.001	0.001
0.001	0.001	0.001	0.997
0.001	0.001	0.997	0.001
0.997	0.001	0.001	0.001
0.001	0.001	0.997	0.001
0.001	0.001	0.001	0.997
0.001	0.001	0.001	0.997
0.043	0.883	0.073	0.001
0.967	0.031	0.001	0.001
>KATAATCCTA	3-KATAATCCTA	10.767970	-39.809397	0	T:18.0(2.01%),B:34.5(0.10%),P:1e-17	Tpos:70.6,Tstd:52.6,Bpos:107.8,Bstd:59.8,StrandBias:1.8,Multiplicity:1.00
0.001	0.001	0.424	0.574
0.948	0.001	0.013	0.038
0.001	0.001	0.165	0.833
0.782	0.204	0.001	0.013
0.529	0.001	0.204	0.266
0.204	0.039	0.271	0.486
0.001	0.997	0.001	0.001
0.001	0.997	0.001	0.001
0.001	0.001	0.001	0.997
0.997	0.001	0.001	0.001
>ATCCGCCTAT	4-ATCCGCCTAT	10.438295	-39.324310	0	T:13.0(1.45%),B:11.7(0.03%),P:1e-17	Tpos:125.3,Tstd:61.2,Bpos:91.9,Bstd:49.1,StrandBias:1.2,Multiplicity:1.00
0.732	0.001	0.266	0.001
0.001	0.001	0.001	0.997
0.001	0.836	0.162	0.001
0.001	0.825	0.173	0.001
0.001	0.114	0.884	0.001
0.174	0.543	0.001	0.282
0.001	0.836	0.162	0.001
0.001	0.001	0.001	0.997
0.913	0.001	0.001	0.085
0.001	0.001	0.341	0.657
>CATHAAYTCG	5-CATHAAYTCG	11.076886	-37.458862	0	T:18.0(2.01%),B:39.5(0.11%),P:1e-16	Tpos:110.1,Tstd:57.5,Bpos:100.1,Bstd:56.0,StrandBias:0.0,Multiplicity:1.00
0.085	0.913	0.001	0.001
0.997	0.001	0.001	0.001
0.001	0.199	0.001	0.799
0.246	0.323	0.094	0.337
0.997	0.001	0.001	0.001
0.850	0.148	0.001	0.001
0.001	0.390	0.094	0.515
0.001	0.001	0.001	0.997
0.001	0.997	0.001	0.001
0.199	0.001	0.799	0.001
>TTCCGTCATG	6-TTCCGTCATG	10.427440	-35.818893	0	T:26.0(2.91%),B:117.5(0.34%),P:1e-15	Tpos:108.0,Tstd:42.0,Bpos:105.9,Bstd:48.9,StrandBias:-0.2,Multiplicity:1.00
0.001	0.001	0.001	0.997
0.001	0.001	0.001	0.997
0.001	0.726	0.272	0.001
0.001	0.829	0.001	0.169
0.001	0.061	0.720	0.218
0.001	0.275	0.002	0.722
0.153	0.845	0.001	0.001
0.681	0.001	0.221	0.097
0.001	0.001	0.001	0.997
0.001	0.001	0.997	0.001
>TGAGCCGTTT	7-TGAGCCGTTT	10.296193	-33.410020	0	T:9.0(1.01%),B:4.9(0.01%),P:1e-14	Tpos:73.8,Tstd:51.3,Bpos:74.6,Bstd:30.6,StrandBias:10.0,Multiplicity:1.00
0.100	0.100	0.100	0.700
0.100	0.100	0.700	0.100
0.700	0.100	0.100	0.100
0.100	0.100	0.700	0.100
0.100	0.700	0.100	0.100
0.100	0.700	0.100	0.100
0.100	0.100	0.700	0.100
0.100	0.100	0.100	0.700
0.100	0.100	0.100	0.700
0.100	0.100	0.100	0.700
>CTAGGCATTA	8-CTAGGCATTA	10.296193	-31.206475	0	T:8.0(0.89%),B:3.9(0.01%),P:1e-13	Tpos:105.6,Tstd:67.7,Bpos:147.2,Bstd:16.1,StrandBias:2.8,Multiplicity:1.00
0.100	0.700	0.100	0.100
0.100	0.100	0.100	0.700
0.700	0.100	0.100	0.100
0.100	0.100	0.700	0.100
0.100	0.100	0.700	0.100
0.100	0.700	0.100	0.100
0.700	0.100	0.100	0.100
0.100	0.100	0.100	0.700
0.100	0.100	0.100	0.700
0.700	0.100	0.100	0.100
>AAWTGHGTMC	9-AAWTGHGTMC	7.532116	-29.397773	0	T:18.0(2.01%),B:63.2(0.18%),P:1e-12	Tpos:125.5,Tstd:44.8,Bpos:99.7,Bstd:47.4,StrandBias:1.2,Multiplicity:1.11
0.756	0.010	0.226	0.008
0.589	0.184	0.009	0.218
0.439	0.177	0.087	0.297
0.007	0.242	0.278	0.473
0.005	0.009	0.838	0.148
0.329	0.189	0.165	0.317
0.013	0.007	0.969	0.011
0.013	0.299	0.151	0.537
0.329	0.457	0.207	0.007
0.236	0.408	0.143	0.213
>AGAGATACCC	10-AGAGATACCC	10.296193	-29.371328	0	T:7.0(0.78%),B:2.3(0.01%),P:1e-12	Tpos:75.4,Tstd:41.5,Bpos:101.3,Bstd:11.2,StrandBias:10.0,Multiplicity:1.00
0.700	0.100	0.100	0.100
0.100	0.100	0.700	0.100
0.700	0.100	0.100	0.100
0.100	0.100	0.700	0.100
0.700	0.100	0.100	0.100
0.100	0.100	0.100	0.700
0.700	0.100	0.100	0.100
0.100	0.700	0.100	0.100
0.100	0.700	0.100	0.100
0.100	0.700	0.100	0.100
>TACTCGAGCC	11-TACTCGAGCC	10.296193	-29.371328	0	T:7.0(0.78%),B:2.2(0.01%),P:1e-12	Tpos:96.4,Tstd:21.6,Bpos:58.9,Bstd:52.0,StrandBias:10.0,Multiplicity:1.00
0.100	0.100	0.100	0.700
0.700	0.100	0.100	0.100
0.100	0.700	0.100	0.100
0.100	0.100	0.100	0.700
0.100	0.700	0.100	0.100
0.100	0.100	0.700	0.100
0.700	0.100	0.100	0.100
0.100	0.100	0.700	0.100
0.100	0.700	0.100	0.100
0.100	0.700	0.100	0.100
>ACTTCCGAGA	12-ACTTCCGAGA	11.484291	-27.263155	0	T:9.0(1.01%),B:8.7(0.02%),P:1e-11	Tpos:119.2,Tstd:24.5,Bpos:102.1,Bstd:62.4,StrandBias:3.0,Multiplicity:1.00
0.997	0.001	0.001	0.001
0.001	0.997	0.001	0.001
0.001	0.001	0.001	0.997
0.001	0.135	0.001	0.863
0.001	0.997	0.001	0.001
0.001	0.997	0.001	0.001
0.001	0.001	0.888	0.110
0.997	0.001	0.001	0.001
0.001	0.001	0.997	0.001
0.997	0.001	0.001	0.001
>GTTCTAGATT	13-GTTCTAGATT	10.889905	-27.232907	0	T:14.0(1.56%),B:36.4(0.10%),P:1e-11	Tpos:92.6,Tstd:54.9,Bpos:86.5,Bstd:62.6,StrandBias:1.6,Multiplicity:1.14
0.001	0.001	0.997	0.001
0.001	0.001	0.001	0.997
0.001	0.001	0.001	0.997
0.001	0.997	0.001	0.001
0.001	0.001	0.001	0.997
0.997	0.001	0.001	0.001
0.001	0.001	0.997	0.001
0.997	0.001	0.001	0.001
0.001	0.290	0.001	0.708
0.074	0.001	0.001	0.924
>ACTAATAGAC	14-ACTAATAGAC	11.646646	-26.225960	0	T:9.0(1.01%),B:9.9(0.03%),P:1e-11	Tpos:81.6,Tstd:49.6,Bpos:121.8,Bstd:47.3,StrandBias:3.0,Multiplicity:1.00
0.997	0.001	0.001	0.001
0.001	0.886	0.001	0.112
0.001	0.001	0.001	0.997
0.997	0.001	0.001	0.001
0.997	0.001	0.001	0.001
0.001	0.001	0.001	0.997
0.997	0.001	0.001	0.001
0.001	0.001	0.997	0.001
0.997	0.001	0.001	0.001
0.001	0.997	0.001	0.001
>AACACCTGAC	15-AACACCTGAC	11.265588	-25.935127	0	T:13.0(1.45%),B:32.1(0.09%),P:1e-11	Tpos:109.6,Tstd:60.1,Bpos:91.8,Bstd:58.2,StrandBias:0.2,Multiplicity:1.00
0.912	0.001	0.086	0.001
0.887	0.001	0.111	0.001
0.001	0.997	0.001	0.001
0.997	0.001	0.001	0.001
0.001	0.997	0.001	0.001
0.001	0.997	0.001	0.001
0.001	0.001	0.001	0.997
0.001	0.001	0.997	0.001
0.997	0.001	0.001	0.001
0.001	0.997	0.001	0.001
>AGCCATACCA	16-AGCCATACCA	10.296193	-25.729127	0	T:8.0(0.89%),B:6.3(0.02%),P:1e-11	Tpos:98.6,Tstd:56.8,Bpos:137.8,Bstd:29.4,StrandBias:2.8,Multiplicity:1.00
0.700	0.100	0.100	0.100
0.100	0.100	0.700	0.100
0.100	0.700	0.100	0.100
0.100	0.700	0.100	0.100
0.700	0.100	0.100	0.100
0.100	0.100	0.100	0.700
0.700	0.100	0.100	0.100
0.100	0.700	0.100	0.100
0.100	0.700	0.100	0.100
0.700	0.100	0.100	0.100
>ATCCAGAGCC	17-ATCCAGAGCC	10.296193	-24.563869	0	T:7.0(0.78%),B:4.5(0.01%),P:1e-10	Tpos:65.9,Tstd:33.4,Bpos:114.1,Bstd:60.2,StrandBias:10.0,Multiplicity:1.00
0.700	0.100	0.100	0.100
0.100	0.100	0.100	0.700
0.100	0.700	0.100	0.100
0.100	0.700	0.100	0.100
0.700	0.100	0.100	0.100
0.100	0.100	0.700	0.100
0.700	0.100	0.100	0.100
0.100	0.100	0.700	0.100
0.100	0.700	0.100	0.100
0.100	0.700	0.100	0.100
>GGGSCCCTAC	18-GGGSCCCTAC	8.257184	-24.518519	0	T:8.0(0.89%),B:7.6(0.02%),P:1e-10	Tpos:106.4,Tstd:58.6,Bpos:117.0,Bstd:52.7,StrandBias:0.0,Multiplicity:1.00
0.047	0.077	0.786	0.090
0.179	0.272	0.476	0.073
0.001	0.001	0.921	0.077
0.001	0.433	0.520	0.046
0.146	0.699	0.154	0.001
0.001	0.687	0.172	0.140
0.202	0.505	0.201	0.092
0.344	0.001	0.129	0.526
0.463	0.112	0.186	0.238
0.001	0.608	0.160	0.231
>AGCTTTAGTC	19-AGCTTTAGTC	10.296193	-23.472860	0	T:8.0(0.89%),B:8.6(0.02%),P:1e-10	Tpos:94.2,Tstd:59.0,Bpos:82.8,Bstd:45.7,StrandBias:10.0,Multiplicity:1.00
0.700	0.100	0.100	0.100
0.100	0.100	0.700	0.100
0.100	0.700	0.100	0.100
0.100	0.100	0.100	0.700
0.100	0.100	0.100	0.700
0.100	0.100	0.100	0.700
0.700	0.100	0.100	0.100
0.100	0.100	0.700	0.100
0.100	0.100	0.100	0.700
0.100	0.700	0.100	0.100
>ACAGTATAGG	20-ACAGTATAGG	11.897960	-22.604549	0	T:11.0(1.23%),B:26.2(0.08%),P:1e-9	Tpos:117.2,Tstd:58.0,Bpos:79.3,Bstd:56.9,StrandBias:3.3,Multiplicity:1.00
0.997	0.001	0.001	0.001
0.001	0.997	0.001	0.001
0.997	0.001	0.001	0.001
0.001	0.001	0.997	0.001
0.001	0.001	0.001	0.997
0.997	0.001	0.001	0.001
0.001	0.001	0.001	0.997
0.997	0.001	0.001	0.001
0.001	0.001	0.854	0.144
0.001	0.001	0.997	0.001
>TCACAAGTGG	21-TCACAAGTGG	10.296193	-22.553182	0	T:8.0(0.89%),B:9.6(0.03%),P:1e-9	Tpos:48.4,Tstd:55.8,Bpos:94.7,Bstd:59.4,StrandBias:-10.0,Multiplicity:1.00
0.100	0.100	0.100	0.700
0.100	0.700	0.100	0.100
0.700	0.100	0.100	0.100
0.100	0.700	0.100	0.100
0.700	0.100	0.100	0.100
0.700	0.100	0.100	0.100
0.100	0.100	0.700	0.100
0.100	0.100	0.100	0.700
0.100	0.100	0.700	0.100
0.100	0.100	0.700	0.100
>AGCCAGAGAA	22-AGCCAGAGAA	10.296193	-21.732877	0	T:8.0(0.89%),B:10.8(0.03%),P:1e-9	Tpos:91.5,Tstd:46.5,Bpos:98.0,Bstd:60.6,StrandBias:2.8,Multiplicity:1.00
0.700	0.100	0.100	0.100
0.100	0.100	0.700	0.100
0.100	0.700	0.100	0.100
0.100	0.700	0.100	0.100
0.700	0.100	0.100	0.100
0.100	0.100	0.700	0.100
0.700	0.100	0.100	0.100
0.100	0.100	0.700	0.100
0.700	0.100	0.100	0.100
0.700	0.100	0.100	0.100
>TTGGGATCGT	23-TTGGGATCGT	10.296193	-20.992970	0	T:8.0(0.89%),B:11.6(0.03%),P:1e-9	Tpos:111.8,Tstd:47.6,Bpos:96.8,Bstd:63.6,StrandBias:2.8,Multiplicity:1.00
0.100	0.100	0.100	0.700
0.100	0.100	0.100	0.700
0.100	0.100	0.700	0.100
0.100	0.100	0.700	0.100
0.100	0.100	0.700	0.100
0.700	0.100	0.100	0.100
0.100	0.100	0.100	0.700
0.100	0.700	0.100	0.100
0.100	0.100	0.700	0.100
0.100	0.100	0.100	0.700
>KGGRWGAATG	24-KGGRWGAATG	8.205633	-19.752564	0	T:51.0(5.70%),B:777.7(2.23%),P:1e-8	Tpos:114.2,Tstd:48.1,Bpos:106.2,Bstd:57.6,StrandBias:1.0,Multiplicity:1.12
0.001	0.001	0.524	0.474
0.001	0.001	0.997	0.001
0.001	0.001	0.997	0.001
0.492	0.001	0.460	0.047
0.360	0.001	0.243	0.395
0.057	0.045	0.897	0.001
0.598	0.001	0.364	0.037
0.833	0.001	0.001	0.165
0.219	0.001	0.159	0.621
0.029	0.042	0.597	0.332
>AATATATATA	25-AATATATATA	11.183473	-3.666875	0	T:11.0(1.23%),B:215.6(0.62%),P:1e-1	Tpos:46.0,Tstd:31.5,Bpos:57.5,Bstd:47.8,StrandBias:0.0,Multiplicity:1.00
0.669	0.001	0.001	0.329
0.997	0.001	0.001	0.001
0.001	0.001	0.001	0.997
0.524	0.108	0.001	0.367
0.001	0.001	0.001	0.997
0.942	0.056	0.001	0.001
0.001	0.001	0.001	0.997
0.997	0.001	0.001	0.001
0.108	0.001	0.302	0.589
0.997	0.001	0.001	0.001
