>GATAATCCTAST	1-GATAATCCTAST	13.128099	-56.027006	0	T:13.0(1.45%),B:3.6(0.01%),P:1e-24	Tpos:81.9,Tstd:49.9,Bpos:133.2,Bstd:43.4,StrandBias:3.6,Multiplicity:1.00
0.001	0.001	0.997	0.001
0.997	0.001	0.001	0.001
0.001	0.001	0.001	0.997
0.997	0.001	0.001	0.001
0.997	0.001	0.001	0.001
0.001	0.001	0.001	0.997
0.072	0.926	0.001	0.001
0.001	0.997	0.001	0.001
0.001	0.001	0.001	0.997
0.997	0.001	0.001	0.001
0.001	0.569	0.429	0.001
0.001	0.001	0.001	0.997
>SAMATTKAGKGA	2-SAMATTKAGKGA	13.799782	-53.944631	0	T:17.0(1.90%),B:12.9(0.04%),P:1e-23	Tpos:98.1,Tstd:57.5,Bpos:64.4,Bstd:38.4,StrandBias:0.5,Multiplicity:1.00
0.001	0.437	0.561	0.001
0.997	0.001	0.001	0.001
0.561	0.437	0.001	0.001
0.997	0.001	0.001	0.001
0.001	0.001	0.001	0.997
0.001	0.001	0.001	0.997
0.001	0.001	0.437	0.561
0.997	0.001	0.001	0.001
0.001	0.001	0.997	0.001
0.001	0.001	0.561	0.437
0.001	0.001	0.997	0.001
0.997	0.001	0.001	0.001
>CATCAACTCAAT	3-CATCAACTCAAT	13.393015	-51.792361	0	T:10.0(1.12%),B:0.6(0.00%),P:1e-22	Tpos:107.2,Tstd:70.5,Bpos:41.0,Bstd:0.0,StrandBias:10.0,Multiplicity:1.00
0.001	0.997	0.001	0.001
0.997	0.001	0.001	0.001
0.001	0.001	0.001	0.997
0.001	0.997	0.001	0.001
0.997	0.001	0.001	0.001
0.997	0.001	0.001	0.001
0.001	0.997	0.001	0.001
0.001	0.001	0.001	0.997
0.001	0.997	0.001	0.001
0.785	0.001	0.213	0.001
0.809	0.001	0.189	0.001
0.001	0.001	0.001	0.997
>GAAATGCGTACA	4-GAAATGCGTACA	13.382553	-49.433282	0	T:13.0(1.45%),B:5.6(0.02%),P:1e-21	Tpos:120.2,Tstd:54.1,Bpos:102.3,Bstd:40.5,StrandBias:2.5,Multiplicity:1.00
0.001	0.001	0.997	0.001
0.685	0.313	0.001	0.001
0.693	0.305	0.001	0.001
0.997	0.001	0.001	0.001
0.305	0.001	0.001	0.693
0.001	0.001	0.997	0.001
0.379	0.619	0.001	0.001
0.001	0.001	0.997	0.001
0.001	0.001	0.305	0.693
0.997	0.001	0.001	0.001
0.001	0.997	0.001	0.001
0.997	0.001	0.001	0.001
>TCGCTGAGTTCA	5-TCGCTGAGTTCA	11.721792	-45.824880	0	T:11.0(1.23%),B:3.8(0.01%),P:1e-19	Tpos:92.5,Tstd:59.1,Bpos:83.2,Bstd:53.5,StrandBias:-3.3,Multiplicity:1.00
0.001	0.001	0.001	0.997
0.001	0.911	0.087	0.001
0.001	0.001	0.997	0.001
0.001	0.997	0.001	0.001
0.001	0.001	0.001	0.997
0.001	0.001	0.997	0.001
0.997	0.001	0.001	0.001
0.001	0.001	0.997	0.001
0.001	0.001	0.001	0.997
0.001	0.001	0.001	0.997
0.001	0.997	0.001	0.001
0.911	0.087	0.001	0.001
>GAAGCCATACCA	6-GAAGCCATACCA	14.259075	-45.818024	0	T:9.0(1.01%),B:1.7(0.01%),P:1e-19	Tpos:103.4,Tstd:56.0,Bpos:129.6,Bstd:25.2,StrandBias:3.0,Multiplicity:1.00
0.001	0.001	0.997	0.001
0.997	0.001	0.001	0.001
0.997	0.001	0.001	0.001
0.001	0.001	0.997	0.001
0.001	0.997	0.001	0.001
0.001	0.997	0.001	0.001
0.902	0.096	0.001	0.001
0.001	0.001	0.001	0.997
0.997	0.001	0.001	0.001
0.001	0.997	0.001	0.001
0.001	0.997	0.001	0.001
0.997	0.001	0.001	0.001
>TCCAGAGCCAAT	7-TCCAGAGCCAAT	14.422114	-45.818024	0	T:9.0(1.01%),B:1.8(0.01%),P:1e-19	Tpos:74.2,Tstd:31.8,Bpos:134.1,Bstd:16.0,StrandBias:10.0,Multiplicity:1.00
0.001	0.001	0.001	0.997
0.001	0.997	0.001	0.001
0.001	0.997	0.001	0.001
0.997	0.001	0.001	0.001
0.001	0.001	0.997	0.001
0.997	0.001	0.001	0.001
0.001	0.001	0.997	0.001
0.113	0.885	0.001	0.001
0.001	0.997	0.001	0.001
0.997	0.001	0.001	0.001
0.997	0.001	0.001	0.001
0.001	0.001	0.001	0.997
>TATTTTGAGCCT	8-TATTTTGAGCCT	13.666676	-44.883982	0	T:10.0(1.12%),B:2.1(0.01%),P:1e-19	Tpos:60.5,Tstd:44.7,Bpos:45.8,Bstd:37.8,StrandBias:2.0,Multiplicity:1.00
0.001	0.001	0.001	0.997
0.997	0.001	0.001	0.001
0.001	0.305	0.001	0.693
0.001	0.305	0.001	0.693
0.001	0.001	0.370	0.628
0.001	0.001	0.001	0.997
0.001	0.001	0.997	0.001
0.693	0.305	0.001	0.001
0.001	0.001	0.997	0.001
0.066	0.932	0.001	0.001
0.001	0.997	0.001	0.001
0.001	0.001	0.388	0.610
>ACAACAGATACG	9-ACAACAGATACG	11.557685	-41.133395	0	T:17.0(1.90%),B:27.0(0.08%),P:1e-17	Tpos:84.9,Tstd:46.1,Bpos:113.0,Bstd:56.3,StrandBias:0.5,Multiplicity:1.00
0.761	0.001	0.001	0.237
0.001	0.757	0.001	0.241
0.715	0.001	0.001	0.283
0.997	0.001	0.001	0.001
0.001	0.705	0.293	0.001
0.711	0.050	0.238	0.001
0.001	0.001	0.765	0.233
0.765	0.001	0.233	0.001
0.001	0.233	0.001	0.765
0.995	0.003	0.001	0.001
0.001	0.765	0.233	0.001
0.001	0.296	0.702	0.001
>AAAATAMTVTCA	10-AAAATAMTVTCA	10.623503	-39.950124	0	T:8.0(0.89%),B:1.6(0.00%),P:1e-17	Tpos:123.6,Tstd:30.5,Bpos:9.4,Bstd:3.5,StrandBias:10.0,Multiplicity:1.00
0.863	0.001	0.135	0.001
0.653	0.209	0.001	0.137
0.721	0.008	0.129	0.142
0.638	0.016	0.096	0.250
0.008	0.007	0.193	0.792
0.833	0.137	0.022	0.008
0.244	0.380	0.188	0.188
0.268	0.176	0.113	0.443
0.247	0.291	0.340	0.122
0.202	0.105	0.129	0.564
0.131	0.602	0.243	0.024
0.861	0.008	0.001	0.130
>ACCACTCCATGC	11-ACCACTCCATGC	11.622936	-39.950124	0	T:8.0(0.89%),B:1.8(0.01%),P:1e-17	Tpos:142.4,Tstd:57.1,Bpos:166.5,Bstd:10.7,StrandBias:2.8,Multiplicity:1.00
0.890	0.055	0.033	0.022
0.155	0.706	0.066	0.073
0.132	0.769	0.055	0.044
0.727	0.088	0.077	0.108
0.152	0.665	0.066	0.117
0.119	0.022	0.044	0.815
0.064	0.752	0.089	0.095
0.129	0.704	0.077	0.090
0.706	0.151	0.066	0.077
0.086	0.055	0.044	0.815
0.074	0.031	0.787	0.108
0.099	0.664	0.099	0.138
>TTTCAAAACTAC	12-TTTCAAAACTAC	14.259075	-39.602586	0	T:9.0(1.01%),B:2.5(0.01%),P:1e-17	Tpos:96.7,Tstd:36.6,Bpos:58.5,Bstd:49.2,StrandBias:3.0,Multiplicity:1.00
0.001	0.001	0.001	0.997
0.001	0.001	0.001	0.997
0.001	0.001	0.001	0.997
0.096	0.902	0.001	0.001
0.997	0.001	0.001	0.001
0.997	0.001	0.001	0.001
0.997	0.001	0.001	0.001
0.997	0.001	0.001	0.001
0.001	0.997	0.001	0.001
0.001	0.001	0.001	0.997
0.997	0.001	0.001	0.001
0.001	0.997	0.001	0.001
>ACACCTGRYWGR	13-ACACCTGRYWGR	13.234993	-39.324310	0	T:13.0(1.45%),B:11.8(0.03%),P:1e-17	Tpos:128.7,Tstd:52.0,Bpos:67.7,Bstd:50.6,StrandBias:0.7,Multiplicity:1.00
0.997	0.001	0.001	0.001
0.001	0.997	0.001	0.001
0.997	0.001	0.001	0.001
0.001	0.997	0.001	0.001
0.244	0.754	0.001	0.001
0.001	0.001	0.001	0.997
0.001	0.001	0.997	0.001
0.451	0.001	0.304	0.244
0.001	0.496	0.059	0.444
0.507	0.001	0.001	0.491
0.001	0.001	0.997	0.001
0.445	0.001	0.553	0.001
>CATGGTCACCCA	14-CATGGTCACCCA	11.216493	-37.746164	0	T:17.0(1.90%),B:32.9(0.09%),P:1e-16	Tpos:125.1,Tstd:47.6,Bpos:102.2,Bstd:58.1,StrandBias:-0.9,Multiplicity:1.06
0.131	0.673	0.131	0.065
0.869	0.065	0.001	0.065
0.393	0.001	0.006	0.600
0.065	0.001	0.869	0.065
0.001	0.001	0.868	0.130
0.001	0.065	0.065	0.869
0.003	0.995	0.001	0.001
0.933	0.001	0.065	0.001
0.007	0.793	0.003	0.197
0.131	0.737	0.131	0.001
0.138	0.596	0.001	0.265
0.603	0.001	0.134	0.262
>ACATGAAGGAAA	15-ACATGAAGGAAA	14.422114	-35.976281	0	T:9.0(1.01%),B:3.8(0.01%),P:1e-15	Tpos:89.7,Tstd:36.8,Bpos:130.7,Bstd:21.5,StrandBias:-1.8,Multiplicity:1.00
0.997	0.001	0.001	0.001
0.001	0.997	0.001	0.001
0.997	0.001	0.001	0.001
0.001	0.001	0.001	0.997
0.001	0.001	0.997	0.001
0.997	0.001	0.001	0.001
0.997	0.001	0.001	0.001
0.001	0.001	0.997	0.001
0.001	0.001	0.997	0.001
0.997	0.001	0.001	0.001
0.997	0.001	0.001	0.001
0.885	0.001	0.113	0.001
>CATGTCAAARAA	16-CATGTCAAARAA	13.630413	-35.247324	0	T:15.0(1.68%),B:25.0(0.07%),P:1e-15	Tpos:91.9,Tstd:47.1,Bpos:97.3,Bstd:61.6,StrandBias:3.8,Multiplicity:1.00
0.089	0.909	0.001	0.001
0.818	0.180	0.001	0.001
0.180	0.001	0.001	0.818
0.089	0.001	0.909	0.001
0.001	0.001	0.089	0.909
0.001	0.997	0.001	0.001
0.909	0.089	0.001	0.001
0.909	0.001	0.001	0.089
0.567	0.001	0.090	0.342
0.433	0.181	0.386	0.001
0.997	0.001	0.001	0.001
0.909	0.001	0.001	0.089
>AGCTTTAGTCAA	17-AGCTTTAGTCAA	12.355432	-34.427574	0	T:8.0(0.89%),B:2.8(0.01%),P:1e-14	Tpos:95.2,Tstd:59.0,Bpos:36.5,Bstd:0.6,StrandBias:10.0,Multiplicity:1.00
0.700	0.100	0.100	0.100
0.100	0.100	0.700	0.100
0.100	0.700	0.100	0.100
0.100	0.100	0.100	0.700
0.100	0.100	0.100	0.700
0.100	0.100	0.100	0.700
0.700	0.100	0.100	0.100
0.100	0.100	0.700	0.100
0.100	0.100	0.100	0.700
0.100	0.700	0.100	0.100
0.700	0.100	0.100	0.100
0.700	0.100	0.100	0.100
>GGATCAGCTAGG	18-GGATCAGCTAGG	12.355432	-34.427574	0	T:8.0(0.89%),B:2.8(0.01%),P:1e-14	Tpos:102.1,Tstd:65.0,Bpos:132.0,Bstd:0.0,StrandBias:10.0,Multiplicity:1.00
0.100	0.100	0.700	0.100
0.100	0.100	0.700	0.100
0.700	0.100	0.100	0.100
0.100	0.100	0.100	0.700
0.100	0.700	0.100	0.100
0.700	0.100	0.100	0.100
0.100	0.100	0.700	0.100
0.100	0.700	0.100	0.100
0.100	0.100	0.100	0.700
0.700	0.100	0.100	0.100
0.100	0.100	0.700	0.100
0.100	0.100	0.700	0.100
>CTTCCGAGAATC	19-CTTCCGAGAATC	12.355432	-34.201062	0	T:7.0(0.78%),B:0.7(0.00%),P:1e-14	Tpos:120.3,Tstd:21.5,Bpos:124.0,Bstd:0.0,StrandBias:10.0,Multiplicity:1.00
0.100	0.700	0.100	0.100
0.100	0.100	0.100	0.700
0.100	0.100	0.100	0.700
0.100	0.700	0.100	0.100
0.100	0.700	0.100	0.100
0.100	0.100	0.700	0.100
0.700	0.100	0.100	0.100
0.100	0.100	0.700	0.100
0.700	0.100	0.100	0.100
0.700	0.100	0.100	0.100
0.100	0.100	0.100	0.700
0.100	0.700	0.100	0.100
>TTGAATTCAATG	20-TTGAATTCAATG	12.887806	-31.316639	0	T:16.0(1.79%),B:40.7(0.12%),P:1e-13	Tpos:112.6,Tstd:63.7,Bpos:92.3,Bstd:60.6,StrandBias:0.5,Multiplicity:1.00
0.001	0.001	0.030	0.968
0.001	0.001	0.001	0.997
0.001	0.043	0.955	0.001
0.997	0.001	0.001	0.001
0.689	0.309	0.001	0.001
0.001	0.001	0.001	0.997
0.001	0.001	0.001	0.997
0.266	0.710	0.023	0.001
0.997	0.001	0.001	0.001
0.997	0.001	0.001	0.001
0.001	0.001	0.344	0.654
0.044	0.001	0.611	0.344
>TCATGGCGGAAT	21-TCATGGCGGAAT	12.355432	-31.206475	0	T:8.0(0.89%),B:3.4(0.01%),P:1e-13	Tpos:129.1,Tstd:31.6,Bpos:88.8,Bstd:60.5,StrandBias:10.0,Multiplicity:1.00
0.100	0.100	0.100	0.700
0.100	0.700	0.100	0.100
0.700	0.100	0.100	0.100
0.100	0.100	0.100	0.700
0.100	0.100	0.700	0.100
0.100	0.100	0.700	0.100
0.100	0.700	0.100	0.100
0.100	0.100	0.700	0.100
0.100	0.100	0.700	0.100
0.700	0.100	0.100	0.100
0.700	0.100	0.100	0.100
0.100	0.100	0.100	0.700
>TAATCCACTTGT	22-TAATCCACTTGT	12.355432	-29.371328	0	T:7.0(0.78%),B:2.8(0.01%),P:1e-12	Tpos:29.0,Tstd:33.8,Bpos:87.0,Bstd:79.8,StrandBias:10.0,Multiplicity:1.00
0.100	0.100	0.100	0.700
0.700	0.100	0.100	0.100
0.700	0.100	0.100	0.100
0.100	0.100	0.100	0.700
0.100	0.700	0.100	0.100
0.100	0.700	0.100	0.100
0.700	0.100	0.100	0.100
0.100	0.700	0.100	0.100
0.100	0.100	0.100	0.700
0.100	0.100	0.100	0.700
0.100	0.100	0.700	0.100
0.100	0.100	0.100	0.700
>CTTCCATTTGTA	23-CTTCCATTTGTA	13.199715	-25.034800	0	T:10.0(1.12%),B:15.8(0.05%),P:1e-10	Tpos:101.1,Tstd:47.9,Bpos:96.0,Bstd:56.4,StrandBias:-1.5,Multiplicity:1.50
0.001	0.836	0.001	0.162
0.001	0.001	0.001	0.997
0.001	0.001	0.001	0.997
0.001	0.954	0.001	0.044
0.001	0.915	0.083	0.001
0.997	0.001	0.001	0.001
0.001	0.001	0.001	0.997
0.001	0.001	0.001	0.997
0.001	0.001	0.083	0.915
0.001	0.309	0.689	0.001
0.084	0.059	0.001	0.856
0.915	0.001	0.001	0.083
>ATATAGATATAT	24-ATATAGATATAT	10.199044	-10.966655	0	T:14.0(1.56%),B:136.4(0.39%),P:1e-4	Tpos:110.9,Tstd:44.4,Bpos:84.8,Bstd:54.3,StrandBias:-1.3,Multiplicity:1.00
0.757	0.044	0.196	0.003
0.001	0.001	0.128	0.870
0.805	0.065	0.065	0.065
0.001	0.129	0.231	0.639
0.797	0.068	0.132	0.003
0.001	0.001	0.982	0.016
0.805	0.001	0.064	0.130
0.272	0.001	0.064	0.663
0.868	0.064	0.001	0.067
0.001	0.001	0.001	0.997
0.862	0.004	0.132	0.002
0.067	0.001	0.001	0.931
>AATTTATATATA	25-AATTTATATATA	12.992081	-7.448931	0	T:7.0(0.78%),B:54.5(0.16%),P:1e-3	Tpos:86.4,Tstd:39.8,Bpos:63.5,Bstd:44.0,StrandBias:0.7,Multiplicity:1.00
0.936	0.001	0.001	0.062
0.680	0.241	0.001	0.078
0.103	0.001	0.001	0.895
0.415	0.001	0.001	0.583
0.001	0.001	0.170	0.828
0.997	0.001	0.001	0.001
0.001	0.001	0.001	0.997
0.997	0.001	0.001	0.001
0.001	0.001	0.001	0.997
0.828	0.170	0.001	0.001
0.037	0.001	0.001	0.961
0.828	0.001	0.001	0.170
