>CTAATGMCTG	1-CTAATGMCTG	10.075284	-43.666661	0	T:27.0(3.02%),B:93.2(0.27%),P:1e-18	Tpos:88.7,Tstd:54.8,Bpos:87.7,Bstd:57.3,StrandBias:-0.7,Multiplicity:1.00
0.001	0.997	0.001	0.001
0.001	0.393	0.007	0.599
0.923	0.001	0.075	0.001
0.874	0.001	0.124	0.001
0.072	0.093	0.125	0.710
0.001	0.001	0.665	0.333
0.471	0.527	0.001	0.001
0.129	0.869	0.001	0.001
0.143	0.001	0.001	0.855
0.101	0.124	0.774	0.001
>GCTGAGTTCA	2-GCTGAGTTCA	10.256834	-40.583798	0	T:25.0(2.79%),B:86.0(0.25%),P:1e-17	Tpos:76.6,Tstd:50.4,Bpos:85.1,Bstd:59.5,StrandBias:-0.3,Multiplicity:1.16
0.001	0.197	0.667	0.135
0.001	0.997	0.001	0.001
0.001	0.001	0.001	0.997
0.001	0.001	0.997	0.001
0.997	0.001	0.001	0.001
0.001	0.001	0.997	0.001
0.001	0.001	0.001	0.997
0.001	0.001	0.001	0.997
0.043	0.883	0.073	0.001
0.967	0.031	0.001	0.001
>KATAATCCTA	3-KATAATCCTA	10.767970	-39.809397	0	T:18.0(2.01%),B:34.5(0.10%),P:1e-17	Tpos:70.6,Tstd:52.6,Bpos:107.8,Bstd:59.8,StrandBias:1.8,Multiplicity:1.00
0.001	0.001	0.424	0.574
0.948	0.001	0.013	0.038
0.001	0.001	0.165	0.833
0.782	0.204	0.001	0.013
0.529	0.001	0.204	0.266
0.204	0.039	0.271	0.486
0.001	0.997	0.001	0.001
0.001	0.997	0.001	0.001
0.001	0.001	0.001	0.997
0.997	0.001	0.001	0.001
>ATCCGCCTAT	4-ATCCGCCTAT	10.438295	-39.324310	0	T:13.0(1.45%),B:11.7(0.03%),P:1e-17	Tpos:125.3,Tstd:61.2,Bpos:91.9,Bstd:49.1,StrandBias:1.2,Multiplicity:1.00
0.732	0.001	0.266	0.001
0.001	0.001	0.001	0.997
0.001	0.836	0.162	0.001
0.001	0.825	0.173	0.001
0.001	0.114	0.884	0.001
0.174	0.543	0.001	0.282
0.001	0.836	0.162	0.001
0.001	0.001	0.001	0.997
0.913	0.001	0.001	0.085
0.001	0.001	0.341	0.657
>CATHAAYTCG	5-CATHAAYTCG	11.076886	-37.458862	0	T:18.0(2.01%),B:39.5(0.11%),P:1e-16	Tpos:110.1,Tstd:57.5,Bpos:100.1,Bstd:56.0,StrandBias:0.0,Multiplicity:1.00
0.085	0.913	0.001	0.001
0.997	0.001	0.001	0.001
0.001	0.199	0.001	0.799
0.246	0.323	0.094	0.337
0.997	0.001	0.001	0.001
0.850	0.148	0.001	0.001
0.001	0.390	0.094	0.515
0.001	0.001	0.001	0.997
0.001	0.997	0.001	0.001
0.199	0.001	0.799	0.001
>TTCCGTCATG	6-TTCCGTCATG	10.427440	-35.818893	0	T:26.0(2.91%),B:117.5(0.34%),P:1e-15	Tpos:108.0,Tstd:42.0,Bpos:105.9,Bstd:48.9,StrandBias:-0.2,Multiplicity:1.00
0.001	0.001	0.001	0.997
0.001	0.001	0.001	0.997
0.001	0.726	0.272	0.001
0.001	0.829	0.001	0.169
0.001	0.061	0.720	0.218
0.001	0.275	0.002	0.722
0.153	0.845	0.001	0.001
0.681	0.001	0.221	0.097
0.001	0.001	0.001	0.997
0.001	0.001	0.997	0.001
>TGAGCCGTTT	7-TGAGCCGTTT	10.296193	-33.410020	0	T:9.0(1.01%),B:4.9(0.01%),P:1e-14	Tpos:73.8,Tstd:51.3,Bpos:74.6,Bstd:30.6,StrandBias:10.0,Multiplicity:1.00
0.100	0.100	0.100	0.700
0.100	0.100	0.700	0.100
0.700	0.100	0.100	0.100
0.100	0.100	0.700	0.100
0.100	0.700	0.100	0.100
0.100	0.700	0.100	0.100
0.100	0.100	0.700	0.100
0.100	0.100	0.100	0.700
0.100	0.100	0.100	0.700
0.100	0.100	0.100	0.700
>CTAGGCATTA	8-CTAGGCATTA	10.296193	-31.206475	0	T:8.0(0.89%),B:3.9(0.01%),P:1e-13	Tpos:105.6,Tstd:67.7,Bpos:147.2,Bstd:16.1,StrandBias:2.8,Multiplicity:1.00
0.100	0.700	0.100	0.100
0.100	0.100	0.100	0.700
0.700	0.100	0.100	0.100
0.100	0.100	0.700	0.100
0.100	0.100	0.700	0.100
0.100	0.700	0.100	0.100
0.700	0.100	0.100	0.100
0.100	0.100	0.100	0.700
0.100	0.100	0.100	0.700
0.700	0.100	0.100	0.100
>AAWTGHGTMC	9-AAWTGHGTMC	7.532116	-29.397773	0	T:18.0(2.01%),B:63.2(0.18%),P:1e-12	Tpos:125.5,Tstd:44.8,Bpos:99.7,Bstd:47.4,StrandBias:1.2,Multiplicity:1.11
0.756	0.010	0.226	0.008
0.589	0.184	0.009	0.218
0.439	0.177	0.087	0.297
0.007	0.242	0.278	0.473
0.005	0.009	0.838	0.148
0.329	0.189	0.165	0.317
0.013	0.007	0.969	0.011
0.013	0.299	0.151	0.537
0.329	0.457	0.207	0.007
0.236	0.408	0.143	0.213
>AGAGATACCC	10-AGAGATACCC	10.296193	-29.371328	0	T:7.0(0.78%),B:2.3(0.01%),P:1e-12	Tpos:75.4,Tstd:41.5,Bpos:101.3,Bstd:11.2,StrandBias:10.0,Multiplicity:1.00
0.700	0.100	0.100	0.100
0.100	0.100	0.700	0.100
0.700	0.100	0.100	0.100
0.100	0.100	0.700	0.100
0.700	0.100	0.100	0.100
0.100	0.100	0.100	0.700
0.700	0.100	0.100	0.100
0.100	0.700	0.100	0.100
0.100	0.700	0.100	0.100
0.100	0.700	0.100	0.100
>TACTCGAGCC	11-TACTCGAGCC	10.296193	-29.371328	0	T:7.0(0.78%),B:2.2(0.01%),P:1e-12	Tpos:96.4,Tstd:21.6,Bpos:58.9,Bstd:52.0,StrandBias:10.0,Multiplicity:1.00
0.100	0.100	0.100	0.700
0.700	0.100	0.100	0.100
0.100	0.700	0.100	0.100
0.100	0.100	0.100	0.700
0.100	0.700	0.100	0.100
0.100	0.100	0.700	0.100
0.700	0.100	0.100	0.100
0.100	0.100	0.700	0.100
0.100	0.700	0.100	0.100
0.100	0.700	0.100	0.100
>ACTTCCGAGA	12-ACTTCCGAGA	11.484291	-27.263155	0	T:9.0(1.01%),B:8.7(0.02%),P:1e-11	Tpos:119.2,Tstd:24.5,Bpos:102.1,Bstd:62.4,StrandBias:3.0,Multiplicity:1.00
0.997	0.001	0.001	0.001
0.001	0.997	0.001	0.001
0.001	0.001	0.001	0.997
0.001	0.135	0.001	0.863
0.001	0.997	0.001	0.001
0.001	0.997	0.001	0.001
0.001	0.001	0.888	0.110
0.997	0.001	0.001	0.001
0.001	0.001	0.997	0.001
0.997	0.001	0.001	0.001
>GTTCTAGATT	13-GTTCTAGATT	10.889905	-27.232907	0	T:14.0(1.56%),B:36.4(0.10%),P:1e-11	Tpos:92.6,Tstd:54.9,Bpos:86.5,Bstd:62.6,StrandBias:1.6,Multiplicity:1.14
0.001	0.001	0.997	0.001
0.001	0.001	0.001	0.997
0.001	0.001	0.001	0.997
0.001	0.997	0.001	0.001
0.001	0.001	0.001	0.997
0.997	0.001	0.001	0.001
0.001	0.001	0.997	0.001
0.997	0.001	0.001	0.001
0.001	0.290	0.001	0.708
0.074	0.001	0.001	0.924
>ACTAATAGAC	14-ACTAATAGAC	11.646646	-26.225960	0	T:9.0(1.01%),B:9.9(0.03%),P:1e-11	Tpos:81.6,Tstd:49.6,Bpos:121.8,Bstd:47.3,StrandBias:3.0,Multiplicity:1.00
0.997	0.001	0.001	0.001
0.001	0.886	0.001	0.112
0.001	0.001	0.001	0.997
0.997	0.001	0.001	0.001
0.997	0.001	0.001	0.001
0.001	0.001	0.001	0.997
0.997	0.001	0.001	0.001
0.001	0.001	0.997	0.001
0.997	0.001	0.001	0.001
0.001	0.997	0.001	0.001
>AACACCTGAC	15-AACACCTGAC	11.265588	-25.935127	0	T:13.0(1.45%),B:32.1(0.09%),P:1e-11	Tpos:109.6,Tstd:60.1,Bpos:91.8,Bstd:58.2,StrandBias:0.2,Multiplicity:1.00
0.912	0.001	0.086	0.001
0.887	0.001	0.111	0.001
0.001	0.997	0.001	0.001
0.997	0.001	0.001	0.001
0.001	0.997	0.001	0.001
0.001	0.997	0.001	0.001
0.001	0.001	0.001	0.997
0.001	0.001	0.997	0.001
0.997	0.001	0.001	0.001
0.001	0.997	0.001	0.001
>AGCCATACCA	16-AGCCATACCA	10.296193	-25.729127	0	T:8.0(0.89%),B:6.3(0.02%),P:1e-11	Tpos:98.6,Tstd:56.8,Bpos:137.8,Bstd:29.4,StrandBias:2.8,Multiplicity:1.00
0.700	0.100	0.100	0.100
0.100	0.100	0.700	0.100
0.100	0.700	0.100	0.100
0.100	0.700	0.100	0.100
0.700	0.100	0.100	0.100
0.100	0.100	0.100	0.700
0.700	0.100	0.100	0.100
0.100	0.700	0.100	0.100
0.100	0.700	0.100	0.100
0.700	0.100	0.100	0.100
>ATCCAGAGCC	17-ATCCAGAGCC	10.296193	-24.563869	0	T:7.0(0.78%),B:4.5(0.01%),P:1e-10	Tpos:65.9,Tstd:33.4,Bpos:114.1,Bstd:60.2,StrandBias:10.0,Multiplicity:1.00
0.700	0.100	0.100	0.100
0.100	0.100	0.100	0.700
0.100	0.700	0.100	0.100
0.100	0.700	0.100	0.100
0.700	0.100	0.100	0.100
0.100	0.100	0.700	0.100
0.700	0.100	0.100	0.100
0.100	0.100	0.700	0.100
0.100	0.700	0.100	0.100
0.100	0.700	0.100	0.100
>GGGSCCCTAC	18-GGGSCCCTAC	8.257184	-24.518519	0	T:8.0(0.89%),B:7.6(0.02%),P:1e-10	Tpos:106.4,Tstd:58.6,Bpos:117.0,Bstd:52.7,StrandBias:0.0,Multiplicity:1.00
0.047	0.077	0.786	0.090
0.179	0.272	0.476	0.073
0.001	0.001	0.921	0.077
0.001	0.433	0.520	0.046
0.146	0.699	0.154	0.001
0.001	0.687	0.172	0.140
0.202	0.505	0.201	0.092
0.344	0.001	0.129	0.526
0.463	0.112	0.186	0.238
0.001	0.608	0.160	0.231
>AGCTTTAGTC	19-AGCTTTAGTC	10.296193	-23.472860	0	T:8.0(0.89%),B:8.6(0.02%),P:1e-10	Tpos:94.2,Tstd:59.0,Bpos:82.8,Bstd:45.7,StrandBias:10.0,Multiplicity:1.00
0.700	0.100	0.100	0.100
0.100	0.100	0.700	0.100
0.100	0.700	0.100	0.100
0.100	0.100	0.100	0.700
0.100	0.100	0.100	0.700
0.100	0.100	0.100	0.700
0.700	0.100	0.100	0.100
0.100	0.100	0.700	0.100
0.100	0.100	0.100	0.700
0.100	0.700	0.100	0.100
>ACAGTATAGG	20-ACAGTATAGG	11.897960	-22.604549	0	T:11.0(1.23%),B:26.2(0.08%),P:1e-9	Tpos:117.2,Tstd:58.0,Bpos:79.3,Bstd:56.9,StrandBias:3.3,Multiplicity:1.00
0.997	0.001	0.001	0.001
0.001	0.997	0.001	0.001
0.997	0.001	0.001	0.001
0.001	0.001	0.997	0.001
0.001	0.001	0.001	0.997
0.997	0.001	0.001	0.001
0.001	0.001	0.001	0.997
0.997	0.001	0.001	0.001
0.001	0.001	0.854	0.144
0.001	0.001	0.997	0.001
>TCACAAGTGG	21-TCACAAGTGG	10.296193	-22.553182	0	T:8.0(0.89%),B:9.6(0.03%),P:1e-9	Tpos:48.4,Tstd:55.8,Bpos:94.7,Bstd:59.4,StrandBias:-10.0,Multiplicity:1.00
0.100	0.100	0.100	0.700
0.100	0.700	0.100	0.100
0.700	0.100	0.100	0.100
0.100	0.700	0.100	0.100
0.700	0.100	0.100	0.100
0.700	0.100	0.100	0.100
0.100	0.100	0.700	0.100
0.100	0.100	0.100	0.700
0.100	0.100	0.700	0.100
0.100	0.100	0.700	0.100
>AGCCAGAGAA	22-AGCCAGAGAA	10.296193	-21.732877	0	T:8.0(0.89%),B:10.8(0.03%),P:1e-9	Tpos:91.5,Tstd:46.5,Bpos:98.0,Bstd:60.6,StrandBias:2.8,Multiplicity:1.00
0.700	0.100	0.100	0.100
0.100	0.100	0.700	0.100
0.100	0.700	0.100	0.100
0.100	0.700	0.100	0.100
0.700	0.100	0.100	0.100
0.100	0.100	0.700	0.100
0.700	0.100	0.100	0.100
0.100	0.100	0.700	0.100
0.700	0.100	0.100	0.100
0.700	0.100	0.100	0.100
>TTGGGATCGT	23-TTGGGATCGT	10.296193	-20.992970	0	T:8.0(0.89%),B:11.6(0.03%),P:1e-9	Tpos:111.8,Tstd:47.6,Bpos:96.8,Bstd:63.6,StrandBias:2.8,Multiplicity:1.00
0.100	0.100	0.100	0.700
0.100	0.100	0.100	0.700
0.100	0.100	0.700	0.100
0.100	0.100	0.700	0.100
0.100	0.100	0.700	0.100
0.700	0.100	0.100	0.100
0.100	0.100	0.100	0.700
0.100	0.700	0.100	0.100
0.100	0.100	0.700	0.100
0.100	0.100	0.100	0.700
>KGGRWGAATG	24-KGGRWGAATG	8.205633	-19.752564	0	T:51.0(5.70%),B:777.7(2.23%),P:1e-8	Tpos:114.2,Tstd:48.1,Bpos:106.2,Bstd:57.6,StrandBias:1.0,Multiplicity:1.12
0.001	0.001	0.524	0.474
0.001	0.001	0.997	0.001
0.001	0.001	0.997	0.001
0.492	0.001	0.460	0.047
0.360	0.001	0.243	0.395
0.057	0.045	0.897	0.001
0.598	0.001	0.364	0.037
0.833	0.001	0.001	0.165
0.219	0.001	0.159	0.621
0.029	0.042	0.597	0.332
>AATATATATA	25-AATATATATA	11.183473	-3.666875	0	T:11.0(1.23%),B:215.6(0.62%),P:1e-1	Tpos:46.0,Tstd:31.5,Bpos:57.5,Bstd:47.8,StrandBias:0.0,Multiplicity:1.00
0.669	0.001	0.001	0.329
0.997	0.001	0.001	0.001
0.001	0.001	0.001	0.997
0.524	0.108	0.001	0.367
0.001	0.001	0.001	0.997
0.942	0.056	0.001	0.001
0.001	0.001	0.001	0.997
0.997	0.001	0.001	0.001
0.108	0.001	0.302	0.589
0.997	0.001	0.001	0.001
>GATAATCCTAST	1-GATAATCCTAST	13.128099	-56.027006	0	T:13.0(1.45%),B:3.6(0.01%),P:1e-24	Tpos:81.9,Tstd:49.9,Bpos:133.2,Bstd:43.4,StrandBias:3.6,Multiplicity:1.00
0.001	0.001	0.997	0.001
0.997	0.001	0.001	0.001
0.001	0.001	0.001	0.997
0.997	0.001	0.001	0.001
0.997	0.001	0.001	0.001
0.001	0.001	0.001	0.997
0.072	0.926	0.001	0.001
0.001	0.997	0.001	0.001
0.001	0.001	0.001	0.997
0.997	0.001	0.001	0.001
0.001	0.569	0.429	0.001
0.001	0.001	0.001	0.997
>SAMATTKAGKGA	2-SAMATTKAGKGA	13.799782	-53.944631	0	T:17.0(1.90%),B:12.9(0.04%),P:1e-23	Tpos:98.1,Tstd:57.5,Bpos:64.4,Bstd:38.4,StrandBias:0.5,Multiplicity:1.00
0.001	0.437	0.561	0.001
0.997	0.001	0.001	0.001
0.561	0.437	0.001	0.001
0.997	0.001	0.001	0.001
0.001	0.001	0.001	0.997
0.001	0.001	0.001	0.997
0.001	0.001	0.437	0.561
0.997	0.001	0.001	0.001
0.001	0.001	0.997	0.001
0.001	0.001	0.561	0.437
0.001	0.001	0.997	0.001
0.997	0.001	0.001	0.001
>CATCAACTCAAT	3-CATCAACTCAAT	13.393015	-51.792361	0	T:10.0(1.12%),B:0.6(0.00%),P:1e-22	Tpos:107.2,Tstd:70.5,Bpos:41.0,Bstd:0.0,StrandBias:10.0,Multiplicity:1.00
0.001	0.997	0.001	0.001
0.997	0.001	0.001	0.001
0.001	0.001	0.001	0.997
0.001	0.997	0.001	0.001
0.997	0.001	0.001	0.001
0.997	0.001	0.001	0.001
0.001	0.997	0.001	0.001
0.001	0.001	0.001	0.997
0.001	0.997	0.001	0.001
0.785	0.001	0.213	0.001
0.809	0.001	0.189	0.001
0.001	0.001	0.001	0.997
>GAAATGCGTACA	4-GAAATGCGTACA	13.382553	-49.433282	0	T:13.0(1.45%),B:5.6(0.02%),P:1e-21	Tpos:120.2,Tstd:54.1,Bpos:102.3,Bstd:40.5,StrandBias:2.5,Multiplicity:1.00
0.001	0.001	0.997	0.001
0.685	0.313	0.001	0.001
0.693	0.305	0.001	0.001
0.997	0.001	0.001	0.001
0.305	0.001	0.001	0.693
0.001	0.001	0.997	0.001
0.379	0.619	0.001	0.001
0.001	0.001	0.997	0.001
0.001	0.001	0.305	0.693
0.997	0.001	0.001	0.001
0.001	0.997	0.001	0.001
0.997	0.001	0.001	0.001
>TCGCTGAGTTCA	5-TCGCTGAGTTCA	11.721792	-45.824880	0	T:11.0(1.23%),B:3.8(0.01%),P:1e-19	Tpos:92.5,Tstd:59.1,Bpos:83.2,Bstd:53.5,StrandBias:-3.3,Multiplicity:1.00
0.001	0.001	0.001	0.997
0.001	0.911	0.087	0.001
0.001	0.001	0.997	0.001
0.001	0.997	0.001	0.001
0.001	0.001	0.001	0.997
0.001	0.001	0.997	0.001
0.997	0.001	0.001	0.001
0.001	0.001	0.997	0.001
0.001	0.001	0.001	0.997
0.001	0.001	0.001	0.997
0.001	0.997	0.001	0.001
0.911	0.087	0.001	0.001
>GAAGCCATACCA	6-GAAGCCATACCA	14.259075	-45.818024	0	T:9.0(1.01%),B:1.7(0.01%),P:1e-19	Tpos:103.4,Tstd:56.0,Bpos:129.6,Bstd:25.2,StrandBias:3.0,Multiplicity:1.00
0.001	0.001	0.997	0.001
0.997	0.001	0.001	0.001
0.997	0.001	0.001	0.001
0.001	0.001	0.997	0.001
0.001	0.997	0.001	0.001
0.001	0.997	0.001	0.001
0.902	0.096	0.001	0.001
0.001	0.001	0.001	0.997
0.997	0.001	0.001	0.001
0.001	0.997	0.001	0.001
0.001	0.997	0.001	0.001
0.997	0.001	0.001	0.001
>TCCAGAGCCAAT	7-TCCAGAGCCAAT	14.422114	-45.818024	0	T:9.0(1.01%),B:1.8(0.01%),P:1e-19	Tpos:74.2,Tstd:31.8,Bpos:134.1,Bstd:16.0,StrandBias:10.0,Multiplicity:1.00
0.001	0.001	0.001	0.997
0.001	0.997	0.001	0.001
0.001	0.997	0.001	0.001
0.997	0.001	0.001	0.001
0.001	0.001	0.997	0.001
0.997	0.001	0.001	0.001
0.001	0.001	0.997	0.001
0.113	0.885	0.001	0.001
0.001	0.997	0.001	0.001
0.997	0.001	0.001	0.001
0.997	0.001	0.001	0.001
0.001	0.001	0.001	0.997
>TATTTTGAGCCT	8-TATTTTGAGCCT	13.666676	-44.883982	0	T:10.0(1.12%),B:2.1(0.01%),P:1e-19	Tpos:60.5,Tstd:44.7,Bpos:45.8,Bstd:37.8,StrandBias:2.0,Multiplicity:1.00
0.001	0.001	0.001	0.997
0.997	0.001	0.001	0.001
0.001	0.305	0.001	0.693
0.001	0.305	0.001	0.693
0.001	0.001	0.370	0.628
0.001	0.001	0.001	0.997
0.001	0.001	0.997	0.001
0.693	0.305	0.001	0.001
0.001	0.001	0.997	0.001
0.066	0.932	0.001	0.001
0.001	0.997	0.001	0.001
0.001	0.001	0.388	0.610
>ACAACAGATACG	9-ACAACAGATACG	11.557685	-41.133395	0	T:17.0(1.90%),B:27.0(0.08%),P:1e-17	Tpos:84.9,Tstd:46.1,Bpos:113.0,Bstd:56.3,StrandBias:0.5,Multiplicity:1.00
0.761	0.001	0.001	0.237
0.001	0.757	0.001	0.241
0.715	0.001	0.001	0.283
0.997	0.001	0.001	0.001
0.001	0.705	0.293	0.001
0.711	0.050	0.238	0.001
0.001	0.001	0.765	0.233
0.765	0.001	0.233	0.001
0.001	0.233	0.001	0.765
0.995	0.003	0.001	0.001
0.001	0.765	0.233	0.001
0.001	0.296	0.702	0.001
>AAAATAMTVTCA	10-AAAATAMTVTCA	10.623503	-39.950124	0	T:8.0(0.89%),B:1.6(0.00%),P:1e-17	Tpos:123.6,Tstd:30.5,Bpos:9.4,Bstd:3.5,StrandBias:10.0,Multiplicity:1.00
0.863	0.001	0.135	0.001
0.653	0.209	0.001	0.137
0.721	0.008	0.129	0.142
0.638	0.016	0.096	0.250
0.008	0.007	0.193	0.792
0.833	0.137	0.022	0.008
0.244	0.380	0.188	0.188
0.268	0.176	0.113	0.443
0.247	0.291	0.340	0.122
0.202	0.105	0.129	0.564
0.131	0.602	0.243	0.024
0.861	0.008	0.001	0.130
>ACCACTCCATGC	11-ACCACTCCATGC	11.622936	-39.950124	0	T:8.0(0.89%),B:1.8(0.01%),P:1e-17	Tpos:142.4,Tstd:57.1,Bpos:166.5,Bstd:10.7,StrandBias:2.8,Multiplicity:1.00
0.890	0.055	0.033	0.022
0.155	0.706	0.066	0.073
0.132	0.769	0.055	0.044
0.727	0.088	0.077	0.108
0.152	0.665	0.066	0.117
0.119	0.022	0.044	0.815
0.064	0.752	0.089	0.095
0.129	0.704	0.077	0.090
0.706	0.151	0.066	0.077
0.086	0.055	0.044	0.815
0.074	0.031	0.787	0.108
0.099	0.664	0.099	0.138
>TTTCAAAACTAC	12-TTTCAAAACTAC	14.259075	-39.602586	0	T:9.0(1.01%),B:2.5(0.01%),P:1e-17	Tpos:96.7,Tstd:36.6,Bpos:58.5,Bstd:49.2,StrandBias:3.0,Multiplicity:1.00
0.001	0.001	0.001	0.997
0.001	0.001	0.001	0.997
0.001	0.001	0.001	0.997
0.096	0.902	0.001	0.001
0.997	0.001	0.001	0.001
0.997	0.001	0.001	0.001
0.997	0.001	0.001	0.001
0.997	0.001	0.001	0.001
0.001	0.997	0.001	0.001
0.001	0.001	0.001	0.997
0.997	0.001	0.001	0.001
0.001	0.997	0.001	0.001
>ACACCTGRYWGR	13-ACACCTGRYWGR	13.234993	-39.324310	0	T:13.0(1.45%),B:11.8(0.03%),P:1e-17	Tpos:128.7,Tstd:52.0,Bpos:67.7,Bstd:50.6,StrandBias:0.7,Multiplicity:1.00
0.997	0.001	0.001	0.001
0.001	0.997	0.001	0.001
0.997	0.001	0.001	0.001
0.001	0.997	0.001	0.001
0.244	0.754	0.001	0.001
0.001	0.001	0.001	0.997
0.001	0.001	0.997	0.001
0.451	0.001	0.304	0.244
0.001	0.496	0.059	0.444
0.507	0.001	0.001	0.491
0.001	0.001	0.997	0.001
0.445	0.001	0.553	0.001
>CATGGTCACCCA	14-CATGGTCACCCA	11.216493	-37.746164	0	T:17.0(1.90%),B:32.9(0.09%),P:1e-16	Tpos:125.1,Tstd:47.6,Bpos:102.2,Bstd:58.1,StrandBias:-0.9,Multiplicity:1.06
0.131	0.673	0.131	0.065
0.869	0.065	0.001	0.065
0.393	0.001	0.006	0.600
0.065	0.001	0.869	0.065
0.001	0.001	0.868	0.130
0.001	0.065	0.065	0.869
0.003	0.995	0.001	0.001
0.933	0.001	0.065	0.001
0.007	0.793	0.003	0.197
0.131	0.737	0.131	0.001
0.138	0.596	0.001	0.265
0.603	0.001	0.134	0.262
>ACATGAAGGAAA	15-ACATGAAGGAAA	14.422114	-35.976281	0	T:9.0(1.01%),B:3.8(0.01%),P:1e-15	Tpos:89.7,Tstd:36.8,Bpos:130.7,Bstd:21.5,StrandBias:-1.8,Multiplicity:1.00
0.997	0.001	0.001	0.001
0.001	0.997	0.001	0.001
0.997	0.001	0.001	0.001
0.001	0.001	0.001	0.997
0.001	0.001	0.997	0.001
0.997	0.001	0.001	0.001
0.997	0.001	0.001	0.001
0.001	0.001	0.997	0.001
0.001	0.001	0.997	0.001
0.997	0.001	0.001	0.001
0.997	0.001	0.001	0.001
0.885	0.001	0.113	0.001
>CATGTCAAARAA	16-CATGTCAAARAA	13.630413	-35.247324	0	T:15.0(1.68%),B:25.0(0.07%),P:1e-15	Tpos:91.9,Tstd:47.1,Bpos:97.3,Bstd:61.6,StrandBias:3.8,Multiplicity:1.00
0.089	0.909	0.001	0.001
0.818	0.180	0.001	0.001
0.180	0.001	0.001	0.818
0.089	0.001	0.909	0.001
0.001	0.001	0.089	0.909
0.001	0.997	0.001	0.001
0.909	0.089	0.001	0.001
0.909	0.001	0.001	0.089
0.567	0.001	0.090	0.342
0.433	0.181	0.386	0.001
0.997	0.001	0.001	0.001
0.909	0.001	0.001	0.089
>AGCTTTAGTCAA	17-AGCTTTAGTCAA	12.355432	-34.427574	0	T:8.0(0.89%),B:2.8(0.01%),P:1e-14	Tpos:95.2,Tstd:59.0,Bpos:36.5,Bstd:0.6,StrandBias:10.0,Multiplicity:1.00
0.700	0.100	0.100	0.100
0.100	0.100	0.700	0.100
0.100	0.700	0.100	0.100
0.100	0.100	0.100	0.700
0.100	0.100	0.100	0.700
0.100	0.100	0.100	0.700
0.700	0.100	0.100	0.100
0.100	0.100	0.700	0.100
0.100	0.100	0.100	0.700
0.100	0.700	0.100	0.100
0.700	0.100	0.100	0.100
0.700	0.100	0.100	0.100
>GGATCAGCTAGG	18-GGATCAGCTAGG	12.355432	-34.427574	0	T:8.0(0.89%),B:2.8(0.01%),P:1e-14	Tpos:102.1,Tstd:65.0,Bpos:132.0,Bstd:0.0,StrandBias:10.0,Multiplicity:1.00
0.100	0.100	0.700	0.100
0.100	0.100	0.700	0.100
0.700	0.100	0.100	0.100
0.100	0.100	0.100	0.700
0.100	0.700	0.100	0.100
0.700	0.100	0.100	0.100
0.100	0.100	0.700	0.100
0.100	0.700	0.100	0.100
0.100	0.100	0.100	0.700
0.700	0.100	0.100	0.100
0.100	0.100	0.700	0.100
0.100	0.100	0.700	0.100
>CTTCCGAGAATC	19-CTTCCGAGAATC	12.355432	-34.201062	0	T:7.0(0.78%),B:0.7(0.00%),P:1e-14	Tpos:120.3,Tstd:21.5,Bpos:124.0,Bstd:0.0,StrandBias:10.0,Multiplicity:1.00
0.100	0.700	0.100	0.100
0.100	0.100	0.100	0.700
0.100	0.100	0.100	0.700
0.100	0.700	0.100	0.100
0.100	0.700	0.100	0.100
0.100	0.100	0.700	0.100
0.700	0.100	0.100	0.100
0.100	0.100	0.700	0.100
0.700	0.100	0.100	0.100
0.700	0.100	0.100	0.100
0.100	0.100	0.100	0.700
0.100	0.700	0.100	0.100
>TTGAATTCAATG	20-TTGAATTCAATG	12.887806	-31.316639	0	T:16.0(1.79%),B:40.7(0.12%),P:1e-13	Tpos:112.6,Tstd:63.7,Bpos:92.3,Bstd:60.6,StrandBias:0.5,Multiplicity:1.00
0.001	0.001	0.030	0.968
0.001	0.001	0.001	0.997
0.001	0.043	0.955	0.001
0.997	0.001	0.001	0.001
0.689	0.309	0.001	0.001
0.001	0.001	0.001	0.997
0.001	0.001	0.001	0.997
0.266	0.710	0.023	0.001
0.997	0.001	0.001	0.001
0.997	0.001	0.001	0.001
0.001	0.001	0.344	0.654
0.044	0.001	0.611	0.344
>TCATGGCGGAAT	21-TCATGGCGGAAT	12.355432	-31.206475	0	T:8.0(0.89%),B:3.4(0.01%),P:1e-13	Tpos:129.1,Tstd:31.6,Bpos:88.8,Bstd:60.5,StrandBias:10.0,Multiplicity:1.00
0.100	0.100	0.100	0.700
0.100	0.700	0.100	0.100
0.700	0.100	0.100	0.100
0.100	0.100	0.100	0.700
0.100	0.100	0.700	0.100
0.100	0.100	0.700	0.100
0.100	0.700	0.100	0.100
0.100	0.100	0.700	0.100
0.100	0.100	0.700	0.100
0.700	0.100	0.100	0.100
0.700	0.100	0.100	0.100
0.100	0.100	0.100	0.700
>TAATCCACTTGT	22-TAATCCACTTGT	12.355432	-29.371328	0	T:7.0(0.78%),B:2.8(0.01%),P:1e-12	Tpos:29.0,Tstd:33.8,Bpos:87.0,Bstd:79.8,StrandBias:10.0,Multiplicity:1.00
0.100	0.100	0.100	0.700
0.700	0.100	0.100	0.100
0.700	0.100	0.100	0.100
0.100	0.100	0.100	0.700
0.100	0.700	0.100	0.100
0.100	0.700	0.100	0.100
0.700	0.100	0.100	0.100
0.100	0.700	0.100	0.100
0.100	0.100	0.100	0.700
0.100	0.100	0.100	0.700
0.100	0.100	0.700	0.100
0.100	0.100	0.100	0.700
>CTTCCATTTGTA	23-CTTCCATTTGTA	13.199715	-25.034800	0	T:10.0(1.12%),B:15.8(0.05%),P:1e-10	Tpos:101.1,Tstd:47.9,Bpos:96.0,Bstd:56.4,StrandBias:-1.5,Multiplicity:1.50
0.001	0.836	0.001	0.162
0.001	0.001	0.001	0.997
0.001	0.001	0.001	0.997
0.001	0.954	0.001	0.044
0.001	0.915	0.083	0.001
0.997	0.001	0.001	0.001
0.001	0.001	0.001	0.997
0.001	0.001	0.001	0.997
0.001	0.001	0.083	0.915
0.001	0.309	0.689	0.001
0.084	0.059	0.001	0.856
0.915	0.001	0.001	0.083
>ATATAGATATAT	24-ATATAGATATAT	10.199044	-10.966655	0	T:14.0(1.56%),B:136.4(0.39%),P:1e-4	Tpos:110.9,Tstd:44.4,Bpos:84.8,Bstd:54.3,StrandBias:-1.3,Multiplicity:1.00
0.757	0.044	0.196	0.003
0.001	0.001	0.128	0.870
0.805	0.065	0.065	0.065
0.001	0.129	0.231	0.639
0.797	0.068	0.132	0.003
0.001	0.001	0.982	0.016
0.805	0.001	0.064	0.130
0.272	0.001	0.064	0.663
0.868	0.064	0.001	0.067
0.001	0.001	0.001	0.997
0.862	0.004	0.132	0.002
0.067	0.001	0.001	0.931
>AATTTATATATA	25-AATTTATATATA	12.992081	-7.448931	0	T:7.0(0.78%),B:54.5(0.16%),P:1e-3	Tpos:86.4,Tstd:39.8,Bpos:63.5,Bstd:44.0,StrandBias:0.7,Multiplicity:1.00
0.936	0.001	0.001	0.062
0.680	0.241	0.001	0.078
0.103	0.001	0.001	0.895
0.415	0.001	0.001	0.583
0.001	0.001	0.170	0.828
0.997	0.001	0.001	0.001
0.001	0.001	0.001	0.997
0.997	0.001	0.001	0.001
0.001	0.001	0.001	0.997
0.828	0.170	0.001	0.001
0.037	0.001	0.001	0.961
0.828	0.001	0.001	0.170
>GAACTCAG	1-GAACTCAG	8.236954	-28.106659	0	T:29.0(3.24%),B:208.6(0.60%),P:1e-12	Tpos:80.3,Tstd:54.9,Bpos:102.2,Bstd:61.6,StrandBias:1.1,Multiplicity:1.10
0.100	0.100	0.700	0.100
0.700	0.100	0.100	0.100
0.700	0.100	0.100	0.100
0.100	0.700	0.100	0.100
0.100	0.100	0.100	0.700
0.100	0.700	0.100	0.100
0.700	0.100	0.100	0.100
0.100	0.100	0.700	0.100
>KYGATTAG	2-KYGATTAG	7.437564	-22.883725	0	T:78.0(8.72%),B:1369.9(3.93%),P:1e-9	Tpos:90.4,Tstd:64.1,Bpos:95.4,Bstd:58.9,StrandBias:0.4,Multiplicity:1.10
0.001	0.001	0.560	0.438
0.267	0.441	0.001	0.292
0.381	0.001	0.606	0.012
0.955	0.001	0.043	0.001
0.001	0.001	0.001	0.997
0.001	0.001	0.290	0.708
0.619	0.046	0.001	0.334
0.001	0.001	0.997	0.001
>AGCTTCCG	3-AGCTTCCG	8.160650	-22.523473	0	T:48.0(5.36%),B:647.3(1.86%),P:1e-9	Tpos:102.9,Tstd:49.7,Bpos:102.4,Bstd:53.4,StrandBias:0.2,Multiplicity:1.00
0.660	0.228	0.058	0.054
0.248	0.001	0.750	0.001
0.194	0.804	0.001	0.001
0.043	0.110	0.005	0.842
0.001	0.001	0.060	0.938
0.003	0.991	0.005	0.001
0.001	0.984	0.014	0.001
0.331	0.001	0.527	0.141
>AMWMGGCT	4-AMWMGGCT	6.175961	-21.922503	0	T:170.0(18.99%),B:4103.3(11.78%),P:1e-9	Tpos:98.2,Tstd:54.2,Bpos:100.0,Bstd:57.7,StrandBias:-0.4,Multiplicity:1.10
0.826	0.123	0.050	0.001
0.483	0.412	0.104	0.001
0.453	0.067	0.026	0.454
0.445	0.519	0.001	0.035
0.001	0.001	0.829	0.169
0.235	0.001	0.525	0.239
0.294	0.512	0.018	0.176
0.001	0.085	0.001	0.913
>ACGCAGGA	5-ACGCAGGA	7.785709	-21.894597	0	T:69.0(7.71%),B:1166.9(3.35%),P:1e-9	Tpos:105.6,Tstd:61.0,Bpos:109.9,Bstd:56.5,StrandBias:0.4,Multiplicity:1.09
0.961	0.001	0.037	0.001
0.001	0.639	0.202	0.158
0.083	0.001	0.809	0.107
0.001	0.997	0.001	0.001
0.881	0.001	0.001	0.117
0.025	0.001	0.973	0.001
0.001	0.018	0.980	0.001
0.860	0.001	0.021	0.118
>GATCGCGT	6-GATCGCGT	7.677158	-20.145193	0	T:47.0(5.25%),B:674.5(1.94%),P:1e-8	Tpos:107.6,Tstd:55.7,Bpos:102.3,Bstd:54.4,StrandBias:0.0,Multiplicity:1.00
0.153	0.001	0.565	0.281
0.675	0.001	0.001	0.323
0.001	0.001	0.001	0.997
0.001	0.628	0.001	0.370
0.001	0.001	0.997	0.001
0.118	0.593	0.001	0.288
0.001	0.001	0.764	0.234
0.001	0.001	0.001	0.997
>ACACGTAA	7-ACACGTAA	7.606735	-20.127111	0	T:78.0(8.72%),B:1457.4(4.18%),P:1e-8	Tpos:86.6,Tstd:56.5,Bpos:97.8,Bstd:58.8,StrandBias:-0.1,Multiplicity:1.04
0.872	0.001	0.126	0.001
0.038	0.960	0.001	0.001
0.997	0.001	0.001	0.001
0.180	0.769	0.050	0.001
0.001	0.001	0.971	0.027
0.084	0.001	0.030	0.885
0.773	0.001	0.225	0.001
0.874	0.001	0.072	0.053
>TCSGACYA	8-TCSGACYA	6.277112	-19.429249	0	T:103.0(11.51%),B:2186.7(6.28%),P:1e-8	Tpos:110.7,Tstd:56.7,Bpos:103.2,Bstd:55.3,StrandBias:-0.3,Multiplicity:1.16
0.004	0.203	0.003	0.790
0.005	0.838	0.046	0.111
0.071	0.467	0.348	0.114
0.002	0.001	0.666	0.331
0.590	0.406	0.003	0.001
0.046	0.898	0.001	0.055
0.001	0.550	0.001	0.448
0.668	0.001	0.223	0.108
>TATACTGT	9-TATACTGT	8.236954	-19.069423	0	T:32.0(3.58%),B:368.8(1.06%),P:1e-8	Tpos:117.1,Tstd:57.5,Bpos:94.6,Bstd:59.9,StrandBias:0.1,Multiplicity:1.03
0.100	0.100	0.100	0.700
0.700	0.100	0.100	0.100
0.100	0.100	0.100	0.700
0.700	0.100	0.100	0.100
0.100	0.700	0.100	0.100
0.100	0.100	0.100	0.700
0.100	0.100	0.700	0.100
0.100	0.100	0.100	0.700
>TTGGGCCC	10-TTGGGCCC	5.636498	-17.615325	0	T:83.0(9.27%),B:1687.2(4.84%),P:1e-7	Tpos:90.6,Tstd:57.8,Bpos:101.1,Bstd:54.5,StrandBias:0.5,Multiplicity:1.00
0.124	0.045	0.024	0.807
0.107	0.049	0.186	0.658
0.106	0.043	0.689	0.162
0.078	0.055	0.819	0.048
0.069	0.084	0.794	0.053
0.087	0.706	0.199	0.008
0.045	0.791	0.074	0.090
0.056	0.743	0.137	0.064
>ACTGAGAA	11-ACTGAGAA	6.668670	-17.399930	0	T:66.0(7.37%),B:1226.5(3.52%),P:1e-7	Tpos:108.5,Tstd:60.1,Bpos:99.4,Bstd:60.2,StrandBias:0.1,Multiplicity:1.02
0.997	0.001	0.001	0.001
0.001	0.997	0.001	0.001
0.001	0.001	0.001	0.997
0.001	0.001	0.899	0.099
0.997	0.001	0.001	0.001
0.001	0.001	0.997	0.001
0.884	0.001	0.001	0.114
0.879	0.001	0.001	0.119
>GHTCCGGA	12-GHTCCGGA	6.960426	-16.311164	0	T:84.0(9.39%),B:1769.8(5.08%),P:1e-7	Tpos:98.2,Tstd:55.5,Bpos:109.7,Bstd:56.3,StrandBias:-0.1,Multiplicity:1.11
0.001	0.001	0.997	0.001
0.399	0.336	0.001	0.264
0.001	0.001	0.001	0.997
0.001	0.997	0.001	0.001
0.261	0.467	0.001	0.271
0.001	0.001	0.847	0.151
0.001	0.001	0.997	0.001
0.997	0.001	0.001	0.001
>AGGCATTA	13-AGGCATTA	8.236954	-16.131569	0	T:17.0(1.90%),B:131.2(0.38%),P:1e-7	Tpos:111.4,Tstd:57.7,Bpos:86.9,Bstd:57.0,StrandBias:0.9,Multiplicity:1.00
0.700	0.100	0.100	0.100
0.100	0.100	0.700	0.100
0.100	0.100	0.700	0.100
0.100	0.700	0.100	0.100
0.700	0.100	0.100	0.100
0.100	0.100	0.100	0.700
0.100	0.100	0.100	0.700
0.700	0.100	0.100	0.100
>GTTAGAGA	14-GTTAGAGA	7.104243	-15.793197	0	T:74.0(8.27%),B:1505.2(4.32%),P:1e-6	Tpos:117.4,Tstd:54.6,Bpos:100.5,Bstd:58.0,StrandBias:1.6,Multiplicity:1.07
0.001	0.001	0.997	0.001
0.001	0.001	0.210	0.788
0.001	0.075	0.001	0.923
0.997	0.001	0.001	0.001
0.319	0.001	0.679	0.001
0.997	0.001	0.001	0.001
0.001	0.001	0.997	0.001
0.997	0.001	0.001	0.001
>TCTAGAAC	15-TCTAGAAC	8.236954	-15.370559	0	T:15.0(1.68%),B:107.4(0.31%),P:1e-6	Tpos:98.4,Tstd:55.1,Bpos:96.2,Bstd:55.9,StrandBias:-1.4,Multiplicity:1.13
0.100	0.100	0.100	0.700
0.100	0.700	0.100	0.100
0.100	0.100	0.100	0.700
0.700	0.100	0.100	0.100
0.100	0.100	0.700	0.100
0.700	0.100	0.100	0.100
0.700	0.100	0.100	0.100
0.100	0.700	0.100	0.100
>CACGCGTA	16-CACGCGTA	7.109107	-15.341778	0	T:57.0(6.37%),B:1054.5(3.03%),P:1e-6	Tpos:99.8,Tstd:48.9,Bpos:95.9,Bstd:52.9,StrandBias:0.7,Multiplicity:1.12
0.047	0.865	0.056	0.032
0.835	0.055	0.015	0.095
0.001	0.722	0.052	0.225
0.001	0.001	0.938	0.060
0.001	0.978	0.020	0.001
0.001	0.001	0.997	0.001
0.054	0.001	0.122	0.823
0.875	0.099	0.001	0.025
>GCTTAAGC	17-GCTTAAGC	8.236954	-14.724410	0	T:7.0(0.78%),B:17.1(0.05%),P:1e-6	Tpos:96.6,Tstd:42.1,Bpos:101.7,Bstd:46.6,StrandBias:0.0,Multiplicity:1.00
0.100	0.100	0.700	0.100
0.100	0.700	0.100	0.100
0.100	0.100	0.100	0.700
0.100	0.100	0.100	0.700
0.700	0.100	0.100	0.100
0.700	0.100	0.100	0.100
0.100	0.100	0.700	0.100
0.100	0.700	0.100	0.100
>GGTGTCAT	18-GGTGTCAT	8.124883	-14.239833	0	T:53.0(5.92%),B:984.2(2.83%),P:1e-6	Tpos:104.7,Tstd:58.1,Bpos:97.9,Bstd:55.9,StrandBias:-1.9,Multiplicity:1.02
0.001	0.001	0.997	0.001
0.001	0.001	0.997	0.001
0.001	0.001	0.134	0.864
0.001	0.001	0.997	0.001
0.001	0.001	0.077	0.921
0.001	0.895	0.001	0.103
0.997	0.001	0.001	0.001
0.001	0.122	0.001	0.876
>GTCTTTCT	19-GTCTTTCT	9.053738	-12.432209	0	T:40.0(4.47%),B:700.6(2.01%),P:1e-5	Tpos:105.8,Tstd:57.3,Bpos:102.4,Bstd:57.2,StrandBias:-2.3,Multiplicity:1.08
0.001	0.001	0.997	0.001
0.001	0.001	0.001	0.997
0.001	0.997	0.001	0.001
0.091	0.001	0.001	0.907
0.001	0.137	0.001	0.861
0.001	0.084	0.001	0.914
0.185	0.639	0.175	0.001
0.001	0.001	0.001	0.997
>CTCGAGCM	20-CTCGAGCM	7.178583	-11.876409	0	T:36.0(4.02%),B:614.0(1.76%),P:1e-5	Tpos:111.9,Tstd:48.6,Bpos:102.6,Bstd:55.3,StrandBias:0.6,Multiplicity:1.00
0.001	0.997	0.001	0.001
0.001	0.001	0.001	0.997
0.001	0.997	0.001	0.001
0.001	0.419	0.579	0.001
0.997	0.001	0.001	0.001
0.001	0.001	0.997	0.001
0.001	0.927	0.001	0.071
0.494	0.504	0.001	0.001
>ACGACGTC	21-ACGACGTC	7.994164	-11.412769	0	T:40.0(4.47%),B:732.9(2.10%),P:1e-4	Tpos:112.6,Tstd:50.3,Bpos:106.2,Bstd:55.6,StrandBias:0.0,Multiplicity:1.08
0.997	0.001	0.001	0.001
0.001	0.997	0.001	0.001
0.163	0.001	0.835	0.001
0.773	0.001	0.001	0.225
0.076	0.922	0.001	0.001
0.001	0.001	0.997	0.001
0.001	0.001	0.001	0.997
0.001	0.933	0.065	0.001
>ARCCSAGT	22-ARCCSAGT	8.076612	-9.210473	0	T:41.0(4.58%),B:839.5(2.41%),P:1e-4	Tpos:90.5,Tstd:57.0,Bpos:103.7,Bstd:56.7,StrandBias:0.1,Multiplicity:1.00
0.771	0.001	0.227	0.001
0.572	0.001	0.426	0.001
0.001	0.997	0.001	0.001
0.001	0.997	0.001	0.001
0.001	0.521	0.477	0.001
0.961	0.001	0.037	0.001
0.001	0.001	0.717	0.281
0.001	0.419	0.001	0.579
>ACCAATCC	23-ACCAATCC	9.309738	-5.553625	0	T:22.0(2.46%),B:451.8(1.30%),P:1e-2	Tpos:119.1,Tstd:59.1,Bpos:102.2,Bstd:59.2,StrandBias:-0.4,Multiplicity:1.00
0.997	0.001	0.001	0.001
0.001	0.660	0.001	0.338
0.001	0.997	0.001	0.001
0.738	0.260	0.001	0.001
0.997	0.001	0.001	0.001
0.001	0.001	0.001	0.997
0.001	0.997	0.001	0.001
0.001	0.997	0.001	0.001
>ATATATAT	24-ATATATAT	8.236954	-2.074200	0	T:12.0(1.34%),B:319.3(0.92%),P:1e0	Tpos:48.2,Tstd:29.0,Bpos:62.5,Bstd:50.3,StrandBias:0.0,Multiplicity:1.00
0.700	0.100	0.100	0.100
0.100	0.100	0.100	0.700
0.700	0.100	0.100	0.100
0.100	0.100	0.100	0.700
0.700	0.100	0.100	0.100
0.100	0.100	0.100	0.700
0.700	0.100	0.100	0.100
0.100	0.100	0.100	0.700
