>GAACTCAG	1-GAACTCAG	8.236954	-28.106659	0	T:29.0(3.24%),B:208.6(0.60%),P:1e-12	Tpos:80.3,Tstd:54.9,Bpos:102.2,Bstd:61.6,StrandBias:1.1,Multiplicity:1.10
0.100	0.100	0.700	0.100
0.700	0.100	0.100	0.100
0.700	0.100	0.100	0.100
0.100	0.700	0.100	0.100
0.100	0.100	0.100	0.700
0.100	0.700	0.100	0.100
0.700	0.100	0.100	0.100
0.100	0.100	0.700	0.100
>KYGATTAG	2-KYGATTAG	7.437564	-22.883725	0	T:78.0(8.72%),B:1369.9(3.93%),P:1e-9	Tpos:90.4,Tstd:64.1,Bpos:95.4,Bstd:58.9,StrandBias:0.4,Multiplicity:1.10
0.001	0.001	0.560	0.438
0.267	0.441	0.001	0.292
0.381	0.001	0.606	0.012
0.955	0.001	0.043	0.001
0.001	0.001	0.001	0.997
0.001	0.001	0.290	0.708
0.619	0.046	0.001	0.334
0.001	0.001	0.997	0.001
>AGCTTCCG	3-AGCTTCCG	8.160650	-22.523473	0	T:48.0(5.36%),B:647.3(1.86%),P:1e-9	Tpos:102.9,Tstd:49.7,Bpos:102.4,Bstd:53.4,StrandBias:0.2,Multiplicity:1.00
0.660	0.228	0.058	0.054
0.248	0.001	0.750	0.001
0.194	0.804	0.001	0.001
0.043	0.110	0.005	0.842
0.001	0.001	0.060	0.938
0.003	0.991	0.005	0.001
0.001	0.984	0.014	0.001
0.331	0.001	0.527	0.141
>AMWMGGCT	4-AMWMGGCT	6.175961	-21.922503	0	T:170.0(18.99%),B:4103.3(11.78%),P:1e-9	Tpos:98.2,Tstd:54.2,Bpos:100.0,Bstd:57.7,StrandBias:-0.4,Multiplicity:1.10
0.826	0.123	0.050	0.001
0.483	0.412	0.104	0.001
0.453	0.067	0.026	0.454
0.445	0.519	0.001	0.035
0.001	0.001	0.829	0.169
0.235	0.001	0.525	0.239
0.294	0.512	0.018	0.176
0.001	0.085	0.001	0.913
>ACGCAGGA	5-ACGCAGGA	7.785709	-21.894597	0	T:69.0(7.71%),B:1166.9(3.35%),P:1e-9	Tpos:105.6,Tstd:61.0,Bpos:109.9,Bstd:56.5,StrandBias:0.4,Multiplicity:1.09
0.961	0.001	0.037	0.001
0.001	0.639	0.202	0.158
0.083	0.001	0.809	0.107
0.001	0.997	0.001	0.001
0.881	0.001	0.001	0.117
0.025	0.001	0.973	0.001
0.001	0.018	0.980	0.001
0.860	0.001	0.021	0.118
>GATCGCGT	6-GATCGCGT	7.677158	-20.145193	0	T:47.0(5.25%),B:674.5(1.94%),P:1e-8	Tpos:107.6,Tstd:55.7,Bpos:102.3,Bstd:54.4,StrandBias:0.0,Multiplicity:1.00
0.153	0.001	0.565	0.281
0.675	0.001	0.001	0.323
0.001	0.001	0.001	0.997
0.001	0.628	0.001	0.370
0.001	0.001	0.997	0.001
0.118	0.593	0.001	0.288
0.001	0.001	0.764	0.234
0.001	0.001	0.001	0.997
>ACACGTAA	7-ACACGTAA	7.606735	-20.127111	0	T:78.0(8.72%),B:1457.4(4.18%),P:1e-8	Tpos:86.6,Tstd:56.5,Bpos:97.8,Bstd:58.8,StrandBias:-0.1,Multiplicity:1.04
0.872	0.001	0.126	0.001
0.038	0.960	0.001	0.001
0.997	0.001	0.001	0.001
0.180	0.769	0.050	0.001
0.001	0.001	0.971	0.027
0.084	0.001	0.030	0.885
0.773	0.001	0.225	0.001
0.874	0.001	0.072	0.053
>TCSGACYA	8-TCSGACYA	6.277112	-19.429249	0	T:103.0(11.51%),B:2186.7(6.28%),P:1e-8	Tpos:110.7,Tstd:56.7,Bpos:103.2,Bstd:55.3,StrandBias:-0.3,Multiplicity:1.16
0.004	0.203	0.003	0.790
0.005	0.838	0.046	0.111
0.071	0.467	0.348	0.114
0.002	0.001	0.666	0.331
0.590	0.406	0.003	0.001
0.046	0.898	0.001	0.055
0.001	0.550	0.001	0.448
0.668	0.001	0.223	0.108
>TATACTGT	9-TATACTGT	8.236954	-19.069423	0	T:32.0(3.58%),B:368.8(1.06%),P:1e-8	Tpos:117.1,Tstd:57.5,Bpos:94.6,Bstd:59.9,StrandBias:0.1,Multiplicity:1.03
0.100	0.100	0.100	0.700
0.700	0.100	0.100	0.100
0.100	0.100	0.100	0.700
0.700	0.100	0.100	0.100
0.100	0.700	0.100	0.100
0.100	0.100	0.100	0.700
0.100	0.100	0.700	0.100
0.100	0.100	0.100	0.700
>TTGGGCCC	10-TTGGGCCC	5.636498	-17.615325	0	T:83.0(9.27%),B:1687.2(4.84%),P:1e-7	Tpos:90.6,Tstd:57.8,Bpos:101.1,Bstd:54.5,StrandBias:0.5,Multiplicity:1.00
0.124	0.045	0.024	0.807
0.107	0.049	0.186	0.658
0.106	0.043	0.689	0.162
0.078	0.055	0.819	0.048
0.069	0.084	0.794	0.053
0.087	0.706	0.199	0.008
0.045	0.791	0.074	0.090
0.056	0.743	0.137	0.064
>ACTGAGAA	11-ACTGAGAA	6.668670	-17.399930	0	T:66.0(7.37%),B:1226.5(3.52%),P:1e-7	Tpos:108.5,Tstd:60.1,Bpos:99.4,Bstd:60.2,StrandBias:0.1,Multiplicity:1.02
0.997	0.001	0.001	0.001
0.001	0.997	0.001	0.001
0.001	0.001	0.001	0.997
0.001	0.001	0.899	0.099
0.997	0.001	0.001	0.001
0.001	0.001	0.997	0.001
0.884	0.001	0.001	0.114
0.879	0.001	0.001	0.119
>GHTCCGGA	12-GHTCCGGA	6.960426	-16.311164	0	T:84.0(9.39%),B:1769.8(5.08%),P:1e-7	Tpos:98.2,Tstd:55.5,Bpos:109.7,Bstd:56.3,StrandBias:-0.1,Multiplicity:1.11
0.001	0.001	0.997	0.001
0.399	0.336	0.001	0.264
0.001	0.001	0.001	0.997
0.001	0.997	0.001	0.001
0.261	0.467	0.001	0.271
0.001	0.001	0.847	0.151
0.001	0.001	0.997	0.001
0.997	0.001	0.001	0.001
>AGGCATTA	13-AGGCATTA	8.236954	-16.131569	0	T:17.0(1.90%),B:131.2(0.38%),P:1e-7	Tpos:111.4,Tstd:57.7,Bpos:86.9,Bstd:57.0,StrandBias:0.9,Multiplicity:1.00
0.700	0.100	0.100	0.100
0.100	0.100	0.700	0.100
0.100	0.100	0.700	0.100
0.100	0.700	0.100	0.100
0.700	0.100	0.100	0.100
0.100	0.100	0.100	0.700
0.100	0.100	0.100	0.700
0.700	0.100	0.100	0.100
>GTTAGAGA	14-GTTAGAGA	7.104243	-15.793197	0	T:74.0(8.27%),B:1505.2(4.32%),P:1e-6	Tpos:117.4,Tstd:54.6,Bpos:100.5,Bstd:58.0,StrandBias:1.6,Multiplicity:1.07
0.001	0.001	0.997	0.001
0.001	0.001	0.210	0.788
0.001	0.075	0.001	0.923
0.997	0.001	0.001	0.001
0.319	0.001	0.679	0.001
0.997	0.001	0.001	0.001
0.001	0.001	0.997	0.001
0.997	0.001	0.001	0.001
>TCTAGAAC	15-TCTAGAAC	8.236954	-15.370559	0	T:15.0(1.68%),B:107.4(0.31%),P:1e-6	Tpos:98.4,Tstd:55.1,Bpos:96.2,Bstd:55.9,StrandBias:-1.4,Multiplicity:1.13
0.100	0.100	0.100	0.700
0.100	0.700	0.100	0.100
0.100	0.100	0.100	0.700
0.700	0.100	0.100	0.100
0.100	0.100	0.700	0.100
0.700	0.100	0.100	0.100
0.700	0.100	0.100	0.100
0.100	0.700	0.100	0.100
>CACGCGTA	16-CACGCGTA	7.109107	-15.341778	0	T:57.0(6.37%),B:1054.5(3.03%),P:1e-6	Tpos:99.8,Tstd:48.9,Bpos:95.9,Bstd:52.9,StrandBias:0.7,Multiplicity:1.12
0.047	0.865	0.056	0.032
0.835	0.055	0.015	0.095
0.001	0.722	0.052	0.225
0.001	0.001	0.938	0.060
0.001	0.978	0.020	0.001
0.001	0.001	0.997	0.001
0.054	0.001	0.122	0.823
0.875	0.099	0.001	0.025
>GCTTAAGC	17-GCTTAAGC	8.236954	-14.724410	0	T:7.0(0.78%),B:17.1(0.05%),P:1e-6	Tpos:96.6,Tstd:42.1,Bpos:101.7,Bstd:46.6,StrandBias:0.0,Multiplicity:1.00
0.100	0.100	0.700	0.100
0.100	0.700	0.100	0.100
0.100	0.100	0.100	0.700
0.100	0.100	0.100	0.700
0.700	0.100	0.100	0.100
0.700	0.100	0.100	0.100
0.100	0.100	0.700	0.100
0.100	0.700	0.100	0.100
>GGTGTCAT	18-GGTGTCAT	8.124883	-14.239833	0	T:53.0(5.92%),B:984.2(2.83%),P:1e-6	Tpos:104.7,Tstd:58.1,Bpos:97.9,Bstd:55.9,StrandBias:-1.9,Multiplicity:1.02
0.001	0.001	0.997	0.001
0.001	0.001	0.997	0.001
0.001	0.001	0.134	0.864
0.001	0.001	0.997	0.001
0.001	0.001	0.077	0.921
0.001	0.895	0.001	0.103
0.997	0.001	0.001	0.001
0.001	0.122	0.001	0.876
>GTCTTTCT	19-GTCTTTCT	9.053738	-12.432209	0	T:40.0(4.47%),B:700.6(2.01%),P:1e-5	Tpos:105.8,Tstd:57.3,Bpos:102.4,Bstd:57.2,StrandBias:-2.3,Multiplicity:1.08
0.001	0.001	0.997	0.001
0.001	0.001	0.001	0.997
0.001	0.997	0.001	0.001
0.091	0.001	0.001	0.907
0.001	0.137	0.001	0.861
0.001	0.084	0.001	0.914
0.185	0.639	0.175	0.001
0.001	0.001	0.001	0.997
>CTCGAGCM	20-CTCGAGCM	7.178583	-11.876409	0	T:36.0(4.02%),B:614.0(1.76%),P:1e-5	Tpos:111.9,Tstd:48.6,Bpos:102.6,Bstd:55.3,StrandBias:0.6,Multiplicity:1.00
0.001	0.997	0.001	0.001
0.001	0.001	0.001	0.997
0.001	0.997	0.001	0.001
0.001	0.419	0.579	0.001
0.997	0.001	0.001	0.001
0.001	0.001	0.997	0.001
0.001	0.927	0.001	0.071
0.494	0.504	0.001	0.001
>ACGACGTC	21-ACGACGTC	7.994164	-11.412769	0	T:40.0(4.47%),B:732.9(2.10%),P:1e-4	Tpos:112.6,Tstd:50.3,Bpos:106.2,Bstd:55.6,StrandBias:0.0,Multiplicity:1.08
0.997	0.001	0.001	0.001
0.001	0.997	0.001	0.001
0.163	0.001	0.835	0.001
0.773	0.001	0.001	0.225
0.076	0.922	0.001	0.001
0.001	0.001	0.997	0.001
0.001	0.001	0.001	0.997
0.001	0.933	0.065	0.001
>ARCCSAGT	22-ARCCSAGT	8.076612	-9.210473	0	T:41.0(4.58%),B:839.5(2.41%),P:1e-4	Tpos:90.5,Tstd:57.0,Bpos:103.7,Bstd:56.7,StrandBias:0.1,Multiplicity:1.00
0.771	0.001	0.227	0.001
0.572	0.001	0.426	0.001
0.001	0.997	0.001	0.001
0.001	0.997	0.001	0.001
0.001	0.521	0.477	0.001
0.961	0.001	0.037	0.001
0.001	0.001	0.717	0.281
0.001	0.419	0.001	0.579
>ACCAATCC	23-ACCAATCC	9.309738	-5.553625	0	T:22.0(2.46%),B:451.8(1.30%),P:1e-2	Tpos:119.1,Tstd:59.1,Bpos:102.2,Bstd:59.2,StrandBias:-0.4,Multiplicity:1.00
0.997	0.001	0.001	0.001
0.001	0.660	0.001	0.338
0.001	0.997	0.001	0.001
0.738	0.260	0.001	0.001
0.997	0.001	0.001	0.001
0.001	0.001	0.001	0.997
0.001	0.997	0.001	0.001
0.001	0.997	0.001	0.001
>ATATATAT	24-ATATATAT	8.236954	-2.074200	0	T:12.0(1.34%),B:319.3(0.92%),P:1e0	Tpos:48.2,Tstd:29.0,Bpos:62.5,Bstd:50.3,StrandBias:0.0,Multiplicity:1.00
0.700	0.100	0.100	0.100
0.100	0.100	0.100	0.700
0.700	0.100	0.100	0.100
0.100	0.100	0.100	0.700
0.700	0.100	0.100	0.100
0.100	0.100	0.100	0.700
0.700	0.100	0.100	0.100
0.100	0.100	0.100	0.700
