>ATTTTTGATTTT	3-AAAATCAAAAAT	8.876360	-51.130456	0	T:127.0(10.29%),B:2675.5(3.84%),P:1e-22
0.717	0.037	0.134	0.112
0.087	0.040	0.040	0.833
0.166	0.001	0.009	0.824
0.018	0.040	0.079	0.863
0.026	0.230	0.081	0.663
0.120	0.001	0.050	0.829
0.001	0.198	0.694	0.107
0.893	0.016	0.080	0.011
0.184	0.018	0.105	0.693
0.001	0.019	0.001	0.979
0.049	0.095	0.010	0.846
0.075	0.001	0.001	0.923
