>AAATTTTTAAAA	2-AAATTTTTAAAA	6.418069	-59.456670	0	T:496.0(40.19%),B:18290.8(26.28%),P:1e-25
0.653	0.103	0.098	0.146
0.679	0.080	0.105	0.136
0.688	0.091	0.069	0.152
0.151	0.093	0.086	0.670
0.131	0.090	0.088	0.691
0.111	0.081	0.091	0.717
0.139	0.102	0.095	0.664
0.144	0.098	0.114	0.644
0.609	0.126	0.125	0.140
0.655	0.101	0.122	0.122
0.669	0.092	0.106	0.133
0.663	0.073	0.097	0.167
