>GGGGGGGGGGGG	8-GGGGGGGGGGGG,BestGuess:PB0097.1_Zfp281_1/Jaspar(0.925)	7.279767	-28.682390	0	T:51.0(4.13%),B:865.1(1.24%),P:1e-12
0.089	0.078	0.682	0.151
0.095	0.075	0.693	0.137
0.091	0.072	0.747	0.090
0.124	0.048	0.771	0.057
0.110	0.048	0.755	0.087
0.060	0.042	0.812	0.086
0.102	0.036	0.782	0.080
0.072	0.036	0.835	0.057
0.093	0.048	0.753	0.106
0.067	0.020	0.780	0.133
0.114	0.037	0.715	0.134
0.147	0.056	0.677	0.120
