>TVTMTSTMTVTM	16-TVTMTSTMTVTM	9.299964	-15.832963	0	T:32.0(2.59%),B:614.1(0.88%),P:1e-6
0.020	0.011	0.049	0.920
0.282	0.395	0.259	0.064
0.051	0.043	0.074	0.832
0.521	0.382	0.001	0.096
0.149	0.084	0.001	0.766
0.207	0.368	0.343	0.081
0.095	0.049	0.005	0.851
0.436	0.382	0.086	0.096
0.171	0.092	0.027	0.710
0.317	0.318	0.302	0.063
0.086	0.082	0.033	0.799
0.451	0.360	0.072	0.117
