>AHATTTAATATA	4-TATATTAAATDT	8.331641	-40.678682	0	T:128.0(10.37%),B:3084.5(4.43%),P:1e-17
0.680	0.017	0.131	0.172
0.349	0.264	0.035	0.352
0.749	0.042	0.119	0.090
0.025	0.127	0.035	0.813
0.083	0.001	0.123	0.793
0.103	0.056	0.149	0.692
0.848	0.001	0.111	0.040
0.850	0.026	0.117	0.007
0.009	0.073	0.001	0.917
0.727	0.014	0.113	0.146
0.081	0.074	0.001	0.844
0.933	0.028	0.001	0.038
