>CTTAAAWTTTTD	1-CTTAAAWTTTTD	5.240843	-63.253809	0	T:749.0(60.70%),B:31406.3(45.12%),P:1e-27
0.081	0.482	0.156	0.281
0.068	0.224	0.100	0.608
0.207	0.174	0.138	0.480
0.568	0.108	0.121	0.203
0.765	0.001	0.051	0.183
0.775	0.014	0.038	0.173
0.404	0.174	0.154	0.268
0.252	0.016	0.123	0.609
0.092	0.001	0.065	0.842
0.146	0.124	0.076	0.654
0.163	0.186	0.187	0.464
0.265	0.162	0.262	0.312
