>CTGTCTGTCTGT	22-CTGTCTGTCTGT	9.337492	-10.961987	0	T:36.0(2.92%),B:927.0(1.33%),P:1e-4
0.057	0.764	0.119	0.060
0.031	0.028	0.085	0.856
0.028	0.059	0.912	0.001
0.052	0.012	0.085	0.851
0.108	0.693	0.066	0.133
0.023	0.001	0.001	0.975
0.052	0.021	0.880	0.047
0.094	0.029	0.080	0.797
0.049	0.780	0.023	0.148
0.047	0.028	0.042	0.883
0.071	0.119	0.763	0.047
0.072	0.074	0.001	0.853
