>TATATTAAATDT	4-TATATTAAATDT,BestGuess:Arid3a/MA0151.1/Jaspar(0.711)	8.331641	-40.678682	0	T:128.0(10.37%),B:3084.5(4.43%),P:1e-17
0.038	0.001	0.028	0.933
0.844	0.001	0.074	0.081
0.146	0.113	0.014	0.727
0.917	0.001	0.073	0.009
0.007	0.117	0.026	0.850
0.040	0.111	0.001	0.848
0.692	0.149	0.056	0.103
0.793	0.123	0.001	0.083
0.813	0.035	0.127	0.025
0.090	0.119	0.042	0.749
0.352	0.035	0.264	0.349
0.172	0.131	0.017	0.680
