>HMAAAAWTTT	1-HMAAAAWTTT	6.755877	-102.263962	0	T:427.0(31.75%),B:11699.2(16.19%),P:1e-44	Tpos:97.3,Tstd:54.5,Bpos:100.3,Bstd:137.7,StrandBias:0.0,Multiplicity:1.29
0.274	0.296	0.116	0.314
0.473	0.398	0.036	0.093
0.590	0.185	0.113	0.112
0.712	0.134	0.033	0.121
0.938	0.009	0.007	0.046
0.781	0.004	0.050	0.165
0.463	0.067	0.001	0.469
0.186	0.001	0.021	0.792
0.120	0.001	0.146	0.733
0.126	0.153	0.140	0.581
>AGMAAAAATM	2-AGMAAAAATM	5.257325	-89.278882	0	T:819.0(60.89%),B:31118.4(43.07%),P:1e-38	Tpos:101.5,Tstd:56.2,Bpos:99.6,Bstd:124.1,StrandBias:-0.2,Multiplicity:1.30
0.563	0.106	0.099	0.232
0.185	0.205	0.414	0.196
0.252	0.395	0.178	0.176
0.681	0.114	0.015	0.190
0.714	0.001	0.126	0.159
0.855	0.048	0.001	0.096
0.659	0.080	0.086	0.175
0.614	0.093	0.089	0.204
0.209	0.154	0.093	0.544
0.277	0.392	0.179	0.152
>TTTTAAAATT	3-TTTTAAAATT	6.795948	-72.585674	0	T:466.0(34.65%),B:14990.3(20.75%),P:1e-31	Tpos:98.0,Tstd:55.7,Bpos:100.4,Bstd:130.5,StrandBias:-0.2,Multiplicity:1.21
0.044	0.044	0.046	0.866
0.063	0.035	0.044	0.858
0.081	0.068	0.073	0.778
0.076	0.094	0.054	0.776
0.767	0.055	0.102	0.076
0.768	0.076	0.106	0.050
0.858	0.034	0.047	0.061
0.732	0.087	0.088	0.093
0.072	0.102	0.021	0.805
0.058	0.048	0.023	0.871
>AAAWAAAWAW	4-AAAWAAAWAW	7.092919	-54.703172	0	T:405.0(30.11%),B:13445.2(18.61%),P:1e-23	Tpos:100.9,Tstd:52.4,Bpos:101.3,Bstd:134.2,StrandBias:0.1,Multiplicity:1.19
0.668	0.001	0.136	0.195
0.730	0.001	0.001	0.268
0.912	0.086	0.001	0.001
0.567	0.001	0.001	0.431
0.721	0.113	0.001	0.165
0.744	0.166	0.089	0.001
0.659	0.001	0.185	0.155
0.545	0.001	0.001	0.453
0.451	0.195	0.116	0.237
0.393	0.185	0.138	0.284
>CCACATTTTC	5-CCACATTTTC	6.550922	-49.582272	0	T:308.0(22.90%),B:9548.9(13.21%),P:1e-21	Tpos:102.0,Tstd:57.6,Bpos:102.5,Bstd:99.2,StrandBias:-0.1,Multiplicity:1.09
0.038	0.734	0.055	0.173
0.318	0.537	0.064	0.081
0.789	0.008	0.033	0.170
0.001	0.701	0.203	0.095
0.793	0.008	0.042	0.157
0.236	0.001	0.074	0.689
0.057	0.163	0.157	0.623
0.001	0.001	0.027	0.971
0.075	0.008	0.145	0.772
0.001	0.899	0.099	0.001
>ATATATCTCA	6-ATATATCTCA	7.194777	-35.914441	0	T:173.0(12.86%),B:4820.4(6.67%),P:1e-15	Tpos:101.5,Tstd:52.4,Bpos:99.4,Bstd:108.9,StrandBias:0.2,Multiplicity:1.13
0.869	0.018	0.007	0.106
0.001	0.048	0.001	0.950
0.859	0.066	0.001	0.074
0.008	0.001	0.001	0.990
0.526	0.115	0.175	0.184
0.001	0.088	0.140	0.771
0.001	0.851	0.049	0.099
0.090	0.021	0.134	0.755
0.086	0.694	0.187	0.033
0.734	0.011	0.131	0.124
>ATATATATAT	7-ATATATATAT	10.712336	-34.440660	0	T:22.0(1.64%),B:112.6(0.16%),P:1e-14	Tpos:109.3,Tstd:46.2,Bpos:99.7,Bstd:113.8,StrandBias:-0.0,Multiplicity:1.18
0.954	0.001	0.001	0.044
0.001	0.001	0.001	0.997
0.997	0.001	0.001	0.001
0.001	0.001	0.001	0.997
0.997	0.001	0.001	0.001
0.001	0.001	0.001	0.997
0.997	0.001	0.001	0.001
0.001	0.001	0.001	0.997
0.997	0.001	0.001	0.001
0.001	0.001	0.001	0.997
>DGGGGGGGSN	8-DGGGGGGGSN	6.983946	-33.772436	0	T:69.0(5.13%),B:1222.6(1.69%),P:1e-14	Tpos:105.0,Tstd:52.9,Bpos:101.5,Bstd:67.5,StrandBias:-0.8,Multiplicity:1.21
0.277	0.001	0.355	0.367
0.405	0.001	0.560	0.034
0.225	0.001	0.773	0.001
0.047	0.001	0.871	0.081
0.001	0.083	0.893	0.023
0.001	0.069	0.856	0.074
0.253	0.021	0.690	0.036
0.213	0.070	0.544	0.173
0.212	0.363	0.214	0.210
0.286	0.305	0.184	0.224
>ACTTTTCTGA	9-ACTTTTCTGA	9.045038	-32.245452	0	T:76.0(5.65%),B:1479.1(2.05%),P:1e-14	Tpos:97.2,Tstd:54.3,Bpos:98.0,Bstd:87.6,StrandBias:-0.3,Multiplicity:1.06
0.438	0.272	0.046	0.243
0.207	0.628	0.119	0.046
0.151	0.001	0.001	0.847
0.206	0.041	0.001	0.752
0.001	0.001	0.221	0.777
0.001	0.001	0.001	0.997
0.001	0.997	0.001	0.001
0.001	0.001	0.001	0.997
0.200	0.109	0.690	0.001
0.878	0.001	0.120	0.001
>AGTAGGCCTA	10-AGTAGGCCTA	9.700796	-32.238138	0	T:26.0(1.93%),B:189.0(0.26%),P:1e-14	Tpos:82.3,Tstd:53.9,Bpos:99.8,Bstd:62.2,StrandBias:-0.7,Multiplicity:1.04
0.780	0.001	0.028	0.191
0.048	0.046	0.874	0.032
0.001	0.001	0.001	0.997
0.764	0.001	0.185	0.050
0.040	0.040	0.919	0.001
0.040	0.001	0.958	0.001
0.045	0.953	0.001	0.001
0.030	0.931	0.038	0.001
0.029	0.001	0.001	0.969
0.949	0.001	0.049	0.001
>CTACTGAAGA	11-CTACTGAAGA	9.920518	-29.394402	0	T:21.0(1.56%),B:130.0(0.18%),P:1e-12	Tpos:88.2,Tstd:59.8,Bpos:106.8,Bstd:51.2,StrandBias:0.5,Multiplicity:1.05
0.001	0.997	0.001	0.001
0.076	0.001	0.001	0.922
0.746	0.252	0.001	0.001
0.167	0.831	0.001	0.001
0.045	0.203	0.063	0.689
0.242	0.001	0.756	0.001
0.553	0.001	0.324	0.122
0.545	0.001	0.102	0.352
0.001	0.001	0.997	0.001
0.997	0.001	0.001	0.001
>GATGATGATG	12-GATGATGATG	10.824165	-24.861393	0	T:29.0(2.16%),B:328.5(0.45%),P:1e-10	Tpos:102.3,Tstd:59.0,Bpos:86.5,Bstd:120.0,StrandBias:0.1,Multiplicity:1.21
0.092	0.001	0.906	0.001
0.976	0.001	0.022	0.001
0.001	0.001	0.001	0.997
0.001	0.001	0.997	0.001
0.997	0.001	0.001	0.001
0.123	0.066	0.116	0.695
0.001	0.001	0.997	0.001
0.972	0.001	0.001	0.026
0.029	0.031	0.001	0.939
0.088	0.001	0.910	0.001
>MCCCCCCCCY	13-MCCCCCCCCY	9.085979	-24.265133	0	T:33.0(2.45%),B:432.9(0.60%),P:1e-10	Tpos:117.4,Tstd:50.0,Bpos:101.1,Bstd:70.0,StrandBias:-0.4,Multiplicity:1.03
0.267	0.360	0.190	0.183
0.099	0.741	0.108	0.052
0.001	0.987	0.001	0.011
0.001	0.986	0.002	0.011
0.069	0.929	0.001	0.001
0.027	0.932	0.040	0.001
0.044	0.733	0.001	0.222
0.290	0.465	0.001	0.244
0.175	0.506	0.039	0.280
0.196	0.414	0.087	0.302
>GGCGGCCCRC	14-GGCGGCCCRC	13.044916	-22.001143	0	T:7.0(0.52%),B:8.4(0.01%),P:1e-9	Tpos:98.4,Tstd:53.6,Bpos:84.2,Bstd:36.5,StrandBias:1.0,Multiplicity:1.29
0.001	0.001	0.997	0.001
0.001	0.051	0.947	0.001
0.001	0.997	0.001	0.001
0.001	0.001	0.997	0.001
0.001	0.001	0.997	0.001
0.001	0.832	0.166	0.001
0.001	0.997	0.001	0.001
0.001	0.997	0.001	0.001
0.426	0.001	0.572	0.001
0.001	0.997	0.001	0.001
>CCTTCGGCAT	15-CCTTCGGCAT	10.296193	-20.916240	0	T:6.0(0.45%),B:5.4(0.01%),P:1e-9	Tpos:103.0,Tstd:56.6,Bpos:91.0,Bstd:45.7,StrandBias:1.0,Multiplicity:1.00
0.100	0.700	0.100	0.100
0.100	0.700	0.100	0.100
0.100	0.100	0.100	0.700
0.100	0.100	0.100	0.700
0.100	0.700	0.100	0.100
0.100	0.100	0.700	0.100
0.100	0.100	0.700	0.100
0.100	0.700	0.100	0.100
0.700	0.100	0.100	0.100
0.100	0.100	0.100	0.700
>GGCAGACGCC	16-GGCAGACGCC	10.296193	-20.916240	0	T:6.0(0.45%),B:5.2(0.01%),P:1e-9	Tpos:84.0,Tstd:56.1,Bpos:122.6,Bstd:25.9,StrandBias:-1.0,Multiplicity:1.00
0.100	0.100	0.700	0.100
0.100	0.100	0.700	0.100
0.100	0.700	0.100	0.100
0.700	0.100	0.100	0.100
0.100	0.100	0.700	0.100
0.700	0.100	0.100	0.100
0.100	0.700	0.100	0.100
0.100	0.100	0.700	0.100
0.100	0.700	0.100	0.100
0.100	0.700	0.100	0.100
>CATGACCCTC	17-CATGACCCTC	8.428987	-20.489526	0	T:12.0(0.89%),B:56.3(0.08%),P:1e-8	Tpos:100.8,Tstd:52.0,Bpos:101.2,Bstd:67.8,StrandBias:0.5,Multiplicity:1.42
0.001	0.997	0.001	0.001
0.997	0.001	0.001	0.001
0.001	0.086	0.001	0.912
0.001	0.001	0.946	0.052
0.997	0.001	0.001	0.001
0.001	0.997	0.001	0.001
0.001	0.997	0.001	0.001
0.001	0.997	0.001	0.001
0.001	0.001	0.001	0.997
0.001	0.997	0.001	0.001
>GCGCTTATTT	18-GCGCTTATTT	11.748428	-18.859082	0	T:9.0(0.67%),B:29.9(0.04%),P:1e-8	Tpos:119.3,Tstd:49.4,Bpos:130.2,Bstd:77.7,StrandBias:1.8,Multiplicity:1.00
0.001	0.001	0.997	0.001
0.001	0.997	0.001	0.001
0.001	0.001	0.997	0.001
0.001	0.997	0.001	0.001
0.001	0.001	0.001	0.997
0.001	0.001	0.001	0.997
0.997	0.001	0.001	0.001
0.001	0.001	0.001	0.997
0.124	0.001	0.001	0.874
0.001	0.001	0.001	0.997
>GGCGGCCCAC	19-GGCGGCCCAC	11.114025	-18.128966	0	T:8.0(0.59%),B:22.1(0.03%),P:1e-7	Tpos:94.0,Tstd:62.2,Bpos:109.2,Bstd:47.0,StrandBias:-0.4,Multiplicity:1.75
0.001	0.100	0.898	0.001
0.001	0.001	0.997	0.001
0.001	0.997	0.001	0.001
0.001	0.001	0.997	0.001
0.001	0.001	0.997	0.001
0.001	0.997	0.001	0.001
0.001	0.997	0.001	0.001
0.001	0.925	0.073	0.001
0.997	0.001	0.001	0.001
0.001	0.997	0.001	0.001
>AGATTTATGG	20-AGATTTATGG	7.764280	-16.263256	0	T:20.0(1.49%),B:247.8(0.34%),P:1e-7	Tpos:98.9,Tstd:52.9,Bpos:98.9,Bstd:62.8,StrandBias:0.0,Multiplicity:1.20
0.507	0.225	0.046	0.222
0.023	0.230	0.456	0.291
0.640	0.010	0.083	0.267
0.211	0.257	0.027	0.505
0.344	0.023	0.087	0.546
0.025	0.009	0.360	0.606
0.633	0.166	0.117	0.084
0.043	0.300	0.052	0.605
0.043	0.051	0.588	0.318
0.029	0.021	0.909	0.041
>GTCTGTCTGT	21-GTCTGTCTGT	8.292506	-12.985920	0	T:70.0(5.20%),B:2070.4(2.87%),P:1e-5	Tpos:94.9,Tstd:55.4,Bpos:101.2,Bstd:77.1,StrandBias:-0.1,Multiplicity:1.15
0.001	0.153	0.845	0.001
0.001	0.180	0.078	0.741
0.135	0.784	0.068	0.013
0.098	0.026	0.001	0.875
0.125	0.024	0.850	0.001
0.192	0.077	0.001	0.730
0.131	0.619	0.249	0.001
0.001	0.140	0.065	0.794
0.111	0.183	0.705	0.001
0.001	0.012	0.001	0.986
>TAATAATATT	22-TAATAATATT	10.238229	-10.576078	0	T:29.0(2.16%),B:653.8(0.90%),P:1e-4	Tpos:138.5,Tstd:49.1,Bpos:113.0,Bstd:185.7,StrandBias:-0.1,Multiplicity:1.10
0.001	0.001	0.001	0.997
0.997	0.001	0.001	0.001
0.845	0.001	0.001	0.153
0.001	0.001	0.001	0.997
0.997	0.001	0.001	0.001
0.659	0.001	0.001	0.339
0.001	0.001	0.001	0.997
0.997	0.001	0.001	0.001
0.270	0.001	0.001	0.728
0.001	0.001	0.001	0.997
>TAGAGAGAGA	23-TAGAGAGAGA	9.952254	-10.553654	0	T:24.0(1.78%),B:488.7(0.68%),P:1e-4	Tpos:88.7,Tstd:45.8,Bpos:88.6,Bstd:81.5,StrandBias:-2.4,Multiplicity:1.00
0.001	0.001	0.084	0.914
0.937	0.001	0.001	0.061
0.001	0.001	0.993	0.005
0.860	0.001	0.131	0.008
0.001	0.001	0.772	0.226
0.872	0.001	0.007	0.120
0.001	0.017	0.883	0.099
0.895	0.011	0.093	0.001
0.138	0.068	0.793	0.001
0.997	0.001	0.001	0.001
>TAAAGTAAAG	24-TAAAGTAAAG	11.132839	-7.181502	0	T:7.0(0.52%),B:78.2(0.11%),P:1e-3	Tpos:62.4,Tstd:41.5,Bpos:102.1,Bstd:78.8,StrandBias:-2.5,Multiplicity:2.86
0.001	0.001	0.001	0.997
0.931	0.001	0.067	0.001
0.997	0.001	0.001	0.001
0.997	0.001	0.001	0.001
0.001	0.001	0.997	0.001
0.001	0.001	0.001	0.997
0.997	0.001	0.001	0.001
0.997	0.001	0.001	0.001
0.997	0.001	0.001	0.001
0.001	0.001	0.997	0.001
>GCCAGTGGGT	25-GCCAGTGGGT	10.296193	-1.869161	0	T:1.0(0.07%),B:9.3(0.01%),P:1e0	Tpos:95.5,Tstd:54.6,Bpos:83.2,Bstd:38.6,StrandBias:10.0,Multiplicity:10.00
0.100	0.100	0.700	0.100
0.100	0.700	0.100	0.100
0.100	0.700	0.100	0.100
0.700	0.100	0.100	0.100
0.100	0.100	0.700	0.100
0.100	0.100	0.100	0.700
0.100	0.100	0.700	0.100
0.100	0.100	0.700	0.100
0.100	0.100	0.700	0.100
0.100	0.100	0.100	0.700
>NBYAAAATTTTK	1-NBYAAAATTTTK	5.638678	-94.774833	0	T:721.0(53.61%),B:25648.5(35.50%),P:1e-41	Tpos:100.9,Tstd:53.4,Bpos:99.3,Bstd:121.8,StrandBias:0.0,Multiplicity:1.37
0.320	0.240	0.184	0.256
0.171	0.331	0.290	0.208
0.169	0.386	0.180	0.265
0.463	0.131	0.160	0.247
0.915	0.068	0.001	0.016
0.755	0.049	0.097	0.099
0.701	0.001	0.001	0.297
0.302	0.001	0.047	0.650
0.075	0.001	0.001	0.923
0.020	0.158	0.106	0.716
0.096	0.094	0.069	0.741
0.069	0.187	0.345	0.399
>TTTHTDAWTTTT	2-TTTHTDAWTTTT	6.313274	-88.905161	0	T:517.0(38.44%),B:16288.9(22.54%),P:1e-38	Tpos:101.6,Tstd:54.5,Bpos:98.7,Bstd:157.1,StrandBias:-0.2,Multiplicity:1.41
0.253	0.073	0.141	0.533
0.263	0.001	0.127	0.609
0.289	0.075	0.046	0.590
0.300	0.273	0.040	0.386
0.311	0.135	0.073	0.481
0.358	0.085	0.238	0.319
0.517	0.050	0.109	0.324
0.372	0.064	0.120	0.443
0.357	0.036	0.001	0.606
0.215	0.051	0.001	0.733
0.229	0.111	0.026	0.634
0.223	0.095	0.175	0.507
>GTAGTGATAAAT	3-GTAGTGATAAAT	14.318233	-41.180662	0	T:10.0(0.74%),B:4.1(0.01%),P:1e-17	Tpos:75.3,Tstd:59.0,Bpos:113.1,Bstd:60.3,StrandBias:1.8,Multiplicity:1.00
0.001	0.001	0.997	0.001
0.001	0.001	0.001	0.997
0.883	0.001	0.115	0.001
0.001	0.001	0.997	0.001
0.001	0.001	0.001	0.997
0.001	0.001	0.997	0.001
0.883	0.001	0.001	0.115
0.001	0.001	0.001	0.997
0.997	0.001	0.001	0.001
0.997	0.001	0.001	0.001
0.997	0.001	0.001	0.001
0.001	0.001	0.001	0.997
>TGTGYCCAAATG	4-TGTGYCCAAATG	9.921544	-40.079053	0	T:11.0(0.82%),B:7.8(0.01%),P:1e-17	Tpos:105.7,Tstd:51.8,Bpos:95.7,Bstd:37.0,StrandBias:0.8,Multiplicity:1.00
0.001	0.001	0.001	0.997
0.107	0.001	0.891	0.001
0.001	0.105	0.001	0.893
0.001	0.001	0.997	0.001
0.111	0.444	0.001	0.444
0.001	0.997	0.001	0.001
0.001	0.997	0.001	0.001
0.997	0.001	0.001	0.001
0.997	0.001	0.001	0.001
0.997	0.001	0.001	0.001
0.001	0.001	0.001	0.997
0.001	0.001	0.997	0.001
>ATATAGGCCTAG	5-ATATAGGCCTAG	9.715580	-34.737638	0	T:30.0(2.23%),B:237.0(0.33%),P:1e-15	Tpos:84.0,Tstd:49.8,Bpos:102.5,Bstd:71.4,StrandBias:1.2,Multiplicity:1.10
0.782	0.094	0.123	0.001
0.001	0.101	0.061	0.837
0.837	0.001	0.101	0.061
0.121	0.184	0.064	0.631
0.877	0.001	0.001	0.121
0.060	0.001	0.852	0.087
0.001	0.001	0.817	0.181
0.050	0.827	0.122	0.001
0.091	0.847	0.001	0.061
0.001	0.181	0.001	0.817
0.997	0.001	0.001	0.001
0.084	0.246	0.543	0.127
>TATATATATATA	6-TATATATATATA	11.669989	-34.353873	0	T:20.0(1.49%),B:87.6(0.12%),P:1e-14	Tpos:110.2,Tstd:45.7,Bpos:100.0,Bstd:116.1,StrandBias:0.1,Multiplicity:1.20
0.157	0.040	0.026	0.777
0.843	0.026	0.043	0.088
0.064	0.056	0.052	0.828
0.888	0.051	0.001	0.060
0.025	0.025	0.001	0.949
0.914	0.066	0.019	0.001
0.052	0.052	0.052	0.844
0.926	0.072	0.001	0.001
0.001	0.014	0.098	0.887
0.884	0.052	0.017	0.047
0.291	0.043	0.026	0.640
0.630	0.063	0.073	0.234
>TCGGCATTGTAG	7-TCGGCATTGTAG	12.355432	-33.756681	0	T:8.0(0.59%),B:3.9(0.01%),P:1e-14	Tpos:114.9,Tstd:56.4,Bpos:74.4,Bstd:30.9,StrandBias:1.6,Multiplicity:1.00
0.100	0.100	0.100	0.700
0.100	0.700	0.100	0.100
0.100	0.100	0.700	0.100
0.100	0.100	0.700	0.100
0.100	0.700	0.100	0.100
0.700	0.100	0.100	0.100
0.100	0.100	0.100	0.700
0.100	0.100	0.100	0.700
0.100	0.100	0.700	0.100
0.100	0.100	0.100	0.700
0.700	0.100	0.100	0.100
0.100	0.100	0.700	0.100
>YCRKCGGSCCGC	8-YCRKCGGSCCGC	10.322501	-32.657251	0	T:9.0(0.67%),B:6.4(0.01%),P:1e-14	Tpos:94.3,Tstd:50.7,Bpos:77.8,Bstd:36.7,StrandBias:0.3,Multiplicity:1.22
0.001	0.554	0.001	0.444
0.001	0.997	0.001	0.001
0.481	0.001	0.501	0.017
0.001	0.001	0.554	0.444
0.001	0.997	0.001	0.001
0.001	0.001	0.997	0.001
0.001	0.001	0.997	0.001
0.001	0.444	0.554	0.001
0.001	0.997	0.001	0.001
0.001	0.997	0.001	0.001
0.001	0.001	0.997	0.001
0.001	0.997	0.001	0.001
>ACTTTACTTTAC	9-ACTTTACTTTAC	12.354983	-31.481913	0	T:14.0(1.04%),B:36.6(0.05%),P:1e-13	Tpos:77.3,Tstd:47.6,Bpos:82.3,Bstd:93.6,StrandBias:2.2,Multiplicity:1.14
0.997	0.001	0.001	0.001
0.001	0.681	0.317	0.001
0.001	0.001	0.001	0.997
0.001	0.001	0.001	0.997
0.001	0.152	0.001	0.846
0.997	0.001	0.001	0.001
0.001	0.997	0.001	0.001
0.001	0.001	0.001	0.997
0.001	0.001	0.001	0.997
0.001	0.001	0.001	0.997
0.997	0.001	0.001	0.001
0.116	0.588	0.001	0.295
>CCAGTGAAAAAG	10-CCAGTGAAAAAG	14.842221	-30.509394	0	T:6.0(0.45%),B:1.1(0.00%),P:1e-13	Tpos:132.8,Tstd:69.9,Bpos:64.2,Bstd:37.5,StrandBias:0.0,Multiplicity:1.00
0.001	0.997	0.001	0.001
0.001	0.997	0.001	0.001
0.997	0.001	0.001	0.001
0.001	0.001	0.997	0.001
0.001	0.001	0.001	0.997
0.001	0.001	0.826	0.172
0.997	0.001	0.001	0.001
0.997	0.001	0.001	0.001
0.997	0.001	0.001	0.001
0.997	0.001	0.001	0.001
0.997	0.001	0.001	0.001
0.001	0.001	0.997	0.001
>TTYGGCGGCCCA	11-TTYGGCGGCCCA	15.655818	-29.702945	0	T:8.0(0.59%),B:5.7(0.01%),P:1e-12	Tpos:99.2,Tstd:60.9,Bpos:104.7,Bstd:32.1,StrandBias:-0.7,Multiplicity:1.62
0.001	0.001	0.001	0.997
0.001	0.001	0.067	0.931
0.001	0.553	0.001	0.445
0.001	0.001	0.997	0.001
0.001	0.001	0.997	0.001
0.001	0.997	0.001	0.001
0.001	0.001	0.997	0.001
0.001	0.001	0.997	0.001
0.001	0.997	0.001	0.001
0.001	0.997	0.001	0.001
0.001	0.931	0.001	0.067
0.997	0.001	0.001	0.001
>ATGGATAGTACA	12-ATGGATAGTACA	13.207244	-29.702945	0	T:8.0(0.59%),B:5.7(0.01%),P:1e-12	Tpos:72.1,Tstd:49.6,Bpos:116.3,Bstd:30.8,StrandBias:0.0,Multiplicity:1.00
0.997	0.001	0.001	0.001
0.001	0.001	0.001	0.997
0.001	0.001	0.997	0.001
0.001	0.001	0.997	0.001
0.830	0.001	0.168	0.001
0.001	0.001	0.001	0.997
0.997	0.001	0.001	0.001
0.199	0.001	0.799	0.001
0.001	0.001	0.001	0.997
0.997	0.001	0.001	0.001
0.001	0.997	0.001	0.001
0.997	0.001	0.001	0.001
>CAAAATTAAATT	13-CAAAATTAAATT	9.954230	-28.405883	0	T:61.0(4.54%),B:1123.8(1.56%),P:1e-12	Tpos:110.0,Tstd:60.7,Bpos:94.4,Bstd:121.6,StrandBias:-0.2,Multiplicity:1.02
0.106	0.892	0.001	0.001
0.997	0.001	0.001	0.001
0.823	0.001	0.057	0.119
0.871	0.059	0.069	0.001
0.807	0.001	0.034	0.158
0.155	0.069	0.025	0.751
0.135	0.001	0.187	0.677
0.856	0.142	0.001	0.001
0.804	0.082	0.001	0.113
0.910	0.034	0.055	0.001
0.001	0.029	0.175	0.795
0.016	0.010	0.117	0.857
>MGACAAMGTTRG	14-MGACAAMGTTRG	12.439877	-28.126298	0	T:9.0(0.67%),B:10.8(0.01%),P:1e-12	Tpos:108.9,Tstd:64.1,Bpos:109.0,Bstd:61.4,StrandBias:-1.0,Multiplicity:1.00
0.444	0.449	0.001	0.106
0.001	0.001	0.997	0.001
0.997	0.001	0.001	0.001
0.001	0.997	0.001	0.001
0.997	0.001	0.001	0.001
0.977	0.001	0.021	0.001
0.485	0.444	0.070	0.001
0.001	0.021	0.977	0.001
0.001	0.001	0.001	0.997
0.001	0.001	0.001	0.997
0.533	0.001	0.465	0.001
0.039	0.001	0.959	0.001
>GGGGGGGGGGGG	15-GGGGGGGGGGGG	6.585708	-25.285623	0	T:84.0(6.25%),B:1988.9(2.75%),P:1e-10	Tpos:112.0,Tstd:52.7,Bpos:100.4,Bstd:68.3,StrandBias:-0.2,Multiplicity:1.35
0.059	0.033	0.604	0.304
0.133	0.117	0.529	0.221
0.136	0.100	0.559	0.205
0.285	0.017	0.477	0.221
0.050	0.033	0.709	0.208
0.096	0.033	0.854	0.017
0.001	0.049	0.934	0.016
0.026	0.050	0.864	0.060
0.099	0.049	0.851	0.001
0.115	0.085	0.799	0.001
0.118	0.041	0.708	0.133
0.232	0.090	0.510	0.168
>TCATCATCATCA	16-TCATCATCATCA	12.315097	-24.178449	0	T:17.0(1.26%),B:104.1(0.14%),P:1e-10	Tpos:98.9,Tstd:56.7,Bpos:91.0,Bstd:78.5,StrandBias:-0.8,Multiplicity:1.12
0.017	0.040	0.032	0.911
0.001	0.942	0.025	0.032
0.970	0.001	0.028	0.001
0.028	0.001	0.001	0.970
0.001	0.997	0.001	0.001
0.864	0.048	0.040	0.048
0.001	0.001	0.001	0.997
0.001	0.980	0.001	0.018
0.922	0.029	0.001	0.048
0.001	0.024	0.001	0.974
0.001	0.855	0.001	0.143
0.960	0.001	0.027	0.012
>AAATCAACCTAA	17-AAATCAACCTAA	13.207244	-20.916240	0	T:6.0(0.45%),B:5.3(0.01%),P:1e-9	Tpos:125.2,Tstd:56.4,Bpos:129.0,Bstd:34.0,StrandBias:1.6,Multiplicity:1.33
0.997	0.001	0.001	0.001
0.997	0.001	0.001	0.001
0.830	0.001	0.168	0.001
0.001	0.001	0.001	0.997
0.199	0.799	0.001	0.001
0.997	0.001	0.001	0.001
0.997	0.001	0.001	0.001
0.001	0.997	0.001	0.001
0.001	0.997	0.001	0.001
0.001	0.001	0.001	0.997
0.997	0.001	0.001	0.001
0.997	0.001	0.001	0.001
>TAATTGCATGTC	18-TAATTGCATGTC	12.508834	-15.740788	0	T:9.0(0.67%),B:42.5(0.06%),P:1e-6	Tpos:100.4,Tstd:46.8,Bpos:105.4,Bstd:56.0,StrandBias:-0.5,Multiplicity:1.50
0.001	0.001	0.001	0.997
0.679	0.001	0.001	0.319
0.679	0.001	0.319	0.001
0.006	0.001	0.001	0.992
0.320	0.001	0.200	0.480
0.001	0.001	0.997	0.001
0.159	0.839	0.001	0.001
0.997	0.001	0.001	0.001
0.001	0.001	0.159	0.839
0.001	0.001	0.997	0.001
0.001	0.001	0.001	0.997
0.001	0.839	0.159	0.001
>ATTTTGCATCGC	19-ATTTTGCATCGC	13.974028	-15.092643	0	T:5.0(0.37%),B:7.0(0.01%),P:1e-6	Tpos:108.7,Tstd:58.8,Bpos:128.9,Bstd:35.0,StrandBias:-3.3,Multiplicity:2.20
0.997	0.001	0.001	0.001
0.001	0.001	0.001	0.997
0.001	0.001	0.001	0.997
0.001	0.001	0.001	0.997
0.001	0.110	0.001	0.888
0.001	0.001	0.888	0.110
0.001	0.997	0.001	0.001
0.997	0.001	0.001	0.001
0.001	0.001	0.001	0.997
0.091	0.907	0.001	0.001
0.001	0.001	0.997	0.001
0.001	0.997	0.001	0.001
>CCTCTATTTTTC	20-CCTCTATTTTTC	14.439659	-13.759461	0	T:3.0(0.22%),B:1.7(0.00%),P:1e-5	Tpos:127.8,Tstd:52.6,Bpos:151.5,Bstd:7.6,StrandBias:10.0,Multiplicity:2.67
0.001	0.997	0.001	0.001
0.001	0.883	0.115	0.001
0.001	0.001	0.001	0.997
0.001	0.997	0.001	0.001
0.001	0.001	0.001	0.997
0.997	0.001	0.001	0.001
0.001	0.001	0.001	0.997
0.001	0.001	0.001	0.997
0.001	0.001	0.001	0.997
0.001	0.001	0.001	0.997
0.001	0.001	0.001	0.997
0.001	0.997	0.001	0.001
>GTGMTTSTAAGG	21-GTGMTTSTAAGG	13.030414	-13.632052	0	T:4.0(0.30%),B:4.5(0.01%),P:1e-5	Tpos:91.9,Tstd:46.9,Bpos:103.2,Bstd:35.3,StrandBias:-0.7,Multiplicity:2.00
0.001	0.001	0.997	0.001
0.001	0.001	0.001	0.997
0.001	0.001	0.997	0.001
0.554	0.444	0.001	0.001
0.001	0.001	0.001	0.997
0.001	0.001	0.001	0.997
0.001	0.444	0.554	0.001
0.001	0.091	0.001	0.907
0.997	0.001	0.001	0.001
0.997	0.001	0.001	0.001
0.001	0.001	0.997	0.001
0.001	0.001	0.997	0.001
>GTAAAAATAAAT	22-GTAAAAATAAAT	13.444474	-8.991354	0	T:6.0(0.45%),B:40.4(0.06%),P:1e-3	Tpos:110.0,Tstd:54.4,Bpos:113.8,Bstd:59.4,StrandBias:1.2,Multiplicity:2.00
0.001	0.001	0.997	0.001
0.001	0.001	0.001	0.997
0.997	0.001	0.001	0.001
0.997	0.001	0.001	0.001
0.997	0.001	0.001	0.001
0.997	0.001	0.001	0.001
0.773	0.001	0.001	0.225
0.001	0.001	0.001	0.997
0.767	0.001	0.231	0.001
0.997	0.001	0.001	0.001
0.997	0.001	0.001	0.001
0.001	0.001	0.185	0.813
>GAGAGAGAGAGA	23-GAGAGAGAGAGA	11.424949	-8.054154	0	T:13.0(0.97%),B:219.5(0.30%),P:1e-3	Tpos:88.4,Tstd:45.2,Bpos:87.7,Bstd:82.1,StrandBias:-2.5,Multiplicity:1.00
0.001	0.001	0.986	0.012
0.984	0.001	0.007	0.008
0.001	0.001	0.982	0.016
0.986	0.001	0.001	0.012
0.001	0.006	0.992	0.001
0.997	0.001	0.001	0.001
0.007	0.001	0.991	0.001
0.997	0.001	0.001	0.001
0.001	0.001	0.997	0.001
0.997	0.001	0.001	0.001
0.006	0.001	0.992	0.001
0.997	0.001	0.001	0.001
>TACTACAACAGT	24-TACTACAACAGT	14.621980	-7.300038	0	T:2.0(0.15%),B:2.8(0.00%),P:1e-3	Tpos:107.0,Tstd:60.3,Bpos:133.5,Bstd:7.7,StrandBias:2.6,Multiplicity:3.50
0.001	0.001	0.001	0.997
0.997	0.001	0.001	0.001
0.001	0.997	0.001	0.001
0.001	0.001	0.001	0.997
0.997	0.001	0.001	0.001
0.001	0.997	0.001	0.001
0.997	0.001	0.001	0.001
0.997	0.001	0.001	0.001
0.001	0.997	0.001	0.001
0.860	0.138	0.001	0.001
0.001	0.001	0.997	0.001
0.001	0.001	0.001	0.997
>TAGTGCCAGTGG	25-TAGTGCCAGTGG	12.355432	-3.993135	0	T:1.0(0.07%),B:0.7(0.00%),P:1e-1	Tpos:92.5,Tstd:54.6,Bpos:135.8,Bstd:14.6,StrandBias:10.0,Multiplicity:10.00
0.100	0.100	0.100	0.700
0.700	0.100	0.100	0.100
0.100	0.100	0.700	0.100
0.100	0.100	0.100	0.700
0.100	0.100	0.700	0.100
0.100	0.700	0.100	0.100
0.100	0.700	0.100	0.100
0.700	0.100	0.100	0.100
0.100	0.100	0.700	0.100
0.100	0.100	0.100	0.700
0.100	0.100	0.700	0.100
0.100	0.100	0.700	0.100
>AAAAATTT	1-AAAAATTT	5.023082	-94.307083	0	T:814.0(60.52%),B:30488.8(42.19%),P:1e-40	Tpos:99.5,Tstd:55.3,Bpos:100.3,Bstd:133.3,StrandBias:0.0,Multiplicity:1.71
0.798	0.095	0.044	0.063
0.885	0.058	0.025	0.032
0.976	0.022	0.001	0.001
0.997	0.001	0.001	0.001
0.828	0.056	0.001	0.115
0.095	0.039	0.001	0.865
0.063	0.001	0.043	0.893
0.058	0.020	0.080	0.842
>AGATTTTC	2-AGATTTTC	5.443023	-60.042521	0	T:910.0(67.66%),B:38531.9(53.32%),P:1e-26	Tpos:98.1,Tstd:57.2,Bpos:100.6,Bstd:106.8,StrandBias:-0.0,Multiplicity:1.46
0.589	0.081	0.001	0.329
0.001	0.276	0.570	0.153
0.671	0.001	0.004	0.324
0.399	0.001	0.001	0.599
0.001	0.294	0.001	0.704
0.059	0.110	0.001	0.830
0.077	0.001	0.001	0.921
0.078	0.684	0.151	0.087
>CCANATAT	3-CCANATAT	3.990950	-48.019513	0	T:709.0(52.71%),B:28817.9(39.88%),P:1e-20	Tpos:96.9,Tstd:56.1,Bpos:100.3,Bstd:108.3,StrandBias:0.0,Multiplicity:1.32
0.120	0.525	0.077	0.278
0.107	0.523	0.170	0.200
0.579	0.159	0.148	0.114
0.241	0.163	0.286	0.310
0.650	0.052	0.115	0.183
0.266	0.219	0.036	0.479
0.473	0.245	0.106	0.175
0.090	0.240	0.114	0.556
>TYATTTTY	4-TYATTTTY	6.072016	-46.564106	0	T:540.0(40.15%),B:20432.8(28.28%),P:1e-20	Tpos:103.1,Tstd:56.2,Bpos:100.1,Bstd:126.8,StrandBias:0.1,Multiplicity:1.32
0.001	0.001	0.411	0.587
0.001	0.375	0.137	0.486
0.842	0.001	0.001	0.156
0.082	0.001	0.162	0.755
0.146	0.001	0.158	0.695
0.217	0.001	0.001	0.781
0.195	0.001	0.205	0.599
0.050	0.329	0.223	0.398
>ATAAAATA	5-ATAAAATA	7.582989	-39.069136	0	T:266.0(19.78%),B:8447.9(11.69%),P:1e-16	Tpos:95.0,Tstd:54.1,Bpos:98.2,Bstd:139.8,StrandBias:-0.2,Multiplicity:1.04
0.710	0.287	0.002	0.001
0.001	0.141	0.001	0.857
0.782	0.005	0.212	0.001
0.938	0.001	0.001	0.060
0.974	0.016	0.001	0.009
0.675	0.001	0.295	0.029
0.063	0.001	0.001	0.935
0.997	0.001	0.001	0.001
>AAAATCAG	6-AAAATCAG	6.567913	-33.274355	0	T:375.0(27.88%),B:13793.9(19.09%),P:1e-14	Tpos:99.6,Tstd:57.5,Bpos:100.3,Bstd:107.2,StrandBias:-0.1,Multiplicity:1.10
0.782	0.216	0.001	0.001
0.823	0.001	0.175	0.001
0.644	0.306	0.001	0.049
0.828	0.170	0.001	0.001
0.001	0.241	0.001	0.757
0.398	0.600	0.001	0.001
0.679	0.001	0.319	0.001
0.001	0.216	0.782	0.001
>ATATATAT	7-ATATATAT	8.236954	-32.333228	0	T:44.0(3.27%),B:567.3(0.79%),P:1e-14	Tpos:106.6,Tstd:48.2,Bpos:104.0,Bstd:109.3,StrandBias:0.0,Multiplicity:1.11
0.700	0.100	0.100	0.100
0.100	0.100	0.100	0.700
0.700	0.100	0.100	0.100
0.100	0.100	0.100	0.700
0.700	0.100	0.100	0.100
0.100	0.100	0.100	0.700
0.700	0.100	0.100	0.100
0.100	0.100	0.100	0.700
>CCCCCCTA	8-CCCCCCTA	4.934680	-28.776933	0	T:54.0(4.01%),B:906.9(1.26%),P:1e-12	Tpos:120.9,Tstd:57.1,Bpos:99.7,Bstd:71.8,StrandBias:1.3,Multiplicity:1.15
0.001	0.997	0.001	0.001
0.001	0.997	0.001	0.001
0.001	0.997	0.001	0.001
0.001	0.997	0.001	0.001
0.001	0.997	0.001	0.001
0.001	0.997	0.001	0.001
0.006	0.033	0.001	0.960
0.638	0.001	0.001	0.360
>KTACTTTA	9-KTACTTTA	6.578133	-24.541540	0	T:334.0(24.83%),B:12741.2(17.63%),P:1e-10	Tpos:100.0,Tstd:55.1,Bpos:99.2,Bstd:112.8,StrandBias:0.0,Multiplicity:1.23
0.001	0.183	0.462	0.354
0.216	0.001	0.228	0.555
0.997	0.001	0.001	0.001
0.001	0.598	0.185	0.216
0.001	0.045	0.001	0.953
0.113	0.117	0.001	0.769
0.001	0.001	0.001	0.997
0.816	0.090	0.093	0.001
>GGGGGGGG	10-GGGGGGGG	8.694596	-24.375191	0	T:34.0(2.53%),B:455.0(0.63%),P:1e-10	Tpos:119.7,Tstd:49.8,Bpos:101.0,Bstd:70.7,StrandBias:0.2,Multiplicity:1.09
0.166	0.081	0.573	0.180
0.223	0.034	0.653	0.090
0.128	0.017	0.821	0.034
0.059	0.036	0.877	0.028
0.055	0.030	0.836	0.079
0.038	0.034	0.902	0.026
0.104	0.062	0.728	0.106
0.131	0.184	0.616	0.069
>TCWGCATC	11-TCWGCATC	7.634874	-23.579543	0	T:91.0(6.77%),B:2314.7(3.20%),P:1e-10	Tpos:95.1,Tstd:59.4,Bpos:99.6,Bstd:73.4,StrandBias:0.1,Multiplicity:1.04
0.217	0.001	0.001	0.781
0.001	0.726	0.272	0.001
0.543	0.001	0.001	0.455
0.001	0.001	0.997	0.001
0.001	0.997	0.001	0.001
0.997	0.001	0.001	0.001
0.001	0.001	0.001	0.997
0.001	0.997	0.001	0.001
>CGAATTTT	12-CGAATTTT	7.312265	-21.935116	0	T:138.0(10.26%),B:4244.6(5.87%),P:1e-9	Tpos:100.0,Tstd:55.1,Bpos:99.0,Bstd:98.0,StrandBias:-0.5,Multiplicity:1.04
0.001	0.842	0.001	0.156
0.001	0.026	0.972	0.001
0.972	0.001	0.026	0.001
0.890	0.054	0.001	0.055
0.144	0.001	0.079	0.776
0.001	0.027	0.031	0.941
0.083	0.001	0.072	0.844
0.001	0.001	0.150	0.848
>TAGGCCTA	13-TAGGCCTA	8.837157	-20.171503	0	T:37.0(2.75%),B:622.2(0.86%),P:1e-8	Tpos:79.4,Tstd:51.5,Bpos:99.5,Bstd:76.2,StrandBias:0.1,Multiplicity:1.11
0.001	0.001	0.001	0.997
0.872	0.001	0.001	0.126
0.001	0.001	0.997	0.001
0.001	0.001	0.997	0.001
0.001	0.997	0.001	0.001
0.001	0.997	0.001	0.001
0.001	0.149	0.001	0.849
0.997	0.001	0.001	0.001
>GGTTKTMS	14-GGTTKTMS	5.848821	-18.891883	0	T:247.0(18.36%),B:9292.9(12.86%),P:1e-8	Tpos:99.9,Tstd:57.1,Bpos:101.0,Bstd:87.1,StrandBias:0.1,Multiplicity:1.17
0.223	0.268	0.508	0.001
0.018	0.001	0.980	0.001
0.015	0.001	0.001	0.983
0.001	0.001	0.001	0.997
0.001	0.001	0.496	0.502
0.001	0.001	0.007	0.991
0.460	0.457	0.082	0.001
0.001	0.504	0.494	0.001
>TCAGAAAA	15-TCAGAAAA	8.250199	-16.415086	0	T:115.0(8.55%),B:3676.4(5.09%),P:1e-7	Tpos:111.1,Tstd:53.1,Bpos:97.0,Bstd:100.7,StrandBias:0.1,Multiplicity:1.09
0.001	0.001	0.001	0.997
0.001	0.997	0.001	0.001
0.907	0.091	0.001	0.001
0.001	0.001	0.997	0.001
0.894	0.001	0.104	0.001
0.997	0.001	0.001	0.001
0.848	0.001	0.001	0.150
0.857	0.141	0.001	0.001
>MCCGCCCG	16-MCCGCCCG	6.971307	-15.783084	0	T:62.0(4.61%),B:1611.0(2.23%),P:1e-6	Tpos:104.2,Tstd:58.5,Bpos:101.7,Bstd:53.3,StrandBias:-0.4,Multiplicity:1.19
0.457	0.432	0.001	0.110
0.001	0.997	0.001	0.001
0.001	0.778	0.089	0.132
0.001	0.001	0.997	0.001
0.342	0.615	0.001	0.042
0.001	0.764	0.001	0.234
0.228	0.610	0.161	0.001
0.001	0.001	0.997	0.001
>GATTTART	17-GATTTART	7.152664	-12.760206	0	T:111.0(8.25%),B:3795.4(5.25%),P:1e-5	Tpos:97.3,Tstd:53.0,Bpos:99.8,Bstd:114.5,StrandBias:0.2,Multiplicity:1.11
0.121	0.066	0.734	0.079
0.881	0.048	0.070	0.001
0.075	0.044	0.001	0.880
0.115	0.111	0.052	0.722
0.001	0.001	0.058	0.940
0.874	0.001	0.051	0.074
0.374	0.151	0.330	0.146
0.175	0.114	0.084	0.627
>ATGATGAT	18-ATGATGAT	8.236954	-9.391780	0	T:37.0(2.75%),B:992.2(1.37%),P:1e-4	Tpos:103.4,Tstd:58.6,Bpos:91.7,Bstd:124.7,StrandBias:0.5,Multiplicity:1.03
0.700	0.100	0.100	0.100
0.100	0.100	0.100	0.700
0.100	0.100	0.700	0.100
0.700	0.100	0.100	0.100
0.100	0.100	0.100	0.700
0.100	0.100	0.700	0.100
0.700	0.100	0.100	0.100
0.100	0.100	0.100	0.700
>TAMTAATA	19-TAMTAATA	7.742575	-8.978844	0	T:84.0(6.25%),B:2960.4(4.10%),P:1e-3	Tpos:102.3,Tstd:62.1,Bpos:104.1,Bstd:129.2,StrandBias:-0.2,Multiplicity:1.12
0.001	0.001	0.001	0.997
0.997	0.001	0.001	0.001
0.405	0.543	0.001	0.051
0.001	0.001	0.001	0.997
0.997	0.001	0.001	0.001
0.997	0.001	0.001	0.001
0.001	0.001	0.296	0.702
0.997	0.001	0.001	0.001
>GGCGGCCC	20-GGCGGCCC	10.935791	-8.741041	0	T:9.0(0.67%),B:102.4(0.14%),P:1e-3	Tpos:97.8,Tstd:58.0,Bpos:100.4,Bstd:44.3,StrandBias:0.0,Multiplicity:2.67
0.001	0.001	0.997	0.001
0.001	0.001	0.997	0.001
0.001	0.997	0.001	0.001
0.001	0.001	0.997	0.001
0.001	0.001	0.997	0.001
0.001	0.875	0.123	0.001
0.001	0.997	0.001	0.001
0.001	0.997	0.001	0.001
>CGAGGGTC	21-CGAGGGTC	8.992793	-8.656490	0	T:28.0(2.08%),B:695.5(0.96%),P:1e-3	Tpos:90.5,Tstd:52.2,Bpos:105.8,Bstd:65.1,StrandBias:0.3,Multiplicity:1.33
0.275	0.723	0.001	0.001
0.001	0.001	0.997	0.001
0.997	0.001	0.001	0.001
0.001	0.001	0.997	0.001
0.001	0.001	0.997	0.001
0.303	0.001	0.695	0.001
0.001	0.001	0.001	0.997
0.001	0.652	0.001	0.346
>GCACTATA	22-GCACTATA	8.236954	-4.011996	0	T:12.0(0.89%),B:319.0(0.44%),P:1e-1	Tpos:107.8,Tstd:53.9,Bpos:96.7,Bstd:70.4,StrandBias:-1.2,Multiplicity:1.67
0.100	0.100	0.700	0.100
0.100	0.700	0.100	0.100
0.700	0.100	0.100	0.100
0.100	0.700	0.100	0.100
0.100	0.100	0.100	0.700
0.700	0.100	0.100	0.100
0.100	0.100	0.100	0.700
0.700	0.100	0.100	0.100
>TCTCTCTC	23-TCTCTCTC	8.236954	-2.073321	0	T:20.0(1.49%),B:808.1(1.12%),P:1e0	Tpos:89.2,Tstd:46.6,Bpos:90.7,Bstd:83.6,StrandBias:2.4,Multiplicity:1.00
0.100	0.100	0.100	0.700
0.100	0.700	0.100	0.100
0.100	0.100	0.100	0.700
0.100	0.700	0.100	0.100
0.100	0.100	0.100	0.700
0.100	0.700	0.100	0.100
0.100	0.100	0.100	0.700
0.100	0.700	0.100	0.100
