>AAAAATTT	1-AAAAATTT	5.023082	-94.307083	0	T:814.0(60.52%),B:30488.8(42.19%),P:1e-40	Tpos:99.5,Tstd:55.3,Bpos:100.3,Bstd:133.3,StrandBias:0.0,Multiplicity:1.71
0.798	0.095	0.044	0.063
0.885	0.058	0.025	0.032
0.976	0.022	0.001	0.001
0.997	0.001	0.001	0.001
0.828	0.056	0.001	0.115
0.095	0.039	0.001	0.865
0.063	0.001	0.043	0.893
0.058	0.020	0.080	0.842
>AGATTTTC	2-AGATTTTC	5.443023	-60.042521	0	T:910.0(67.66%),B:38531.9(53.32%),P:1e-26	Tpos:98.1,Tstd:57.2,Bpos:100.6,Bstd:106.8,StrandBias:-0.0,Multiplicity:1.46
0.589	0.081	0.001	0.329
0.001	0.276	0.570	0.153
0.671	0.001	0.004	0.324
0.399	0.001	0.001	0.599
0.001	0.294	0.001	0.704
0.059	0.110	0.001	0.830
0.077	0.001	0.001	0.921
0.078	0.684	0.151	0.087
>CCANATAT	3-CCANATAT	3.990950	-48.019513	0	T:709.0(52.71%),B:28817.9(39.88%),P:1e-20	Tpos:96.9,Tstd:56.1,Bpos:100.3,Bstd:108.3,StrandBias:0.0,Multiplicity:1.32
0.120	0.525	0.077	0.278
0.107	0.523	0.170	0.200
0.579	0.159	0.148	0.114
0.241	0.163	0.286	0.310
0.650	0.052	0.115	0.183
0.266	0.219	0.036	0.479
0.473	0.245	0.106	0.175
0.090	0.240	0.114	0.556
>TYATTTTY	4-TYATTTTY	6.072016	-46.564106	0	T:540.0(40.15%),B:20432.8(28.28%),P:1e-20	Tpos:103.1,Tstd:56.2,Bpos:100.1,Bstd:126.8,StrandBias:0.1,Multiplicity:1.32
0.001	0.001	0.411	0.587
0.001	0.375	0.137	0.486
0.842	0.001	0.001	0.156
0.082	0.001	0.162	0.755
0.146	0.001	0.158	0.695
0.217	0.001	0.001	0.781
0.195	0.001	0.205	0.599
0.050	0.329	0.223	0.398
>ATAAAATA	5-ATAAAATA	7.582989	-39.069136	0	T:266.0(19.78%),B:8447.9(11.69%),P:1e-16	Tpos:95.0,Tstd:54.1,Bpos:98.2,Bstd:139.8,StrandBias:-0.2,Multiplicity:1.04
0.710	0.287	0.002	0.001
0.001	0.141	0.001	0.857
0.782	0.005	0.212	0.001
0.938	0.001	0.001	0.060
0.974	0.016	0.001	0.009
0.675	0.001	0.295	0.029
0.063	0.001	0.001	0.935
0.997	0.001	0.001	0.001
>AAAATCAG	6-AAAATCAG	6.567913	-33.274355	0	T:375.0(27.88%),B:13793.9(19.09%),P:1e-14	Tpos:99.6,Tstd:57.5,Bpos:100.3,Bstd:107.2,StrandBias:-0.1,Multiplicity:1.10
0.782	0.216	0.001	0.001
0.823	0.001	0.175	0.001
0.644	0.306	0.001	0.049
0.828	0.170	0.001	0.001
0.001	0.241	0.001	0.757
0.398	0.600	0.001	0.001
0.679	0.001	0.319	0.001
0.001	0.216	0.782	0.001
>ATATATAT	7-ATATATAT	8.236954	-32.333228	0	T:44.0(3.27%),B:567.3(0.79%),P:1e-14	Tpos:106.6,Tstd:48.2,Bpos:104.0,Bstd:109.3,StrandBias:0.0,Multiplicity:1.11
0.700	0.100	0.100	0.100
0.100	0.100	0.100	0.700
0.700	0.100	0.100	0.100
0.100	0.100	0.100	0.700
0.700	0.100	0.100	0.100
0.100	0.100	0.100	0.700
0.700	0.100	0.100	0.100
0.100	0.100	0.100	0.700
>CCCCCCTA	8-CCCCCCTA	4.934680	-28.776933	0	T:54.0(4.01%),B:906.9(1.26%),P:1e-12	Tpos:120.9,Tstd:57.1,Bpos:99.7,Bstd:71.8,StrandBias:1.3,Multiplicity:1.15
0.001	0.997	0.001	0.001
0.001	0.997	0.001	0.001
0.001	0.997	0.001	0.001
0.001	0.997	0.001	0.001
0.001	0.997	0.001	0.001
0.001	0.997	0.001	0.001
0.006	0.033	0.001	0.960
0.638	0.001	0.001	0.360
>KTACTTTA	9-KTACTTTA	6.578133	-24.541540	0	T:334.0(24.83%),B:12741.2(17.63%),P:1e-10	Tpos:100.0,Tstd:55.1,Bpos:99.2,Bstd:112.8,StrandBias:0.0,Multiplicity:1.23
0.001	0.183	0.462	0.354
0.216	0.001	0.228	0.555
0.997	0.001	0.001	0.001
0.001	0.598	0.185	0.216
0.001	0.045	0.001	0.953
0.113	0.117	0.001	0.769
0.001	0.001	0.001	0.997
0.816	0.090	0.093	0.001
>GGGGGGGG	10-GGGGGGGG	8.694596	-24.375191	0	T:34.0(2.53%),B:455.0(0.63%),P:1e-10	Tpos:119.7,Tstd:49.8,Bpos:101.0,Bstd:70.7,StrandBias:0.2,Multiplicity:1.09
0.166	0.081	0.573	0.180
0.223	0.034	0.653	0.090
0.128	0.017	0.821	0.034
0.059	0.036	0.877	0.028
0.055	0.030	0.836	0.079
0.038	0.034	0.902	0.026
0.104	0.062	0.728	0.106
0.131	0.184	0.616	0.069
>TCWGCATC	11-TCWGCATC	7.634874	-23.579543	0	T:91.0(6.77%),B:2314.7(3.20%),P:1e-10	Tpos:95.1,Tstd:59.4,Bpos:99.6,Bstd:73.4,StrandBias:0.1,Multiplicity:1.04
0.217	0.001	0.001	0.781
0.001	0.726	0.272	0.001
0.543	0.001	0.001	0.455
0.001	0.001	0.997	0.001
0.001	0.997	0.001	0.001
0.997	0.001	0.001	0.001
0.001	0.001	0.001	0.997
0.001	0.997	0.001	0.001
>CGAATTTT	12-CGAATTTT	7.312265	-21.935116	0	T:138.0(10.26%),B:4244.6(5.87%),P:1e-9	Tpos:100.0,Tstd:55.1,Bpos:99.0,Bstd:98.0,StrandBias:-0.5,Multiplicity:1.04
0.001	0.842	0.001	0.156
0.001	0.026	0.972	0.001
0.972	0.001	0.026	0.001
0.890	0.054	0.001	0.055
0.144	0.001	0.079	0.776
0.001	0.027	0.031	0.941
0.083	0.001	0.072	0.844
0.001	0.001	0.150	0.848
>TAGGCCTA	13-TAGGCCTA	8.837157	-20.171503	0	T:37.0(2.75%),B:622.2(0.86%),P:1e-8	Tpos:79.4,Tstd:51.5,Bpos:99.5,Bstd:76.2,StrandBias:0.1,Multiplicity:1.11
0.001	0.001	0.001	0.997
0.872	0.001	0.001	0.126
0.001	0.001	0.997	0.001
0.001	0.001	0.997	0.001
0.001	0.997	0.001	0.001
0.001	0.997	0.001	0.001
0.001	0.149	0.001	0.849
0.997	0.001	0.001	0.001
>GGTTKTMS	14-GGTTKTMS	5.848821	-18.891883	0	T:247.0(18.36%),B:9292.9(12.86%),P:1e-8	Tpos:99.9,Tstd:57.1,Bpos:101.0,Bstd:87.1,StrandBias:0.1,Multiplicity:1.17
0.223	0.268	0.508	0.001
0.018	0.001	0.980	0.001
0.015	0.001	0.001	0.983
0.001	0.001	0.001	0.997
0.001	0.001	0.496	0.502
0.001	0.001	0.007	0.991
0.460	0.457	0.082	0.001
0.001	0.504	0.494	0.001
>TCAGAAAA	15-TCAGAAAA	8.250199	-16.415086	0	T:115.0(8.55%),B:3676.4(5.09%),P:1e-7	Tpos:111.1,Tstd:53.1,Bpos:97.0,Bstd:100.7,StrandBias:0.1,Multiplicity:1.09
0.001	0.001	0.001	0.997
0.001	0.997	0.001	0.001
0.907	0.091	0.001	0.001
0.001	0.001	0.997	0.001
0.894	0.001	0.104	0.001
0.997	0.001	0.001	0.001
0.848	0.001	0.001	0.150
0.857	0.141	0.001	0.001
>MCCGCCCG	16-MCCGCCCG	6.971307	-15.783084	0	T:62.0(4.61%),B:1611.0(2.23%),P:1e-6	Tpos:104.2,Tstd:58.5,Bpos:101.7,Bstd:53.3,StrandBias:-0.4,Multiplicity:1.19
0.457	0.432	0.001	0.110
0.001	0.997	0.001	0.001
0.001	0.778	0.089	0.132
0.001	0.001	0.997	0.001
0.342	0.615	0.001	0.042
0.001	0.764	0.001	0.234
0.228	0.610	0.161	0.001
0.001	0.001	0.997	0.001
>GATTTART	17-GATTTART	7.152664	-12.760206	0	T:111.0(8.25%),B:3795.4(5.25%),P:1e-5	Tpos:97.3,Tstd:53.0,Bpos:99.8,Bstd:114.5,StrandBias:0.2,Multiplicity:1.11
0.121	0.066	0.734	0.079
0.881	0.048	0.070	0.001
0.075	0.044	0.001	0.880
0.115	0.111	0.052	0.722
0.001	0.001	0.058	0.940
0.874	0.001	0.051	0.074
0.374	0.151	0.330	0.146
0.175	0.114	0.084	0.627
>ATGATGAT	18-ATGATGAT	8.236954	-9.391780	0	T:37.0(2.75%),B:992.2(1.37%),P:1e-4	Tpos:103.4,Tstd:58.6,Bpos:91.7,Bstd:124.7,StrandBias:0.5,Multiplicity:1.03
0.700	0.100	0.100	0.100
0.100	0.100	0.100	0.700
0.100	0.100	0.700	0.100
0.700	0.100	0.100	0.100
0.100	0.100	0.100	0.700
0.100	0.100	0.700	0.100
0.700	0.100	0.100	0.100
0.100	0.100	0.100	0.700
>TAMTAATA	19-TAMTAATA	7.742575	-8.978844	0	T:84.0(6.25%),B:2960.4(4.10%),P:1e-3	Tpos:102.3,Tstd:62.1,Bpos:104.1,Bstd:129.2,StrandBias:-0.2,Multiplicity:1.12
0.001	0.001	0.001	0.997
0.997	0.001	0.001	0.001
0.405	0.543	0.001	0.051
0.001	0.001	0.001	0.997
0.997	0.001	0.001	0.001
0.997	0.001	0.001	0.001
0.001	0.001	0.296	0.702
0.997	0.001	0.001	0.001
>GGCGGCCC	20-GGCGGCCC	10.935791	-8.741041	0	T:9.0(0.67%),B:102.4(0.14%),P:1e-3	Tpos:97.8,Tstd:58.0,Bpos:100.4,Bstd:44.3,StrandBias:0.0,Multiplicity:2.67
0.001	0.001	0.997	0.001
0.001	0.001	0.997	0.001
0.001	0.997	0.001	0.001
0.001	0.001	0.997	0.001
0.001	0.001	0.997	0.001
0.001	0.875	0.123	0.001
0.001	0.997	0.001	0.001
0.001	0.997	0.001	0.001
>CGAGGGTC	21-CGAGGGTC	8.992793	-8.656490	0	T:28.0(2.08%),B:695.5(0.96%),P:1e-3	Tpos:90.5,Tstd:52.2,Bpos:105.8,Bstd:65.1,StrandBias:0.3,Multiplicity:1.33
0.275	0.723	0.001	0.001
0.001	0.001	0.997	0.001
0.997	0.001	0.001	0.001
0.001	0.001	0.997	0.001
0.001	0.001	0.997	0.001
0.303	0.001	0.695	0.001
0.001	0.001	0.001	0.997
0.001	0.652	0.001	0.346
>GCACTATA	22-GCACTATA	8.236954	-4.011996	0	T:12.0(0.89%),B:319.0(0.44%),P:1e-1	Tpos:107.8,Tstd:53.9,Bpos:96.7,Bstd:70.4,StrandBias:-1.2,Multiplicity:1.67
0.100	0.100	0.700	0.100
0.100	0.700	0.100	0.100
0.700	0.100	0.100	0.100
0.100	0.700	0.100	0.100
0.100	0.100	0.100	0.700
0.700	0.100	0.100	0.100
0.100	0.100	0.100	0.700
0.700	0.100	0.100	0.100
>TCTCTCTC	23-TCTCTCTC	8.236954	-2.073321	0	T:20.0(1.49%),B:808.1(1.12%),P:1e0	Tpos:89.2,Tstd:46.6,Bpos:90.7,Bstd:83.6,StrandBias:2.4,Multiplicity:1.00
0.100	0.100	0.100	0.700
0.100	0.700	0.100	0.100
0.100	0.100	0.100	0.700
0.100	0.700	0.100	0.100
0.100	0.100	0.100	0.700
0.100	0.700	0.100	0.100
0.100	0.100	0.100	0.700
0.100	0.700	0.100	0.100
