>HMAAAAWTTT	1-HMAAAAWTTT	6.755877	-102.263962	0	T:427.0(31.75%),B:11699.2(16.19%),P:1e-44	Tpos:97.3,Tstd:54.5,Bpos:100.3,Bstd:137.7,StrandBias:0.0,Multiplicity:1.29
0.274	0.296	0.116	0.314
0.473	0.398	0.036	0.093
0.590	0.185	0.113	0.112
0.712	0.134	0.033	0.121
0.938	0.009	0.007	0.046
0.781	0.004	0.050	0.165
0.463	0.067	0.001	0.469
0.186	0.001	0.021	0.792
0.120	0.001	0.146	0.733
0.126	0.153	0.140	0.581
>AGMAAAAATM	2-AGMAAAAATM	5.257325	-89.278882	0	T:819.0(60.89%),B:31118.4(43.07%),P:1e-38	Tpos:101.5,Tstd:56.2,Bpos:99.6,Bstd:124.1,StrandBias:-0.2,Multiplicity:1.30
0.563	0.106	0.099	0.232
0.185	0.205	0.414	0.196
0.252	0.395	0.178	0.176
0.681	0.114	0.015	0.190
0.714	0.001	0.126	0.159
0.855	0.048	0.001	0.096
0.659	0.080	0.086	0.175
0.614	0.093	0.089	0.204
0.209	0.154	0.093	0.544
0.277	0.392	0.179	0.152
>TTTTAAAATT	3-TTTTAAAATT	6.795948	-72.585674	0	T:466.0(34.65%),B:14990.3(20.75%),P:1e-31	Tpos:98.0,Tstd:55.7,Bpos:100.4,Bstd:130.5,StrandBias:-0.2,Multiplicity:1.21
0.044	0.044	0.046	0.866
0.063	0.035	0.044	0.858
0.081	0.068	0.073	0.778
0.076	0.094	0.054	0.776
0.767	0.055	0.102	0.076
0.768	0.076	0.106	0.050
0.858	0.034	0.047	0.061
0.732	0.087	0.088	0.093
0.072	0.102	0.021	0.805
0.058	0.048	0.023	0.871
>AAAWAAAWAW	4-AAAWAAAWAW	7.092919	-54.703172	0	T:405.0(30.11%),B:13445.2(18.61%),P:1e-23	Tpos:100.9,Tstd:52.4,Bpos:101.3,Bstd:134.2,StrandBias:0.1,Multiplicity:1.19
0.668	0.001	0.136	0.195
0.730	0.001	0.001	0.268
0.912	0.086	0.001	0.001
0.567	0.001	0.001	0.431
0.721	0.113	0.001	0.165
0.744	0.166	0.089	0.001
0.659	0.001	0.185	0.155
0.545	0.001	0.001	0.453
0.451	0.195	0.116	0.237
0.393	0.185	0.138	0.284
>CCACATTTTC	5-CCACATTTTC	6.550922	-49.582272	0	T:308.0(22.90%),B:9548.9(13.21%),P:1e-21	Tpos:102.0,Tstd:57.6,Bpos:102.5,Bstd:99.2,StrandBias:-0.1,Multiplicity:1.09
0.038	0.734	0.055	0.173
0.318	0.537	0.064	0.081
0.789	0.008	0.033	0.170
0.001	0.701	0.203	0.095
0.793	0.008	0.042	0.157
0.236	0.001	0.074	0.689
0.057	0.163	0.157	0.623
0.001	0.001	0.027	0.971
0.075	0.008	0.145	0.772
0.001	0.899	0.099	0.001
>ATATATCTCA	6-ATATATCTCA	7.194777	-35.914441	0	T:173.0(12.86%),B:4820.4(6.67%),P:1e-15	Tpos:101.5,Tstd:52.4,Bpos:99.4,Bstd:108.9,StrandBias:0.2,Multiplicity:1.13
0.869	0.018	0.007	0.106
0.001	0.048	0.001	0.950
0.859	0.066	0.001	0.074
0.008	0.001	0.001	0.990
0.526	0.115	0.175	0.184
0.001	0.088	0.140	0.771
0.001	0.851	0.049	0.099
0.090	0.021	0.134	0.755
0.086	0.694	0.187	0.033
0.734	0.011	0.131	0.124
>ATATATATAT	7-ATATATATAT	10.712336	-34.440660	0	T:22.0(1.64%),B:112.6(0.16%),P:1e-14	Tpos:109.3,Tstd:46.2,Bpos:99.7,Bstd:113.8,StrandBias:-0.0,Multiplicity:1.18
0.954	0.001	0.001	0.044
0.001	0.001	0.001	0.997
0.997	0.001	0.001	0.001
0.001	0.001	0.001	0.997
0.997	0.001	0.001	0.001
0.001	0.001	0.001	0.997
0.997	0.001	0.001	0.001
0.001	0.001	0.001	0.997
0.997	0.001	0.001	0.001
0.001	0.001	0.001	0.997
>DGGGGGGGSN	8-DGGGGGGGSN	6.983946	-33.772436	0	T:69.0(5.13%),B:1222.6(1.69%),P:1e-14	Tpos:105.0,Tstd:52.9,Bpos:101.5,Bstd:67.5,StrandBias:-0.8,Multiplicity:1.21
0.277	0.001	0.355	0.367
0.405	0.001	0.560	0.034
0.225	0.001	0.773	0.001
0.047	0.001	0.871	0.081
0.001	0.083	0.893	0.023
0.001	0.069	0.856	0.074
0.253	0.021	0.690	0.036
0.213	0.070	0.544	0.173
0.212	0.363	0.214	0.210
0.286	0.305	0.184	0.224
>ACTTTTCTGA	9-ACTTTTCTGA	9.045038	-32.245452	0	T:76.0(5.65%),B:1479.1(2.05%),P:1e-14	Tpos:97.2,Tstd:54.3,Bpos:98.0,Bstd:87.6,StrandBias:-0.3,Multiplicity:1.06
0.438	0.272	0.046	0.243
0.207	0.628	0.119	0.046
0.151	0.001	0.001	0.847
0.206	0.041	0.001	0.752
0.001	0.001	0.221	0.777
0.001	0.001	0.001	0.997
0.001	0.997	0.001	0.001
0.001	0.001	0.001	0.997
0.200	0.109	0.690	0.001
0.878	0.001	0.120	0.001
>AGTAGGCCTA	10-AGTAGGCCTA	9.700796	-32.238138	0	T:26.0(1.93%),B:189.0(0.26%),P:1e-14	Tpos:82.3,Tstd:53.9,Bpos:99.8,Bstd:62.2,StrandBias:-0.7,Multiplicity:1.04
0.780	0.001	0.028	0.191
0.048	0.046	0.874	0.032
0.001	0.001	0.001	0.997
0.764	0.001	0.185	0.050
0.040	0.040	0.919	0.001
0.040	0.001	0.958	0.001
0.045	0.953	0.001	0.001
0.030	0.931	0.038	0.001
0.029	0.001	0.001	0.969
0.949	0.001	0.049	0.001
>CTACTGAAGA	11-CTACTGAAGA	9.920518	-29.394402	0	T:21.0(1.56%),B:130.0(0.18%),P:1e-12	Tpos:88.2,Tstd:59.8,Bpos:106.8,Bstd:51.2,StrandBias:0.5,Multiplicity:1.05
0.001	0.997	0.001	0.001
0.076	0.001	0.001	0.922
0.746	0.252	0.001	0.001
0.167	0.831	0.001	0.001
0.045	0.203	0.063	0.689
0.242	0.001	0.756	0.001
0.553	0.001	0.324	0.122
0.545	0.001	0.102	0.352
0.001	0.001	0.997	0.001
0.997	0.001	0.001	0.001
>GATGATGATG	12-GATGATGATG	10.824165	-24.861393	0	T:29.0(2.16%),B:328.5(0.45%),P:1e-10	Tpos:102.3,Tstd:59.0,Bpos:86.5,Bstd:120.0,StrandBias:0.1,Multiplicity:1.21
0.092	0.001	0.906	0.001
0.976	0.001	0.022	0.001
0.001	0.001	0.001	0.997
0.001	0.001	0.997	0.001
0.997	0.001	0.001	0.001
0.123	0.066	0.116	0.695
0.001	0.001	0.997	0.001
0.972	0.001	0.001	0.026
0.029	0.031	0.001	0.939
0.088	0.001	0.910	0.001
>MCCCCCCCCY	13-MCCCCCCCCY	9.085979	-24.265133	0	T:33.0(2.45%),B:432.9(0.60%),P:1e-10	Tpos:117.4,Tstd:50.0,Bpos:101.1,Bstd:70.0,StrandBias:-0.4,Multiplicity:1.03
0.267	0.360	0.190	0.183
0.099	0.741	0.108	0.052
0.001	0.987	0.001	0.011
0.001	0.986	0.002	0.011
0.069	0.929	0.001	0.001
0.027	0.932	0.040	0.001
0.044	0.733	0.001	0.222
0.290	0.465	0.001	0.244
0.175	0.506	0.039	0.280
0.196	0.414	0.087	0.302
>GGCGGCCCRC	14-GGCGGCCCRC	13.044916	-22.001143	0	T:7.0(0.52%),B:8.4(0.01%),P:1e-9	Tpos:98.4,Tstd:53.6,Bpos:84.2,Bstd:36.5,StrandBias:1.0,Multiplicity:1.29
0.001	0.001	0.997	0.001
0.001	0.051	0.947	0.001
0.001	0.997	0.001	0.001
0.001	0.001	0.997	0.001
0.001	0.001	0.997	0.001
0.001	0.832	0.166	0.001
0.001	0.997	0.001	0.001
0.001	0.997	0.001	0.001
0.426	0.001	0.572	0.001
0.001	0.997	0.001	0.001
>CCTTCGGCAT	15-CCTTCGGCAT	10.296193	-20.916240	0	T:6.0(0.45%),B:5.4(0.01%),P:1e-9	Tpos:103.0,Tstd:56.6,Bpos:91.0,Bstd:45.7,StrandBias:1.0,Multiplicity:1.00
0.100	0.700	0.100	0.100
0.100	0.700	0.100	0.100
0.100	0.100	0.100	0.700
0.100	0.100	0.100	0.700
0.100	0.700	0.100	0.100
0.100	0.100	0.700	0.100
0.100	0.100	0.700	0.100
0.100	0.700	0.100	0.100
0.700	0.100	0.100	0.100
0.100	0.100	0.100	0.700
>GGCAGACGCC	16-GGCAGACGCC	10.296193	-20.916240	0	T:6.0(0.45%),B:5.2(0.01%),P:1e-9	Tpos:84.0,Tstd:56.1,Bpos:122.6,Bstd:25.9,StrandBias:-1.0,Multiplicity:1.00
0.100	0.100	0.700	0.100
0.100	0.100	0.700	0.100
0.100	0.700	0.100	0.100
0.700	0.100	0.100	0.100
0.100	0.100	0.700	0.100
0.700	0.100	0.100	0.100
0.100	0.700	0.100	0.100
0.100	0.100	0.700	0.100
0.100	0.700	0.100	0.100
0.100	0.700	0.100	0.100
>CATGACCCTC	17-CATGACCCTC	8.428987	-20.489526	0	T:12.0(0.89%),B:56.3(0.08%),P:1e-8	Tpos:100.8,Tstd:52.0,Bpos:101.2,Bstd:67.8,StrandBias:0.5,Multiplicity:1.42
0.001	0.997	0.001	0.001
0.997	0.001	0.001	0.001
0.001	0.086	0.001	0.912
0.001	0.001	0.946	0.052
0.997	0.001	0.001	0.001
0.001	0.997	0.001	0.001
0.001	0.997	0.001	0.001
0.001	0.997	0.001	0.001
0.001	0.001	0.001	0.997
0.001	0.997	0.001	0.001
>GCGCTTATTT	18-GCGCTTATTT	11.748428	-18.859082	0	T:9.0(0.67%),B:29.9(0.04%),P:1e-8	Tpos:119.3,Tstd:49.4,Bpos:130.2,Bstd:77.7,StrandBias:1.8,Multiplicity:1.00
0.001	0.001	0.997	0.001
0.001	0.997	0.001	0.001
0.001	0.001	0.997	0.001
0.001	0.997	0.001	0.001
0.001	0.001	0.001	0.997
0.001	0.001	0.001	0.997
0.997	0.001	0.001	0.001
0.001	0.001	0.001	0.997
0.124	0.001	0.001	0.874
0.001	0.001	0.001	0.997
>GGCGGCCCAC	19-GGCGGCCCAC	11.114025	-18.128966	0	T:8.0(0.59%),B:22.1(0.03%),P:1e-7	Tpos:94.0,Tstd:62.2,Bpos:109.2,Bstd:47.0,StrandBias:-0.4,Multiplicity:1.75
0.001	0.100	0.898	0.001
0.001	0.001	0.997	0.001
0.001	0.997	0.001	0.001
0.001	0.001	0.997	0.001
0.001	0.001	0.997	0.001
0.001	0.997	0.001	0.001
0.001	0.997	0.001	0.001
0.001	0.925	0.073	0.001
0.997	0.001	0.001	0.001
0.001	0.997	0.001	0.001
>AGATTTATGG	20-AGATTTATGG	7.764280	-16.263256	0	T:20.0(1.49%),B:247.8(0.34%),P:1e-7	Tpos:98.9,Tstd:52.9,Bpos:98.9,Bstd:62.8,StrandBias:0.0,Multiplicity:1.20
0.507	0.225	0.046	0.222
0.023	0.230	0.456	0.291
0.640	0.010	0.083	0.267
0.211	0.257	0.027	0.505
0.344	0.023	0.087	0.546
0.025	0.009	0.360	0.606
0.633	0.166	0.117	0.084
0.043	0.300	0.052	0.605
0.043	0.051	0.588	0.318
0.029	0.021	0.909	0.041
>GTCTGTCTGT	21-GTCTGTCTGT	8.292506	-12.985920	0	T:70.0(5.20%),B:2070.4(2.87%),P:1e-5	Tpos:94.9,Tstd:55.4,Bpos:101.2,Bstd:77.1,StrandBias:-0.1,Multiplicity:1.15
0.001	0.153	0.845	0.001
0.001	0.180	0.078	0.741
0.135	0.784	0.068	0.013
0.098	0.026	0.001	0.875
0.125	0.024	0.850	0.001
0.192	0.077	0.001	0.730
0.131	0.619	0.249	0.001
0.001	0.140	0.065	0.794
0.111	0.183	0.705	0.001
0.001	0.012	0.001	0.986
>TAATAATATT	22-TAATAATATT	10.238229	-10.576078	0	T:29.0(2.16%),B:653.8(0.90%),P:1e-4	Tpos:138.5,Tstd:49.1,Bpos:113.0,Bstd:185.7,StrandBias:-0.1,Multiplicity:1.10
0.001	0.001	0.001	0.997
0.997	0.001	0.001	0.001
0.845	0.001	0.001	0.153
0.001	0.001	0.001	0.997
0.997	0.001	0.001	0.001
0.659	0.001	0.001	0.339
0.001	0.001	0.001	0.997
0.997	0.001	0.001	0.001
0.270	0.001	0.001	0.728
0.001	0.001	0.001	0.997
>TAGAGAGAGA	23-TAGAGAGAGA	9.952254	-10.553654	0	T:24.0(1.78%),B:488.7(0.68%),P:1e-4	Tpos:88.7,Tstd:45.8,Bpos:88.6,Bstd:81.5,StrandBias:-2.4,Multiplicity:1.00
0.001	0.001	0.084	0.914
0.937	0.001	0.001	0.061
0.001	0.001	0.993	0.005
0.860	0.001	0.131	0.008
0.001	0.001	0.772	0.226
0.872	0.001	0.007	0.120
0.001	0.017	0.883	0.099
0.895	0.011	0.093	0.001
0.138	0.068	0.793	0.001
0.997	0.001	0.001	0.001
>TAAAGTAAAG	24-TAAAGTAAAG	11.132839	-7.181502	0	T:7.0(0.52%),B:78.2(0.11%),P:1e-3	Tpos:62.4,Tstd:41.5,Bpos:102.1,Bstd:78.8,StrandBias:-2.5,Multiplicity:2.86
0.001	0.001	0.001	0.997
0.931	0.001	0.067	0.001
0.997	0.001	0.001	0.001
0.997	0.001	0.001	0.001
0.001	0.001	0.997	0.001
0.001	0.001	0.001	0.997
0.997	0.001	0.001	0.001
0.997	0.001	0.001	0.001
0.997	0.001	0.001	0.001
0.001	0.001	0.997	0.001
>GCCAGTGGGT	25-GCCAGTGGGT	10.296193	-1.869161	0	T:1.0(0.07%),B:9.3(0.01%),P:1e0	Tpos:95.5,Tstd:54.6,Bpos:83.2,Bstd:38.6,StrandBias:10.0,Multiplicity:10.00
0.100	0.100	0.700	0.100
0.100	0.700	0.100	0.100
0.100	0.700	0.100	0.100
0.700	0.100	0.100	0.100
0.100	0.100	0.700	0.100
0.100	0.100	0.100	0.700
0.100	0.100	0.700	0.100
0.100	0.100	0.700	0.100
0.100	0.100	0.700	0.100
0.100	0.100	0.100	0.700
