>NBYAAAATTTTK	1-NBYAAAATTTTK	5.638678	-94.774833	0	T:721.0(53.61%),B:25648.5(35.50%),P:1e-41	Tpos:100.9,Tstd:53.4,Bpos:99.3,Bstd:121.8,StrandBias:0.0,Multiplicity:1.37
0.320	0.240	0.184	0.256
0.171	0.331	0.290	0.208
0.169	0.386	0.180	0.265
0.463	0.131	0.160	0.247
0.915	0.068	0.001	0.016
0.755	0.049	0.097	0.099
0.701	0.001	0.001	0.297
0.302	0.001	0.047	0.650
0.075	0.001	0.001	0.923
0.020	0.158	0.106	0.716
0.096	0.094	0.069	0.741
0.069	0.187	0.345	0.399
>TTTHTDAWTTTT	2-TTTHTDAWTTTT	6.313274	-88.905161	0	T:517.0(38.44%),B:16288.9(22.54%),P:1e-38	Tpos:101.6,Tstd:54.5,Bpos:98.7,Bstd:157.1,StrandBias:-0.2,Multiplicity:1.41
0.253	0.073	0.141	0.533
0.263	0.001	0.127	0.609
0.289	0.075	0.046	0.590
0.300	0.273	0.040	0.386
0.311	0.135	0.073	0.481
0.358	0.085	0.238	0.319
0.517	0.050	0.109	0.324
0.372	0.064	0.120	0.443
0.357	0.036	0.001	0.606
0.215	0.051	0.001	0.733
0.229	0.111	0.026	0.634
0.223	0.095	0.175	0.507
>GTAGTGATAAAT	3-GTAGTGATAAAT	14.318233	-41.180662	0	T:10.0(0.74%),B:4.1(0.01%),P:1e-17	Tpos:75.3,Tstd:59.0,Bpos:113.1,Bstd:60.3,StrandBias:1.8,Multiplicity:1.00
0.001	0.001	0.997	0.001
0.001	0.001	0.001	0.997
0.883	0.001	0.115	0.001
0.001	0.001	0.997	0.001
0.001	0.001	0.001	0.997
0.001	0.001	0.997	0.001
0.883	0.001	0.001	0.115
0.001	0.001	0.001	0.997
0.997	0.001	0.001	0.001
0.997	0.001	0.001	0.001
0.997	0.001	0.001	0.001
0.001	0.001	0.001	0.997
>TGTGYCCAAATG	4-TGTGYCCAAATG	9.921544	-40.079053	0	T:11.0(0.82%),B:7.8(0.01%),P:1e-17	Tpos:105.7,Tstd:51.8,Bpos:95.7,Bstd:37.0,StrandBias:0.8,Multiplicity:1.00
0.001	0.001	0.001	0.997
0.107	0.001	0.891	0.001
0.001	0.105	0.001	0.893
0.001	0.001	0.997	0.001
0.111	0.444	0.001	0.444
0.001	0.997	0.001	0.001
0.001	0.997	0.001	0.001
0.997	0.001	0.001	0.001
0.997	0.001	0.001	0.001
0.997	0.001	0.001	0.001
0.001	0.001	0.001	0.997
0.001	0.001	0.997	0.001
>ATATAGGCCTAG	5-ATATAGGCCTAG	9.715580	-34.737638	0	T:30.0(2.23%),B:237.0(0.33%),P:1e-15	Tpos:84.0,Tstd:49.8,Bpos:102.5,Bstd:71.4,StrandBias:1.2,Multiplicity:1.10
0.782	0.094	0.123	0.001
0.001	0.101	0.061	0.837
0.837	0.001	0.101	0.061
0.121	0.184	0.064	0.631
0.877	0.001	0.001	0.121
0.060	0.001	0.852	0.087
0.001	0.001	0.817	0.181
0.050	0.827	0.122	0.001
0.091	0.847	0.001	0.061
0.001	0.181	0.001	0.817
0.997	0.001	0.001	0.001
0.084	0.246	0.543	0.127
>TATATATATATA	6-TATATATATATA	11.669989	-34.353873	0	T:20.0(1.49%),B:87.6(0.12%),P:1e-14	Tpos:110.2,Tstd:45.7,Bpos:100.0,Bstd:116.1,StrandBias:0.1,Multiplicity:1.20
0.157	0.040	0.026	0.777
0.843	0.026	0.043	0.088
0.064	0.056	0.052	0.828
0.888	0.051	0.001	0.060
0.025	0.025	0.001	0.949
0.914	0.066	0.019	0.001
0.052	0.052	0.052	0.844
0.926	0.072	0.001	0.001
0.001	0.014	0.098	0.887
0.884	0.052	0.017	0.047
0.291	0.043	0.026	0.640
0.630	0.063	0.073	0.234
>TCGGCATTGTAG	7-TCGGCATTGTAG	12.355432	-33.756681	0	T:8.0(0.59%),B:3.9(0.01%),P:1e-14	Tpos:114.9,Tstd:56.4,Bpos:74.4,Bstd:30.9,StrandBias:1.6,Multiplicity:1.00
0.100	0.100	0.100	0.700
0.100	0.700	0.100	0.100
0.100	0.100	0.700	0.100
0.100	0.100	0.700	0.100
0.100	0.700	0.100	0.100
0.700	0.100	0.100	0.100
0.100	0.100	0.100	0.700
0.100	0.100	0.100	0.700
0.100	0.100	0.700	0.100
0.100	0.100	0.100	0.700
0.700	0.100	0.100	0.100
0.100	0.100	0.700	0.100
>YCRKCGGSCCGC	8-YCRKCGGSCCGC	10.322501	-32.657251	0	T:9.0(0.67%),B:6.4(0.01%),P:1e-14	Tpos:94.3,Tstd:50.7,Bpos:77.8,Bstd:36.7,StrandBias:0.3,Multiplicity:1.22
0.001	0.554	0.001	0.444
0.001	0.997	0.001	0.001
0.481	0.001	0.501	0.017
0.001	0.001	0.554	0.444
0.001	0.997	0.001	0.001
0.001	0.001	0.997	0.001
0.001	0.001	0.997	0.001
0.001	0.444	0.554	0.001
0.001	0.997	0.001	0.001
0.001	0.997	0.001	0.001
0.001	0.001	0.997	0.001
0.001	0.997	0.001	0.001
>ACTTTACTTTAC	9-ACTTTACTTTAC	12.354983	-31.481913	0	T:14.0(1.04%),B:36.6(0.05%),P:1e-13	Tpos:77.3,Tstd:47.6,Bpos:82.3,Bstd:93.6,StrandBias:2.2,Multiplicity:1.14
0.997	0.001	0.001	0.001
0.001	0.681	0.317	0.001
0.001	0.001	0.001	0.997
0.001	0.001	0.001	0.997
0.001	0.152	0.001	0.846
0.997	0.001	0.001	0.001
0.001	0.997	0.001	0.001
0.001	0.001	0.001	0.997
0.001	0.001	0.001	0.997
0.001	0.001	0.001	0.997
0.997	0.001	0.001	0.001
0.116	0.588	0.001	0.295
>CCAGTGAAAAAG	10-CCAGTGAAAAAG	14.842221	-30.509394	0	T:6.0(0.45%),B:1.1(0.00%),P:1e-13	Tpos:132.8,Tstd:69.9,Bpos:64.2,Bstd:37.5,StrandBias:0.0,Multiplicity:1.00
0.001	0.997	0.001	0.001
0.001	0.997	0.001	0.001
0.997	0.001	0.001	0.001
0.001	0.001	0.997	0.001
0.001	0.001	0.001	0.997
0.001	0.001	0.826	0.172
0.997	0.001	0.001	0.001
0.997	0.001	0.001	0.001
0.997	0.001	0.001	0.001
0.997	0.001	0.001	0.001
0.997	0.001	0.001	0.001
0.001	0.001	0.997	0.001
>TTYGGCGGCCCA	11-TTYGGCGGCCCA	15.655818	-29.702945	0	T:8.0(0.59%),B:5.7(0.01%),P:1e-12	Tpos:99.2,Tstd:60.9,Bpos:104.7,Bstd:32.1,StrandBias:-0.7,Multiplicity:1.62
0.001	0.001	0.001	0.997
0.001	0.001	0.067	0.931
0.001	0.553	0.001	0.445
0.001	0.001	0.997	0.001
0.001	0.001	0.997	0.001
0.001	0.997	0.001	0.001
0.001	0.001	0.997	0.001
0.001	0.001	0.997	0.001
0.001	0.997	0.001	0.001
0.001	0.997	0.001	0.001
0.001	0.931	0.001	0.067
0.997	0.001	0.001	0.001
>ATGGATAGTACA	12-ATGGATAGTACA	13.207244	-29.702945	0	T:8.0(0.59%),B:5.7(0.01%),P:1e-12	Tpos:72.1,Tstd:49.6,Bpos:116.3,Bstd:30.8,StrandBias:0.0,Multiplicity:1.00
0.997	0.001	0.001	0.001
0.001	0.001	0.001	0.997
0.001	0.001	0.997	0.001
0.001	0.001	0.997	0.001
0.830	0.001	0.168	0.001
0.001	0.001	0.001	0.997
0.997	0.001	0.001	0.001
0.199	0.001	0.799	0.001
0.001	0.001	0.001	0.997
0.997	0.001	0.001	0.001
0.001	0.997	0.001	0.001
0.997	0.001	0.001	0.001
>CAAAATTAAATT	13-CAAAATTAAATT	9.954230	-28.405883	0	T:61.0(4.54%),B:1123.8(1.56%),P:1e-12	Tpos:110.0,Tstd:60.7,Bpos:94.4,Bstd:121.6,StrandBias:-0.2,Multiplicity:1.02
0.106	0.892	0.001	0.001
0.997	0.001	0.001	0.001
0.823	0.001	0.057	0.119
0.871	0.059	0.069	0.001
0.807	0.001	0.034	0.158
0.155	0.069	0.025	0.751
0.135	0.001	0.187	0.677
0.856	0.142	0.001	0.001
0.804	0.082	0.001	0.113
0.910	0.034	0.055	0.001
0.001	0.029	0.175	0.795
0.016	0.010	0.117	0.857
>MGACAAMGTTRG	14-MGACAAMGTTRG	12.439877	-28.126298	0	T:9.0(0.67%),B:10.8(0.01%),P:1e-12	Tpos:108.9,Tstd:64.1,Bpos:109.0,Bstd:61.4,StrandBias:-1.0,Multiplicity:1.00
0.444	0.449	0.001	0.106
0.001	0.001	0.997	0.001
0.997	0.001	0.001	0.001
0.001	0.997	0.001	0.001
0.997	0.001	0.001	0.001
0.977	0.001	0.021	0.001
0.485	0.444	0.070	0.001
0.001	0.021	0.977	0.001
0.001	0.001	0.001	0.997
0.001	0.001	0.001	0.997
0.533	0.001	0.465	0.001
0.039	0.001	0.959	0.001
>GGGGGGGGGGGG	15-GGGGGGGGGGGG	6.585708	-25.285623	0	T:84.0(6.25%),B:1988.9(2.75%),P:1e-10	Tpos:112.0,Tstd:52.7,Bpos:100.4,Bstd:68.3,StrandBias:-0.2,Multiplicity:1.35
0.059	0.033	0.604	0.304
0.133	0.117	0.529	0.221
0.136	0.100	0.559	0.205
0.285	0.017	0.477	0.221
0.050	0.033	0.709	0.208
0.096	0.033	0.854	0.017
0.001	0.049	0.934	0.016
0.026	0.050	0.864	0.060
0.099	0.049	0.851	0.001
0.115	0.085	0.799	0.001
0.118	0.041	0.708	0.133
0.232	0.090	0.510	0.168
>TCATCATCATCA	16-TCATCATCATCA	12.315097	-24.178449	0	T:17.0(1.26%),B:104.1(0.14%),P:1e-10	Tpos:98.9,Tstd:56.7,Bpos:91.0,Bstd:78.5,StrandBias:-0.8,Multiplicity:1.12
0.017	0.040	0.032	0.911
0.001	0.942	0.025	0.032
0.970	0.001	0.028	0.001
0.028	0.001	0.001	0.970
0.001	0.997	0.001	0.001
0.864	0.048	0.040	0.048
0.001	0.001	0.001	0.997
0.001	0.980	0.001	0.018
0.922	0.029	0.001	0.048
0.001	0.024	0.001	0.974
0.001	0.855	0.001	0.143
0.960	0.001	0.027	0.012
>AAATCAACCTAA	17-AAATCAACCTAA	13.207244	-20.916240	0	T:6.0(0.45%),B:5.3(0.01%),P:1e-9	Tpos:125.2,Tstd:56.4,Bpos:129.0,Bstd:34.0,StrandBias:1.6,Multiplicity:1.33
0.997	0.001	0.001	0.001
0.997	0.001	0.001	0.001
0.830	0.001	0.168	0.001
0.001	0.001	0.001	0.997
0.199	0.799	0.001	0.001
0.997	0.001	0.001	0.001
0.997	0.001	0.001	0.001
0.001	0.997	0.001	0.001
0.001	0.997	0.001	0.001
0.001	0.001	0.001	0.997
0.997	0.001	0.001	0.001
0.997	0.001	0.001	0.001
>TAATTGCATGTC	18-TAATTGCATGTC	12.508834	-15.740788	0	T:9.0(0.67%),B:42.5(0.06%),P:1e-6	Tpos:100.4,Tstd:46.8,Bpos:105.4,Bstd:56.0,StrandBias:-0.5,Multiplicity:1.50
0.001	0.001	0.001	0.997
0.679	0.001	0.001	0.319
0.679	0.001	0.319	0.001
0.006	0.001	0.001	0.992
0.320	0.001	0.200	0.480
0.001	0.001	0.997	0.001
0.159	0.839	0.001	0.001
0.997	0.001	0.001	0.001
0.001	0.001	0.159	0.839
0.001	0.001	0.997	0.001
0.001	0.001	0.001	0.997
0.001	0.839	0.159	0.001
>ATTTTGCATCGC	19-ATTTTGCATCGC	13.974028	-15.092643	0	T:5.0(0.37%),B:7.0(0.01%),P:1e-6	Tpos:108.7,Tstd:58.8,Bpos:128.9,Bstd:35.0,StrandBias:-3.3,Multiplicity:2.20
0.997	0.001	0.001	0.001
0.001	0.001	0.001	0.997
0.001	0.001	0.001	0.997
0.001	0.001	0.001	0.997
0.001	0.110	0.001	0.888
0.001	0.001	0.888	0.110
0.001	0.997	0.001	0.001
0.997	0.001	0.001	0.001
0.001	0.001	0.001	0.997
0.091	0.907	0.001	0.001
0.001	0.001	0.997	0.001
0.001	0.997	0.001	0.001
>CCTCTATTTTTC	20-CCTCTATTTTTC	14.439659	-13.759461	0	T:3.0(0.22%),B:1.7(0.00%),P:1e-5	Tpos:127.8,Tstd:52.6,Bpos:151.5,Bstd:7.6,StrandBias:10.0,Multiplicity:2.67
0.001	0.997	0.001	0.001
0.001	0.883	0.115	0.001
0.001	0.001	0.001	0.997
0.001	0.997	0.001	0.001
0.001	0.001	0.001	0.997
0.997	0.001	0.001	0.001
0.001	0.001	0.001	0.997
0.001	0.001	0.001	0.997
0.001	0.001	0.001	0.997
0.001	0.001	0.001	0.997
0.001	0.001	0.001	0.997
0.001	0.997	0.001	0.001
>GTGMTTSTAAGG	21-GTGMTTSTAAGG	13.030414	-13.632052	0	T:4.0(0.30%),B:4.5(0.01%),P:1e-5	Tpos:91.9,Tstd:46.9,Bpos:103.2,Bstd:35.3,StrandBias:-0.7,Multiplicity:2.00
0.001	0.001	0.997	0.001
0.001	0.001	0.001	0.997
0.001	0.001	0.997	0.001
0.554	0.444	0.001	0.001
0.001	0.001	0.001	0.997
0.001	0.001	0.001	0.997
0.001	0.444	0.554	0.001
0.001	0.091	0.001	0.907
0.997	0.001	0.001	0.001
0.997	0.001	0.001	0.001
0.001	0.001	0.997	0.001
0.001	0.001	0.997	0.001
>GTAAAAATAAAT	22-GTAAAAATAAAT	13.444474	-8.991354	0	T:6.0(0.45%),B:40.4(0.06%),P:1e-3	Tpos:110.0,Tstd:54.4,Bpos:113.8,Bstd:59.4,StrandBias:1.2,Multiplicity:2.00
0.001	0.001	0.997	0.001
0.001	0.001	0.001	0.997
0.997	0.001	0.001	0.001
0.997	0.001	0.001	0.001
0.997	0.001	0.001	0.001
0.997	0.001	0.001	0.001
0.773	0.001	0.001	0.225
0.001	0.001	0.001	0.997
0.767	0.001	0.231	0.001
0.997	0.001	0.001	0.001
0.997	0.001	0.001	0.001
0.001	0.001	0.185	0.813
>GAGAGAGAGAGA	23-GAGAGAGAGAGA	11.424949	-8.054154	0	T:13.0(0.97%),B:219.5(0.30%),P:1e-3	Tpos:88.4,Tstd:45.2,Bpos:87.7,Bstd:82.1,StrandBias:-2.5,Multiplicity:1.00
0.001	0.001	0.986	0.012
0.984	0.001	0.007	0.008
0.001	0.001	0.982	0.016
0.986	0.001	0.001	0.012
0.001	0.006	0.992	0.001
0.997	0.001	0.001	0.001
0.007	0.001	0.991	0.001
0.997	0.001	0.001	0.001
0.001	0.001	0.997	0.001
0.997	0.001	0.001	0.001
0.006	0.001	0.992	0.001
0.997	0.001	0.001	0.001
>TACTACAACAGT	24-TACTACAACAGT	14.621980	-7.300038	0	T:2.0(0.15%),B:2.8(0.00%),P:1e-3	Tpos:107.0,Tstd:60.3,Bpos:133.5,Bstd:7.7,StrandBias:2.6,Multiplicity:3.50
0.001	0.001	0.001	0.997
0.997	0.001	0.001	0.001
0.001	0.997	0.001	0.001
0.001	0.001	0.001	0.997
0.997	0.001	0.001	0.001
0.001	0.997	0.001	0.001
0.997	0.001	0.001	0.001
0.997	0.001	0.001	0.001
0.001	0.997	0.001	0.001
0.860	0.138	0.001	0.001
0.001	0.001	0.997	0.001
0.001	0.001	0.001	0.997
>TAGTGCCAGTGG	25-TAGTGCCAGTGG	12.355432	-3.993135	0	T:1.0(0.07%),B:0.7(0.00%),P:1e-1	Tpos:92.5,Tstd:54.6,Bpos:135.8,Bstd:14.6,StrandBias:10.0,Multiplicity:10.00
0.100	0.100	0.100	0.700
0.700	0.100	0.100	0.100
0.100	0.100	0.700	0.100
0.100	0.100	0.100	0.700
0.100	0.100	0.700	0.100
0.100	0.700	0.100	0.100
0.100	0.700	0.100	0.100
0.700	0.100	0.100	0.100
0.100	0.100	0.700	0.100
0.100	0.100	0.100	0.700
0.100	0.100	0.700	0.100
0.100	0.100	0.700	0.100
