>ATAAGCTGAC	1-ATAAGCTGAC	7.429567	-29.597295	0	T:94.0(10.69%),B:1616.9(4.64%),P:1e-12	Tpos:95.2,Tstd:52.1,Bpos:98.5,Bstd:56.4,StrandBias:0.4,Multiplicity:1.05
0.997	0.001	0.001	0.001
0.167	0.264	0.001	0.568
0.770	0.108	0.093	0.029
0.807	0.049	0.031	0.113
0.001	0.102	0.896	0.001
0.071	0.821	0.001	0.107
0.034	0.029	0.219	0.718
0.001	0.024	0.941	0.034
0.570	0.001	0.398	0.031
0.001	0.634	0.001	0.364
>RAAAAGGGGG	2-RAAAAGGGGG	8.171547	-24.594711	0	T:53.0(6.03%),B:730.1(2.10%),P:1e-10	Tpos:88.4,Tstd:51.4,Bpos:90.0,Bstd:57.8,StrandBias:0.3,Multiplicity:1.02
0.504	0.001	0.494	0.001
0.586	0.322	0.001	0.091
0.732	0.266	0.001	0.001
0.997	0.001	0.001	0.001
0.702	0.001	0.001	0.296
0.282	0.001	0.592	0.125
0.001	0.001	0.997	0.001
0.001	0.030	0.968	0.001
0.001	0.001	0.997	0.001
0.112	0.289	0.598	0.001
>ATTCAACATT	3-ATTCAACATT	7.561039	-22.363622	0	T:42.0(4.78%),B:529.6(1.52%),P:1e-9	Tpos:78.3,Tstd:55.3,Bpos:90.8,Bstd:54.9,StrandBias:-0.3,Multiplicity:1.02
0.699	0.210	0.067	0.024
0.178	0.019	0.035	0.768
0.172	0.147	0.168	0.513
0.035	0.633	0.282	0.050
0.559	0.041	0.224	0.176
0.611	0.020	0.346	0.023
0.166	0.450	0.227	0.157
0.501	0.157	0.146	0.196
0.026	0.218	0.026	0.730
0.139	0.036	0.018	0.807
>CGTACATTCC	4-CGTACATTCC	9.859719	-22.140138	0	T:21.0(2.39%),B:142.4(0.41%),P:1e-9	Tpos:104.0,Tstd:62.4,Bpos:102.9,Bstd:55.7,StrandBias:-0.9,Multiplicity:1.00
0.057	0.881	0.061	0.001
0.060	0.001	0.938	0.001
0.106	0.001	0.001	0.892
0.912	0.086	0.001	0.001
0.061	0.843	0.095	0.001
0.934	0.064	0.001	0.001
0.001	0.095	0.001	0.903
0.060	0.001	0.001	0.938
0.001	0.891	0.065	0.043
0.051	0.947	0.001	0.001
>CWAAATAKAA	5-CWAAATAKAA	7.948333	-21.347403	0	T:74.0(8.42%),B:1335.4(3.84%),P:1e-9	Tpos:86.2,Tstd:56.8,Bpos:87.6,Bstd:55.5,StrandBias:-0.4,Multiplicity:1.08
0.191	0.724	0.001	0.084
0.409	0.202	0.001	0.388
0.569	0.035	0.395	0.001
0.664	0.001	0.038	0.297
0.640	0.001	0.001	0.358
0.001	0.153	0.025	0.821
0.997	0.001	0.001	0.001
0.075	0.001	0.405	0.519
0.536	0.117	0.001	0.346
0.894	0.069	0.036	0.001
>CGGTTGACCT	6-CGGTTGACCT	7.568714	-21.038995	0	T:73.0(8.30%),B:1318.4(3.79%),P:1e-9	Tpos:100.7,Tstd:59.8,Bpos:96.7,Bstd:56.6,StrandBias:-0.4,Multiplicity:1.10
0.015	0.481	0.303	0.200
0.102	0.001	0.720	0.177
0.001	0.058	0.635	0.306
0.015	0.064	0.205	0.716
0.001	0.297	0.001	0.701
0.284	0.001	0.545	0.170
0.825	0.173	0.001	0.001
0.031	0.967	0.001	0.001
0.001	0.838	0.001	0.160
0.001	0.083	0.001	0.915
>CAGCTTGCTG	7-CAGCTTGCTG	9.062536	-20.375203	0	T:29.0(3.30%),B:296.2(0.85%),P:1e-8	Tpos:87.9,Tstd:56.5,Bpos:108.5,Bstd:56.0,StrandBias:-0.6,Multiplicity:1.00
0.026	0.882	0.052	0.040
0.748	0.001	0.001	0.250
0.036	0.052	0.890	0.022
0.110	0.845	0.044	0.001
0.001	0.001	0.001	0.997
0.048	0.001	0.001	0.950
0.001	0.039	0.959	0.001
0.001	0.913	0.044	0.042
0.038	0.001	0.060	0.901
0.001	0.001	0.997	0.001
>TAAGCTAAGC	8-TAAGCTAAGC	12.063945	-19.769492	0	T:5.0(0.57%),B:2.4(0.01%),P:1e-8	Tpos:115.0,Tstd:45.8,Bpos:139.8,Bstd:35.8,StrandBias:0.4,Multiplicity:1.40
0.001	0.001	0.001	0.997
0.997	0.001	0.001	0.001
0.997	0.001	0.001	0.001
0.001	0.001	0.997	0.001
0.001	0.997	0.001	0.001
0.001	0.001	0.001	0.997
0.828	0.001	0.170	0.001
0.997	0.001	0.001	0.001
0.001	0.001	0.997	0.001
0.001	0.997	0.001	0.001
>ATTCTACTGT	9-ATTCTACTGT	9.316813	-19.207767	0	T:31.0(3.53%),B:352.8(1.01%),P:1e-8	Tpos:101.6,Tstd:54.7,Bpos:98.2,Bstd:55.9,StrandBias:1.5,Multiplicity:1.00
0.736	0.001	0.157	0.106
0.001	0.042	0.001	0.956
0.037	0.001	0.044	0.918
0.027	0.971	0.001	0.001
0.029	0.027	0.049	0.895
0.901	0.001	0.040	0.058
0.001	0.922	0.001	0.076
0.036	0.049	0.055	0.860
0.042	0.001	0.923	0.034
0.048	0.001	0.001	0.950
>CAACGAGCAG	10-CAACGAGCAG	10.296193	-15.168100	0	T:4.0(0.46%),B:2.1(0.01%),P:1e-6	Tpos:154.0,Tstd:17.9,Bpos:113.0,Bstd:32.2,StrandBias:1.6,Multiplicity:1.00
0.100	0.700	0.100	0.100
0.700	0.100	0.100	0.100
0.700	0.100	0.100	0.100
0.100	0.700	0.100	0.100
0.100	0.100	0.700	0.100
0.700	0.100	0.100	0.100
0.100	0.100	0.700	0.100
0.100	0.700	0.100	0.100
0.700	0.100	0.100	0.100
0.100	0.100	0.700	0.100
>KTGAADGCGA	11-KTGAADGCGA	8.858268	-15.132334	0	T:12.0(1.37%),B:68.2(0.20%),P:1e-6	Tpos:84.6,Tstd:43.3,Bpos:106.5,Bstd:53.8,StrandBias:0.0,Multiplicity:1.00
0.018	0.043	0.542	0.397
0.077	0.087	0.193	0.643
0.325	0.087	0.488	0.099
0.835	0.058	0.056	0.051
0.716	0.184	0.058	0.042
0.341	0.047	0.288	0.324
0.170	0.067	0.755	0.008
0.049	0.859	0.066	0.026
0.045	0.029	0.661	0.265
0.616	0.037	0.285	0.062
>CGTAGCACAA	12-CGTAGCACAA	11.710409	-15.068760	0	T:6.0(0.68%),B:10.7(0.03%),P:1e-6	Tpos:86.8,Tstd:60.0,Bpos:115.2,Bstd:45.6,StrandBias:-2.3,Multiplicity:1.00
0.001	0.997	0.001	0.001
0.001	0.001	0.997	0.001
0.001	0.001	0.001	0.997
0.997	0.001	0.001	0.001
0.001	0.001	0.997	0.001
0.001	0.997	0.001	0.001
0.783	0.001	0.215	0.001
0.001	0.846	0.152	0.001
0.997	0.001	0.001	0.001
0.997	0.001	0.001	0.001
>GCGAGAGCTG	13-GCGAGAGCTG	11.686464	-14.840511	0	T:7.0(0.80%),B:17.2(0.05%),P:1e-6	Tpos:95.9,Tstd:30.4,Bpos:113.9,Bstd:49.6,StrandBias:0.4,Multiplicity:1.00
0.001	0.140	0.858	0.001
0.001	0.830	0.168	0.001
0.001	0.001	0.997	0.001
0.997	0.001	0.001	0.001
0.001	0.001	0.997	0.001
0.997	0.001	0.001	0.001
0.001	0.001	0.997	0.001
0.001	0.997	0.001	0.001
0.001	0.001	0.001	0.997
0.001	0.001	0.997	0.001
>AGAGARAGAG	14-AGAGARAGAG	9.164388	-10.073083	0	T:35.0(3.98%),B:656.0(1.88%),P:1e-4	Tpos:69.7,Tstd:39.7,Bpos:81.0,Bstd:57.3,StrandBias:1.6,Multiplicity:1.06
0.938	0.029	0.032	0.001
0.057	0.001	0.941	0.001
0.948	0.001	0.050	0.001
0.044	0.001	0.925	0.030
0.955	0.028	0.016	0.001
0.547	0.001	0.417	0.035
0.931	0.001	0.030	0.038
0.001	0.001	0.972	0.026
0.971	0.001	0.001	0.027
0.031	0.020	0.922	0.027
>TGTTCTCACA	15-TGTTCTCACA	10.296193	-5.816542	0	T:4.0(0.46%),B:23.8(0.07%),P:1e-2	Tpos:111.6,Tstd:54.3,Bpos:86.9,Bstd:56.3,StrandBias:1.4,Multiplicity:2.75
0.100	0.100	0.100	0.700
0.100	0.100	0.700	0.100
0.100	0.100	0.100	0.700
0.100	0.100	0.100	0.700
0.100	0.700	0.100	0.100
0.100	0.100	0.100	0.700
0.100	0.700	0.100	0.100
0.700	0.100	0.100	0.100
0.100	0.700	0.100	0.100
0.700	0.100	0.100	0.100
