>GTGGACGCACAC	1-GTGGACGCACAC	10.248732	-29.627355	0	T:19.0(2.16%),B:73.9(0.21%),P:1e-12	Tpos:101.8,Tstd:59.8,Bpos:90.0,Bstd:64.3,StrandBias:0.6,Multiplicity:1.00
0.060	0.116	0.823	0.001
0.001	0.269	0.001	0.729
0.001	0.110	0.785	0.104
0.179	0.105	0.601	0.115
0.785	0.001	0.209	0.005
0.001	0.889	0.001	0.109
0.078	0.001	0.920	0.001
0.001	0.894	0.001	0.104
0.894	0.001	0.104	0.001
0.001	0.894	0.104	0.001
0.894	0.001	0.104	0.001
0.104	0.894	0.001	0.001
>AGAAATCCCTCC	2-AGAAATCCCTCC	13.731605	-29.493230	0	T:7.0(0.80%),B:2.9(0.01%),P:1e-12	Tpos:121.7,Tstd:30.8,Bpos:104.5,Bstd:23.5,StrandBias:1.3,Multiplicity:1.00
0.997	0.001	0.001	0.001
0.001	0.001	0.997	0.001
0.997	0.001	0.001	0.001
0.743	0.128	0.128	0.001
0.997	0.001	0.001	0.001
0.127	0.001	0.001	0.871
0.001	0.871	0.127	0.001
0.103	0.895	0.001	0.001
0.001	0.871	0.001	0.127
0.001	0.001	0.001	0.997
0.001	0.871	0.127	0.001
0.001	0.997	0.001	0.001
>TTCTCAGCAACT	3-TTCTCAGCAACT	9.191030	-29.237581	0	T:34.0(3.87%),B:281.1(0.81%),P:1e-12	Tpos:108.8,Tstd:64.9,Bpos:101.3,Bstd:57.7,StrandBias:-0.2,Multiplicity:1.00
0.098	0.001	0.067	0.834
0.001	0.065	0.098	0.836
0.033	0.816	0.067	0.084
0.096	0.033	0.065	0.806
0.098	0.836	0.065	0.001
0.804	0.130	0.065	0.001
0.023	0.079	0.800	0.098
0.045	0.694	0.098	0.163
0.966	0.032	0.001	0.001
0.910	0.001	0.088	0.001
0.066	0.835	0.001	0.098
0.033	0.033	0.065	0.869
>ACTTCGGGTTTG	4-ACTTCGGGTTTG	14.168146	-28.691266	0	T:6.0(0.68%),B:1.8(0.01%),P:1e-12	Tpos:132.7,Tstd:50.5,Bpos:144.9,Bstd:17.6,StrandBias:1.0,Multiplicity:1.00
0.997	0.001	0.001	0.001
0.176	0.822	0.001	0.001
0.001	0.001	0.001	0.997
0.001	0.001	0.001	0.997
0.001	0.822	0.001	0.176
0.001	0.112	0.886	0.001
0.001	0.001	0.997	0.001
0.001	0.176	0.822	0.001
0.001	0.001	0.001	0.997
0.001	0.001	0.001	0.997
0.001	0.001	0.176	0.822
0.001	0.001	0.997	0.001
>AAAGCCTGCTGC	5-AAAGCCTGCTGC	10.445368	-27.999424	0	T:17.0(1.93%),B:60.2(0.17%),P:1e-12	Tpos:90.1,Tstd:56.8,Bpos:99.1,Bstd:54.9,StrandBias:0.3,Multiplicity:1.06
0.948	0.001	0.001	0.050
0.812	0.050	0.001	0.137
0.899	0.050	0.001	0.050
0.051	0.051	0.795	0.103
0.137	0.618	0.193	0.052
0.101	0.846	0.001	0.052
0.001	0.050	0.103	0.846
0.001	0.001	0.997	0.001
0.052	0.945	0.002	0.001
0.050	0.001	0.101	0.848
0.001	0.101	0.756	0.142
0.051	0.696	0.051	0.202
>CGGRAGYYGTYC	6-CGGRAGYYGTYC	11.841382	-27.303409	0	T:8.0(0.91%),B:5.0(0.01%),P:1e-11	Tpos:136.4,Tstd:57.7,Bpos:105.5,Bstd:47.4,StrandBias:0.0,Multiplicity:1.00
0.001	0.997	0.001	0.001
0.098	0.001	0.900	0.001
0.001	0.001	0.997	0.001
0.444	0.001	0.554	0.001
0.997	0.001	0.001	0.001
0.001	0.001	0.997	0.001
0.001	0.440	0.001	0.558
0.001	0.440	0.001	0.558
0.001	0.001	0.900	0.098
0.001	0.001	0.001	0.997
0.001	0.444	0.001	0.554
0.001	0.997	0.001	0.001
>CCTSTGAGGTGA	7-CCTSTGAGGTGA	12.441130	-27.255840	0	T:11.0(1.25%),B:17.1(0.05%),P:1e-11	Tpos:80.9,Tstd:47.3,Bpos:99.9,Bstd:51.0,StrandBias:1.0,Multiplicity:1.00
0.098	0.803	0.098	0.001
0.001	0.997	0.001	0.001
0.001	0.097	0.001	0.901
0.001	0.508	0.490	0.001
0.110	0.001	0.001	0.888
0.001	0.001	0.997	0.001
0.997	0.001	0.001	0.001
0.098	0.098	0.803	0.001
0.001	0.001	0.997	0.001
0.001	0.111	0.098	0.790
0.001	0.286	0.712	0.001
0.997	0.001	0.001	0.001
>TGCTGCATGCTG	8-TGCTGCATGCTG	13.492755	-26.380280	0	T:9.0(1.02%),B:9.5(0.03%),P:1e-11	Tpos:83.4,Tstd:40.6,Bpos:104.8,Bstd:44.1,StrandBias:1.2,Multiplicity:1.11
0.001	0.001	0.001	0.997
0.001	0.001	0.997	0.001
0.001	0.997	0.001	0.001
0.001	0.001	0.001	0.997
0.001	0.001	0.900	0.098
0.001	0.997	0.001	0.001
0.734	0.001	0.001	0.264
0.001	0.001	0.001	0.997
0.001	0.001	0.997	0.001
0.001	0.922	0.001	0.076
0.120	0.001	0.001	0.878
0.121	0.001	0.757	0.121
>AAGGGGGAGTTG	9-AAGGGGGAGTTG	9.025358	-26.290530	0	T:23.0(2.62%),B:139.8(0.40%),P:1e-11	Tpos:79.1,Tstd:47.0,Bpos:102.6,Bstd:59.8,StrandBias:0.4,Multiplicity:1.00
0.892	0.052	0.052	0.004
0.844	0.052	0.103	0.001
0.103	0.052	0.844	0.001
0.103	0.001	0.793	0.103
0.052	0.104	0.840	0.004
0.001	0.052	0.895	0.052
0.155	0.052	0.792	0.001
0.895	0.001	0.052	0.052
0.103	0.052	0.844	0.001
0.052	0.052	0.001	0.895
0.004	0.104	0.156	0.736
0.104	0.052	0.740	0.104
>GTACGTACAAAT	10-GTACGTACAAAT	9.949355	-25.614259	0	T:24.0(2.73%),B:158.7(0.46%),P:1e-11	Tpos:90.2,Tstd:56.0,Bpos:98.6,Bstd:55.7,StrandBias:-0.4,Multiplicity:1.00
0.034	0.068	0.896	0.002
0.070	0.001	0.001	0.928
0.931	0.001	0.001	0.067
0.001	0.639	0.001	0.359
0.101	0.001	0.775	0.123
0.001	0.067	0.001	0.931
0.840	0.058	0.034	0.068
0.001	0.997	0.001	0.001
0.808	0.123	0.068	0.001
0.669	0.192	0.138	0.001
0.725	0.138	0.136	0.001
0.068	0.055	0.001	0.876
>CTTGGAAAATCG	11-CTTGGAAAATCG	10.546797	-24.760462	0	T:17.0(1.93%),B:74.1(0.21%),P:1e-10	Tpos:99.8,Tstd:60.0,Bpos:104.3,Bstd:56.5,StrandBias:-0.2,Multiplicity:1.00
0.001	0.989	0.001	0.009
0.001	0.199	0.001	0.799
0.001	0.001	0.102	0.896
0.001	0.097	0.801	0.101
0.098	0.097	0.606	0.199
0.805	0.001	0.097	0.097
0.902	0.001	0.001	0.096
0.897	0.005	0.001	0.097
0.997	0.001	0.001	0.001
0.001	0.389	0.001	0.609
0.001	0.902	0.096	0.001
0.097	0.001	0.698	0.204
>GTAAATTTTGGC	12-GTAAATTTTGGC	13.381832	-23.997949	0	T:10.0(1.14%),B:17.4(0.05%),P:1e-10	Tpos:89.1,Tstd:48.9,Bpos:75.1,Bstd:53.0,StrandBias:1.2,Multiplicity:1.00
0.001	0.001	0.997	0.001
0.001	0.001	0.001	0.997
0.997	0.001	0.001	0.001
0.878	0.001	0.001	0.120
0.757	0.121	0.001	0.121
0.001	0.001	0.001	0.997
0.120	0.001	0.001	0.878
0.001	0.001	0.001	0.997
0.001	0.001	0.001	0.997
0.001	0.120	0.878	0.001
0.001	0.001	0.997	0.001
0.001	0.728	0.194	0.077
>CAACCTGAACAG	13-CAACCTGAACAG	12.272311	-23.195874	0	T:11.0(1.25%),B:26.0(0.07%),P:1e-10	Tpos:100.3,Tstd:47.6,Bpos:103.9,Bstd:57.4,StrandBias:0.8,Multiplicity:1.00
0.163	0.746	0.090	0.001
0.997	0.001	0.001	0.001
0.909	0.089	0.001	0.001
0.001	0.459	0.281	0.259
0.092	0.906	0.001	0.001
0.089	0.001	0.001	0.909
0.001	0.089	0.909	0.001
0.819	0.001	0.179	0.001
0.830	0.090	0.001	0.079
0.001	0.997	0.001	0.001
0.909	0.001	0.001	0.089
0.001	0.001	0.909	0.089
>CAAAATAGAACA	14-CAAAATAGAACA	8.720656	-22.710119	0	T:60.0(6.83%),B:938.4(2.70%),P:1e-9	Tpos:92.7,Tstd:51.9,Bpos:94.1,Bstd:53.5,StrandBias:-0.7,Multiplicity:1.00
0.120	0.744	0.084	0.052
0.892	0.046	0.046	0.016
0.851	0.091	0.039	0.019
0.868	0.047	0.062	0.023
0.869	0.023	0.052	0.056
0.066	0.121	0.038	0.775
0.696	0.033	0.175	0.096
0.061	0.056	0.792	0.091
0.859	0.104	0.024	0.013
0.874	0.023	0.088	0.015
0.046	0.896	0.024	0.034
0.890	0.040	0.024	0.046
>ACATCATCTACA	15-ACATCATCTACA	13.367394	-22.515983	0	T:9.0(1.02%),B:14.8(0.04%),P:1e-9	Tpos:119.6,Tstd:64.6,Bpos:121.1,Bstd:57.2,StrandBias:0.3,Multiplicity:1.00
0.905	0.001	0.001	0.093
0.131	0.867	0.001	0.001
0.997	0.001	0.001	0.001
0.001	0.001	0.001	0.997
0.001	0.867	0.131	0.001
0.997	0.001	0.001	0.001
0.001	0.001	0.001	0.997
0.001	0.934	0.064	0.001
0.069	0.001	0.001	0.929
0.735	0.132	0.001	0.132
0.001	0.997	0.001	0.001
0.867	0.001	0.001	0.131
>ATAAGCTAAGCT	16-ATAAGCTAAGCT	14.042917	-22.142547	0	T:6.0(0.68%),B:3.5(0.01%),P:1e-9	Tpos:111.6,Tstd:62.1,Bpos:143.5,Bstd:30.3,StrandBias:0.4,Multiplicity:1.00
0.832	0.166	0.001	0.001
0.001	0.001	0.001	0.997
0.997	0.001	0.001	0.001
0.997	0.001	0.001	0.001
0.001	0.001	0.832	0.166
0.001	0.997	0.001	0.001
0.001	0.001	0.001	0.997
0.997	0.001	0.001	0.001
0.997	0.001	0.001	0.001
0.001	0.001	0.832	0.166
0.001	0.997	0.001	0.001
0.166	0.166	0.001	0.667
>GTCGTATCACTT	17-GTCGTATCACTT	13.827534	-19.920465	0	T:7.0(0.80%),B:8.4(0.02%),P:1e-8	Tpos:135.9,Tstd:47.1,Bpos:125.6,Bstd:40.1,StrandBias:0.4,Multiplicity:1.00
0.001	0.001	0.997	0.001
0.001	0.001	0.001	0.997
0.001	0.856	0.001	0.142
0.001	0.001	0.997	0.001
0.142	0.001	0.001	0.856
0.997	0.001	0.001	0.001
0.001	0.001	0.001	0.997
0.001	0.997	0.001	0.001
0.713	0.001	0.143	0.143
0.001	0.997	0.001	0.001
0.001	0.001	0.001	0.997
0.001	0.143	0.143	0.713
>CCCCGAGAGCTG	18-CCCCGAGAGCTG	10.333208	-19.769492	0	T:5.0(0.57%),B:2.6(0.01%),P:1e-8	Tpos:109.0,Tstd:38.3,Bpos:93.4,Bstd:53.5,StrandBias:0.6,Multiplicity:1.00
0.032	0.715	0.110	0.143
0.093	0.682	0.064	0.161
0.159	0.602	0.160	0.079
0.077	0.782	0.048	0.093
0.143	0.143	0.635	0.079
0.777	0.048	0.111	0.064
0.144	0.127	0.668	0.061
0.888	0.032	0.016	0.064
0.064	0.111	0.761	0.064
0.064	0.777	0.032	0.127
0.096	0.032	0.032	0.840
0.032	0.045	0.875	0.048
>TAGGTTAAACMT	19-TAGGTTAAACMT	7.757602	-18.163422	0	T:19.0(2.16%),B:146.8(0.42%),P:1e-7	Tpos:115.4,Tstd:49.3,Bpos:95.3,Bstd:54.5,StrandBias:0.1,Multiplicity:1.00
0.041	0.240	0.259	0.460
0.703	0.027	0.224	0.046
0.346	0.044	0.538	0.072
0.029	0.046	0.595	0.330
0.220	0.208	0.021	0.551
0.035	0.184	0.264	0.517
0.524	0.144	0.090	0.242
0.467	0.164	0.163	0.206
0.916	0.027	0.025	0.032
0.228	0.499	0.012	0.261
0.261	0.390	0.140	0.209
0.291	0.021	0.030	0.658
>ACCAGCGGAATG	20-ACCAGCGGAATG	13.471112	-16.364797	0	T:6.0(0.68%),B:8.5(0.02%),P:1e-7	Tpos:120.0,Tstd:39.8,Bpos:100.9,Bstd:57.8,StrandBias:-2.8,Multiplicity:1.33
0.997	0.001	0.001	0.001
0.166	0.832	0.001	0.001
0.001	0.997	0.001	0.001
0.997	0.001	0.001	0.001
0.001	0.001	0.997	0.001
0.001	0.635	0.001	0.363
0.001	0.001	0.863	0.135
0.001	0.001	0.997	0.001
0.997	0.001	0.001	0.001
0.832	0.001	0.001	0.166
0.001	0.001	0.001	0.997
0.001	0.001	0.997	0.001
>ATCTCTTTCTCT	21-ATCTCTTTCTCT	9.053708	-14.404212	0	T:43.0(4.89%),B:732.9(2.11%),P:1e-6	Tpos:69.1,Tstd:41.2,Bpos:80.8,Bstd:55.8,StrandBias:-1.4,Multiplicity:1.07
0.713	0.100	0.046	0.141
0.088	0.180	0.001	0.731
0.091	0.712	0.054	0.143
0.106	0.001	0.001	0.892
0.106	0.829	0.027	0.038
0.052	0.001	0.001	0.946
0.106	0.249	0.001	0.644
0.001	0.106	0.053	0.840
0.106	0.824	0.044	0.026
0.001	0.001	0.052	0.946
0.043	0.797	0.054	0.106
0.053	0.001	0.053	0.893
>TACAGTACAGGT	22-TACAGTACAGGT	10.358774	-13.152911	0	T:16.0(1.82%),B:148.6(0.43%),P:1e-5	Tpos:98.0,Tstd:62.1,Bpos:95.6,Bstd:60.1,StrandBias:0.5,Multiplicity:1.19
0.001	0.001	0.001	0.997
0.856	0.001	0.001	0.142
0.143	0.642	0.143	0.072
0.927	0.001	0.001	0.071
0.071	0.001	0.927	0.001
0.285	0.001	0.001	0.713
0.877	0.001	0.121	0.001
0.071	0.924	0.001	0.004
0.785	0.071	0.001	0.143
0.071	0.001	0.806	0.122
0.072	0.143	0.570	0.215
0.001	0.001	0.001	0.997
>CACATCACTGTA	23-CACATCACTGTA	13.660363	-5.380385	0	T:3.0(0.34%),B:13.2(0.04%),P:1e-2	Tpos:88.4,Tstd:52.6,Bpos:117.0,Bstd:64.9,StrandBias:3.0,Multiplicity:3.00
0.001	0.997	0.001	0.001
0.997	0.001	0.001	0.001
0.001	0.997	0.001	0.001
0.997	0.001	0.001	0.001
0.410	0.001	0.001	0.588
0.001	0.997	0.001	0.001
0.997	0.001	0.001	0.001
0.001	0.997	0.001	0.001
0.001	0.001	0.001	0.997
0.151	0.001	0.847	0.001
0.001	0.001	0.001	0.997
0.847	0.151	0.001	0.001
>CAGCAGTGTTCT	24-CAGCAGTGTTCT	12.355432	-3.691488	0	T:1.0(0.11%),B:1.6(0.00%),P:1e-1	Tpos:96.2,Tstd:66.1,Bpos:144.8,Bstd:40.6,StrandBias:10.0,Multiplicity:6.00
0.100	0.700	0.100	0.100
0.700	0.100	0.100	0.100
0.100	0.100	0.700	0.100
0.100	0.700	0.100	0.100
0.700	0.100	0.100	0.100
0.100	0.100	0.700	0.100
0.100	0.100	0.100	0.700
0.100	0.100	0.700	0.100
0.100	0.100	0.100	0.700
0.100	0.100	0.100	0.700
0.100	0.700	0.100	0.100
0.100	0.100	0.100	0.700
