>ATAAGCTGAC	1-ATAAGCTGAC	7.429567	-29.597295	0	T:94.0(10.69%),B:1616.9(4.64%),P:1e-12	Tpos:95.2,Tstd:52.1,Bpos:98.5,Bstd:56.4,StrandBias:0.4,Multiplicity:1.05
0.997	0.001	0.001	0.001
0.167	0.264	0.001	0.568
0.770	0.108	0.093	0.029
0.807	0.049	0.031	0.113
0.001	0.102	0.896	0.001
0.071	0.821	0.001	0.107
0.034	0.029	0.219	0.718
0.001	0.024	0.941	0.034
0.570	0.001	0.398	0.031
0.001	0.634	0.001	0.364
>RAAAAGGGGG	2-RAAAAGGGGG	8.171547	-24.594711	0	T:53.0(6.03%),B:730.1(2.10%),P:1e-10	Tpos:88.4,Tstd:51.4,Bpos:90.0,Bstd:57.8,StrandBias:0.3,Multiplicity:1.02
0.504	0.001	0.494	0.001
0.586	0.322	0.001	0.091
0.732	0.266	0.001	0.001
0.997	0.001	0.001	0.001
0.702	0.001	0.001	0.296
0.282	0.001	0.592	0.125
0.001	0.001	0.997	0.001
0.001	0.030	0.968	0.001
0.001	0.001	0.997	0.001
0.112	0.289	0.598	0.001
>ATTCAACATT	3-ATTCAACATT	7.561039	-22.363622	0	T:42.0(4.78%),B:529.6(1.52%),P:1e-9	Tpos:78.3,Tstd:55.3,Bpos:90.8,Bstd:54.9,StrandBias:-0.3,Multiplicity:1.02
0.699	0.210	0.067	0.024
0.178	0.019	0.035	0.768
0.172	0.147	0.168	0.513
0.035	0.633	0.282	0.050
0.559	0.041	0.224	0.176
0.611	0.020	0.346	0.023
0.166	0.450	0.227	0.157
0.501	0.157	0.146	0.196
0.026	0.218	0.026	0.730
0.139	0.036	0.018	0.807
>CGTACATTCC	4-CGTACATTCC	9.859719	-22.140138	0	T:21.0(2.39%),B:142.4(0.41%),P:1e-9	Tpos:104.0,Tstd:62.4,Bpos:102.9,Bstd:55.7,StrandBias:-0.9,Multiplicity:1.00
0.057	0.881	0.061	0.001
0.060	0.001	0.938	0.001
0.106	0.001	0.001	0.892
0.912	0.086	0.001	0.001
0.061	0.843	0.095	0.001
0.934	0.064	0.001	0.001
0.001	0.095	0.001	0.903
0.060	0.001	0.001	0.938
0.001	0.891	0.065	0.043
0.051	0.947	0.001	0.001
>CWAAATAKAA	5-CWAAATAKAA	7.948333	-21.347403	0	T:74.0(8.42%),B:1335.4(3.84%),P:1e-9	Tpos:86.2,Tstd:56.8,Bpos:87.6,Bstd:55.5,StrandBias:-0.4,Multiplicity:1.08
0.191	0.724	0.001	0.084
0.409	0.202	0.001	0.388
0.569	0.035	0.395	0.001
0.664	0.001	0.038	0.297
0.640	0.001	0.001	0.358
0.001	0.153	0.025	0.821
0.997	0.001	0.001	0.001
0.075	0.001	0.405	0.519
0.536	0.117	0.001	0.346
0.894	0.069	0.036	0.001
>CGGTTGACCT	6-CGGTTGACCT	7.568714	-21.038995	0	T:73.0(8.30%),B:1318.4(3.79%),P:1e-9	Tpos:100.7,Tstd:59.8,Bpos:96.7,Bstd:56.6,StrandBias:-0.4,Multiplicity:1.10
0.015	0.481	0.303	0.200
0.102	0.001	0.720	0.177
0.001	0.058	0.635	0.306
0.015	0.064	0.205	0.716
0.001	0.297	0.001	0.701
0.284	0.001	0.545	0.170
0.825	0.173	0.001	0.001
0.031	0.967	0.001	0.001
0.001	0.838	0.001	0.160
0.001	0.083	0.001	0.915
>CAGCTTGCTG	7-CAGCTTGCTG	9.062536	-20.375203	0	T:29.0(3.30%),B:296.2(0.85%),P:1e-8	Tpos:87.9,Tstd:56.5,Bpos:108.5,Bstd:56.0,StrandBias:-0.6,Multiplicity:1.00
0.026	0.882	0.052	0.040
0.748	0.001	0.001	0.250
0.036	0.052	0.890	0.022
0.110	0.845	0.044	0.001
0.001	0.001	0.001	0.997
0.048	0.001	0.001	0.950
0.001	0.039	0.959	0.001
0.001	0.913	0.044	0.042
0.038	0.001	0.060	0.901
0.001	0.001	0.997	0.001
>TAAGCTAAGC	8-TAAGCTAAGC	12.063945	-19.769492	0	T:5.0(0.57%),B:2.4(0.01%),P:1e-8	Tpos:115.0,Tstd:45.8,Bpos:139.8,Bstd:35.8,StrandBias:0.4,Multiplicity:1.40
0.001	0.001	0.001	0.997
0.997	0.001	0.001	0.001
0.997	0.001	0.001	0.001
0.001	0.001	0.997	0.001
0.001	0.997	0.001	0.001
0.001	0.001	0.001	0.997
0.828	0.001	0.170	0.001
0.997	0.001	0.001	0.001
0.001	0.001	0.997	0.001
0.001	0.997	0.001	0.001
>ATTCTACTGT	9-ATTCTACTGT	9.316813	-19.207767	0	T:31.0(3.53%),B:352.8(1.01%),P:1e-8	Tpos:101.6,Tstd:54.7,Bpos:98.2,Bstd:55.9,StrandBias:1.5,Multiplicity:1.00
0.736	0.001	0.157	0.106
0.001	0.042	0.001	0.956
0.037	0.001	0.044	0.918
0.027	0.971	0.001	0.001
0.029	0.027	0.049	0.895
0.901	0.001	0.040	0.058
0.001	0.922	0.001	0.076
0.036	0.049	0.055	0.860
0.042	0.001	0.923	0.034
0.048	0.001	0.001	0.950
>CAACGAGCAG	10-CAACGAGCAG	10.296193	-15.168100	0	T:4.0(0.46%),B:2.1(0.01%),P:1e-6	Tpos:154.0,Tstd:17.9,Bpos:113.0,Bstd:32.2,StrandBias:1.6,Multiplicity:1.00
0.100	0.700	0.100	0.100
0.700	0.100	0.100	0.100
0.700	0.100	0.100	0.100
0.100	0.700	0.100	0.100
0.100	0.100	0.700	0.100
0.700	0.100	0.100	0.100
0.100	0.100	0.700	0.100
0.100	0.700	0.100	0.100
0.700	0.100	0.100	0.100
0.100	0.100	0.700	0.100
>KTGAADGCGA	11-KTGAADGCGA	8.858268	-15.132334	0	T:12.0(1.37%),B:68.2(0.20%),P:1e-6	Tpos:84.6,Tstd:43.3,Bpos:106.5,Bstd:53.8,StrandBias:0.0,Multiplicity:1.00
0.018	0.043	0.542	0.397
0.077	0.087	0.193	0.643
0.325	0.087	0.488	0.099
0.835	0.058	0.056	0.051
0.716	0.184	0.058	0.042
0.341	0.047	0.288	0.324
0.170	0.067	0.755	0.008
0.049	0.859	0.066	0.026
0.045	0.029	0.661	0.265
0.616	0.037	0.285	0.062
>CGTAGCACAA	12-CGTAGCACAA	11.710409	-15.068760	0	T:6.0(0.68%),B:10.7(0.03%),P:1e-6	Tpos:86.8,Tstd:60.0,Bpos:115.2,Bstd:45.6,StrandBias:-2.3,Multiplicity:1.00
0.001	0.997	0.001	0.001
0.001	0.001	0.997	0.001
0.001	0.001	0.001	0.997
0.997	0.001	0.001	0.001
0.001	0.001	0.997	0.001
0.001	0.997	0.001	0.001
0.783	0.001	0.215	0.001
0.001	0.846	0.152	0.001
0.997	0.001	0.001	0.001
0.997	0.001	0.001	0.001
>GCGAGAGCTG	13-GCGAGAGCTG	11.686464	-14.840511	0	T:7.0(0.80%),B:17.2(0.05%),P:1e-6	Tpos:95.9,Tstd:30.4,Bpos:113.9,Bstd:49.6,StrandBias:0.4,Multiplicity:1.00
0.001	0.140	0.858	0.001
0.001	0.830	0.168	0.001
0.001	0.001	0.997	0.001
0.997	0.001	0.001	0.001
0.001	0.001	0.997	0.001
0.997	0.001	0.001	0.001
0.001	0.001	0.997	0.001
0.001	0.997	0.001	0.001
0.001	0.001	0.001	0.997
0.001	0.001	0.997	0.001
>AGAGARAGAG	14-AGAGARAGAG	9.164388	-10.073083	0	T:35.0(3.98%),B:656.0(1.88%),P:1e-4	Tpos:69.7,Tstd:39.7,Bpos:81.0,Bstd:57.3,StrandBias:1.6,Multiplicity:1.06
0.938	0.029	0.032	0.001
0.057	0.001	0.941	0.001
0.948	0.001	0.050	0.001
0.044	0.001	0.925	0.030
0.955	0.028	0.016	0.001
0.547	0.001	0.417	0.035
0.931	0.001	0.030	0.038
0.001	0.001	0.972	0.026
0.971	0.001	0.001	0.027
0.031	0.020	0.922	0.027
>TGTTCTCACA	15-TGTTCTCACA	10.296193	-5.816542	0	T:4.0(0.46%),B:23.8(0.07%),P:1e-2	Tpos:111.6,Tstd:54.3,Bpos:86.9,Bstd:56.3,StrandBias:1.4,Multiplicity:2.75
0.100	0.100	0.100	0.700
0.100	0.100	0.700	0.100
0.100	0.100	0.100	0.700
0.100	0.100	0.100	0.700
0.100	0.700	0.100	0.100
0.100	0.100	0.100	0.700
0.100	0.700	0.100	0.100
0.700	0.100	0.100	0.100
0.100	0.700	0.100	0.100
0.700	0.100	0.100	0.100
>GTGGACGCACAC	1-GTGGACGCACAC	10.248732	-29.627355	0	T:19.0(2.16%),B:73.9(0.21%),P:1e-12	Tpos:101.8,Tstd:59.8,Bpos:90.0,Bstd:64.3,StrandBias:0.6,Multiplicity:1.00
0.060	0.116	0.823	0.001
0.001	0.269	0.001	0.729
0.001	0.110	0.785	0.104
0.179	0.105	0.601	0.115
0.785	0.001	0.209	0.005
0.001	0.889	0.001	0.109
0.078	0.001	0.920	0.001
0.001	0.894	0.001	0.104
0.894	0.001	0.104	0.001
0.001	0.894	0.104	0.001
0.894	0.001	0.104	0.001
0.104	0.894	0.001	0.001
>AGAAATCCCTCC	2-AGAAATCCCTCC	13.731605	-29.493230	0	T:7.0(0.80%),B:2.9(0.01%),P:1e-12	Tpos:121.7,Tstd:30.8,Bpos:104.5,Bstd:23.5,StrandBias:1.3,Multiplicity:1.00
0.997	0.001	0.001	0.001
0.001	0.001	0.997	0.001
0.997	0.001	0.001	0.001
0.743	0.128	0.128	0.001
0.997	0.001	0.001	0.001
0.127	0.001	0.001	0.871
0.001	0.871	0.127	0.001
0.103	0.895	0.001	0.001
0.001	0.871	0.001	0.127
0.001	0.001	0.001	0.997
0.001	0.871	0.127	0.001
0.001	0.997	0.001	0.001
>TTCTCAGCAACT	3-TTCTCAGCAACT	9.191030	-29.237581	0	T:34.0(3.87%),B:281.1(0.81%),P:1e-12	Tpos:108.8,Tstd:64.9,Bpos:101.3,Bstd:57.7,StrandBias:-0.2,Multiplicity:1.00
0.098	0.001	0.067	0.834
0.001	0.065	0.098	0.836
0.033	0.816	0.067	0.084
0.096	0.033	0.065	0.806
0.098	0.836	0.065	0.001
0.804	0.130	0.065	0.001
0.023	0.079	0.800	0.098
0.045	0.694	0.098	0.163
0.966	0.032	0.001	0.001
0.910	0.001	0.088	0.001
0.066	0.835	0.001	0.098
0.033	0.033	0.065	0.869
>ACTTCGGGTTTG	4-ACTTCGGGTTTG	14.168146	-28.691266	0	T:6.0(0.68%),B:1.8(0.01%),P:1e-12	Tpos:132.7,Tstd:50.5,Bpos:144.9,Bstd:17.6,StrandBias:1.0,Multiplicity:1.00
0.997	0.001	0.001	0.001
0.176	0.822	0.001	0.001
0.001	0.001	0.001	0.997
0.001	0.001	0.001	0.997
0.001	0.822	0.001	0.176
0.001	0.112	0.886	0.001
0.001	0.001	0.997	0.001
0.001	0.176	0.822	0.001
0.001	0.001	0.001	0.997
0.001	0.001	0.001	0.997
0.001	0.001	0.176	0.822
0.001	0.001	0.997	0.001
>AAAGCCTGCTGC	5-AAAGCCTGCTGC	10.445368	-27.999424	0	T:17.0(1.93%),B:60.2(0.17%),P:1e-12	Tpos:90.1,Tstd:56.8,Bpos:99.1,Bstd:54.9,StrandBias:0.3,Multiplicity:1.06
0.948	0.001	0.001	0.050
0.812	0.050	0.001	0.137
0.899	0.050	0.001	0.050
0.051	0.051	0.795	0.103
0.137	0.618	0.193	0.052
0.101	0.846	0.001	0.052
0.001	0.050	0.103	0.846
0.001	0.001	0.997	0.001
0.052	0.945	0.002	0.001
0.050	0.001	0.101	0.848
0.001	0.101	0.756	0.142
0.051	0.696	0.051	0.202
>CGGRAGYYGTYC	6-CGGRAGYYGTYC	11.841382	-27.303409	0	T:8.0(0.91%),B:5.0(0.01%),P:1e-11	Tpos:136.4,Tstd:57.7,Bpos:105.5,Bstd:47.4,StrandBias:0.0,Multiplicity:1.00
0.001	0.997	0.001	0.001
0.098	0.001	0.900	0.001
0.001	0.001	0.997	0.001
0.444	0.001	0.554	0.001
0.997	0.001	0.001	0.001
0.001	0.001	0.997	0.001
0.001	0.440	0.001	0.558
0.001	0.440	0.001	0.558
0.001	0.001	0.900	0.098
0.001	0.001	0.001	0.997
0.001	0.444	0.001	0.554
0.001	0.997	0.001	0.001
>CCTSTGAGGTGA	7-CCTSTGAGGTGA	12.441130	-27.255840	0	T:11.0(1.25%),B:17.1(0.05%),P:1e-11	Tpos:80.9,Tstd:47.3,Bpos:99.9,Bstd:51.0,StrandBias:1.0,Multiplicity:1.00
0.098	0.803	0.098	0.001
0.001	0.997	0.001	0.001
0.001	0.097	0.001	0.901
0.001	0.508	0.490	0.001
0.110	0.001	0.001	0.888
0.001	0.001	0.997	0.001
0.997	0.001	0.001	0.001
0.098	0.098	0.803	0.001
0.001	0.001	0.997	0.001
0.001	0.111	0.098	0.790
0.001	0.286	0.712	0.001
0.997	0.001	0.001	0.001
>TGCTGCATGCTG	8-TGCTGCATGCTG	13.492755	-26.380280	0	T:9.0(1.02%),B:9.5(0.03%),P:1e-11	Tpos:83.4,Tstd:40.6,Bpos:104.8,Bstd:44.1,StrandBias:1.2,Multiplicity:1.11
0.001	0.001	0.001	0.997
0.001	0.001	0.997	0.001
0.001	0.997	0.001	0.001
0.001	0.001	0.001	0.997
0.001	0.001	0.900	0.098
0.001	0.997	0.001	0.001
0.734	0.001	0.001	0.264
0.001	0.001	0.001	0.997
0.001	0.001	0.997	0.001
0.001	0.922	0.001	0.076
0.120	0.001	0.001	0.878
0.121	0.001	0.757	0.121
>AAGGGGGAGTTG	9-AAGGGGGAGTTG	9.025358	-26.290530	0	T:23.0(2.62%),B:139.8(0.40%),P:1e-11	Tpos:79.1,Tstd:47.0,Bpos:102.6,Bstd:59.8,StrandBias:0.4,Multiplicity:1.00
0.892	0.052	0.052	0.004
0.844	0.052	0.103	0.001
0.103	0.052	0.844	0.001
0.103	0.001	0.793	0.103
0.052	0.104	0.840	0.004
0.001	0.052	0.895	0.052
0.155	0.052	0.792	0.001
0.895	0.001	0.052	0.052
0.103	0.052	0.844	0.001
0.052	0.052	0.001	0.895
0.004	0.104	0.156	0.736
0.104	0.052	0.740	0.104
>GTACGTACAAAT	10-GTACGTACAAAT	9.949355	-25.614259	0	T:24.0(2.73%),B:158.7(0.46%),P:1e-11	Tpos:90.2,Tstd:56.0,Bpos:98.6,Bstd:55.7,StrandBias:-0.4,Multiplicity:1.00
0.034	0.068	0.896	0.002
0.070	0.001	0.001	0.928
0.931	0.001	0.001	0.067
0.001	0.639	0.001	0.359
0.101	0.001	0.775	0.123
0.001	0.067	0.001	0.931
0.840	0.058	0.034	0.068
0.001	0.997	0.001	0.001
0.808	0.123	0.068	0.001
0.669	0.192	0.138	0.001
0.725	0.138	0.136	0.001
0.068	0.055	0.001	0.876
>CTTGGAAAATCG	11-CTTGGAAAATCG	10.546797	-24.760462	0	T:17.0(1.93%),B:74.1(0.21%),P:1e-10	Tpos:99.8,Tstd:60.0,Bpos:104.3,Bstd:56.5,StrandBias:-0.2,Multiplicity:1.00
0.001	0.989	0.001	0.009
0.001	0.199	0.001	0.799
0.001	0.001	0.102	0.896
0.001	0.097	0.801	0.101
0.098	0.097	0.606	0.199
0.805	0.001	0.097	0.097
0.902	0.001	0.001	0.096
0.897	0.005	0.001	0.097
0.997	0.001	0.001	0.001
0.001	0.389	0.001	0.609
0.001	0.902	0.096	0.001
0.097	0.001	0.698	0.204
>GTAAATTTTGGC	12-GTAAATTTTGGC	13.381832	-23.997949	0	T:10.0(1.14%),B:17.4(0.05%),P:1e-10	Tpos:89.1,Tstd:48.9,Bpos:75.1,Bstd:53.0,StrandBias:1.2,Multiplicity:1.00
0.001	0.001	0.997	0.001
0.001	0.001	0.001	0.997
0.997	0.001	0.001	0.001
0.878	0.001	0.001	0.120
0.757	0.121	0.001	0.121
0.001	0.001	0.001	0.997
0.120	0.001	0.001	0.878
0.001	0.001	0.001	0.997
0.001	0.001	0.001	0.997
0.001	0.120	0.878	0.001
0.001	0.001	0.997	0.001
0.001	0.728	0.194	0.077
>CAACCTGAACAG	13-CAACCTGAACAG	12.272311	-23.195874	0	T:11.0(1.25%),B:26.0(0.07%),P:1e-10	Tpos:100.3,Tstd:47.6,Bpos:103.9,Bstd:57.4,StrandBias:0.8,Multiplicity:1.00
0.163	0.746	0.090	0.001
0.997	0.001	0.001	0.001
0.909	0.089	0.001	0.001
0.001	0.459	0.281	0.259
0.092	0.906	0.001	0.001
0.089	0.001	0.001	0.909
0.001	0.089	0.909	0.001
0.819	0.001	0.179	0.001
0.830	0.090	0.001	0.079
0.001	0.997	0.001	0.001
0.909	0.001	0.001	0.089
0.001	0.001	0.909	0.089
>CAAAATAGAACA	14-CAAAATAGAACA	8.720656	-22.710119	0	T:60.0(6.83%),B:938.4(2.70%),P:1e-9	Tpos:92.7,Tstd:51.9,Bpos:94.1,Bstd:53.5,StrandBias:-0.7,Multiplicity:1.00
0.120	0.744	0.084	0.052
0.892	0.046	0.046	0.016
0.851	0.091	0.039	0.019
0.868	0.047	0.062	0.023
0.869	0.023	0.052	0.056
0.066	0.121	0.038	0.775
0.696	0.033	0.175	0.096
0.061	0.056	0.792	0.091
0.859	0.104	0.024	0.013
0.874	0.023	0.088	0.015
0.046	0.896	0.024	0.034
0.890	0.040	0.024	0.046
>ACATCATCTACA	15-ACATCATCTACA	13.367394	-22.515983	0	T:9.0(1.02%),B:14.8(0.04%),P:1e-9	Tpos:119.6,Tstd:64.6,Bpos:121.1,Bstd:57.2,StrandBias:0.3,Multiplicity:1.00
0.905	0.001	0.001	0.093
0.131	0.867	0.001	0.001
0.997	0.001	0.001	0.001
0.001	0.001	0.001	0.997
0.001	0.867	0.131	0.001
0.997	0.001	0.001	0.001
0.001	0.001	0.001	0.997
0.001	0.934	0.064	0.001
0.069	0.001	0.001	0.929
0.735	0.132	0.001	0.132
0.001	0.997	0.001	0.001
0.867	0.001	0.001	0.131
>ATAAGCTAAGCT	16-ATAAGCTAAGCT	14.042917	-22.142547	0	T:6.0(0.68%),B:3.5(0.01%),P:1e-9	Tpos:111.6,Tstd:62.1,Bpos:143.5,Bstd:30.3,StrandBias:0.4,Multiplicity:1.00
0.832	0.166	0.001	0.001
0.001	0.001	0.001	0.997
0.997	0.001	0.001	0.001
0.997	0.001	0.001	0.001
0.001	0.001	0.832	0.166
0.001	0.997	0.001	0.001
0.001	0.001	0.001	0.997
0.997	0.001	0.001	0.001
0.997	0.001	0.001	0.001
0.001	0.001	0.832	0.166
0.001	0.997	0.001	0.001
0.166	0.166	0.001	0.667
>GTCGTATCACTT	17-GTCGTATCACTT	13.827534	-19.920465	0	T:7.0(0.80%),B:8.4(0.02%),P:1e-8	Tpos:135.9,Tstd:47.1,Bpos:125.6,Bstd:40.1,StrandBias:0.4,Multiplicity:1.00
0.001	0.001	0.997	0.001
0.001	0.001	0.001	0.997
0.001	0.856	0.001	0.142
0.001	0.001	0.997	0.001
0.142	0.001	0.001	0.856
0.997	0.001	0.001	0.001
0.001	0.001	0.001	0.997
0.001	0.997	0.001	0.001
0.713	0.001	0.143	0.143
0.001	0.997	0.001	0.001
0.001	0.001	0.001	0.997
0.001	0.143	0.143	0.713
>CCCCGAGAGCTG	18-CCCCGAGAGCTG	10.333208	-19.769492	0	T:5.0(0.57%),B:2.6(0.01%),P:1e-8	Tpos:109.0,Tstd:38.3,Bpos:93.4,Bstd:53.5,StrandBias:0.6,Multiplicity:1.00
0.032	0.715	0.110	0.143
0.093	0.682	0.064	0.161
0.159	0.602	0.160	0.079
0.077	0.782	0.048	0.093
0.143	0.143	0.635	0.079
0.777	0.048	0.111	0.064
0.144	0.127	0.668	0.061
0.888	0.032	0.016	0.064
0.064	0.111	0.761	0.064
0.064	0.777	0.032	0.127
0.096	0.032	0.032	0.840
0.032	0.045	0.875	0.048
>TAGGTTAAACMT	19-TAGGTTAAACMT	7.757602	-18.163422	0	T:19.0(2.16%),B:146.8(0.42%),P:1e-7	Tpos:115.4,Tstd:49.3,Bpos:95.3,Bstd:54.5,StrandBias:0.1,Multiplicity:1.00
0.041	0.240	0.259	0.460
0.703	0.027	0.224	0.046
0.346	0.044	0.538	0.072
0.029	0.046	0.595	0.330
0.220	0.208	0.021	0.551
0.035	0.184	0.264	0.517
0.524	0.144	0.090	0.242
0.467	0.164	0.163	0.206
0.916	0.027	0.025	0.032
0.228	0.499	0.012	0.261
0.261	0.390	0.140	0.209
0.291	0.021	0.030	0.658
>ACCAGCGGAATG	20-ACCAGCGGAATG	13.471112	-16.364797	0	T:6.0(0.68%),B:8.5(0.02%),P:1e-7	Tpos:120.0,Tstd:39.8,Bpos:100.9,Bstd:57.8,StrandBias:-2.8,Multiplicity:1.33
0.997	0.001	0.001	0.001
0.166	0.832	0.001	0.001
0.001	0.997	0.001	0.001
0.997	0.001	0.001	0.001
0.001	0.001	0.997	0.001
0.001	0.635	0.001	0.363
0.001	0.001	0.863	0.135
0.001	0.001	0.997	0.001
0.997	0.001	0.001	0.001
0.832	0.001	0.001	0.166
0.001	0.001	0.001	0.997
0.001	0.001	0.997	0.001
>ATCTCTTTCTCT	21-ATCTCTTTCTCT	9.053708	-14.404212	0	T:43.0(4.89%),B:732.9(2.11%),P:1e-6	Tpos:69.1,Tstd:41.2,Bpos:80.8,Bstd:55.8,StrandBias:-1.4,Multiplicity:1.07
0.713	0.100	0.046	0.141
0.088	0.180	0.001	0.731
0.091	0.712	0.054	0.143
0.106	0.001	0.001	0.892
0.106	0.829	0.027	0.038
0.052	0.001	0.001	0.946
0.106	0.249	0.001	0.644
0.001	0.106	0.053	0.840
0.106	0.824	0.044	0.026
0.001	0.001	0.052	0.946
0.043	0.797	0.054	0.106
0.053	0.001	0.053	0.893
>TACAGTACAGGT	22-TACAGTACAGGT	10.358774	-13.152911	0	T:16.0(1.82%),B:148.6(0.43%),P:1e-5	Tpos:98.0,Tstd:62.1,Bpos:95.6,Bstd:60.1,StrandBias:0.5,Multiplicity:1.19
0.001	0.001	0.001	0.997
0.856	0.001	0.001	0.142
0.143	0.642	0.143	0.072
0.927	0.001	0.001	0.071
0.071	0.001	0.927	0.001
0.285	0.001	0.001	0.713
0.877	0.001	0.121	0.001
0.071	0.924	0.001	0.004
0.785	0.071	0.001	0.143
0.071	0.001	0.806	0.122
0.072	0.143	0.570	0.215
0.001	0.001	0.001	0.997
>CACATCACTGTA	23-CACATCACTGTA	13.660363	-5.380385	0	T:3.0(0.34%),B:13.2(0.04%),P:1e-2	Tpos:88.4,Tstd:52.6,Bpos:117.0,Bstd:64.9,StrandBias:3.0,Multiplicity:3.00
0.001	0.997	0.001	0.001
0.997	0.001	0.001	0.001
0.001	0.997	0.001	0.001
0.997	0.001	0.001	0.001
0.410	0.001	0.001	0.588
0.001	0.997	0.001	0.001
0.997	0.001	0.001	0.001
0.001	0.997	0.001	0.001
0.001	0.001	0.001	0.997
0.151	0.001	0.847	0.001
0.001	0.001	0.001	0.997
0.847	0.151	0.001	0.001
>CAGCAGTGTTCT	24-CAGCAGTGTTCT	12.355432	-3.691488	0	T:1.0(0.11%),B:1.6(0.00%),P:1e-1	Tpos:96.2,Tstd:66.1,Bpos:144.8,Bstd:40.6,StrandBias:10.0,Multiplicity:6.00
0.100	0.700	0.100	0.100
0.700	0.100	0.100	0.100
0.100	0.100	0.700	0.100
0.100	0.700	0.100	0.100
0.700	0.100	0.100	0.100
0.100	0.100	0.700	0.100
0.100	0.100	0.100	0.700
0.100	0.100	0.700	0.100
0.100	0.100	0.100	0.700
0.100	0.100	0.100	0.700
0.100	0.700	0.100	0.100
0.100	0.100	0.100	0.700
>GACCCGCC	1-GACCCGCC	6.352089	-20.170418	0	T:71.0(8.08%),B:1292.5(3.71%),P:1e-8	Tpos:103.4,Tstd:48.9,Bpos:105.8,Bstd:58.6,StrandBias:-0.8,Multiplicity:1.03
0.018	0.025	0.956	0.001
0.883	0.023	0.043	0.051
0.058	0.862	0.019	0.061
0.001	0.881	0.097	0.021
0.151	0.751	0.024	0.074
0.193	0.001	0.805	0.001
0.053	0.945	0.001	0.001
0.084	0.914	0.001	0.001
>GGKTCGCA	2-GGKTCGCA	6.277712	-13.264022	0	T:116.0(13.20%),B:2951.3(8.48%),P:1e-5	Tpos:104.3,Tstd:52.8,Bpos:101.8,Bstd:58.4,StrandBias:0.3,Multiplicity:1.14
0.009	0.182	0.550	0.259
0.090	0.212	0.697	0.001
0.001	0.025	0.513	0.461
0.006	0.065	0.129	0.800
0.224	0.707	0.059	0.010
0.001	0.001	0.700	0.298
0.070	0.928	0.001	0.001
0.871	0.014	0.001	0.114
>TCATAGGT	3-TCATAGGT	5.716519	-11.539335	0	T:178.0(20.25%),B:5171.6(14.86%),P:1e-5	Tpos:99.2,Tstd:58.1,Bpos:96.0,Bstd:55.3,StrandBias:0.0,Multiplicity:1.14
0.106	0.080	0.170	0.644
0.116	0.740	0.079	0.065
0.745	0.045	0.075	0.135
0.068	0.086	0.074	0.772
0.817	0.048	0.075	0.060
0.108	0.152	0.625	0.115
0.021	0.042	0.889	0.048
0.091	0.045	0.085	0.779
>GCCAGTCT	4-GCCAGTCT	8.236954	-9.965283	0	T:15.0(1.71%),B:172.3(0.49%),P:1e-4	Tpos:119.2,Tstd:53.6,Bpos:100.1,Bstd:56.7,StrandBias:0.6,Multiplicity:1.00
0.100	0.100	0.700	0.100
0.100	0.700	0.100	0.100
0.100	0.700	0.100	0.100
0.700	0.100	0.100	0.100
0.100	0.100	0.700	0.100
0.100	0.100	0.100	0.700
0.100	0.700	0.100	0.100
0.100	0.100	0.100	0.700
>AGAGAGAG	5-AGAGAGAG	5.148689	-6.483864	0	T:84.0(9.56%),B:2386.4(6.86%),P:1e-2	Tpos:77.5,Tstd:48.0,Bpos:84.8,Bstd:57.7,StrandBias:0.9,Multiplicity:1.12
0.997	0.001	0.001	0.001
0.001	0.001	0.997	0.001
0.963	0.001	0.035	0.001
0.001	0.001	0.997	0.001
0.798	0.001	0.200	0.001
0.016	0.001	0.982	0.001
0.863	0.135	0.001	0.001
0.001	0.001	0.997	0.001
