>GACCCGCC	1-GACCCGCC	6.352089	-20.170418	0	T:71.0(8.08%),B:1292.5(3.71%),P:1e-8	Tpos:103.4,Tstd:48.9,Bpos:105.8,Bstd:58.6,StrandBias:-0.8,Multiplicity:1.03
0.018	0.025	0.956	0.001
0.883	0.023	0.043	0.051
0.058	0.862	0.019	0.061
0.001	0.881	0.097	0.021
0.151	0.751	0.024	0.074
0.193	0.001	0.805	0.001
0.053	0.945	0.001	0.001
0.084	0.914	0.001	0.001
>GGKTCGCA	2-GGKTCGCA	6.277712	-13.264022	0	T:116.0(13.20%),B:2951.3(8.48%),P:1e-5	Tpos:104.3,Tstd:52.8,Bpos:101.8,Bstd:58.4,StrandBias:0.3,Multiplicity:1.14
0.009	0.182	0.550	0.259
0.090	0.212	0.697	0.001
0.001	0.025	0.513	0.461
0.006	0.065	0.129	0.800
0.224	0.707	0.059	0.010
0.001	0.001	0.700	0.298
0.070	0.928	0.001	0.001
0.871	0.014	0.001	0.114
>TCATAGGT	3-TCATAGGT	5.716519	-11.539335	0	T:178.0(20.25%),B:5171.6(14.86%),P:1e-5	Tpos:99.2,Tstd:58.1,Bpos:96.0,Bstd:55.3,StrandBias:0.0,Multiplicity:1.14
0.106	0.080	0.170	0.644
0.116	0.740	0.079	0.065
0.745	0.045	0.075	0.135
0.068	0.086	0.074	0.772
0.817	0.048	0.075	0.060
0.108	0.152	0.625	0.115
0.021	0.042	0.889	0.048
0.091	0.045	0.085	0.779
>GCCAGTCT	4-GCCAGTCT	8.236954	-9.965283	0	T:15.0(1.71%),B:172.3(0.49%),P:1e-4	Tpos:119.2,Tstd:53.6,Bpos:100.1,Bstd:56.7,StrandBias:0.6,Multiplicity:1.00
0.100	0.100	0.700	0.100
0.100	0.700	0.100	0.100
0.100	0.700	0.100	0.100
0.700	0.100	0.100	0.100
0.100	0.100	0.700	0.100
0.100	0.100	0.100	0.700
0.100	0.700	0.100	0.100
0.100	0.100	0.100	0.700
>AGAGAGAG	5-AGAGAGAG	5.148689	-6.483864	0	T:84.0(9.56%),B:2386.4(6.86%),P:1e-2	Tpos:77.5,Tstd:48.0,Bpos:84.8,Bstd:57.7,StrandBias:0.9,Multiplicity:1.12
0.997	0.001	0.001	0.001
0.001	0.001	0.997	0.001
0.963	0.001	0.035	0.001
0.001	0.001	0.997	0.001
0.798	0.001	0.200	0.001
0.016	0.001	0.982	0.001
0.863	0.135	0.001	0.001
0.001	0.001	0.997	0.001
