>GGTTCCTTGAAT	1-GGTTCCTTGAAT	13.888152	-42.767119	0	T:9.0(0.72%),B:1.6(0.00%),P:1e-18	Tpos:120.2,Tstd:48.3,Bpos:189.6,Bstd:1.3,StrandBias:-0.6,Multiplicity:1.11
0.001	0.001	0.997	0.001
0.001	0.142	0.856	0.001
0.142	0.001	0.001	0.856
0.001	0.001	0.001	0.997
0.001	0.997	0.001	0.001
0.142	0.856	0.001	0.001
0.001	0.001	0.001	0.997
0.001	0.001	0.001	0.997
0.142	0.001	0.856	0.001
0.997	0.001	0.001	0.001
0.856	0.142	0.001	0.001
0.001	0.001	0.142	0.856
>TTGGAGCTCTTC	2-TTGGAGCTCTTC	13.985383	-31.832153	0	T:7.0(0.56%),B:0.0(0.00%),P:1e-13	Tpos:108.4,Tstd:55.9,Bpos:0.0,Bstd:0.0,StrandBias:-0.4,Multiplicity:1.00
0.001	0.001	0.001	0.997
0.001	0.001	0.001	0.997
0.001	0.001	0.997	0.001
0.001	0.001	0.997	0.001
0.838	0.160	0.001	0.001
0.001	0.001	0.997	0.001
0.001	0.838	0.160	0.001
0.160	0.001	0.001	0.838
0.001	0.644	0.354	0.001
0.001	0.001	0.001	0.997
0.001	0.001	0.001	0.997
0.001	0.997	0.001	0.001
>GAGAAACAACTG	3-GAGAAACAACTG	13.399481	-29.135740	0	T:10.0(0.81%),B:7.4(0.02%),P:1e-12	Tpos:120.8,Tstd:56.2,Bpos:95.2,Bstd:45.2,StrandBias:-0.6,Multiplicity:1.00
0.001	0.094	0.904	0.001
0.904	0.001	0.001	0.094
0.094	0.001	0.904	0.001
0.904	0.001	0.094	0.001
0.904	0.001	0.094	0.001
0.904	0.001	0.094	0.001
0.001	0.997	0.001	0.001
0.997	0.001	0.001	0.001
0.997	0.001	0.001	0.001
0.064	0.934	0.001	0.001
0.001	0.095	0.076	0.828
0.001	0.001	0.904	0.094
>GATGCGTGTTAA	4-GATGCGTGTTAA	14.083041	-28.515131	0	T:8.0(0.64%),B:3.0(0.01%),P:1e-12	Tpos:83.8,Tstd:35.5,Bpos:118.8,Bstd:13.3,StrandBias:0.0,Multiplicity:1.00
0.001	0.001	0.997	0.001
0.832	0.001	0.001	0.166
0.166	0.001	0.001	0.832
0.001	0.001	0.997	0.001
0.001	0.997	0.001	0.001
0.001	0.001	0.997	0.001
0.001	0.001	0.001	0.997
0.166	0.001	0.832	0.001
0.001	0.001	0.001	0.997
0.001	0.166	0.001	0.832
0.997	0.001	0.001	0.001
0.832	0.001	0.001	0.166
>CAAGCCTAGTGT	5-CAAGCCTAGTGT	10.721980	-28.344503	0	T:17.0(1.37%),B:41.1(0.12%),P:1e-12	Tpos:105.5,Tstd:51.4,Bpos:96.1,Bstd:48.4,StrandBias:-0.2,Multiplicity:1.00
0.232	0.598	0.085	0.085
0.914	0.084	0.001	0.001
0.914	0.084	0.001	0.001
0.089	0.001	0.909	0.001
0.001	0.829	0.001	0.169
0.179	0.743	0.068	0.010
0.084	0.001	0.001	0.914
0.856	0.001	0.085	0.058
0.089	0.001	0.909	0.001
0.001	0.001	0.084	0.914
0.001	0.009	0.816	0.174
0.001	0.001	0.084	0.914
>CCTGACCTCAAA	6-CCTGACCTCAAA	10.268130	-27.647303	0	T:20.0(1.61%),B:65.6(0.19%),P:1e-12	Tpos:88.8,Tstd:53.3,Bpos:95.9,Bstd:56.9,StrandBias:-0.3,Multiplicity:1.00
0.085	0.748	0.086	0.081
0.072	0.776	0.061	0.091
0.030	0.121	0.001	0.848
0.030	0.091	0.849	0.030
0.969	0.029	0.001	0.001
0.090	0.879	0.030	0.001
0.061	0.878	0.031	0.030
0.091	0.001	0.060	0.848
0.001	0.757	0.091	0.151
0.829	0.030	0.140	0.001
0.855	0.030	0.054	0.061
0.773	0.061	0.061	0.105
>CCGCTACCGAAC	7-CCGCTACCGAAC	14.323862	-26.558112	0	T:6.0(0.48%),B:0.0(0.00%),P:1e-11	Tpos:91.3,Tstd:39.0,Bpos:0.0,Bstd:0.0,StrandBias:2.3,Multiplicity:1.00
0.001	0.997	0.001	0.001
0.001	0.799	0.001	0.199
0.001	0.001	0.799	0.199
0.001	0.997	0.001	0.001
0.001	0.001	0.001	0.997
0.997	0.001	0.001	0.001
0.199	0.799	0.001	0.001
0.001	0.997	0.001	0.001
0.001	0.001	0.997	0.001
0.997	0.001	0.001	0.001
0.997	0.001	0.001	0.001
0.199	0.799	0.001	0.001
>WGCCCTTTGGTS	8-WGCCCTTTGGTS	12.714217	-26.558112	0	T:6.0(0.48%),B:0.0(0.00%),P:1e-11	Tpos:56.5,Tstd:48.8,Bpos:0.0,Bstd:0.0,StrandBias:0.0,Multiplicity:1.00
0.564	0.001	0.001	0.434
0.001	0.001	0.997	0.001
0.001	0.997	0.001	0.001
0.001	0.997	0.001	0.001
0.001	0.997	0.001	0.001
0.001	0.001	0.001	0.997
0.001	0.001	0.001	0.997
0.001	0.064	0.001	0.934
0.001	0.001	0.997	0.001
0.001	0.001	0.997	0.001
0.001	0.001	0.001	0.997
0.001	0.564	0.434	0.001
>GCAAACATATCA	9-GCAAACATATCA	10.578426	-25.700191	0	T:30.0(2.42%),B:175.9(0.51%),P:1e-11	Tpos:97.2,Tstd:52.3,Bpos:100.6,Bstd:53.7,StrandBias:-0.8,Multiplicity:1.00
0.139	0.001	0.614	0.246
0.056	0.752	0.124	0.068
0.931	0.067	0.001	0.001
0.997	0.001	0.001	0.001
0.997	0.001	0.001	0.001
0.154	0.707	0.138	0.001
0.997	0.001	0.001	0.001
0.108	0.068	0.001	0.823
0.828	0.001	0.002	0.169
0.169	0.068	0.136	0.627
0.107	0.823	0.068	0.002
0.863	0.068	0.068	0.001
>GCCTTGTACTGC	10-GCCTTGTACTGC	10.341394	-25.666328	0	T:10.0(0.81%),B:10.7(0.03%),P:1e-11	Tpos:105.9,Tstd:70.0,Bpos:102.0,Bstd:49.4,StrandBias:2.0,Multiplicity:1.00
0.001	0.005	0.993	0.001
0.001	0.770	0.001	0.228
0.001	0.783	0.215	0.001
0.001	0.001	0.001	0.997
0.001	0.001	0.001	0.997
0.001	0.001	0.997	0.001
0.001	0.001	0.001	0.997
0.769	0.229	0.001	0.001
0.181	0.817	0.001	0.001
0.001	0.001	0.001	0.997
0.005	0.001	0.993	0.001
0.001	0.997	0.001	0.001
>CAAGTACAGTAA	11-CAAGTACAGTAA	10.205913	-25.282333	0	T:28.0(2.25%),B:155.5(0.45%),P:1e-10	Tpos:98.0,Tstd:55.3,Bpos:104.0,Bstd:50.4,StrandBias:0.3,Multiplicity:1.04
0.067	0.717	0.177	0.039
0.997	0.001	0.001	0.001
0.673	0.077	0.077	0.173
0.023	0.146	0.830	0.001
0.001	0.009	0.161	0.829
0.857	0.001	0.001	0.141
0.038	0.960	0.001	0.001
0.806	0.001	0.001	0.192
0.001	0.001	0.997	0.001
0.023	0.122	0.211	0.644
0.845	0.077	0.001	0.077
0.845	0.001	0.153	0.001
>GCTTTGCCATTA	12-GCTTTGCCATTA	8.622181	-24.806093	0	T:47.0(3.78%),B:413.5(1.20%),P:1e-10	Tpos:106.1,Tstd:51.0,Bpos:96.3,Bstd:54.2,StrandBias:0.2,Multiplicity:1.02
0.089	0.023	0.772	0.116
0.046	0.721	0.116	0.117
0.022	0.001	0.001	0.976
0.001	0.046	0.069	0.884
0.001	0.041	0.046	0.912
0.016	0.070	0.844	0.070
0.094	0.753	0.070	0.083
0.023	0.907	0.001	0.069
0.838	0.046	0.070	0.046
0.052	0.023	0.046	0.879
0.024	0.111	0.116	0.749
0.772	0.070	0.093	0.065
>CGCGCAGAGGCT	13-CGCGCAGAGGCT	11.258131	-24.492118	0	T:8.0(0.64%),B:5.1(0.01%),P:1e-10	Tpos:131.8,Tstd:29.7,Bpos:128.9,Bstd:48.4,StrandBias:10.0,Multiplicity:1.00
0.001	0.997	0.001	0.001
0.158	0.001	0.840	0.001
0.001	0.681	0.001	0.317
0.158	0.158	0.683	0.001
0.158	0.683	0.158	0.001
0.997	0.001	0.001	0.001
0.036	0.158	0.805	0.001
0.997	0.001	0.001	0.001
0.001	0.001	0.997	0.001
0.158	0.001	0.840	0.001
0.001	0.840	0.001	0.158
0.195	0.164	0.001	0.640
>GTGCAACAGCGA	14-GTGCAACAGCGA	14.042917	-24.492118	0	T:8.0(0.64%),B:5.2(0.01%),P:1e-10	Tpos:108.6,Tstd:60.5,Bpos:107.6,Bstd:43.3,StrandBias:0.7,Multiplicity:1.00
0.001	0.001	0.997	0.001
0.001	0.001	0.001	0.997
0.166	0.001	0.832	0.001
0.166	0.667	0.166	0.001
0.997	0.001	0.001	0.001
0.997	0.001	0.001	0.001
0.001	0.997	0.001	0.001
0.997	0.001	0.001	0.001
0.001	0.001	0.832	0.166
0.001	0.997	0.001	0.001
0.166	0.001	0.832	0.001
0.997	0.001	0.001	0.001
>ATATGAAACTTT	15-ATATGAAACTTT	12.974264	-24.314358	0	T:13.0(1.05%),B:26.4(0.08%),P:1e-10	Tpos:86.9,Tstd:56.4,Bpos:93.4,Bstd:52.3,StrandBias:-0.6,Multiplicity:1.15
0.898	0.001	0.100	0.001
0.001	0.001	0.100	0.898
0.997	0.001	0.001	0.001
0.001	0.001	0.001	0.997
0.101	0.141	0.657	0.101
0.997	0.001	0.001	0.001
0.930	0.001	0.001	0.068
0.997	0.001	0.001	0.001
0.001	0.898	0.001	0.100
0.100	0.001	0.001	0.898
0.001	0.001	0.001	0.997
0.001	0.001	0.100	0.898
>TCGAAATGCTTT	16-TCGAAATGCTTT	13.517958	-24.277347	0	T:9.0(0.72%),B:8.5(0.02%),P:1e-10	Tpos:116.3,Tstd:54.4,Bpos:89.8,Bstd:50.1,StrandBias:0.3,Multiplicity:1.00
0.001	0.001	0.110	0.888
0.001	0.910	0.001	0.088
0.245	0.111	0.643	0.001
0.997	0.001	0.001	0.001
0.997	0.001	0.001	0.001
0.888	0.001	0.001	0.110
0.110	0.001	0.001	0.888
0.001	0.001	0.997	0.001
0.001	0.997	0.001	0.001
0.001	0.001	0.001	0.997
0.001	0.001	0.001	0.997
0.001	0.001	0.110	0.888
>AAAGGTGTTTCG	17-AAAGGTGTTTCG	10.740844	-23.856731	0	T:13.0(1.05%),B:27.7(0.08%),P:1e-10	Tpos:101.1,Tstd:52.0,Bpos:92.2,Bstd:58.1,StrandBias:1.2,Multiplicity:1.00
0.859	0.070	0.070	0.001
0.857	0.002	0.140	0.001
0.926	0.003	0.070	0.001
0.073	0.210	0.647	0.070
0.070	0.002	0.927	0.001
0.070	0.140	0.070	0.720
0.001	0.001	0.929	0.069
0.003	0.070	0.070	0.857
0.001	0.069	0.001	0.929
0.001	0.139	0.001	0.859
0.070	0.650	0.140	0.140
0.141	0.001	0.857	0.001
>ATAGGCCTGGGT	18-ATAGGCCTGGGT	9.690261	-19.606849	0	T:17.0(1.37%),B:73.7(0.21%),P:1e-8	Tpos:90.8,Tstd:45.6,Bpos:102.0,Bstd:57.1,StrandBias:-0.7,Multiplicity:1.06
0.786	0.076	0.137	0.001
0.156	0.076	0.001	0.767
0.772	0.076	0.076	0.076
0.001	0.076	0.771	0.152
0.001	0.001	0.997	0.001
0.001	0.919	0.076	0.004
0.001	0.847	0.076	0.076
0.003	0.001	0.001	0.995
0.079	0.076	0.769	0.076
0.136	0.001	0.862	0.001
0.076	0.156	0.767	0.001
0.152	0.001	0.076	0.771
>TTGGTACAACGG	19-TTGGTACAACGG	13.857843	-19.446432	0	T:7.0(0.56%),B:6.2(0.02%),P:1e-8	Tpos:119.7,Tstd:50.4,Bpos:136.1,Bstd:61.9,StrandBias:0.4,Multiplicity:1.00
0.001	0.142	0.001	0.856
0.001	0.001	0.001	0.997
0.001	0.001	0.856	0.142
0.001	0.001	0.997	0.001
0.001	0.001	0.001	0.997
0.856	0.001	0.001	0.142
0.001	0.997	0.001	0.001
0.997	0.001	0.001	0.001
0.856	0.142	0.001	0.001
0.001	0.713	0.143	0.143
0.001	0.001	0.997	0.001
0.001	0.001	0.997	0.001
>GATAGAWGGTTG	20-GATAGAWGGTTG	12.380128	-18.295791	0	T:9.0(0.72%),B:16.7(0.05%),P:1e-7	Tpos:75.8,Tstd:54.6,Bpos:96.4,Bstd:47.4,StrandBias:-0.3,Multiplicity:1.00
0.001	0.136	0.862	0.001
0.997	0.001	0.001	0.001
0.001	0.012	0.001	0.986
0.823	0.001	0.175	0.001
0.137	0.012	0.850	0.001
0.862	0.001	0.136	0.001
0.449	0.001	0.137	0.413
0.001	0.001	0.997	0.001
0.001	0.001	0.861	0.137
0.164	0.137	0.001	0.698
0.162	0.001	0.012	0.825
0.001	0.001	0.862	0.136
>ATGGAAGTAGCT	21-ATGGAAGTAGCT	10.011548	-16.935147	0	T:18.0(1.45%),B:99.6(0.29%),P:1e-7	Tpos:113.0,Tstd:47.2,Bpos:104.2,Bstd:53.8,StrandBias:0.2,Multiplicity:1.06
0.872	0.064	0.062	0.002
0.126	0.188	0.062	0.624
0.001	0.187	0.811	0.001
0.062	0.062	0.690	0.186
0.810	0.188	0.001	0.001
0.981	0.001	0.017	0.001
0.066	0.062	0.870	0.002
0.236	0.002	0.064	0.698
0.934	0.001	0.064	0.001
0.003	0.062	0.934	0.001
0.002	0.930	0.004	0.064
0.001	0.049	0.124	0.826
>CATGCATACAYA	22-CATGCATACAYA	10.912050	-13.761874	0	T:22.0(1.77%),B:178.7(0.52%),P:1e-5	Tpos:66.1,Tstd:48.9,Bpos:73.2,Bstd:51.9,StrandBias:-2.8,Multiplicity:1.27
0.001	0.840	0.115	0.044
0.997	0.001	0.001	0.001
0.079	0.001	0.001	0.919
0.151	0.071	0.681	0.097
0.044	0.686	0.001	0.269
0.997	0.001	0.001	0.001
0.001	0.271	0.001	0.727
0.803	0.001	0.001	0.195
0.068	0.901	0.030	0.001
0.952	0.001	0.001	0.046
0.149	0.356	0.001	0.494
0.836	0.001	0.001	0.162
>ATCGTATAYTAT	23-ATCGTATAYTAT	12.402442	-13.758417	0	T:4.0(0.32%),B:2.1(0.01%),P:1e-5	Tpos:58.4,Tstd:51.0,Bpos:48.6,Bstd:31.4,StrandBias:1.2,Multiplicity:1.00
0.997	0.001	0.001	0.001
0.001	0.001	0.001	0.997
0.001	0.997	0.001	0.001
0.001	0.001	0.997	0.001
0.001	0.001	0.001	0.997
0.997	0.001	0.001	0.001
0.001	0.001	0.001	0.997
0.883	0.115	0.001	0.001
0.001	0.435	0.130	0.435
0.001	0.001	0.001	0.997
0.997	0.001	0.001	0.001
0.001	0.001	0.001	0.997
>GAATGAATGAAG	24-GAATGAATGAAG	13.104289	-11.011399	0	T:9.0(0.72%),B:39.2(0.11%),P:1e-4	Tpos:129.4,Tstd:59.8,Bpos:74.8,Bstd:47.5,StrandBias:-1.5,Multiplicity:1.00
0.001	0.107	0.785	0.107
0.914	0.001	0.001	0.084
0.914	0.084	0.001	0.001
0.001	0.001	0.001	0.997
0.001	0.001	0.997	0.001
0.997	0.001	0.001	0.001
0.997	0.001	0.001	0.001
0.001	0.106	0.001	0.892
0.001	0.001	0.997	0.001
0.997	0.001	0.001	0.001
0.997	0.001	0.001	0.001
0.057	0.001	0.556	0.386
>TGATGATGATGA	25-TGATGATGATGA	12.599896	-4.943209	0	T:8.0(0.64%),B:76.7(0.22%),P:1e-2	Tpos:55.9,Tstd:48.7,Bpos:95.1,Bstd:51.3,StrandBias:-2.6,Multiplicity:1.12
0.001	0.001	0.001	0.997
0.001	0.001	0.997	0.001
0.792	0.001	0.001	0.206
0.117	0.001	0.001	0.881
0.001	0.001	0.997	0.001
0.997	0.001	0.001	0.001
0.001	0.001	0.001	0.997
0.001	0.001	0.997	0.001
0.997	0.001	0.001	0.001
0.154	0.001	0.001	0.844
0.001	0.001	0.948	0.050
0.936	0.062	0.001	0.001
