>TGACCTWS	1-TGACCTWS	7.316090	-38.039939	0	T:198.0(15.94%),B:2949.2(8.56%),P:1e-16	Tpos:95.0,Tstd:50.8,Bpos:92.8,Bstd:56.0,StrandBias:0.0,Multiplicity:1.13
0.001	0.095	0.001	0.903
0.001	0.001	0.997	0.001
0.856	0.001	0.001	0.142
0.073	0.925	0.001	0.001
0.001	0.997	0.001	0.001
0.085	0.203	0.001	0.711
0.426	0.178	0.001	0.395
0.115	0.377	0.429	0.079
>ACTTTATA	2-ACTTTATA	5.163469	-17.007412	0	T:551.0(44.36%),B:12710.8(36.90%),P:1e-7	Tpos:91.8,Tstd:56.8,Bpos:90.1,Bstd:58.6,StrandBias:0.0,Multiplicity:1.35
0.607	0.057	0.180	0.156
0.126	0.710	0.063	0.101
0.102	0.074	0.046	0.778
0.101	0.091	0.046	0.762
0.093	0.013	0.045	0.849
0.768	0.077	0.059	0.096
0.126	0.047	0.013	0.814
0.719	0.103	0.028	0.150
>AAGGATCC	3-AAGGATCC	5.874358	-16.488286	0	T:129.0(10.39%),B:2203.7(6.40%),P:1e-7	Tpos:109.4,Tstd:52.0,Bpos:106.5,Bstd:55.8,StrandBias:0.1,Multiplicity:1.02
0.819	0.029	0.142	0.010
0.956	0.012	0.031	0.001
0.049	0.001	0.912	0.038
0.001	0.026	0.902	0.071
0.890	0.001	0.044	0.065
0.199	0.034	0.032	0.735
0.001	0.997	0.001	0.001
0.001	0.947	0.001	0.051
>TTCACCCA	4-TTCACCCA	6.922357	-15.570934	0	T:71.0(5.72%),B:1013.7(2.94%),P:1e-6	Tpos:98.3,Tstd:53.8,Bpos:97.2,Bstd:58.6,StrandBias:0.5,Multiplicity:1.05
0.001	0.001	0.001	0.997
0.110	0.001	0.001	0.888
0.118	0.785	0.096	0.001
0.848	0.150	0.001	0.001
0.001	0.997	0.001	0.001
0.001	0.997	0.001	0.001
0.001	0.997	0.001	0.001
0.997	0.001	0.001	0.001
>TCATCATC	5-TCATCATC	7.743829	-8.004114	0	T:112.0(9.02%),B:2233.8(6.48%),P:1e-3	Tpos:88.3,Tstd:60.4,Bpos:103.2,Bstd:52.9,StrandBias:0.7,Multiplicity:1.09
0.001	0.001	0.100	0.898
0.001	0.997	0.001	0.001
0.997	0.001	0.001	0.001
0.001	0.001	0.059	0.939
0.136	0.862	0.001	0.001
0.890	0.001	0.001	0.108
0.001	0.001	0.001	0.997
0.001	0.874	0.124	0.001
