>TTTTNAAAAATT	1-TTTTNAAAAATT	6.449411	-83.468262	0	T:660.0(46.19%),B:21480.6(30.21%),P:1e-36	Tpos:98.9,Tstd:55.5,Bpos:99.4,Bstd:139.2,StrandBias:0.0,Multiplicity:1.39
0.166	0.001	0.005	0.828
0.001	0.012	0.060	0.927
0.104	0.086	0.120	0.690
0.098	0.203	0.166	0.533
0.329	0.273	0.182	0.216
0.486	0.229	0.124	0.160
0.725	0.058	0.190	0.027
0.906	0.046	0.032	0.016
0.832	0.006	0.024	0.138
0.624	0.060	0.017	0.299
0.238	0.042	0.073	0.647
0.153	0.024	0.117	0.706
>AAAAAAAAAAAA	2-AAAAAAAAAAAA	7.692411	-62.325920	0	T:379.0(26.52%),B:10879.7(15.30%),P:1e-27	Tpos:99.5,Tstd:54.4,Bpos:99.6,Bstd:169.3,StrandBias:0.1,Multiplicity:1.31
0.621	0.029	0.116	0.234
0.768	0.001	0.026	0.205
0.795	0.001	0.001	0.203
0.793	0.001	0.001	0.205
0.631	0.001	0.034	0.334
0.494	0.076	0.109	0.321
0.607	0.029	0.042	0.322
0.731	0.040	0.037	0.192
0.643	0.048	0.001	0.308
0.670	0.002	0.001	0.327
0.639	0.002	0.001	0.358
0.562	0.023	0.051	0.364
>ATATATATATAT	3-ATATATATATAT	11.194823	-58.453144	0	T:28.0(1.96%),B:74.3(0.10%),P:1e-25	Tpos:97.1,Tstd:61.3,Bpos:93.6,Bstd:110.2,StrandBias:0.0,Multiplicity:1.18
0.975	0.002	0.022	0.001
0.001	0.001	0.019	0.979
0.990	0.005	0.004	0.001
0.001	0.001	0.001	0.997
0.981	0.009	0.001	0.009
0.004	0.001	0.001	0.994
0.991	0.007	0.001	0.001
0.001	0.001	0.001	0.997
0.995	0.003	0.001	0.001
0.001	0.001	0.001	0.997
0.981	0.001	0.012	0.006
0.026	0.001	0.001	0.972
>AAACTTTATTTT	4-AAACTTTATTTT	9.325595	-56.471973	0	T:107.0(7.49%),B:1648.9(2.32%),P:1e-24	Tpos:104.1,Tstd:54.8,Bpos:96.3,Bstd:131.1,StrandBias:0.3,Multiplicity:1.05
0.854	0.026	0.045	0.075
0.828	0.043	0.037	0.092
0.896	0.054	0.027	0.023
0.046	0.840	0.063	0.051
0.062	0.001	0.090	0.847
0.047	0.046	0.078	0.829
0.081	0.042	0.082	0.795
0.808	0.040	0.063	0.089
0.078	0.038	0.007	0.877
0.100	0.012	0.067	0.821
0.075	0.066	0.040	0.819
0.027	0.124	0.058	0.791
>GCTGACCCCCCY	5-GCTGACCCCCCY	13.373047	-41.900241	0	T:8.0(0.56%),B:1.8(0.00%),P:1e-18	Tpos:60.1,Tstd:29.5,Bpos:140.4,Bstd:34.4,StrandBias:0.3,Multiplicity:1.50
0.123	0.119	0.754	0.004
0.262	0.500	0.237	0.001
0.001	0.001	0.001	0.997
0.001	0.118	0.880	0.001
0.997	0.001	0.001	0.001
0.001	0.997	0.001	0.001
0.001	0.880	0.001	0.118
0.001	0.995	0.001	0.003
0.001	0.877	0.118	0.004
0.001	0.997	0.001	0.001
0.001	0.762	0.001	0.236
0.001	0.381	0.118	0.499
>ACAACACTAACC	6-ACAACACTAACC	9.427234	-37.793289	0	T:11.0(0.77%),B:8.1(0.01%),P:1e-16	Tpos:103.7,Tstd:52.5,Bpos:112.6,Bstd:42.5,StrandBias:0.3,Multiplicity:1.00
0.997	0.001	0.001	0.001
0.001	0.997	0.001	0.001
0.763	0.001	0.001	0.235
0.997	0.001	0.001	0.001
0.001	0.997	0.001	0.001
0.968	0.030	0.001	0.001
0.001	0.997	0.001	0.001
0.001	0.001	0.001	0.997
0.997	0.001	0.001	0.001
0.997	0.001	0.001	0.001
0.001	0.997	0.001	0.001
0.001	0.997	0.001	0.001
>ACTACCAAATGC	7-ACTACCAAATGC	12.400700	-36.380471	0	T:12.0(0.84%),B:13.3(0.02%),P:1e-15	Tpos:89.3,Tstd:49.4,Bpos:97.4,Bstd:62.4,StrandBias:-0.5,Multiplicity:1.00
0.997	0.001	0.001	0.001
0.001	0.832	0.001	0.166
0.001	0.001	0.042	0.956
0.878	0.120	0.001	0.001
0.001	0.997	0.001	0.001
0.001	0.832	0.001	0.166
0.832	0.166	0.001	0.001
0.997	0.001	0.001	0.001
0.997	0.001	0.001	0.001
0.001	0.001	0.166	0.832
0.166	0.001	0.832	0.001
0.001	0.997	0.001	0.001
>CACTACTGAAGA	8-CACTACTGAAGA	14.212889	-35.587814	0	T:9.0(0.63%),B:4.6(0.01%),P:1e-15	Tpos:115.2,Tstd:33.7,Bpos:75.0,Bstd:37.9,StrandBias:0.3,Multiplicity:1.00
0.001	0.997	0.001	0.001
0.896	0.001	0.102	0.001
0.001	0.997	0.001	0.001
0.001	0.001	0.001	0.997
0.997	0.001	0.001	0.001
0.001	0.997	0.001	0.001
0.001	0.001	0.001	0.997
0.001	0.001	0.997	0.001
0.997	0.001	0.001	0.001
0.997	0.001	0.001	0.001
0.001	0.102	0.896	0.001
0.997	0.001	0.001	0.001
>ACATAGGCCTAT	9-ACATAGGCCTAT	13.240119	-32.399700	0	T:10.0(0.70%),B:9.9(0.01%),P:1e-14	Tpos:133.4,Tstd:34.8,Bpos:92.1,Bstd:31.6,StrandBias:0.2,Multiplicity:1.00
0.823	0.001	0.088	0.088
0.001	0.997	0.001	0.001
0.997	0.001	0.001	0.001
0.001	0.001	0.087	0.911
0.997	0.001	0.001	0.001
0.001	0.001	0.997	0.001
0.191	0.001	0.807	0.001
0.001	0.720	0.088	0.191
0.001	0.997	0.001	0.001
0.001	0.001	0.001	0.997
0.997	0.001	0.001	0.001
0.001	0.088	0.088	0.823
>CCCAWAAACGAC	10-CCCAWAAACGAC	11.425894	-32.017944	0	T:13.0(0.91%),B:25.7(0.04%),P:1e-13	Tpos:114.3,Tstd:49.8,Bpos:118.3,Bstd:84.4,StrandBias:0.0,Multiplicity:1.08
0.168	0.691	0.140	0.001
0.008	0.544	0.153	0.295
0.225	0.765	0.001	0.009
0.997	0.001	0.001	0.001
0.378	0.001	0.152	0.469
0.839	0.008	0.001	0.152
0.690	0.308	0.001	0.001
0.997	0.001	0.001	0.001
0.152	0.846	0.001	0.001
0.163	0.152	0.684	0.001
0.841	0.001	0.152	0.006
0.001	0.714	0.126	0.159
>YTGTAGCGCTAC	11-YTGTAGCGCTAC	13.018712	-31.364212	0	T:10.0(0.70%),B:10.9(0.02%),P:1e-13	Tpos:117.1,Tstd:61.4,Bpos:103.2,Bstd:31.4,StrandBias:0.5,Multiplicity:1.20
0.001	0.490	0.001	0.508
0.203	0.121	0.001	0.675
0.001	0.001	0.997	0.001
0.001	0.001	0.166	0.832
0.997	0.001	0.001	0.001
0.001	0.001	0.997	0.001
0.171	0.827	0.001	0.001
0.167	0.001	0.664	0.168
0.001	0.997	0.001	0.001
0.001	0.001	0.001	0.997
0.832	0.166	0.001	0.001
0.166	0.832	0.001	0.001
>GGGGGGGGGGGG	12-GGGGGGGGGGGG	6.729462	-31.119371	0	T:83.0(5.81%),B:1610.5(2.26%),P:1e-13	Tpos:109.0,Tstd:53.8,Bpos:100.1,Bstd:68.4,StrandBias:-1.3,Multiplicity:1.24
0.006	0.141	0.709	0.144
0.134	0.125	0.587	0.154
0.182	0.055	0.671	0.092
0.104	0.030	0.786	0.080
0.142	0.007	0.801	0.050
0.072	0.052	0.822	0.054
0.062	0.007	0.881	0.050
0.104	0.007	0.821	0.068
0.046	0.030	0.845	0.079
0.074	0.036	0.752	0.138
0.165	0.067	0.677	0.091
0.135	0.116	0.649	0.100
>AGATTTAATTGG	13-AGATTTAATTGG	14.521169	-31.073802	0	T:7.0(0.49%),B:2.2(0.00%),P:1e-13	Tpos:105.3,Tstd:55.4,Bpos:103.7,Bstd:27.6,StrandBias:0.4,Multiplicity:1.00
0.997	0.001	0.001	0.001
0.001	0.001	0.997	0.001
0.997	0.001	0.001	0.001
0.001	0.001	0.001	0.997
0.001	0.001	0.001	0.997
0.001	0.001	0.001	0.997
0.997	0.001	0.001	0.001
0.852	0.001	0.146	0.001
0.001	0.001	0.001	0.997
0.001	0.001	0.001	0.997
0.001	0.001	0.997	0.001
0.001	0.001	0.852	0.146
>GCCATTTTATTA	14-GCCATTTTATTA	12.355432	-24.347586	0	T:5.0(0.35%),B:0.0(0.00%),P:1e-10	Tpos:96.2,Tstd:42.5,Bpos:0.0,Bstd:0.0,StrandBias:2.0,Multiplicity:1.00
0.100	0.100	0.700	0.100
0.100	0.700	0.100	0.100
0.100	0.700	0.100	0.100
0.700	0.100	0.100	0.100
0.100	0.100	0.100	0.700
0.100	0.100	0.100	0.700
0.100	0.100	0.100	0.700
0.100	0.100	0.100	0.700
0.700	0.100	0.100	0.100
0.100	0.100	0.100	0.700
0.100	0.100	0.100	0.700
0.700	0.100	0.100	0.100
>CTCTATGGCTCC	15-CTCTATGGCTCC	12.355432	-24.347586	0	T:5.0(0.35%),B:0.3(0.00%),P:1e-10	Tpos:131.4,Tstd:44.5,Bpos:43.0,Bstd:0.0,StrandBias:-0.6,Multiplicity:1.00
0.100	0.700	0.100	0.100
0.100	0.100	0.100	0.700
0.100	0.700	0.100	0.100
0.100	0.100	0.100	0.700
0.700	0.100	0.100	0.100
0.100	0.100	0.100	0.700
0.100	0.100	0.700	0.100
0.100	0.100	0.700	0.100
0.100	0.700	0.100	0.100
0.100	0.100	0.100	0.700
0.100	0.700	0.100	0.100
0.100	0.700	0.100	0.100
>CCACTTCGCTCC	16-CCACTTCGCTCC	4.731273	-22.019666	0	T:21.0(1.47%),B:180.0(0.25%),P:1e-9	Tpos:101.7,Tstd:57.2,Bpos:106.6,Bstd:50.8,StrandBias:-1.4,Multiplicity:2.24
0.001	0.997	0.001	0.001
0.001	0.997	0.001	0.001
0.997	0.001	0.001	0.001
0.001	0.997	0.001	0.001
0.001	0.001	0.001	0.997
0.001	0.001	0.001	0.997
0.001	0.997	0.001	0.001
0.001	0.001	0.997	0.001
0.001	0.954	0.001	0.044
0.037	0.165	0.001	0.797
0.001	0.997	0.001	0.001
0.044	0.954	0.001	0.001
>GTWAAGAGGGTC	17-GTWAAGAGGGTC	13.578389	-21.018325	0	T:8.0(0.56%),B:14.2(0.02%),P:1e-9	Tpos:87.9,Tstd:56.6,Bpos:100.0,Bstd:27.4,StrandBias:-0.6,Multiplicity:1.88
0.093	0.001	0.905	0.001
0.001	0.093	0.001	0.905
0.424	0.001	0.001	0.574
0.997	0.001	0.001	0.001
0.997	0.001	0.001	0.001
0.001	0.001	0.997	0.001
0.997	0.001	0.001	0.001
0.001	0.001	0.997	0.001
0.001	0.001	0.997	0.001
0.001	0.001	0.997	0.001
0.001	0.001	0.001	0.997
0.001	0.997	0.001	0.001
>AAKTKMASTTTA	18-AAKTKMASTTTA	10.431011	-21.018325	0	T:8.0(0.56%),B:14.2(0.02%),P:1e-9	Tpos:98.3,Tstd:61.7,Bpos:92.3,Bstd:53.8,StrandBias:-0.4,Multiplicity:1.00
0.526	0.023	0.185	0.266
0.466	0.094	0.169	0.271
0.199	0.117	0.399	0.285
0.001	0.046	0.001	0.952
0.148	0.136	0.321	0.395
0.397	0.255	0.103	0.245
0.952	0.001	0.046	0.001
0.001	0.435	0.286	0.278
0.001	0.001	0.001	0.997
0.001	0.001	0.127	0.871
0.001	0.226	0.163	0.610
0.987	0.001	0.001	0.011
>GTGAATCAAAAA	19-GTGAATCAAAAA	12.355432	-20.898526	0	T:5.0(0.35%),B:2.5(0.00%),P:1e-9	Tpos:142.6,Tstd:35.5,Bpos:49.3,Bstd:43.5,StrandBias:2.0,Multiplicity:1.00
0.100	0.100	0.700	0.100
0.100	0.100	0.100	0.700
0.100	0.100	0.700	0.100
0.700	0.100	0.100	0.100
0.700	0.100	0.100	0.100
0.100	0.100	0.100	0.700
0.100	0.700	0.100	0.100
0.700	0.100	0.100	0.100
0.700	0.100	0.100	0.100
0.700	0.100	0.100	0.100
0.700	0.100	0.100	0.100
0.700	0.100	0.100	0.100
>TTGTTGTTGTTG	20-TTGTTGTTGTTG	16.410811	-19.697044	0	T:11.0(0.77%),B:44.4(0.06%),P:1e-8	Tpos:136.3,Tstd:45.1,Bpos:101.2,Bstd:46.2,StrandBias:0.3,Multiplicity:1.45
0.001	0.001	0.015	0.983
0.001	0.001	0.001	0.997
0.053	0.001	0.945	0.001
0.001	0.001	0.001	0.997
0.001	0.001	0.001	0.997
0.001	0.001	0.997	0.001
0.001	0.001	0.001	0.997
0.001	0.001	0.001	0.997
0.055	0.001	0.943	0.001
0.045	0.001	0.020	0.934
0.001	0.001	0.001	0.997
0.001	0.001	0.997	0.001
>CATCATCATCAT	21-CATCATCATCAT	16.400195	-18.504744	0	T:9.0(0.63%),B:29.0(0.04%),P:1e-8	Tpos:70.0,Tstd:46.6,Bpos:115.3,Bstd:90.2,StrandBias:-1.6,Multiplicity:1.22
0.001	0.997	0.001	0.001
0.997	0.001	0.001	0.001
0.001	0.014	0.001	0.984
0.001	0.940	0.001	0.058
0.997	0.001	0.001	0.001
0.001	0.019	0.001	0.979
0.001	0.957	0.001	0.041
0.997	0.001	0.001	0.001
0.001	0.014	0.001	0.984
0.001	0.997	0.001	0.001
0.979	0.019	0.001	0.001
0.001	0.037	0.001	0.961
>TACTACTACTAC	22-TACTACTACTAC	7.243009	-17.275245	0	T:105.0(7.35%),B:2965.1(4.17%),P:1e-7	Tpos:104.5,Tstd:58.7,Bpos:97.6,Bstd:109.4,StrandBias:-0.1,Multiplicity:1.14
0.168	0.192	0.011	0.629
0.767	0.022	0.056	0.155
0.069	0.666	0.065	0.200
0.047	0.022	0.001	0.930
0.558	0.022	0.207	0.213
0.034	0.833	0.043	0.090
0.285	0.022	0.001	0.692
0.627	0.034	0.139	0.200
0.011	0.724	0.209	0.056
0.056	0.011	0.022	0.911
0.585	0.011	0.170	0.234
0.112	0.788	0.099	0.001
>GCCGAAACGACT	23-GCCGAAACGACT	13.784611	-13.330243	0	T:4.0(0.28%),B:4.3(0.01%),P:1e-5	Tpos:107.8,Tstd:36.1,Bpos:116.8,Bstd:26.3,StrandBias:10.0,Multiplicity:2.75
0.001	0.001	0.997	0.001
0.001	0.997	0.001	0.001
0.001	0.997	0.001	0.001
0.100	0.001	0.898	0.001
0.997	0.001	0.001	0.001
0.898	0.100	0.001	0.001
0.997	0.001	0.001	0.001
0.001	0.997	0.001	0.001
0.100	0.001	0.898	0.001
0.916	0.001	0.001	0.082
0.001	0.997	0.001	0.001
0.100	0.100	0.001	0.799
>ATAGAGATAGAG	24-ATAGAGATAGAG	7.609968	-13.025769	0	T:19.0(1.33%),B:258.2(0.36%),P:1e-5	Tpos:88.1,Tstd:54.2,Bpos:90.5,Bstd:77.5,StrandBias:1.1,Multiplicity:1.00
0.692	0.001	0.001	0.306
0.002	0.001	0.311	0.686
0.997	0.001	0.001	0.001
0.001	0.001	0.997	0.001
0.997	0.001	0.001	0.001
0.001	0.001	0.614	0.384
0.997	0.001	0.001	0.001
0.001	0.001	0.384	0.614
0.997	0.001	0.001	0.001
0.001	0.001	0.620	0.378
0.997	0.001	0.001	0.001
0.005	0.001	0.993	0.001
>TRTGTGTGTGTG	25-TRTGTGTGTGTG	10.980992	-11.354751	0	T:27.0(1.89%),B:518.4(0.73%),P:1e-4	Tpos:82.8,Tstd:47.2,Bpos:100.4,Bstd:67.3,StrandBias:-0.4,Multiplicity:1.23
0.053	0.001	0.001	0.945
0.387	0.153	0.459	0.001
0.039	0.001	0.001	0.959
0.051	0.038	0.880	0.031
0.053	0.001	0.001	0.945
0.174	0.001	0.777	0.048
0.056	0.001	0.001	0.942
0.054	0.001	0.904	0.041
0.234	0.172	0.072	0.522
0.301	0.001	0.697	0.001
0.035	0.001	0.125	0.839
0.108	0.001	0.890	0.001
