>AAAAATTT	1-AAAAATTT	6.993904	-99.110661	0	T:503.0(35.20%),B:13882.2(19.52%),P:1e-43	Tpos:94.2,Tstd:56.6,Bpos:99.2,Bstd:140.5,StrandBias:0.2,Multiplicity:1.34
0.838	0.066	0.033	0.063
0.972	0.001	0.026	0.001
0.997	0.001	0.001	0.001
0.997	0.001	0.001	0.001
0.810	0.087	0.001	0.102
0.130	0.075	0.036	0.759
0.080	0.045	0.001	0.874
0.104	0.026	0.064	0.806
>AATTTTGG	2-AATTTTGG	4.510242	-68.672313	0	T:1020.0(71.38%),B:40308.4(56.68%),P:1e-29	Tpos:100.5,Tstd:54.1,Bpos:100.7,Bstd:118.0,StrandBias:0.1,Multiplicity:1.72
0.721	0.061	0.162	0.056
0.715	0.051	0.122	0.112
0.159	0.043	0.109	0.689
0.072	0.065	0.040	0.823
0.045	0.065	0.029	0.861
0.049	0.100	0.107	0.744
0.074	0.095	0.724	0.107
0.117	0.117	0.724	0.042
>RAAAYATR	3-RAAAYATR	5.298076	-67.315860	0	T:638.0(44.65%),B:21604.2(30.38%),P:1e-29	Tpos:104.6,Tstd:55.8,Bpos:99.3,Bstd:125.5,StrandBias:-0.1,Multiplicity:1.21
0.476	0.100	0.332	0.092
0.627	0.046	0.258	0.069
0.774	0.026	0.162	0.038
0.603	0.244	0.011	0.142
0.229	0.431	0.036	0.304
0.603	0.126	0.185	0.086
0.099	0.061	0.072	0.768
0.466	0.179	0.324	0.031
>GAAATTTT	4-GAAATTTT	5.181303	-63.000208	0	T:704.0(49.27%),B:24976.2(35.12%),P:1e-27	Tpos:103.2,Tstd:58.5,Bpos:99.7,Bstd:115.2,StrandBias:-0.2,Multiplicity:1.14
0.101	0.286	0.549	0.064
0.641	0.047	0.186	0.126
0.499	0.123	0.217	0.161
0.499	0.155	0.228	0.118
0.082	0.050	0.089	0.779
0.078	0.100	0.076	0.746
0.040	0.140	0.161	0.659
0.196	0.005	0.169	0.630
>TTATTTTT	5-TTATTTTT	7.093976	-55.583898	0	T:500.0(34.99%),B:16353.2(23.00%),P:1e-24	Tpos:103.2,Tstd:57.4,Bpos:99.0,Bstd:141.8,StrandBias:-0.1,Multiplicity:1.27
0.001	0.032	0.051	0.916
0.001	0.066	0.025	0.908
0.839	0.001	0.001	0.159
0.047	0.039	0.017	0.897
0.046	0.001	0.044	0.909
0.040	0.001	0.001	0.958
0.134	0.021	0.001	0.844
0.021	0.001	0.059	0.919
>CCAGAAAT	6-CCAGAAAT	7.895061	-45.865930	0	T:172.0(12.04%),B:3976.7(5.59%),P:1e-19	Tpos:100.8,Tstd:55.2,Bpos:99.3,Bstd:100.7,StrandBias:-0.2,Multiplicity:1.04
0.187	0.811	0.001	0.001
0.200	0.658	0.042	0.100
0.997	0.001	0.001	0.001
0.001	0.001	0.890	0.108
0.997	0.001	0.001	0.001
0.944	0.001	0.054	0.001
0.949	0.001	0.049	0.001
0.142	0.031	0.029	0.798
>CTRCARCT	7-CTRCARCT	5.185698	-33.067887	0	T:447.0(31.28%),B:15895.9(22.35%),P:1e-14	Tpos:101.9,Tstd:57.0,Bpos:99.6,Bstd:87.4,StrandBias:0.0,Multiplicity:1.25
0.144	0.725	0.092	0.039
0.186	0.020	0.001	0.793
0.308	0.157	0.453	0.082
0.172	0.651	0.176	0.001
0.609	0.012	0.001	0.378
0.394	0.011	0.433	0.162
0.133	0.480	0.127	0.260
0.345	0.001	0.026	0.628
>GGAGGAAG	8-GGAGGAAG	4.793946	-29.276422	0	T:479.0(33.52%),B:17711.3(24.91%),P:1e-12	Tpos:98.6,Tstd:57.1,Bpos:99.8,Bstd:88.2,StrandBias:0.1,Multiplicity:1.26
0.124	0.032	0.744	0.100
0.056	0.066	0.831	0.047
0.730	0.024	0.180	0.066
0.104	0.127	0.645	0.124
0.036	0.063	0.809	0.092
0.749	0.062	0.073	0.116
0.814	0.041	0.103	0.042
0.150	0.109	0.685	0.056
>GGGGGGGG	9-GGGGGGGG	6.989898	-25.524565	0	T:61.0(4.27%),B:1116.6(1.57%),P:1e-11	Tpos:106.4,Tstd:54.1,Bpos:100.8,Bstd:72.7,StrandBias:-1.4,Multiplicity:1.33
0.066	0.015	0.874	0.045
0.035	0.015	0.949	0.001
0.026	0.001	0.972	0.001
0.001	0.001	0.997	0.001
0.022	0.001	0.976	0.001
0.021	0.015	0.963	0.001
0.012	0.014	0.961	0.013
0.016	0.051	0.853	0.080
>GAAGATAT	10-GAAGATAT	6.348526	-23.855759	0	T:217.0(15.19%),B:6904.2(9.71%),P:1e-10	Tpos:99.8,Tstd:56.0,Bpos:100.4,Bstd:108.9,StrandBias:0.0,Multiplicity:1.05
0.001	0.155	0.843	0.001
0.975	0.023	0.001	0.001
0.917	0.001	0.043	0.039
0.001	0.063	0.935	0.001
0.908	0.022	0.001	0.069
0.079	0.081	0.001	0.839
0.843	0.001	0.113	0.043
0.064	0.039	0.115	0.782
>ATCAACGT	11-ATCAACGT	7.092955	-22.569494	0	T:109.0(7.63%),B:2818.0(3.96%),P:1e-9	Tpos:93.9,Tstd:61.0,Bpos:102.6,Bstd:81.6,StrandBias:-0.1,Multiplicity:1.06
0.672	0.274	0.053	0.001
0.001	0.076	0.004	0.919
0.001	0.997	0.001	0.001
0.997	0.001	0.001	0.001
0.997	0.001	0.001	0.001
0.001	0.997	0.001	0.001
0.001	0.001	0.633	0.365
0.001	0.001	0.001	0.997
>TCCTAAAA	12-TCCTAAAA	6.372154	-21.766453	0	T:177.0(12.39%),B:5454.5(7.67%),P:1e-9	Tpos:93.4,Tstd:58.0,Bpos:96.7,Bstd:136.4,StrandBias:-0.1,Multiplicity:1.08
0.001	0.001	0.001	0.997
0.001	0.965	0.001	0.033
0.380	0.618	0.001	0.001
0.001	0.001	0.275	0.723
0.997	0.001	0.001	0.001
0.997	0.001	0.001	0.001
0.997	0.001	0.001	0.001
0.997	0.001	0.001	0.001
>TATATATA	13-TATATATA	8.236954	-20.845066	0	T:34.0(2.38%),B:484.2(0.68%),P:1e-9	Tpos:101.2,Tstd:63.1,Bpos:99.2,Bstd:113.1,StrandBias:0.0,Multiplicity:1.06
0.100	0.100	0.100	0.700
0.700	0.100	0.100	0.100
0.100	0.100	0.100	0.700
0.700	0.100	0.100	0.100
0.100	0.100	0.100	0.700
0.700	0.100	0.100	0.100
0.100	0.100	0.100	0.700
0.700	0.100	0.100	0.100
>GACTTGGG	14-GACTTGGG	6.595626	-20.035645	0	T:92.0(6.44%),B:2338.2(3.29%),P:1e-8	Tpos:93.4,Tstd:52.3,Bpos:102.1,Bstd:82.8,StrandBias:0.6,Multiplicity:1.12
0.027	0.001	0.949	0.023
0.885	0.013	0.020	0.082
0.001	0.997	0.001	0.001
0.001	0.001	0.032	0.966
0.087	0.001	0.009	0.903
0.120	0.009	0.803	0.068
0.055	0.008	0.936	0.001
0.001	0.111	0.715	0.173
>SGAGGGTC	15-SGAGGGTC	7.183165	-19.900931	0	T:70.0(4.90%),B:1587.5(2.23%),P:1e-8	Tpos:93.4,Tstd:56.5,Bpos:105.7,Bstd:69.6,StrandBias:0.2,Multiplicity:1.25
0.105	0.504	0.390	0.001
0.108	0.001	0.781	0.110
0.635	0.037	0.327	0.001
0.083	0.001	0.857	0.059
0.074	0.001	0.924	0.001
0.001	0.025	0.859	0.115
0.032	0.001	0.001	0.966
0.084	0.914	0.001	0.001
>TMGYCCTA	16-TMGYCCTA	6.621409	-19.444231	0	T:95.0(6.65%),B:2475.0(3.48%),P:1e-8	Tpos:102.1,Tstd:52.4,Bpos:98.9,Bstd:67.1,StrandBias:-0.2,Multiplicity:1.15
0.031	0.050	0.024	0.895
0.433	0.522	0.001	0.044
0.001	0.071	0.927	0.001
0.001	0.456	0.163	0.380
0.006	0.771	0.002	0.221
0.001	0.825	0.173	0.001
0.001	0.219	0.298	0.482
0.796	0.053	0.150	0.001
>GGCGGGCA	17-GGCGGGCA	8.094646	-14.375000	0	T:38.0(2.66%),B:759.5(1.07%),P:1e-6	Tpos:105.6,Tstd:51.3,Bpos:99.6,Bstd:56.5,StrandBias:0.2,Multiplicity:1.14
0.001	0.001	0.997	0.001
0.007	0.045	0.859	0.089
0.001	0.823	0.161	0.015
0.001	0.001	0.997	0.001
0.001	0.001	0.997	0.001
0.168	0.277	0.554	0.001
0.001	0.853	0.145	0.001
0.772	0.226	0.001	0.001
>TCGCTCCA	18-TCGCTCCA	7.933153	-11.104802	0	T:62.0(4.34%),B:1730.9(2.43%),P:1e-4	Tpos:103.6,Tstd:59.2,Bpos:102.4,Bstd:71.3,StrandBias:-0.8,Multiplicity:1.07
0.001	0.210	0.001	0.788
0.001	0.658	0.001	0.340
0.001	0.001	0.997	0.001
0.001	0.997	0.001	0.001
0.177	0.216	0.001	0.606
0.001	0.908	0.090	0.001
0.001	0.997	0.001	0.001
0.997	0.001	0.001	0.001
>GTAGCGCT	19-GTAGCGCT	8.236954	-8.473040	0	T:9.0(0.63%),B:98.2(0.14%),P:1e-3	Tpos:112.8,Tstd:61.9,Bpos:93.1,Bstd:50.6,StrandBias:0.0,Multiplicity:1.22
0.100	0.100	0.700	0.100
0.100	0.100	0.100	0.700
0.700	0.100	0.100	0.100
0.100	0.100	0.700	0.100
0.100	0.700	0.100	0.100
0.100	0.100	0.700	0.100
0.100	0.700	0.100	0.100
0.100	0.100	0.100	0.700
>SATSATSA	20-SATSATSA	7.039396	-8.195248	0	T:96.0(6.72%),B:3306.3(4.65%),P:1e-3	Tpos:82.6,Tstd:54.3,Bpos:95.3,Bstd:103.5,StrandBias:-0.1,Multiplicity:1.17
0.001	0.530	0.431	0.038
0.680	0.028	0.101	0.191
0.001	0.001	0.089	0.909
0.001	0.443	0.555	0.001
0.600	0.135	0.074	0.191
0.001	0.077	0.086	0.836
0.083	0.530	0.386	0.001
0.608	0.137	0.064	0.191
>GCTCGGCG	21-GCTCGGCG	6.887648	-7.803858	0	T:31.0(2.17%),B:784.6(1.10%),P:1e-3	Tpos:85.7,Tstd:61.0,Bpos:100.8,Bstd:57.9,StrandBias:-1.2,Multiplicity:1.38
0.013	0.001	0.985	0.001
0.001	0.997	0.001	0.001
0.001	0.313	0.001	0.685
0.001	0.997	0.001	0.001
0.001	0.001	0.997	0.001
0.004	0.001	0.821	0.174
0.004	0.994	0.001	0.001
0.283	0.001	0.715	0.001
>ATACATAC	22-ATACATAC	9.376503	-7.008283	0	T:63.0(4.41%),B:2061.9(2.90%),P:1e-3	Tpos:69.0,Tstd:47.8,Bpos:99.5,Bstd:138.2,StrandBias:1.2,Multiplicity:1.95
0.997	0.001	0.001	0.001
0.184	0.001	0.001	0.814
0.997	0.001	0.001	0.001
0.001	0.997	0.001	0.001
0.997	0.001	0.001	0.001
0.001	0.001	0.001	0.997
0.997	0.001	0.001	0.001
0.001	0.997	0.001	0.001
>TAGATAGA	23-TAGATAGA	4.996738	-5.097380	0	T:68.0(4.76%),B:2459.9(3.46%),P:1e-2	Tpos:94.2,Tstd:57.2,Bpos:97.9,Bstd:99.1,StrandBias:0.8,Multiplicity:1.55
0.001	0.001	0.023	0.975
0.997	0.001	0.001	0.001
0.001	0.001	0.997	0.001
0.997	0.001	0.001	0.001
0.001	0.001	0.109	0.889
0.997	0.001	0.001	0.001
0.001	0.001	0.914	0.084
0.997	0.001	0.001	0.001
>TGTGTRTG	24-TGTGTRTG	8.323501	-2.716415	0	T:62.0(4.34%),B:2527.3(3.55%),P:1e-1	Tpos:98.2,Tstd:53.2,Bpos:99.0,Bstd:81.7,StrandBias:0.4,Multiplicity:1.13
0.150	0.071	0.041	0.738
0.318	0.034	0.647	0.001
0.001	0.099	0.085	0.815
0.149	0.057	0.753	0.041
0.001	0.058	0.001	0.940
0.319	0.112	0.441	0.128
0.002	0.105	0.001	0.892
0.149	0.001	0.802	0.048
>TGTTGTTG	25-TGTTGTTG	8.236954	-1.772476	0	T:35.0(2.45%),B:1463.4(2.06%),P:1e0	Tpos:119.4,Tstd:55.8,Bpos:100.1,Bstd:73.4,StrandBias:0.2,Multiplicity:1.20
0.100	0.100	0.100	0.700
0.100	0.100	0.700	0.100
0.100	0.100	0.100	0.700
0.100	0.100	0.100	0.700
0.100	0.100	0.700	0.100
0.100	0.100	0.100	0.700
0.100	0.100	0.100	0.700
0.100	0.100	0.700	0.100
