>WTHAAAATTT	1-WTHAAAATTT	5.375356	-74.412744	0	T:911.0(63.75%),B:34156.1(48.03%),P:1e-32	Tpos:99.6,Tstd:55.6,Bpos:100.5,Bstd:136.6,StrandBias:0.0,Multiplicity:1.50
0.312	0.097	0.131	0.461
0.180	0.235	0.184	0.401
0.367	0.219	0.095	0.318
0.737	0.139	0.092	0.032
0.921	0.016	0.033	0.030
0.887	0.019	0.073	0.021
0.552	0.028	0.055	0.365
0.225	0.104	0.035	0.636
0.046	0.088	0.052	0.814
0.015	0.126	0.052	0.807
>ANAAAAAWWW	2-ANAAAAAWWW	6.803172	-64.075108	0	T:510.0(35.69%),B:16189.7(22.77%),P:1e-27	Tpos:98.5,Tstd:56.0,Bpos:99.2,Bstd:151.6,StrandBias:0.0,Multiplicity:1.35
0.415	0.168	0.161	0.256
0.288	0.201	0.203	0.308
0.734	0.100	0.165	0.001
0.864	0.077	0.001	0.058
0.997	0.001	0.001	0.001
0.741	0.001	0.001	0.257
0.566	0.046	0.001	0.387
0.467	0.095	0.001	0.437
0.362	0.091	0.100	0.447
0.455	0.062	0.001	0.482
>GAGKAAAAAT	3-GAGKAAAAAT	6.496088	-58.973434	0	T:334.0(23.37%),B:9297.5(13.07%),P:1e-25	Tpos:105.8,Tstd:57.4,Bpos:98.7,Bstd:112.2,StrandBias:0.5,Multiplicity:1.07
0.052	0.287	0.486	0.175
0.634	0.034	0.124	0.208
0.208	0.127	0.418	0.247
0.183	0.154	0.399	0.264
0.578	0.146	0.044	0.232
0.795	0.026	0.073	0.106
0.875	0.006	0.046	0.073
0.664	0.034	0.114	0.188
0.586	0.175	0.044	0.195
0.133	0.023	0.019	0.825
>AATTTCTGGA	4-AATTTCTGGA	6.817104	-48.438084	0	T:254.0(17.77%),B:6805.9(9.57%),P:1e-21	Tpos:91.2,Tstd:55.4,Bpos:100.0,Bstd:120.4,StrandBias:0.1,Multiplicity:1.10
0.727	0.112	0.062	0.099
0.812	0.049	0.061	0.078
0.090	0.056	0.051	0.803
0.054	0.047	0.039	0.860
0.044	0.050	0.076	0.830
0.059	0.863	0.053	0.025
0.073	0.039	0.076	0.812
0.105	0.047	0.722	0.126
0.070	0.080	0.763	0.087
0.814	0.049	0.066	0.071
>ATATATATAT	5-ATATATATAT	10.296193	-45.308235	0	T:22.0(1.54%),B:61.0(0.09%),P:1e-19	Tpos:98.3,Tstd:62.2,Bpos:95.8,Bstd:107.6,StrandBias:0.0,Multiplicity:1.05
0.700	0.100	0.100	0.100
0.100	0.100	0.100	0.700
0.700	0.100	0.100	0.100
0.100	0.100	0.100	0.700
0.700	0.100	0.100	0.100
0.100	0.100	0.100	0.700
0.700	0.100	0.100	0.100
0.100	0.100	0.100	0.700
0.700	0.100	0.100	0.100
0.100	0.100	0.100	0.700
>TGAATTTGGG	6-TGAATTTGGG	6.864132	-43.841021	0	T:150.0(10.50%),B:3314.6(4.66%),P:1e-19	Tpos:103.0,Tstd:55.6,Bpos:100.1,Bstd:97.7,StrandBias:-0.1,Multiplicity:1.10
0.001	0.185	0.012	0.802
0.001	0.309	0.689	0.001
0.468	0.230	0.263	0.039
0.643	0.001	0.001	0.355
0.201	0.228	0.155	0.416
0.132	0.212	0.015	0.641
0.001	0.001	0.001	0.997
0.168	0.179	0.463	0.190
0.146	0.001	0.555	0.298
0.003	0.243	0.520	0.234
>AAAATGANCR	7-AAAATGANCR	5.738512	-41.063054	0	T:314.0(21.97%),B:9588.3(13.48%),P:1e-17	Tpos:93.5,Tstd:55.6,Bpos:101.5,Bstd:112.7,StrandBias:0.1,Multiplicity:1.13
0.781	0.073	0.095	0.051
0.804	0.026	0.117	0.053
0.578	0.022	0.005	0.395
0.543	0.246	0.076	0.135
0.129	0.059	0.065	0.747
0.174	0.214	0.427	0.185
0.435	0.163	0.190	0.212
0.276	0.317	0.238	0.169
0.171	0.445	0.199	0.186
0.251	0.168	0.378	0.203
>CTACTGGAGA	8-CTACTGGAGA	10.752710	-39.544964	0	T:18.0(1.26%),B:44.7(0.06%),P:1e-17	Tpos:98.2,Tstd:53.4,Bpos:96.4,Bstd:54.3,StrandBias:0.6,Multiplicity:1.11
0.001	0.883	0.046	0.070
0.001	0.001	0.030	0.968
0.845	0.123	0.031	0.001
0.001	0.968	0.001	0.030
0.046	0.001	0.090	0.863
0.001	0.001	0.997	0.001
0.272	0.121	0.455	0.152
0.612	0.001	0.083	0.304
0.001	0.001	0.997	0.001
0.616	0.086	0.031	0.267
>CCCAAACTAC	9-CCCAAACTAC	4.844512	-37.834306	0	T:381.0(26.66%),B:12609.2(17.73%),P:1e-16	Tpos:101.9,Tstd:53.5,Bpos:100.5,Bstd:102.2,StrandBias:0.1,Multiplicity:1.18
0.129	0.668	0.113	0.090
0.103	0.697	0.094	0.106
0.118	0.676	0.107	0.099
0.736	0.101	0.083	0.080
0.722	0.082	0.090	0.106
0.725	0.100	0.100	0.075
0.111	0.685	0.089	0.115
0.099	0.090	0.108	0.703
0.686	0.092	0.108	0.114
0.108	0.703	0.095	0.094
>CCAAAAACRY	10-CCAAAAACRY	7.260060	-37.716811	0	T:175.0(12.25%),B:4440.1(6.24%),P:1e-16	Tpos:98.5,Tstd:51.9,Bpos:101.3,Bstd:108.1,StrandBias:0.0,Multiplicity:1.06
0.001	0.704	0.200	0.095
0.053	0.660	0.043	0.244
0.767	0.231	0.001	0.001
0.921	0.001	0.077	0.001
0.802	0.001	0.127	0.070
0.880	0.001	0.118	0.001
0.834	0.072	0.050	0.044
0.001	0.818	0.029	0.152
0.430	0.001	0.447	0.122
0.001	0.328	0.242	0.428
>TGCWSCAACT	11-TGCWSCAACT	7.522943	-29.502532	0	T:113.0(7.91%),B:2639.8(3.71%),P:1e-12	Tpos:107.7,Tstd:57.0,Bpos:99.4,Bstd:88.3,StrandBias:-0.0,Multiplicity:1.12
0.001	0.001	0.001	0.997
0.202	0.273	0.512	0.013
0.154	0.749	0.009	0.088
0.518	0.001	0.001	0.480
0.053	0.461	0.393	0.092
0.052	0.701	0.001	0.246
0.585	0.001	0.001	0.413
0.775	0.001	0.223	0.001
0.001	0.769	0.229	0.001
0.145	0.008	0.001	0.846
>GGSCCGMGGG	12-GGSCCGMGGG	8.220456	-27.117677	0	T:26.0(1.82%),B:219.9(0.31%),P:1e-11	Tpos:82.4,Tstd:55.6,Bpos:101.7,Bstd:50.5,StrandBias:0.2,Multiplicity:1.15
0.087	0.001	0.911	0.001
0.001	0.001	0.997	0.001
0.001	0.513	0.413	0.073
0.001	0.763	0.094	0.142
0.001	0.997	0.001	0.001
0.048	0.226	0.661	0.065
0.388	0.423	0.001	0.188
0.001	0.183	0.815	0.001
0.001	0.001	0.910	0.088
0.001	0.001	0.664	0.334
>GGGGGGGGGG	13-GGGGGGGGGG	7.352626	-25.382569	0	T:61.0(4.27%),B:1120.9(1.58%),P:1e-11	Tpos:107.0,Tstd:52.9,Bpos:101.2,Bstd:72.1,StrandBias:-1.2,Multiplicity:1.26
0.130	0.058	0.710	0.102
0.081	0.041	0.767	0.111
0.091	0.084	0.789	0.036
0.098	0.048	0.785	0.069
0.050	0.013	0.921	0.016
0.030	0.037	0.932	0.001
0.065	0.073	0.836	0.026
0.085	0.021	0.845	0.049
0.089	0.029	0.726	0.156
0.058	0.132	0.696	0.114
>TAGGCCTAYR	14-TAGGCCTAYR	6.061243	-24.886070	0	T:47.0(3.29%),B:738.8(1.04%),P:1e-10	Tpos:104.2,Tstd:52.0,Bpos:96.9,Bstd:70.9,StrandBias:-0.2,Multiplicity:1.07
0.160	0.162	0.209	0.469
0.633	0.206	0.085	0.076
0.073	0.181	0.660	0.086
0.198	0.097	0.575	0.130
0.109	0.541	0.132	0.218
0.130	0.742	0.036	0.092
0.120	0.168	0.104	0.608
0.605	0.092	0.211	0.092
0.202	0.244	0.194	0.360
0.413	0.134	0.269	0.185
>GACCCYCYBH	15-GACCCYCYBH	6.094564	-24.544150	0	T:28.0(1.96%),B:287.1(0.40%),P:1e-10	Tpos:89.4,Tstd:54.4,Bpos:99.7,Bstd:58.3,StrandBias:0.5,Multiplicity:1.45
0.217	0.267	0.486	0.030
0.423	0.269	0.103	0.205
0.150	0.485	0.232	0.133
0.141	0.648	0.071	0.140
0.008	0.636	0.193	0.163
0.093	0.478	0.065	0.364
0.245	0.622	0.129	0.004
0.075	0.407	0.009	0.509
0.110	0.306	0.247	0.337
0.265	0.297	0.098	0.340
>AGATTTTGCC	16-AGATTTTGCC	8.488286	-22.952435	0	T:69.0(4.83%),B:1441.9(2.03%),P:1e-9	Tpos:99.2,Tstd:59.6,Bpos:100.7,Bstd:76.6,StrandBias:0.0,Multiplicity:1.15
0.728	0.070	0.085	0.117
0.300	0.070	0.625	0.005
0.562	0.171	0.266	0.001
0.001	0.049	0.061	0.889
0.002	0.082	0.136	0.780
0.129	0.001	0.001	0.869
0.001	0.043	0.035	0.921
0.043	0.024	0.906	0.027
0.001	0.997	0.001	0.001
0.215	0.783	0.001	0.001
>GTTAACTTTA	17-GTTAACTTTA	7.047435	-21.525671	0	T:131.0(9.17%),B:3686.8(5.18%),P:1e-9	Tpos:95.4,Tstd:56.7,Bpos:95.9,Bstd:106.9,StrandBias:-0.3,Multiplicity:1.19
0.057	0.083	0.803	0.057
0.076	0.119	0.069	0.736
0.088	0.080	0.035	0.797
0.800	0.040	0.087	0.073
0.825	0.031	0.087	0.057
0.052	0.821	0.087	0.040
0.066	0.033	0.096	0.805
0.052	0.131	0.029	0.788
0.053	0.098	0.060	0.789
0.843	0.046	0.055	0.056
>GATGWTGTTG	18-GATGWTGTTG	4.390746	-20.514635	0	T:811.0(56.75%),B:34730.8(48.84%),P:1e-8	Tpos:101.7,Tstd:56.8,Bpos:99.1,Bstd:99.6,StrandBias:0.1,Multiplicity:1.51
0.036	0.086	0.796	0.082
0.452	0.105	0.151	0.292
0.188	0.070	0.164	0.578
0.041	0.114	0.744	0.101
0.482	0.065	0.045	0.408
0.194	0.066	0.160	0.580
0.021	0.188	0.613	0.178
0.298	0.110	0.107	0.485
0.230	0.041	0.214	0.515
0.152	0.080	0.709	0.059
>AAATTTATGG	19-AAATTTATGG	9.981678	-17.427680	0	T:22.0(1.54%),B:256.5(0.36%),P:1e-7	Tpos:109.7,Tstd:53.9,Bpos:102.2,Bstd:95.8,StrandBias:1.0,Multiplicity:1.07
0.919	0.026	0.001	0.054
0.965	0.033	0.001	0.001
0.883	0.050	0.066	0.001
0.041	0.231	0.001	0.727
0.023	0.033	0.001	0.943
0.022	0.001	0.036	0.941
0.997	0.001	0.001	0.001
0.140	0.001	0.079	0.780
0.090	0.001	0.908	0.001
0.001	0.001	0.984	0.014
>ACTCCTTTAG	20-ACTCCTTTAG	10.296193	-16.070833	0	T:4.0(0.28%),B:2.3(0.00%),P:1e-6	Tpos:105.5,Tstd:42.9,Bpos:85.1,Bstd:45.9,StrandBias:-10.0,Multiplicity:1.00
0.700	0.100	0.100	0.100
0.100	0.700	0.100	0.100
0.100	0.100	0.100	0.700
0.100	0.700	0.100	0.100
0.100	0.700	0.100	0.100
0.100	0.100	0.100	0.700
0.100	0.100	0.100	0.700
0.100	0.100	0.100	0.700
0.700	0.100	0.100	0.100
0.100	0.100	0.700	0.100
>RCTGCCCGGC	21-RCTGCCCGGC	10.270342	-14.911655	0	T:9.0(0.63%),B:43.4(0.06%),P:1e-6	Tpos:100.0,Tstd:71.4,Bpos:91.5,Bstd:49.9,StrandBias:-3.5,Multiplicity:1.33
0.562	0.001	0.436	0.001
0.288	0.710	0.001	0.001
0.001	0.001	0.001	0.997
0.001	0.001	0.844	0.154
0.001	0.997	0.001	0.001
0.001	0.880	0.001	0.118
0.103	0.895	0.001	0.001
0.001	0.214	0.705	0.080
0.001	0.001	0.835	0.163
0.026	0.972	0.001	0.001
>GTTAGTTTAG	22-GTTAGTTTAG	10.391051	-13.655192	0	T:11.0(0.77%),B:81.3(0.11%),P:1e-5	Tpos:114.0,Tstd:55.5,Bpos:107.1,Bstd:60.8,StrandBias:-0.8,Multiplicity:1.00
0.001	0.001	0.997	0.001
0.203	0.001	0.001	0.795
0.001	0.001	0.001	0.997
0.654	0.344	0.001	0.001
0.001	0.001	0.997	0.001
0.001	0.001	0.001	0.997
0.001	0.001	0.093	0.905
0.344	0.001	0.001	0.654
0.997	0.001	0.001	0.001
0.001	0.001	0.997	0.001
>MTMTATMTMT	23-MTMTATMTMT	7.371742	-12.520108	0	T:100.0(7.00%),B:3094.9(4.35%),P:1e-5	Tpos:101.8,Tstd:56.2,Bpos:98.6,Bstd:110.8,StrandBias:-0.4,Multiplicity:1.06
0.349	0.419	0.066	0.166
0.001	0.194	0.182	0.623
0.475	0.450	0.046	0.030
0.007	0.284	0.057	0.652
0.462	0.284	0.044	0.210
0.026	0.016	0.124	0.834
0.474	0.407	0.046	0.073
0.159	0.006	0.015	0.820
0.450	0.450	0.006	0.094
0.034	0.043	0.029	0.894
>TGCGAATAAG	24-TGCGAATAAG	10.296193	-11.139698	0	T:4.0(0.28%),B:7.4(0.01%),P:1e-4	Tpos:116.4,Tstd:26.0,Bpos:116.1,Bstd:46.1,StrandBias:-0.6,Multiplicity:1.67
0.100	0.100	0.100	0.700
0.100	0.100	0.700	0.100
0.100	0.700	0.100	0.100
0.100	0.100	0.700	0.100
0.700	0.100	0.100	0.100
0.700	0.100	0.100	0.100
0.100	0.100	0.100	0.700
0.700	0.100	0.100	0.100
0.700	0.100	0.100	0.100
0.100	0.100	0.700	0.100
>GTRTGTRTGT	25-GTRTGTRTGT	9.198611	-4.751001	0	T:20.0(1.40%),B:545.6(0.77%),P:1e-2	Tpos:82.7,Tstd:48.8,Bpos:98.9,Bstd:86.5,StrandBias:-0.1,Multiplicity:1.28
0.001	0.077	0.871	0.051
0.002	0.223	0.099	0.676
0.335	0.039	0.393	0.233
0.123	0.272	0.075	0.530
0.140	0.143	0.665	0.052
0.166	0.091	0.129	0.614
0.471	0.098	0.412	0.019
0.104	0.218	0.035	0.643
0.038	0.003	0.930	0.029
0.061	0.004	0.151	0.784
