>WTHAAAATTT	1-WTHAAAATTT	5.375356	-74.412744	0	T:911.0(63.75%),B:34156.1(48.03%),P:1e-32	Tpos:99.6,Tstd:55.6,Bpos:100.5,Bstd:136.6,StrandBias:0.0,Multiplicity:1.50
0.312	0.097	0.131	0.461
0.180	0.235	0.184	0.401
0.367	0.219	0.095	0.318
0.737	0.139	0.092	0.032
0.921	0.016	0.033	0.030
0.887	0.019	0.073	0.021
0.552	0.028	0.055	0.365
0.225	0.104	0.035	0.636
0.046	0.088	0.052	0.814
0.015	0.126	0.052	0.807
>ANAAAAAWWW	2-ANAAAAAWWW	6.803172	-64.075108	0	T:510.0(35.69%),B:16189.7(22.77%),P:1e-27	Tpos:98.5,Tstd:56.0,Bpos:99.2,Bstd:151.6,StrandBias:0.0,Multiplicity:1.35
0.415	0.168	0.161	0.256
0.288	0.201	0.203	0.308
0.734	0.100	0.165	0.001
0.864	0.077	0.001	0.058
0.997	0.001	0.001	0.001
0.741	0.001	0.001	0.257
0.566	0.046	0.001	0.387
0.467	0.095	0.001	0.437
0.362	0.091	0.100	0.447
0.455	0.062	0.001	0.482
>GAGKAAAAAT	3-GAGKAAAAAT	6.496088	-58.973434	0	T:334.0(23.37%),B:9297.5(13.07%),P:1e-25	Tpos:105.8,Tstd:57.4,Bpos:98.7,Bstd:112.2,StrandBias:0.5,Multiplicity:1.07
0.052	0.287	0.486	0.175
0.634	0.034	0.124	0.208
0.208	0.127	0.418	0.247
0.183	0.154	0.399	0.264
0.578	0.146	0.044	0.232
0.795	0.026	0.073	0.106
0.875	0.006	0.046	0.073
0.664	0.034	0.114	0.188
0.586	0.175	0.044	0.195
0.133	0.023	0.019	0.825
>AATTTCTGGA	4-AATTTCTGGA	6.817104	-48.438084	0	T:254.0(17.77%),B:6805.9(9.57%),P:1e-21	Tpos:91.2,Tstd:55.4,Bpos:100.0,Bstd:120.4,StrandBias:0.1,Multiplicity:1.10
0.727	0.112	0.062	0.099
0.812	0.049	0.061	0.078
0.090	0.056	0.051	0.803
0.054	0.047	0.039	0.860
0.044	0.050	0.076	0.830
0.059	0.863	0.053	0.025
0.073	0.039	0.076	0.812
0.105	0.047	0.722	0.126
0.070	0.080	0.763	0.087
0.814	0.049	0.066	0.071
>ATATATATAT	5-ATATATATAT	10.296193	-45.308235	0	T:22.0(1.54%),B:61.0(0.09%),P:1e-19	Tpos:98.3,Tstd:62.2,Bpos:95.8,Bstd:107.6,StrandBias:0.0,Multiplicity:1.05
0.700	0.100	0.100	0.100
0.100	0.100	0.100	0.700
0.700	0.100	0.100	0.100
0.100	0.100	0.100	0.700
0.700	0.100	0.100	0.100
0.100	0.100	0.100	0.700
0.700	0.100	0.100	0.100
0.100	0.100	0.100	0.700
0.700	0.100	0.100	0.100
0.100	0.100	0.100	0.700
>TGAATTTGGG	6-TGAATTTGGG	6.864132	-43.841021	0	T:150.0(10.50%),B:3314.6(4.66%),P:1e-19	Tpos:103.0,Tstd:55.6,Bpos:100.1,Bstd:97.7,StrandBias:-0.1,Multiplicity:1.10
0.001	0.185	0.012	0.802
0.001	0.309	0.689	0.001
0.468	0.230	0.263	0.039
0.643	0.001	0.001	0.355
0.201	0.228	0.155	0.416
0.132	0.212	0.015	0.641
0.001	0.001	0.001	0.997
0.168	0.179	0.463	0.190
0.146	0.001	0.555	0.298
0.003	0.243	0.520	0.234
>AAAATGANCR	7-AAAATGANCR	5.738512	-41.063054	0	T:314.0(21.97%),B:9588.3(13.48%),P:1e-17	Tpos:93.5,Tstd:55.6,Bpos:101.5,Bstd:112.7,StrandBias:0.1,Multiplicity:1.13
0.781	0.073	0.095	0.051
0.804	0.026	0.117	0.053
0.578	0.022	0.005	0.395
0.543	0.246	0.076	0.135
0.129	0.059	0.065	0.747
0.174	0.214	0.427	0.185
0.435	0.163	0.190	0.212
0.276	0.317	0.238	0.169
0.171	0.445	0.199	0.186
0.251	0.168	0.378	0.203
>CTACTGGAGA	8-CTACTGGAGA	10.752710	-39.544964	0	T:18.0(1.26%),B:44.7(0.06%),P:1e-17	Tpos:98.2,Tstd:53.4,Bpos:96.4,Bstd:54.3,StrandBias:0.6,Multiplicity:1.11
0.001	0.883	0.046	0.070
0.001	0.001	0.030	0.968
0.845	0.123	0.031	0.001
0.001	0.968	0.001	0.030
0.046	0.001	0.090	0.863
0.001	0.001	0.997	0.001
0.272	0.121	0.455	0.152
0.612	0.001	0.083	0.304
0.001	0.001	0.997	0.001
0.616	0.086	0.031	0.267
>CCCAAACTAC	9-CCCAAACTAC	4.844512	-37.834306	0	T:381.0(26.66%),B:12609.2(17.73%),P:1e-16	Tpos:101.9,Tstd:53.5,Bpos:100.5,Bstd:102.2,StrandBias:0.1,Multiplicity:1.18
0.129	0.668	0.113	0.090
0.103	0.697	0.094	0.106
0.118	0.676	0.107	0.099
0.736	0.101	0.083	0.080
0.722	0.082	0.090	0.106
0.725	0.100	0.100	0.075
0.111	0.685	0.089	0.115
0.099	0.090	0.108	0.703
0.686	0.092	0.108	0.114
0.108	0.703	0.095	0.094
>CCAAAAACRY	10-CCAAAAACRY	7.260060	-37.716811	0	T:175.0(12.25%),B:4440.1(6.24%),P:1e-16	Tpos:98.5,Tstd:51.9,Bpos:101.3,Bstd:108.1,StrandBias:0.0,Multiplicity:1.06
0.001	0.704	0.200	0.095
0.053	0.660	0.043	0.244
0.767	0.231	0.001	0.001
0.921	0.001	0.077	0.001
0.802	0.001	0.127	0.070
0.880	0.001	0.118	0.001
0.834	0.072	0.050	0.044
0.001	0.818	0.029	0.152
0.430	0.001	0.447	0.122
0.001	0.328	0.242	0.428
>TGCWSCAACT	11-TGCWSCAACT	7.522943	-29.502532	0	T:113.0(7.91%),B:2639.8(3.71%),P:1e-12	Tpos:107.7,Tstd:57.0,Bpos:99.4,Bstd:88.3,StrandBias:-0.0,Multiplicity:1.12
0.001	0.001	0.001	0.997
0.202	0.273	0.512	0.013
0.154	0.749	0.009	0.088
0.518	0.001	0.001	0.480
0.053	0.461	0.393	0.092
0.052	0.701	0.001	0.246
0.585	0.001	0.001	0.413
0.775	0.001	0.223	0.001
0.001	0.769	0.229	0.001
0.145	0.008	0.001	0.846
>GGSCCGMGGG	12-GGSCCGMGGG	8.220456	-27.117677	0	T:26.0(1.82%),B:219.9(0.31%),P:1e-11	Tpos:82.4,Tstd:55.6,Bpos:101.7,Bstd:50.5,StrandBias:0.2,Multiplicity:1.15
0.087	0.001	0.911	0.001
0.001	0.001	0.997	0.001
0.001	0.513	0.413	0.073
0.001	0.763	0.094	0.142
0.001	0.997	0.001	0.001
0.048	0.226	0.661	0.065
0.388	0.423	0.001	0.188
0.001	0.183	0.815	0.001
0.001	0.001	0.910	0.088
0.001	0.001	0.664	0.334
>GGGGGGGGGG	13-GGGGGGGGGG	7.352626	-25.382569	0	T:61.0(4.27%),B:1120.9(1.58%),P:1e-11	Tpos:107.0,Tstd:52.9,Bpos:101.2,Bstd:72.1,StrandBias:-1.2,Multiplicity:1.26
0.130	0.058	0.710	0.102
0.081	0.041	0.767	0.111
0.091	0.084	0.789	0.036
0.098	0.048	0.785	0.069
0.050	0.013	0.921	0.016
0.030	0.037	0.932	0.001
0.065	0.073	0.836	0.026
0.085	0.021	0.845	0.049
0.089	0.029	0.726	0.156
0.058	0.132	0.696	0.114
>TAGGCCTAYR	14-TAGGCCTAYR	6.061243	-24.886070	0	T:47.0(3.29%),B:738.8(1.04%),P:1e-10	Tpos:104.2,Tstd:52.0,Bpos:96.9,Bstd:70.9,StrandBias:-0.2,Multiplicity:1.07
0.160	0.162	0.209	0.469
0.633	0.206	0.085	0.076
0.073	0.181	0.660	0.086
0.198	0.097	0.575	0.130
0.109	0.541	0.132	0.218
0.130	0.742	0.036	0.092
0.120	0.168	0.104	0.608
0.605	0.092	0.211	0.092
0.202	0.244	0.194	0.360
0.413	0.134	0.269	0.185
>GACCCYCYBH	15-GACCCYCYBH	6.094564	-24.544150	0	T:28.0(1.96%),B:287.1(0.40%),P:1e-10	Tpos:89.4,Tstd:54.4,Bpos:99.7,Bstd:58.3,StrandBias:0.5,Multiplicity:1.45
0.217	0.267	0.486	0.030
0.423	0.269	0.103	0.205
0.150	0.485	0.232	0.133
0.141	0.648	0.071	0.140
0.008	0.636	0.193	0.163
0.093	0.478	0.065	0.364
0.245	0.622	0.129	0.004
0.075	0.407	0.009	0.509
0.110	0.306	0.247	0.337
0.265	0.297	0.098	0.340
>AGATTTTGCC	16-AGATTTTGCC	8.488286	-22.952435	0	T:69.0(4.83%),B:1441.9(2.03%),P:1e-9	Tpos:99.2,Tstd:59.6,Bpos:100.7,Bstd:76.6,StrandBias:0.0,Multiplicity:1.15
0.728	0.070	0.085	0.117
0.300	0.070	0.625	0.005
0.562	0.171	0.266	0.001
0.001	0.049	0.061	0.889
0.002	0.082	0.136	0.780
0.129	0.001	0.001	0.869
0.001	0.043	0.035	0.921
0.043	0.024	0.906	0.027
0.001	0.997	0.001	0.001
0.215	0.783	0.001	0.001
>GTTAACTTTA	17-GTTAACTTTA	7.047435	-21.525671	0	T:131.0(9.17%),B:3686.8(5.18%),P:1e-9	Tpos:95.4,Tstd:56.7,Bpos:95.9,Bstd:106.9,StrandBias:-0.3,Multiplicity:1.19
0.057	0.083	0.803	0.057
0.076	0.119	0.069	0.736
0.088	0.080	0.035	0.797
0.800	0.040	0.087	0.073
0.825	0.031	0.087	0.057
0.052	0.821	0.087	0.040
0.066	0.033	0.096	0.805
0.052	0.131	0.029	0.788
0.053	0.098	0.060	0.789
0.843	0.046	0.055	0.056
>GATGWTGTTG	18-GATGWTGTTG	4.390746	-20.514635	0	T:811.0(56.75%),B:34730.8(48.84%),P:1e-8	Tpos:101.7,Tstd:56.8,Bpos:99.1,Bstd:99.6,StrandBias:0.1,Multiplicity:1.51
0.036	0.086	0.796	0.082
0.452	0.105	0.151	0.292
0.188	0.070	0.164	0.578
0.041	0.114	0.744	0.101
0.482	0.065	0.045	0.408
0.194	0.066	0.160	0.580
0.021	0.188	0.613	0.178
0.298	0.110	0.107	0.485
0.230	0.041	0.214	0.515
0.152	0.080	0.709	0.059
>AAATTTATGG	19-AAATTTATGG	9.981678	-17.427680	0	T:22.0(1.54%),B:256.5(0.36%),P:1e-7	Tpos:109.7,Tstd:53.9,Bpos:102.2,Bstd:95.8,StrandBias:1.0,Multiplicity:1.07
0.919	0.026	0.001	0.054
0.965	0.033	0.001	0.001
0.883	0.050	0.066	0.001
0.041	0.231	0.001	0.727
0.023	0.033	0.001	0.943
0.022	0.001	0.036	0.941
0.997	0.001	0.001	0.001
0.140	0.001	0.079	0.780
0.090	0.001	0.908	0.001
0.001	0.001	0.984	0.014
>ACTCCTTTAG	20-ACTCCTTTAG	10.296193	-16.070833	0	T:4.0(0.28%),B:2.3(0.00%),P:1e-6	Tpos:105.5,Tstd:42.9,Bpos:85.1,Bstd:45.9,StrandBias:-10.0,Multiplicity:1.00
0.700	0.100	0.100	0.100
0.100	0.700	0.100	0.100
0.100	0.100	0.100	0.700
0.100	0.700	0.100	0.100
0.100	0.700	0.100	0.100
0.100	0.100	0.100	0.700
0.100	0.100	0.100	0.700
0.100	0.100	0.100	0.700
0.700	0.100	0.100	0.100
0.100	0.100	0.700	0.100
>RCTGCCCGGC	21-RCTGCCCGGC	10.270342	-14.911655	0	T:9.0(0.63%),B:43.4(0.06%),P:1e-6	Tpos:100.0,Tstd:71.4,Bpos:91.5,Bstd:49.9,StrandBias:-3.5,Multiplicity:1.33
0.562	0.001	0.436	0.001
0.288	0.710	0.001	0.001
0.001	0.001	0.001	0.997
0.001	0.001	0.844	0.154
0.001	0.997	0.001	0.001
0.001	0.880	0.001	0.118
0.103	0.895	0.001	0.001
0.001	0.214	0.705	0.080
0.001	0.001	0.835	0.163
0.026	0.972	0.001	0.001
>GTTAGTTTAG	22-GTTAGTTTAG	10.391051	-13.655192	0	T:11.0(0.77%),B:81.3(0.11%),P:1e-5	Tpos:114.0,Tstd:55.5,Bpos:107.1,Bstd:60.8,StrandBias:-0.8,Multiplicity:1.00
0.001	0.001	0.997	0.001
0.203	0.001	0.001	0.795
0.001	0.001	0.001	0.997
0.654	0.344	0.001	0.001
0.001	0.001	0.997	0.001
0.001	0.001	0.001	0.997
0.001	0.001	0.093	0.905
0.344	0.001	0.001	0.654
0.997	0.001	0.001	0.001
0.001	0.001	0.997	0.001
>MTMTATMTMT	23-MTMTATMTMT	7.371742	-12.520108	0	T:100.0(7.00%),B:3094.9(4.35%),P:1e-5	Tpos:101.8,Tstd:56.2,Bpos:98.6,Bstd:110.8,StrandBias:-0.4,Multiplicity:1.06
0.349	0.419	0.066	0.166
0.001	0.194	0.182	0.623
0.475	0.450	0.046	0.030
0.007	0.284	0.057	0.652
0.462	0.284	0.044	0.210
0.026	0.016	0.124	0.834
0.474	0.407	0.046	0.073
0.159	0.006	0.015	0.820
0.450	0.450	0.006	0.094
0.034	0.043	0.029	0.894
>TGCGAATAAG	24-TGCGAATAAG	10.296193	-11.139698	0	T:4.0(0.28%),B:7.4(0.01%),P:1e-4	Tpos:116.4,Tstd:26.0,Bpos:116.1,Bstd:46.1,StrandBias:-0.6,Multiplicity:1.67
0.100	0.100	0.100	0.700
0.100	0.100	0.700	0.100
0.100	0.700	0.100	0.100
0.100	0.100	0.700	0.100
0.700	0.100	0.100	0.100
0.700	0.100	0.100	0.100
0.100	0.100	0.100	0.700
0.700	0.100	0.100	0.100
0.700	0.100	0.100	0.100
0.100	0.100	0.700	0.100
>GTRTGTRTGT	25-GTRTGTRTGT	9.198611	-4.751001	0	T:20.0(1.40%),B:545.6(0.77%),P:1e-2	Tpos:82.7,Tstd:48.8,Bpos:98.9,Bstd:86.5,StrandBias:-0.1,Multiplicity:1.28
0.001	0.077	0.871	0.051
0.002	0.223	0.099	0.676
0.335	0.039	0.393	0.233
0.123	0.272	0.075	0.530
0.140	0.143	0.665	0.052
0.166	0.091	0.129	0.614
0.471	0.098	0.412	0.019
0.104	0.218	0.035	0.643
0.038	0.003	0.930	0.029
0.061	0.004	0.151	0.784
>TTTTNAAAAATT	1-TTTTNAAAAATT	6.449411	-83.468262	0	T:660.0(46.19%),B:21480.6(30.21%),P:1e-36	Tpos:98.9,Tstd:55.5,Bpos:99.4,Bstd:139.2,StrandBias:0.0,Multiplicity:1.39
0.166	0.001	0.005	0.828
0.001	0.012	0.060	0.927
0.104	0.086	0.120	0.690
0.098	0.203	0.166	0.533
0.329	0.273	0.182	0.216
0.486	0.229	0.124	0.160
0.725	0.058	0.190	0.027
0.906	0.046	0.032	0.016
0.832	0.006	0.024	0.138
0.624	0.060	0.017	0.299
0.238	0.042	0.073	0.647
0.153	0.024	0.117	0.706
>AAAAAAAAAAAA	2-AAAAAAAAAAAA	7.692411	-62.325920	0	T:379.0(26.52%),B:10879.7(15.30%),P:1e-27	Tpos:99.5,Tstd:54.4,Bpos:99.6,Bstd:169.3,StrandBias:0.1,Multiplicity:1.31
0.621	0.029	0.116	0.234
0.768	0.001	0.026	0.205
0.795	0.001	0.001	0.203
0.793	0.001	0.001	0.205
0.631	0.001	0.034	0.334
0.494	0.076	0.109	0.321
0.607	0.029	0.042	0.322
0.731	0.040	0.037	0.192
0.643	0.048	0.001	0.308
0.670	0.002	0.001	0.327
0.639	0.002	0.001	0.358
0.562	0.023	0.051	0.364
>ATATATATATAT	3-ATATATATATAT	11.194823	-58.453144	0	T:28.0(1.96%),B:74.3(0.10%),P:1e-25	Tpos:97.1,Tstd:61.3,Bpos:93.6,Bstd:110.2,StrandBias:0.0,Multiplicity:1.18
0.975	0.002	0.022	0.001
0.001	0.001	0.019	0.979
0.990	0.005	0.004	0.001
0.001	0.001	0.001	0.997
0.981	0.009	0.001	0.009
0.004	0.001	0.001	0.994
0.991	0.007	0.001	0.001
0.001	0.001	0.001	0.997
0.995	0.003	0.001	0.001
0.001	0.001	0.001	0.997
0.981	0.001	0.012	0.006
0.026	0.001	0.001	0.972
>AAACTTTATTTT	4-AAACTTTATTTT	9.325595	-56.471973	0	T:107.0(7.49%),B:1648.9(2.32%),P:1e-24	Tpos:104.1,Tstd:54.8,Bpos:96.3,Bstd:131.1,StrandBias:0.3,Multiplicity:1.05
0.854	0.026	0.045	0.075
0.828	0.043	0.037	0.092
0.896	0.054	0.027	0.023
0.046	0.840	0.063	0.051
0.062	0.001	0.090	0.847
0.047	0.046	0.078	0.829
0.081	0.042	0.082	0.795
0.808	0.040	0.063	0.089
0.078	0.038	0.007	0.877
0.100	0.012	0.067	0.821
0.075	0.066	0.040	0.819
0.027	0.124	0.058	0.791
>GCTGACCCCCCY	5-GCTGACCCCCCY	13.373047	-41.900241	0	T:8.0(0.56%),B:1.8(0.00%),P:1e-18	Tpos:60.1,Tstd:29.5,Bpos:140.4,Bstd:34.4,StrandBias:0.3,Multiplicity:1.50
0.123	0.119	0.754	0.004
0.262	0.500	0.237	0.001
0.001	0.001	0.001	0.997
0.001	0.118	0.880	0.001
0.997	0.001	0.001	0.001
0.001	0.997	0.001	0.001
0.001	0.880	0.001	0.118
0.001	0.995	0.001	0.003
0.001	0.877	0.118	0.004
0.001	0.997	0.001	0.001
0.001	0.762	0.001	0.236
0.001	0.381	0.118	0.499
>ACAACACTAACC	6-ACAACACTAACC	9.427234	-37.793289	0	T:11.0(0.77%),B:8.1(0.01%),P:1e-16	Tpos:103.7,Tstd:52.5,Bpos:112.6,Bstd:42.5,StrandBias:0.3,Multiplicity:1.00
0.997	0.001	0.001	0.001
0.001	0.997	0.001	0.001
0.763	0.001	0.001	0.235
0.997	0.001	0.001	0.001
0.001	0.997	0.001	0.001
0.968	0.030	0.001	0.001
0.001	0.997	0.001	0.001
0.001	0.001	0.001	0.997
0.997	0.001	0.001	0.001
0.997	0.001	0.001	0.001
0.001	0.997	0.001	0.001
0.001	0.997	0.001	0.001
>ACTACCAAATGC	7-ACTACCAAATGC	12.400700	-36.380471	0	T:12.0(0.84%),B:13.3(0.02%),P:1e-15	Tpos:89.3,Tstd:49.4,Bpos:97.4,Bstd:62.4,StrandBias:-0.5,Multiplicity:1.00
0.997	0.001	0.001	0.001
0.001	0.832	0.001	0.166
0.001	0.001	0.042	0.956
0.878	0.120	0.001	0.001
0.001	0.997	0.001	0.001
0.001	0.832	0.001	0.166
0.832	0.166	0.001	0.001
0.997	0.001	0.001	0.001
0.997	0.001	0.001	0.001
0.001	0.001	0.166	0.832
0.166	0.001	0.832	0.001
0.001	0.997	0.001	0.001
>CACTACTGAAGA	8-CACTACTGAAGA	14.212889	-35.587814	0	T:9.0(0.63%),B:4.6(0.01%),P:1e-15	Tpos:115.2,Tstd:33.7,Bpos:75.0,Bstd:37.9,StrandBias:0.3,Multiplicity:1.00
0.001	0.997	0.001	0.001
0.896	0.001	0.102	0.001
0.001	0.997	0.001	0.001
0.001	0.001	0.001	0.997
0.997	0.001	0.001	0.001
0.001	0.997	0.001	0.001
0.001	0.001	0.001	0.997
0.001	0.001	0.997	0.001
0.997	0.001	0.001	0.001
0.997	0.001	0.001	0.001
0.001	0.102	0.896	0.001
0.997	0.001	0.001	0.001
>ACATAGGCCTAT	9-ACATAGGCCTAT	13.240119	-32.399700	0	T:10.0(0.70%),B:9.9(0.01%),P:1e-14	Tpos:133.4,Tstd:34.8,Bpos:92.1,Bstd:31.6,StrandBias:0.2,Multiplicity:1.00
0.823	0.001	0.088	0.088
0.001	0.997	0.001	0.001
0.997	0.001	0.001	0.001
0.001	0.001	0.087	0.911
0.997	0.001	0.001	0.001
0.001	0.001	0.997	0.001
0.191	0.001	0.807	0.001
0.001	0.720	0.088	0.191
0.001	0.997	0.001	0.001
0.001	0.001	0.001	0.997
0.997	0.001	0.001	0.001
0.001	0.088	0.088	0.823
>CCCAWAAACGAC	10-CCCAWAAACGAC	11.425894	-32.017944	0	T:13.0(0.91%),B:25.7(0.04%),P:1e-13	Tpos:114.3,Tstd:49.8,Bpos:118.3,Bstd:84.4,StrandBias:0.0,Multiplicity:1.08
0.168	0.691	0.140	0.001
0.008	0.544	0.153	0.295
0.225	0.765	0.001	0.009
0.997	0.001	0.001	0.001
0.378	0.001	0.152	0.469
0.839	0.008	0.001	0.152
0.690	0.308	0.001	0.001
0.997	0.001	0.001	0.001
0.152	0.846	0.001	0.001
0.163	0.152	0.684	0.001
0.841	0.001	0.152	0.006
0.001	0.714	0.126	0.159
>YTGTAGCGCTAC	11-YTGTAGCGCTAC	13.018712	-31.364212	0	T:10.0(0.70%),B:10.9(0.02%),P:1e-13	Tpos:117.1,Tstd:61.4,Bpos:103.2,Bstd:31.4,StrandBias:0.5,Multiplicity:1.20
0.001	0.490	0.001	0.508
0.203	0.121	0.001	0.675
0.001	0.001	0.997	0.001
0.001	0.001	0.166	0.832
0.997	0.001	0.001	0.001
0.001	0.001	0.997	0.001
0.171	0.827	0.001	0.001
0.167	0.001	0.664	0.168
0.001	0.997	0.001	0.001
0.001	0.001	0.001	0.997
0.832	0.166	0.001	0.001
0.166	0.832	0.001	0.001
>GGGGGGGGGGGG	12-GGGGGGGGGGGG	6.729462	-31.119371	0	T:83.0(5.81%),B:1610.5(2.26%),P:1e-13	Tpos:109.0,Tstd:53.8,Bpos:100.1,Bstd:68.4,StrandBias:-1.3,Multiplicity:1.24
0.006	0.141	0.709	0.144
0.134	0.125	0.587	0.154
0.182	0.055	0.671	0.092
0.104	0.030	0.786	0.080
0.142	0.007	0.801	0.050
0.072	0.052	0.822	0.054
0.062	0.007	0.881	0.050
0.104	0.007	0.821	0.068
0.046	0.030	0.845	0.079
0.074	0.036	0.752	0.138
0.165	0.067	0.677	0.091
0.135	0.116	0.649	0.100
>AGATTTAATTGG	13-AGATTTAATTGG	14.521169	-31.073802	0	T:7.0(0.49%),B:2.2(0.00%),P:1e-13	Tpos:105.3,Tstd:55.4,Bpos:103.7,Bstd:27.6,StrandBias:0.4,Multiplicity:1.00
0.997	0.001	0.001	0.001
0.001	0.001	0.997	0.001
0.997	0.001	0.001	0.001
0.001	0.001	0.001	0.997
0.001	0.001	0.001	0.997
0.001	0.001	0.001	0.997
0.997	0.001	0.001	0.001
0.852	0.001	0.146	0.001
0.001	0.001	0.001	0.997
0.001	0.001	0.001	0.997
0.001	0.001	0.997	0.001
0.001	0.001	0.852	0.146
>GCCATTTTATTA	14-GCCATTTTATTA	12.355432	-24.347586	0	T:5.0(0.35%),B:0.0(0.00%),P:1e-10	Tpos:96.2,Tstd:42.5,Bpos:0.0,Bstd:0.0,StrandBias:2.0,Multiplicity:1.00
0.100	0.100	0.700	0.100
0.100	0.700	0.100	0.100
0.100	0.700	0.100	0.100
0.700	0.100	0.100	0.100
0.100	0.100	0.100	0.700
0.100	0.100	0.100	0.700
0.100	0.100	0.100	0.700
0.100	0.100	0.100	0.700
0.700	0.100	0.100	0.100
0.100	0.100	0.100	0.700
0.100	0.100	0.100	0.700
0.700	0.100	0.100	0.100
>CTCTATGGCTCC	15-CTCTATGGCTCC	12.355432	-24.347586	0	T:5.0(0.35%),B:0.3(0.00%),P:1e-10	Tpos:131.4,Tstd:44.5,Bpos:43.0,Bstd:0.0,StrandBias:-0.6,Multiplicity:1.00
0.100	0.700	0.100	0.100
0.100	0.100	0.100	0.700
0.100	0.700	0.100	0.100
0.100	0.100	0.100	0.700
0.700	0.100	0.100	0.100
0.100	0.100	0.100	0.700
0.100	0.100	0.700	0.100
0.100	0.100	0.700	0.100
0.100	0.700	0.100	0.100
0.100	0.100	0.100	0.700
0.100	0.700	0.100	0.100
0.100	0.700	0.100	0.100
>CCACTTCGCTCC	16-CCACTTCGCTCC	4.731273	-22.019666	0	T:21.0(1.47%),B:180.0(0.25%),P:1e-9	Tpos:101.7,Tstd:57.2,Bpos:106.6,Bstd:50.8,StrandBias:-1.4,Multiplicity:2.24
0.001	0.997	0.001	0.001
0.001	0.997	0.001	0.001
0.997	0.001	0.001	0.001
0.001	0.997	0.001	0.001
0.001	0.001	0.001	0.997
0.001	0.001	0.001	0.997
0.001	0.997	0.001	0.001
0.001	0.001	0.997	0.001
0.001	0.954	0.001	0.044
0.037	0.165	0.001	0.797
0.001	0.997	0.001	0.001
0.044	0.954	0.001	0.001
>GTWAAGAGGGTC	17-GTWAAGAGGGTC	13.578389	-21.018325	0	T:8.0(0.56%),B:14.2(0.02%),P:1e-9	Tpos:87.9,Tstd:56.6,Bpos:100.0,Bstd:27.4,StrandBias:-0.6,Multiplicity:1.88
0.093	0.001	0.905	0.001
0.001	0.093	0.001	0.905
0.424	0.001	0.001	0.574
0.997	0.001	0.001	0.001
0.997	0.001	0.001	0.001
0.001	0.001	0.997	0.001
0.997	0.001	0.001	0.001
0.001	0.001	0.997	0.001
0.001	0.001	0.997	0.001
0.001	0.001	0.997	0.001
0.001	0.001	0.001	0.997
0.001	0.997	0.001	0.001
>AAKTKMASTTTA	18-AAKTKMASTTTA	10.431011	-21.018325	0	T:8.0(0.56%),B:14.2(0.02%),P:1e-9	Tpos:98.3,Tstd:61.7,Bpos:92.3,Bstd:53.8,StrandBias:-0.4,Multiplicity:1.00
0.526	0.023	0.185	0.266
0.466	0.094	0.169	0.271
0.199	0.117	0.399	0.285
0.001	0.046	0.001	0.952
0.148	0.136	0.321	0.395
0.397	0.255	0.103	0.245
0.952	0.001	0.046	0.001
0.001	0.435	0.286	0.278
0.001	0.001	0.001	0.997
0.001	0.001	0.127	0.871
0.001	0.226	0.163	0.610
0.987	0.001	0.001	0.011
>GTGAATCAAAAA	19-GTGAATCAAAAA	12.355432	-20.898526	0	T:5.0(0.35%),B:2.5(0.00%),P:1e-9	Tpos:142.6,Tstd:35.5,Bpos:49.3,Bstd:43.5,StrandBias:2.0,Multiplicity:1.00
0.100	0.100	0.700	0.100
0.100	0.100	0.100	0.700
0.100	0.100	0.700	0.100
0.700	0.100	0.100	0.100
0.700	0.100	0.100	0.100
0.100	0.100	0.100	0.700
0.100	0.700	0.100	0.100
0.700	0.100	0.100	0.100
0.700	0.100	0.100	0.100
0.700	0.100	0.100	0.100
0.700	0.100	0.100	0.100
0.700	0.100	0.100	0.100
>TTGTTGTTGTTG	20-TTGTTGTTGTTG	16.410811	-19.697044	0	T:11.0(0.77%),B:44.4(0.06%),P:1e-8	Tpos:136.3,Tstd:45.1,Bpos:101.2,Bstd:46.2,StrandBias:0.3,Multiplicity:1.45
0.001	0.001	0.015	0.983
0.001	0.001	0.001	0.997
0.053	0.001	0.945	0.001
0.001	0.001	0.001	0.997
0.001	0.001	0.001	0.997
0.001	0.001	0.997	0.001
0.001	0.001	0.001	0.997
0.001	0.001	0.001	0.997
0.055	0.001	0.943	0.001
0.045	0.001	0.020	0.934
0.001	0.001	0.001	0.997
0.001	0.001	0.997	0.001
>CATCATCATCAT	21-CATCATCATCAT	16.400195	-18.504744	0	T:9.0(0.63%),B:29.0(0.04%),P:1e-8	Tpos:70.0,Tstd:46.6,Bpos:115.3,Bstd:90.2,StrandBias:-1.6,Multiplicity:1.22
0.001	0.997	0.001	0.001
0.997	0.001	0.001	0.001
0.001	0.014	0.001	0.984
0.001	0.940	0.001	0.058
0.997	0.001	0.001	0.001
0.001	0.019	0.001	0.979
0.001	0.957	0.001	0.041
0.997	0.001	0.001	0.001
0.001	0.014	0.001	0.984
0.001	0.997	0.001	0.001
0.979	0.019	0.001	0.001
0.001	0.037	0.001	0.961
>TACTACTACTAC	22-TACTACTACTAC	7.243009	-17.275245	0	T:105.0(7.35%),B:2965.1(4.17%),P:1e-7	Tpos:104.5,Tstd:58.7,Bpos:97.6,Bstd:109.4,StrandBias:-0.1,Multiplicity:1.14
0.168	0.192	0.011	0.629
0.767	0.022	0.056	0.155
0.069	0.666	0.065	0.200
0.047	0.022	0.001	0.930
0.558	0.022	0.207	0.213
0.034	0.833	0.043	0.090
0.285	0.022	0.001	0.692
0.627	0.034	0.139	0.200
0.011	0.724	0.209	0.056
0.056	0.011	0.022	0.911
0.585	0.011	0.170	0.234
0.112	0.788	0.099	0.001
>GCCGAAACGACT	23-GCCGAAACGACT	13.784611	-13.330243	0	T:4.0(0.28%),B:4.3(0.01%),P:1e-5	Tpos:107.8,Tstd:36.1,Bpos:116.8,Bstd:26.3,StrandBias:10.0,Multiplicity:2.75
0.001	0.001	0.997	0.001
0.001	0.997	0.001	0.001
0.001	0.997	0.001	0.001
0.100	0.001	0.898	0.001
0.997	0.001	0.001	0.001
0.898	0.100	0.001	0.001
0.997	0.001	0.001	0.001
0.001	0.997	0.001	0.001
0.100	0.001	0.898	0.001
0.916	0.001	0.001	0.082
0.001	0.997	0.001	0.001
0.100	0.100	0.001	0.799
>ATAGAGATAGAG	24-ATAGAGATAGAG	7.609968	-13.025769	0	T:19.0(1.33%),B:258.2(0.36%),P:1e-5	Tpos:88.1,Tstd:54.2,Bpos:90.5,Bstd:77.5,StrandBias:1.1,Multiplicity:1.00
0.692	0.001	0.001	0.306
0.002	0.001	0.311	0.686
0.997	0.001	0.001	0.001
0.001	0.001	0.997	0.001
0.997	0.001	0.001	0.001
0.001	0.001	0.614	0.384
0.997	0.001	0.001	0.001
0.001	0.001	0.384	0.614
0.997	0.001	0.001	0.001
0.001	0.001	0.620	0.378
0.997	0.001	0.001	0.001
0.005	0.001	0.993	0.001
>TRTGTGTGTGTG	25-TRTGTGTGTGTG	10.980992	-11.354751	0	T:27.0(1.89%),B:518.4(0.73%),P:1e-4	Tpos:82.8,Tstd:47.2,Bpos:100.4,Bstd:67.3,StrandBias:-0.4,Multiplicity:1.23
0.053	0.001	0.001	0.945
0.387	0.153	0.459	0.001
0.039	0.001	0.001	0.959
0.051	0.038	0.880	0.031
0.053	0.001	0.001	0.945
0.174	0.001	0.777	0.048
0.056	0.001	0.001	0.942
0.054	0.001	0.904	0.041
0.234	0.172	0.072	0.522
0.301	0.001	0.697	0.001
0.035	0.001	0.125	0.839
0.108	0.001	0.890	0.001
>AAAAATTT	1-AAAAATTT	6.993904	-99.110661	0	T:503.0(35.20%),B:13882.2(19.52%),P:1e-43	Tpos:94.2,Tstd:56.6,Bpos:99.2,Bstd:140.5,StrandBias:0.2,Multiplicity:1.34
0.838	0.066	0.033	0.063
0.972	0.001	0.026	0.001
0.997	0.001	0.001	0.001
0.997	0.001	0.001	0.001
0.810	0.087	0.001	0.102
0.130	0.075	0.036	0.759
0.080	0.045	0.001	0.874
0.104	0.026	0.064	0.806
>AATTTTGG	2-AATTTTGG	4.510242	-68.672313	0	T:1020.0(71.38%),B:40308.4(56.68%),P:1e-29	Tpos:100.5,Tstd:54.1,Bpos:100.7,Bstd:118.0,StrandBias:0.1,Multiplicity:1.72
0.721	0.061	0.162	0.056
0.715	0.051	0.122	0.112
0.159	0.043	0.109	0.689
0.072	0.065	0.040	0.823
0.045	0.065	0.029	0.861
0.049	0.100	0.107	0.744
0.074	0.095	0.724	0.107
0.117	0.117	0.724	0.042
>RAAAYATR	3-RAAAYATR	5.298076	-67.315860	0	T:638.0(44.65%),B:21604.2(30.38%),P:1e-29	Tpos:104.6,Tstd:55.8,Bpos:99.3,Bstd:125.5,StrandBias:-0.1,Multiplicity:1.21
0.476	0.100	0.332	0.092
0.627	0.046	0.258	0.069
0.774	0.026	0.162	0.038
0.603	0.244	0.011	0.142
0.229	0.431	0.036	0.304
0.603	0.126	0.185	0.086
0.099	0.061	0.072	0.768
0.466	0.179	0.324	0.031
>GAAATTTT	4-GAAATTTT	5.181303	-63.000208	0	T:704.0(49.27%),B:24976.2(35.12%),P:1e-27	Tpos:103.2,Tstd:58.5,Bpos:99.7,Bstd:115.2,StrandBias:-0.2,Multiplicity:1.14
0.101	0.286	0.549	0.064
0.641	0.047	0.186	0.126
0.499	0.123	0.217	0.161
0.499	0.155	0.228	0.118
0.082	0.050	0.089	0.779
0.078	0.100	0.076	0.746
0.040	0.140	0.161	0.659
0.196	0.005	0.169	0.630
>TTATTTTT	5-TTATTTTT	7.093976	-55.583898	0	T:500.0(34.99%),B:16353.2(23.00%),P:1e-24	Tpos:103.2,Tstd:57.4,Bpos:99.0,Bstd:141.8,StrandBias:-0.1,Multiplicity:1.27
0.001	0.032	0.051	0.916
0.001	0.066	0.025	0.908
0.839	0.001	0.001	0.159
0.047	0.039	0.017	0.897
0.046	0.001	0.044	0.909
0.040	0.001	0.001	0.958
0.134	0.021	0.001	0.844
0.021	0.001	0.059	0.919
>CCAGAAAT	6-CCAGAAAT	7.895061	-45.865930	0	T:172.0(12.04%),B:3976.7(5.59%),P:1e-19	Tpos:100.8,Tstd:55.2,Bpos:99.3,Bstd:100.7,StrandBias:-0.2,Multiplicity:1.04
0.187	0.811	0.001	0.001
0.200	0.658	0.042	0.100
0.997	0.001	0.001	0.001
0.001	0.001	0.890	0.108
0.997	0.001	0.001	0.001
0.944	0.001	0.054	0.001
0.949	0.001	0.049	0.001
0.142	0.031	0.029	0.798
>CTRCARCT	7-CTRCARCT	5.185698	-33.067887	0	T:447.0(31.28%),B:15895.9(22.35%),P:1e-14	Tpos:101.9,Tstd:57.0,Bpos:99.6,Bstd:87.4,StrandBias:0.0,Multiplicity:1.25
0.144	0.725	0.092	0.039
0.186	0.020	0.001	0.793
0.308	0.157	0.453	0.082
0.172	0.651	0.176	0.001
0.609	0.012	0.001	0.378
0.394	0.011	0.433	0.162
0.133	0.480	0.127	0.260
0.345	0.001	0.026	0.628
>GGAGGAAG	8-GGAGGAAG	4.793946	-29.276422	0	T:479.0(33.52%),B:17711.3(24.91%),P:1e-12	Tpos:98.6,Tstd:57.1,Bpos:99.8,Bstd:88.2,StrandBias:0.1,Multiplicity:1.26
0.124	0.032	0.744	0.100
0.056	0.066	0.831	0.047
0.730	0.024	0.180	0.066
0.104	0.127	0.645	0.124
0.036	0.063	0.809	0.092
0.749	0.062	0.073	0.116
0.814	0.041	0.103	0.042
0.150	0.109	0.685	0.056
>GGGGGGGG	9-GGGGGGGG	6.989898	-25.524565	0	T:61.0(4.27%),B:1116.6(1.57%),P:1e-11	Tpos:106.4,Tstd:54.1,Bpos:100.8,Bstd:72.7,StrandBias:-1.4,Multiplicity:1.33
0.066	0.015	0.874	0.045
0.035	0.015	0.949	0.001
0.026	0.001	0.972	0.001
0.001	0.001	0.997	0.001
0.022	0.001	0.976	0.001
0.021	0.015	0.963	0.001
0.012	0.014	0.961	0.013
0.016	0.051	0.853	0.080
>GAAGATAT	10-GAAGATAT	6.348526	-23.855759	0	T:217.0(15.19%),B:6904.2(9.71%),P:1e-10	Tpos:99.8,Tstd:56.0,Bpos:100.4,Bstd:108.9,StrandBias:0.0,Multiplicity:1.05
0.001	0.155	0.843	0.001
0.975	0.023	0.001	0.001
0.917	0.001	0.043	0.039
0.001	0.063	0.935	0.001
0.908	0.022	0.001	0.069
0.079	0.081	0.001	0.839
0.843	0.001	0.113	0.043
0.064	0.039	0.115	0.782
>ATCAACGT	11-ATCAACGT	7.092955	-22.569494	0	T:109.0(7.63%),B:2818.0(3.96%),P:1e-9	Tpos:93.9,Tstd:61.0,Bpos:102.6,Bstd:81.6,StrandBias:-0.1,Multiplicity:1.06
0.672	0.274	0.053	0.001
0.001	0.076	0.004	0.919
0.001	0.997	0.001	0.001
0.997	0.001	0.001	0.001
0.997	0.001	0.001	0.001
0.001	0.997	0.001	0.001
0.001	0.001	0.633	0.365
0.001	0.001	0.001	0.997
>TCCTAAAA	12-TCCTAAAA	6.372154	-21.766453	0	T:177.0(12.39%),B:5454.5(7.67%),P:1e-9	Tpos:93.4,Tstd:58.0,Bpos:96.7,Bstd:136.4,StrandBias:-0.1,Multiplicity:1.08
0.001	0.001	0.001	0.997
0.001	0.965	0.001	0.033
0.380	0.618	0.001	0.001
0.001	0.001	0.275	0.723
0.997	0.001	0.001	0.001
0.997	0.001	0.001	0.001
0.997	0.001	0.001	0.001
0.997	0.001	0.001	0.001
>TATATATA	13-TATATATA	8.236954	-20.845066	0	T:34.0(2.38%),B:484.2(0.68%),P:1e-9	Tpos:101.2,Tstd:63.1,Bpos:99.2,Bstd:113.1,StrandBias:0.0,Multiplicity:1.06
0.100	0.100	0.100	0.700
0.700	0.100	0.100	0.100
0.100	0.100	0.100	0.700
0.700	0.100	0.100	0.100
0.100	0.100	0.100	0.700
0.700	0.100	0.100	0.100
0.100	0.100	0.100	0.700
0.700	0.100	0.100	0.100
>GACTTGGG	14-GACTTGGG	6.595626	-20.035645	0	T:92.0(6.44%),B:2338.2(3.29%),P:1e-8	Tpos:93.4,Tstd:52.3,Bpos:102.1,Bstd:82.8,StrandBias:0.6,Multiplicity:1.12
0.027	0.001	0.949	0.023
0.885	0.013	0.020	0.082
0.001	0.997	0.001	0.001
0.001	0.001	0.032	0.966
0.087	0.001	0.009	0.903
0.120	0.009	0.803	0.068
0.055	0.008	0.936	0.001
0.001	0.111	0.715	0.173
>SGAGGGTC	15-SGAGGGTC	7.183165	-19.900931	0	T:70.0(4.90%),B:1587.5(2.23%),P:1e-8	Tpos:93.4,Tstd:56.5,Bpos:105.7,Bstd:69.6,StrandBias:0.2,Multiplicity:1.25
0.105	0.504	0.390	0.001
0.108	0.001	0.781	0.110
0.635	0.037	0.327	0.001
0.083	0.001	0.857	0.059
0.074	0.001	0.924	0.001
0.001	0.025	0.859	0.115
0.032	0.001	0.001	0.966
0.084	0.914	0.001	0.001
>TMGYCCTA	16-TMGYCCTA	6.621409	-19.444231	0	T:95.0(6.65%),B:2475.0(3.48%),P:1e-8	Tpos:102.1,Tstd:52.4,Bpos:98.9,Bstd:67.1,StrandBias:-0.2,Multiplicity:1.15
0.031	0.050	0.024	0.895
0.433	0.522	0.001	0.044
0.001	0.071	0.927	0.001
0.001	0.456	0.163	0.380
0.006	0.771	0.002	0.221
0.001	0.825	0.173	0.001
0.001	0.219	0.298	0.482
0.796	0.053	0.150	0.001
>GGCGGGCA	17-GGCGGGCA	8.094646	-14.375000	0	T:38.0(2.66%),B:759.5(1.07%),P:1e-6	Tpos:105.6,Tstd:51.3,Bpos:99.6,Bstd:56.5,StrandBias:0.2,Multiplicity:1.14
0.001	0.001	0.997	0.001
0.007	0.045	0.859	0.089
0.001	0.823	0.161	0.015
0.001	0.001	0.997	0.001
0.001	0.001	0.997	0.001
0.168	0.277	0.554	0.001
0.001	0.853	0.145	0.001
0.772	0.226	0.001	0.001
>TCGCTCCA	18-TCGCTCCA	7.933153	-11.104802	0	T:62.0(4.34%),B:1730.9(2.43%),P:1e-4	Tpos:103.6,Tstd:59.2,Bpos:102.4,Bstd:71.3,StrandBias:-0.8,Multiplicity:1.07
0.001	0.210	0.001	0.788
0.001	0.658	0.001	0.340
0.001	0.001	0.997	0.001
0.001	0.997	0.001	0.001
0.177	0.216	0.001	0.606
0.001	0.908	0.090	0.001
0.001	0.997	0.001	0.001
0.997	0.001	0.001	0.001
>GTAGCGCT	19-GTAGCGCT	8.236954	-8.473040	0	T:9.0(0.63%),B:98.2(0.14%),P:1e-3	Tpos:112.8,Tstd:61.9,Bpos:93.1,Bstd:50.6,StrandBias:0.0,Multiplicity:1.22
0.100	0.100	0.700	0.100
0.100	0.100	0.100	0.700
0.700	0.100	0.100	0.100
0.100	0.100	0.700	0.100
0.100	0.700	0.100	0.100
0.100	0.100	0.700	0.100
0.100	0.700	0.100	0.100
0.100	0.100	0.100	0.700
>SATSATSA	20-SATSATSA	7.039396	-8.195248	0	T:96.0(6.72%),B:3306.3(4.65%),P:1e-3	Tpos:82.6,Tstd:54.3,Bpos:95.3,Bstd:103.5,StrandBias:-0.1,Multiplicity:1.17
0.001	0.530	0.431	0.038
0.680	0.028	0.101	0.191
0.001	0.001	0.089	0.909
0.001	0.443	0.555	0.001
0.600	0.135	0.074	0.191
0.001	0.077	0.086	0.836
0.083	0.530	0.386	0.001
0.608	0.137	0.064	0.191
>GCTCGGCG	21-GCTCGGCG	6.887648	-7.803858	0	T:31.0(2.17%),B:784.6(1.10%),P:1e-3	Tpos:85.7,Tstd:61.0,Bpos:100.8,Bstd:57.9,StrandBias:-1.2,Multiplicity:1.38
0.013	0.001	0.985	0.001
0.001	0.997	0.001	0.001
0.001	0.313	0.001	0.685
0.001	0.997	0.001	0.001
0.001	0.001	0.997	0.001
0.004	0.001	0.821	0.174
0.004	0.994	0.001	0.001
0.283	0.001	0.715	0.001
>ATACATAC	22-ATACATAC	9.376503	-7.008283	0	T:63.0(4.41%),B:2061.9(2.90%),P:1e-3	Tpos:69.0,Tstd:47.8,Bpos:99.5,Bstd:138.2,StrandBias:1.2,Multiplicity:1.95
0.997	0.001	0.001	0.001
0.184	0.001	0.001	0.814
0.997	0.001	0.001	0.001
0.001	0.997	0.001	0.001
0.997	0.001	0.001	0.001
0.001	0.001	0.001	0.997
0.997	0.001	0.001	0.001
0.001	0.997	0.001	0.001
>TAGATAGA	23-TAGATAGA	4.996738	-5.097380	0	T:68.0(4.76%),B:2459.9(3.46%),P:1e-2	Tpos:94.2,Tstd:57.2,Bpos:97.9,Bstd:99.1,StrandBias:0.8,Multiplicity:1.55
0.001	0.001	0.023	0.975
0.997	0.001	0.001	0.001
0.001	0.001	0.997	0.001
0.997	0.001	0.001	0.001
0.001	0.001	0.109	0.889
0.997	0.001	0.001	0.001
0.001	0.001	0.914	0.084
0.997	0.001	0.001	0.001
>TGTGTRTG	24-TGTGTRTG	8.323501	-2.716415	0	T:62.0(4.34%),B:2527.3(3.55%),P:1e-1	Tpos:98.2,Tstd:53.2,Bpos:99.0,Bstd:81.7,StrandBias:0.4,Multiplicity:1.13
0.150	0.071	0.041	0.738
0.318	0.034	0.647	0.001
0.001	0.099	0.085	0.815
0.149	0.057	0.753	0.041
0.001	0.058	0.001	0.940
0.319	0.112	0.441	0.128
0.002	0.105	0.001	0.892
0.149	0.001	0.802	0.048
>TGTTGTTG	25-TGTTGTTG	8.236954	-1.772476	0	T:35.0(2.45%),B:1463.4(2.06%),P:1e0	Tpos:119.4,Tstd:55.8,Bpos:100.1,Bstd:73.4,StrandBias:0.2,Multiplicity:1.20
0.100	0.100	0.100	0.700
0.100	0.100	0.700	0.100
0.100	0.100	0.100	0.700
0.100	0.100	0.100	0.700
0.100	0.100	0.700	0.100
0.100	0.100	0.100	0.700
0.100	0.100	0.100	0.700
0.100	0.100	0.700	0.100
