>TAKATAGATAKA	13-TMTATCTATMTA	10.485905	-19.360949	0	T:11.0(1.17%),B:70.2(0.10%),P:1e-8
0.012	0.131	0.283	0.574
0.820	0.001	0.077	0.102
0.072	0.181	0.355	0.392
0.843	0.001	0.052	0.104
0.126	0.105	0.266	0.503
0.801	0.035	0.082	0.082
0.110	0.116	0.469	0.305
0.921	0.052	0.001	0.026
0.066	0.067	0.209	0.658
0.774	0.001	0.158	0.067
0.139	0.154	0.378	0.329
0.799	0.035	0.093	0.073
