>CCCCCCCCCCCC	14-GGGGGGGGGGGG	11.661187	-18.780770	0	T:15.0(1.60%),B:161.3(0.22%),P:1e-8
0.172	0.654	0.048	0.126
0.130	0.732	0.069	0.069
0.128	0.770	0.074	0.028
0.147	0.796	0.056	0.001
0.108	0.820	0.036	0.036
0.060	0.868	0.012	0.060
0.054	0.900	0.001	0.045
0.133	0.781	0.012	0.074
0.164	0.625	0.096	0.115
0.092	0.692	0.103	0.113
0.120	0.668	0.116	0.096
0.163	0.699	0.088	0.050
