>TCAACATTTTTG	4-TCAACATTTTTG,BestGuess:MAFF/MA0495.3/Jaspar(0.758)	9.335392	-37.963183	0	T:52.0(5.53%),B:959.1(1.33%),P:1e-16
0.047	0.021	0.090	0.842
0.021	0.875	0.051	0.053
0.898	0.021	0.013	0.068
0.608	0.129	0.137	0.126
0.079	0.811	0.021	0.089
0.863	0.052	0.052	0.033
0.065	0.061	0.116	0.758
0.035	0.021	0.083	0.861
0.001	0.075	0.059	0.865
0.001	0.020	0.043	0.936
0.079	0.027	0.062	0.832
0.049	0.014	0.854	0.083
