>ACTTTTCGAGAA	5-TTCTCGAAAAGT	10.168296	-33.418252	0	T:26.0(2.77%),B:255.3(0.36%),P:1e-14
0.946	0.034	0.001	0.019
0.127	0.737	0.034	0.102
0.103	0.001	0.034	0.862
0.001	0.033	0.001	0.965
0.123	0.068	0.001	0.808
0.068	0.001	0.102	0.829
0.029	0.642	0.125	0.204
0.063	0.034	0.878	0.025
0.816	0.034	0.001	0.149
0.146	0.002	0.716	0.136
0.964	0.001	0.034	0.001
0.841	0.034	0.034	0.091
