>ATATATGATATA	2-TATATCATATAT	6.811078	-47.768873	0	T:232.0(24.68%),B:9478.2(13.19%),P:1e-20
0.771	0.065	0.041	0.123
0.114	0.074	0.051	0.761
0.754	0.067	0.065	0.114
0.103	0.071	0.029	0.797
0.692	0.078	0.087	0.143
0.095	0.060	0.071	0.774
0.117	0.120	0.666	0.097
0.814	0.034	0.055	0.097
0.123	0.073	0.075	0.729
0.784	0.051	0.064	0.101
0.122	0.054	0.077	0.747
0.710	0.072	0.085	0.133
