>TTTTAAAATTTT	1-TTTTAAAATTTT	6.403916	-55.974726	0	T:396.0(42.13%),B:19098.1(26.57%),P:1e-24
0.142	0.106	0.090	0.662
0.127	0.121	0.075	0.677
0.148	0.121	0.084	0.647
0.129	0.089	0.102	0.680
0.593	0.118	0.121	0.168
0.628	0.100	0.118	0.154
0.675	0.092	0.096	0.137
0.681	0.078	0.081	0.160
0.185	0.105	0.082	0.628
0.129	0.053	0.086	0.732
0.103	0.081	0.066	0.750
0.142	0.099	0.111	0.648
