>ACAAAATTTCTC	10-ACAAAATTTCTC,BestGuess:Dmrt1/MA1603.1/Jaspar(0.596)	9.662669	-24.388456	0	T:31.0(3.30%),B:545.9(0.76%),P:1e-10
0.880	0.040	0.001	0.079
0.057	0.794	0.044	0.105
0.893	0.026	0.049	0.032
0.710	0.070	0.115	0.105
0.795	0.071	0.108	0.026
0.926	0.021	0.001	0.052
0.025	0.038	0.036	0.901
0.058	0.049	0.049	0.844
0.028	0.026	0.025	0.921
0.111	0.744	0.120	0.025
0.038	0.057	0.074	0.831
0.063	0.766	0.088	0.083
