>AAAATTTAATTT	7-AAATTAAATTTT	8.912902	-32.461211	0	T:89.0(9.47%),B:2721.0(3.79%),P:1e-14
0.795	0.028	0.127	0.050
0.794	0.038	0.045	0.123
0.838	0.043	0.029	0.090
0.877	0.045	0.067	0.011
0.088	0.040	0.086	0.786
0.048	0.059	0.037	0.856
0.131	0.026	0.055	0.788
0.747	0.082	0.118	0.053
0.830	0.065	0.028	0.077
0.035	0.048	0.016	0.901
0.037	0.032	0.049	0.882
0.018	0.055	0.016	0.911
