>AAATTAAATTTT	7-AAATTAAATTTT,BestGuess:PHOX2B/MA0681.2/Jaspar(0.741)	8.912902	-32.461211	0	T:89.0(9.47%),B:2721.0(3.79%),P:1e-14
0.911	0.016	0.055	0.018
0.882	0.049	0.032	0.037
0.901	0.016	0.048	0.035
0.077	0.028	0.065	0.830
0.053	0.118	0.082	0.747
0.788	0.055	0.026	0.131
0.856	0.037	0.059	0.048
0.786	0.086	0.040	0.088
0.011	0.067	0.045	0.877
0.090	0.029	0.043	0.838
0.123	0.045	0.038	0.794
0.050	0.127	0.028	0.795
