>CACASABACACA	21-CACASABACACA	8.405582	-8.740522	0	T:50.0(5.32%),B:2199.3(3.06%),P:1e-3
0.001	0.619	0.338	0.042
0.925	0.001	0.073	0.001
0.001	0.545	0.355	0.099
0.892	0.001	0.044	0.063
0.021	0.509	0.457	0.013
0.929	0.044	0.026	0.001
0.001	0.334	0.308	0.357
0.708	0.001	0.290	0.001
0.001	0.624	0.345	0.030
0.520	0.152	0.239	0.089
0.014	0.505	0.297	0.184
0.953	0.001	0.045	0.001
