>TATATCATATAT	2-TATATCATATAT,BestGuess:PB0148.1_Mtf1_2/Jaspar(0.670)	6.811078	-47.768873	0	T:232.0(24.68%),B:9478.2(13.19%),P:1e-20
0.133	0.085	0.072	0.710
0.747	0.077	0.054	0.122
0.101	0.064	0.051	0.784
0.729	0.075	0.073	0.123
0.097	0.055	0.034	0.814
0.097	0.666	0.120	0.117
0.774	0.071	0.060	0.095
0.143	0.087	0.078	0.692
0.797	0.029	0.071	0.103
0.114	0.065	0.067	0.754
0.761	0.051	0.074	0.114
0.123	0.041	0.065	0.771
