>GAGAAATTTTGT	10-ACAAAATTTCTC	9.662669	-24.388456	0	T:31.0(3.30%),B:545.9(0.76%),P:1e-10
0.083	0.088	0.766	0.063
0.831	0.074	0.057	0.038
0.025	0.120	0.744	0.111
0.921	0.025	0.026	0.028
0.844	0.049	0.049	0.058
0.901	0.036	0.038	0.025
0.052	0.001	0.021	0.926
0.026	0.108	0.071	0.795
0.105	0.115	0.070	0.710
0.032	0.049	0.026	0.893
0.105	0.044	0.794	0.057
0.079	0.001	0.040	0.880
