>RAWAAAATATAT	10-RAWAAAATATAT	10.487629	-19.137176	0	T:5.0(0.48%),B:4.6(0.01%),P:1e-8
0.254	0.173	0.387	0.186
0.660	0.093	0.138	0.109
0.366	0.086	0.063	0.485
0.570	0.053	0.137	0.240
0.778	0.104	0.011	0.107
0.676	0.023	0.154	0.147
0.687	0.066	0.114	0.133
0.282	0.084	0.009	0.625
0.515	0.060	0.081	0.344
0.211	0.092	0.055	0.642
0.535	0.194	0.024	0.247
0.079	0.106	0.057	0.758
