>GGGGGGGGGGGG	6-GGGGGGGGGGGG,BestGuess:PB0097.1_Zfp281_1/Jaspar(0.855)	8.786246	-25.501523	0	T:43.0(4.15%),B:873.9(1.21%),P:1e-11
0.281	0.036	0.657	0.026
0.001	0.032	0.966	0.001
0.328	0.001	0.670	0.001
0.028	0.001	0.970	0.001
0.417	0.001	0.581	0.001
0.021	0.001	0.926	0.052
0.280	0.001	0.718	0.001
0.001	0.001	0.959	0.039
0.245	0.001	0.753	0.001
0.046	0.053	0.900	0.001
0.354	0.048	0.597	0.001
0.324	0.020	0.558	0.098
