>GATGATGATGAT	20-GATGATGATGAT	10.379793	-8.520361	0	T:12.0(1.16%),B:235.1(0.33%),P:1e-3
0.067	0.045	0.877	0.011
0.741	0.127	0.106	0.026
0.159	0.054	0.017	0.770
0.050	0.065	0.873	0.012
0.883	0.017	0.088	0.012
0.001	0.071	0.017	0.911
0.029	0.017	0.870	0.084
0.846	0.017	0.074	0.063
0.017	0.017	0.017	0.949
0.059	0.179	0.713	0.049
0.866	0.001	0.094	0.039
0.048	0.066	0.179	0.707
