>AGATATCTCTGA	7-AGATATCTCTGA	9.153108	-25.171915	0	T:37.0(3.57%),B:673.5(0.93%),P:1e-10
0.814	0.041	0.001	0.144
0.106	0.245	0.608	0.041
0.918	0.041	0.040	0.001
0.097	0.267	0.001	0.635
0.641	0.164	0.194	0.001
0.257	0.001	0.022	0.720
0.226	0.559	0.200	0.015
0.153	0.041	0.001	0.805
0.041	0.865	0.041	0.053
0.197	0.001	0.001	0.801
0.041	0.001	0.917	0.041
0.818	0.001	0.125	0.056
