>TTAAAATTTGGT	2-TTAAAATTTGGT,BestGuess:PHOX2B/MA0681.2/Jaspar(0.604)	9.023590	-55.292502	0	T:79.0(7.63%),B:1367.9(1.90%),P:1e-24
0.047	0.070	0.023	0.860
0.094	0.023	0.087	0.796
0.862	0.067	0.070	0.001
0.862	0.090	0.001	0.047
0.828	0.087	0.001	0.084
0.754	0.086	0.090	0.070
0.023	0.049	0.091	0.837
0.076	0.108	0.080	0.736
0.023	0.041	0.001	0.935
0.025	0.094	0.818	0.063
0.061	0.059	0.851	0.029
0.077	0.056	0.001	0.866
