>TTTCYCAAAATT	1-AATTTTGRGAAA	6.530915	-83.086133	0	T:434.0(41.93%),B:17356.7(24.05%),P:1e-36
0.185	0.001	0.001	0.813
0.217	0.049	0.001	0.733
0.078	0.187	0.112	0.623
0.166	0.436	0.117	0.282
0.153	0.293	0.183	0.372
0.218	0.533	0.048	0.201
0.594	0.062	0.215	0.129
0.858	0.013	0.123	0.006
0.907	0.001	0.001	0.091
0.641	0.154	0.016	0.189
0.206	0.037	0.012	0.745
0.120	0.104	0.082	0.694
