>YAYAYAYAYAYA	13-YAYAYAYAYAYA	10.136898	-16.260950	0	T:24.0(2.32%),B:452.3(0.63%),P:1e-7
0.078	0.493	0.045	0.385
0.781	0.085	0.045	0.089
0.045	0.492	0.023	0.440
0.746	0.094	0.057	0.103
0.034	0.439	0.066	0.462
0.739	0.042	0.086	0.133
0.061	0.418	0.025	0.497
0.748	0.094	0.084	0.074
0.046	0.393	0.056	0.505
0.732	0.059	0.087	0.122
0.053	0.427	0.037	0.483
0.744	0.063	0.089	0.104
