>ACCAAATTTTAA	2-TTAAAATTTGGT	9.023590	-55.292502	0	T:79.0(7.63%),B:1367.9(1.90%),P:1e-24
0.866	0.001	0.056	0.077
0.029	0.851	0.059	0.061
0.063	0.818	0.094	0.025
0.935	0.001	0.041	0.023
0.736	0.080	0.108	0.076
0.837	0.091	0.049	0.023
0.070	0.090	0.086	0.754
0.084	0.001	0.087	0.828
0.047	0.001	0.090	0.862
0.001	0.070	0.067	0.862
0.796	0.087	0.023	0.094
0.860	0.023	0.070	0.047
