>AAGTGCTA	1-AAGTGCTA	9.125802	-22.508624	0	T:60.0(4.63%),B:630.0(1.83%),P:1e-9	Tpos:111.1,Tstd:63.4,Bpos:99.9,Bstd:58.4,StrandBias:0.3,Multiplicity:1.07
0.911	0.001	0.001	0.087
0.997	0.001	0.001	0.001
0.001	0.001	0.997	0.001
0.001	0.001	0.001	0.997
0.001	0.001	0.997	0.001
0.001	0.777	0.001	0.221
0.001	0.001	0.001	0.997
0.707	0.001	0.001	0.291
>TGCGTATG	2-TGCGTATG	7.261428	-20.117327	0	T:129.0(9.96%),B:1983.6(5.75%),P:1e-8	Tpos:96.5,Tstd:51.4,Bpos:93.4,Bstd:54.1,StrandBias:0.3,Multiplicity:1.09
0.001	0.045	0.001	0.953
0.001	0.244	0.754	0.001
0.053	0.945	0.001	0.001
0.001	0.238	0.760	0.001
0.001	0.335	0.001	0.663
0.914	0.084	0.001	0.001
0.265	0.201	0.001	0.533
0.001	0.001	0.824	0.174
>GTCGACYC	3-GTCGACYC	9.535465	-19.386828	0	T:37.0(2.86%),B:318.8(0.92%),P:1e-8	Tpos:94.4,Tstd:58.8,Bpos:105.5,Bstd:53.2,StrandBias:0.3,Multiplicity:1.00
0.001	0.001	0.997	0.001
0.405	0.001	0.001	0.593
0.001	0.997	0.001	0.001
0.001	0.001	0.997	0.001
0.997	0.001	0.001	0.001
0.001	0.997	0.001	0.001
0.001	0.467	0.001	0.531
0.001	0.997	0.001	0.001
>TGKAGGCC	4-TGKAGGCC	3.248384	-13.283692	0	T:294.0(22.70%),B:6067.2(17.59%),P:1e-5	Tpos:98.0,Tstd:57.7,Bpos:101.4,Bstd:56.8,StrandBias:-0.1,Multiplicity:1.17
0.001	0.001	0.001	0.997
0.001	0.001	0.955	0.043
0.001	0.001	0.471	0.527
0.997	0.001	0.001	0.001
0.001	0.039	0.959	0.001
0.132	0.001	0.858	0.009
0.001	0.612	0.386	0.001
0.001	0.953	0.001	0.045
>GTCCCGAA	5-GTCCCGAA	8.236954	-5.995407	0	T:9.0(0.69%),B:75.1(0.22%),P:1e-2	Tpos:112.1,Tstd:52.2,Bpos:108.7,Bstd:58.4,StrandBias:-1.1,Multiplicity:1.78
0.100	0.100	0.700	0.100
0.100	0.100	0.100	0.700
0.100	0.700	0.100	0.100
0.100	0.700	0.100	0.100
0.100	0.700	0.100	0.100
0.100	0.100	0.700	0.100
0.700	0.100	0.100	0.100
0.700	0.100	0.100	0.100
