>GTGATATCGT	1-GTGATATCGT	9.551182	-25.363162	0	T:36.0(2.78%),B:242.5(0.70%),P:1e-11	Tpos:94.5,Tstd:60.0,Bpos:99.0,Bstd:55.9,StrandBias:0.8,Multiplicity:1.00
0.299	0.001	0.699	0.001
0.291	0.001	0.001	0.707
0.001	0.001	0.997	0.001
0.824	0.001	0.001	0.174
0.001	0.072	0.122	0.805
0.570	0.120	0.016	0.294
0.001	0.001	0.001	0.997
0.044	0.875	0.080	0.001
0.207	0.099	0.597	0.097
0.007	0.080	0.001	0.912
>CACCACCACA	2-CACCACCACA	8.776912	-24.483991	0	T:41.0(3.17%),B:316.3(0.92%),P:1e-10	Tpos:116.6,Tstd:53.7,Bpos:106.6,Bstd:55.3,StrandBias:0.1,Multiplicity:1.07
0.022	0.957	0.001	0.020
0.942	0.001	0.056	0.001
0.011	0.987	0.001	0.001
0.050	0.851	0.098	0.001
0.964	0.001	0.001	0.034
0.076	0.851	0.001	0.072
0.082	0.865	0.052	0.001
0.854	0.098	0.047	0.001
0.122	0.801	0.076	0.001
0.959	0.001	0.039	0.001
>GCGCGTHAGG	3-GCGCGTHAGG	8.207136	-23.442634	0	T:29.0(2.24%),B:173.1(0.50%),P:1e-10	Tpos:104.7,Tstd:44.9,Bpos:105.4,Bstd:55.9,StrandBias:0.1,Multiplicity:1.00
0.068	0.001	0.930	0.001
0.001	0.997	0.001	0.001
0.137	0.001	0.808	0.054
0.001	0.665	0.001	0.333
0.001	0.001	0.997	0.001
0.047	0.137	0.069	0.747
0.253	0.348	0.001	0.398
0.877	0.068	0.054	0.001
0.069	0.069	0.793	0.069
0.068	0.001	0.863	0.068
>GTGGGTCGAC	4-GTGGGTCGAC	10.580115	-23.366462	0	T:13.0(1.00%),B:27.1(0.08%),P:1e-10	Tpos:111.8,Tstd:54.5,Bpos:123.5,Bstd:55.4,StrandBias:-1.6,Multiplicity:1.00
0.001	0.106	0.892	0.001
0.135	0.135	0.001	0.729
0.064	0.001	0.934	0.001
0.001	0.001	0.997	0.001
0.001	0.001	0.918	0.080
0.001	0.001	0.001	0.997
0.001	0.997	0.001	0.001
0.001	0.001	0.997	0.001
0.997	0.001	0.001	0.001
0.001	0.997	0.001	0.001
>CRABCACGRG	5-CRABCACGRG	6.261478	-23.292532	0	T:41.0(3.17%),B:329.0(0.95%),P:1e-10	Tpos:124.8,Tstd:50.0,Bpos:97.4,Bstd:56.5,StrandBias:-0.5,Multiplicity:1.10
0.055	0.776	0.060	0.109
0.320	0.220	0.415	0.045
0.502	0.089	0.335	0.074
0.093	0.251	0.335	0.321
0.067	0.517	0.086	0.330
0.541	0.291	0.104	0.064
0.148	0.651	0.081	0.120
0.038	0.087	0.536	0.339
0.446	0.070	0.306	0.178
0.023	0.107	0.548	0.322
>CGTCGATTAT	6-CGTCGATTAT	9.068085	-20.963801	0	T:13.0(1.00%),B:33.8(0.10%),P:1e-9	Tpos:130.9,Tstd:43.4,Bpos:106.0,Bstd:50.9,StrandBias:0.2,Multiplicity:1.00
0.192	0.806	0.001	0.001
0.001	0.001	0.880	0.118
0.001	0.001	0.001	0.997
0.001	0.997	0.001	0.001
0.001	0.001	0.997	0.001
0.997	0.001	0.001	0.001
0.001	0.001	0.001	0.997
0.001	0.001	0.001	0.997
0.997	0.001	0.001	0.001
0.001	0.050	0.001	0.948
>BYGMATTHCT	7-BYGMATTHCT	6.530085	-20.838584	0	T:60.0(4.63%),B:659.8(1.91%),P:1e-9	Tpos:96.6,Tstd:56.9,Bpos:101.7,Bstd:57.3,StrandBias:-0.7,Multiplicity:1.07
0.001	0.320	0.282	0.397
0.001	0.508	0.042	0.449
0.001	0.407	0.590	0.002
0.423	0.273	0.150	0.153
0.736	0.262	0.001	0.001
0.001	0.269	0.210	0.520
0.001	0.299	0.153	0.547
0.278	0.410	0.001	0.310
0.001	0.647	0.150	0.202
0.001	0.122	0.337	0.540
>ACTTGGAAGA	8-ACTTGGAAGA	9.123676	-17.939080	0	T:39.0(3.01%),B:367.6(1.07%),P:1e-7	Tpos:101.8,Tstd:56.4,Bpos:110.4,Bstd:52.8,StrandBias:0.7,Multiplicity:1.03
0.871	0.095	0.001	0.033
0.042	0.885	0.051	0.022
0.028	0.033	0.044	0.895
0.001	0.039	0.001	0.959
0.001	0.001	0.997	0.001
0.084	0.001	0.878	0.037
0.824	0.174	0.001	0.001
0.906	0.035	0.028	0.031
0.001	0.014	0.945	0.040
0.861	0.044	0.044	0.051
>CGTCGCGCTR	9-CGTCGCGCTR	9.645519	-17.010315	0	T:14.0(1.08%),B:55.4(0.16%),P:1e-7	Tpos:94.7,Tstd:52.2,Bpos:87.6,Bstd:55.4,StrandBias:0.8,Multiplicity:1.00
0.001	0.997	0.001	0.001
0.004	0.001	0.907	0.088
0.109	0.001	0.001	0.889
0.073	0.825	0.001	0.101
0.080	0.123	0.786	0.011
0.149	0.767	0.001	0.083
0.074	0.001	0.924	0.001
0.001	0.995	0.001	0.003
0.083	0.001	0.123	0.793
0.442	0.073	0.483	0.001
>GTCCYKCAAC	10-GTCCYKCAAC	8.639583	-16.882138	0	T:27.0(2.08%),B:206.3(0.60%),P:1e-7	Tpos:105.1,Tstd:58.0,Bpos:107.8,Bstd:59.2,StrandBias:0.1,Multiplicity:1.00
0.103	0.066	0.830	0.001
0.001	0.085	0.133	0.781
0.079	0.839	0.081	0.001
0.001	0.940	0.001	0.058
0.050	0.467	0.001	0.483
0.001	0.001	0.574	0.424
0.001	0.629	0.001	0.369
0.909	0.001	0.089	0.001
0.795	0.150	0.054	0.001
0.001	0.866	0.001	0.132
>CATAATGCAC	11-CATAATGCAC	7.407622	-16.815116	0	T:105.0(8.11%),B:1605.3(4.65%),P:1e-7	Tpos:94.2,Tstd:50.7,Bpos:95.9,Bstd:52.7,StrandBias:-0.2,Multiplicity:1.09
0.079	0.788	0.066	0.067
0.816	0.173	0.010	0.001
0.001	0.152	0.025	0.822
0.547	0.176	0.220	0.057
0.906	0.092	0.001	0.001
0.001	0.001	0.001	0.997
0.065	0.076	0.811	0.048
0.081	0.827	0.075	0.017
0.790	0.172	0.002	0.036
0.108	0.699	0.116	0.077
>AGATTACCGC	12-AGATTACCGC	10.296193	-16.341828	0	T:4.0(0.31%),B:1.9(0.01%),P:1e-7	Tpos:90.0,Tstd:59.8,Bpos:102.3,Bstd:44.0,StrandBias:1.6,Multiplicity:1.00
0.700	0.100	0.100	0.100
0.100	0.100	0.700	0.100
0.700	0.100	0.100	0.100
0.100	0.100	0.100	0.700
0.100	0.100	0.100	0.700
0.700	0.100	0.100	0.100
0.100	0.700	0.100	0.100
0.100	0.700	0.100	0.100
0.100	0.100	0.700	0.100
0.100	0.700	0.100	0.100
>TAGTCCAATT	13-TAGTCCAATT	10.036186	-16.077707	0	T:9.0(0.69%),B:20.7(0.06%),P:1e-6	Tpos:72.6,Tstd:51.5,Bpos:91.6,Bstd:55.0,StrandBias:-1.6,Multiplicity:1.00
0.001	0.001	0.001	0.997
0.997	0.001	0.001	0.001
0.001	0.001	0.997	0.001
0.001	0.001	0.001	0.997
0.001	0.997	0.001	0.001
0.001	0.804	0.001	0.194
0.997	0.001	0.001	0.001
0.997	0.001	0.001	0.001
0.001	0.001	0.001	0.997
0.001	0.001	0.115	0.883
>TGCTCTAAGC	14-TGCTCTAAGC	10.296193	-15.807049	0	T:5.0(0.39%),B:3.3(0.01%),P:1e-6	Tpos:116.6,Tstd:38.1,Bpos:103.8,Bstd:28.2,StrandBias:2.0,Multiplicity:1.00
0.100	0.100	0.100	0.700
0.100	0.100	0.700	0.100
0.100	0.700	0.100	0.100
0.100	0.100	0.100	0.700
0.100	0.700	0.100	0.100
0.100	0.100	0.100	0.700
0.700	0.100	0.100	0.100
0.700	0.100	0.100	0.100
0.100	0.100	0.700	0.100
0.100	0.700	0.100	0.100
>TACGAGAAGG	15-TACGAGAAGG	10.296193	-15.807049	0	T:5.0(0.39%),B:3.7(0.01%),P:1e-6	Tpos:114.8,Tstd:19.4,Bpos:138.0,Bstd:53.2,StrandBias:-2.0,Multiplicity:1.00
0.100	0.100	0.100	0.700
0.700	0.100	0.100	0.100
0.100	0.700	0.100	0.100
0.100	0.100	0.700	0.100
0.700	0.100	0.100	0.100
0.100	0.100	0.700	0.100
0.700	0.100	0.100	0.100
0.700	0.100	0.100	0.100
0.100	0.100	0.700	0.100
0.100	0.100	0.700	0.100
>GACTTTCGAG	16-GACTTTCGAG	10.296193	-15.807049	0	T:5.0(0.39%),B:3.4(0.01%),P:1e-6	Tpos:97.6,Tstd:55.7,Bpos:98.5,Bstd:16.1,StrandBias:0.6,Multiplicity:1.00
0.100	0.100	0.700	0.100
0.700	0.100	0.100	0.100
0.100	0.700	0.100	0.100
0.100	0.100	0.100	0.700
0.100	0.100	0.100	0.700
0.100	0.100	0.100	0.700
0.100	0.700	0.100	0.100
0.100	0.100	0.700	0.100
0.700	0.100	0.100	0.100
0.100	0.100	0.700	0.100
>GGCGTCTACC	17-GGCGTCTACC	10.296193	-14.399707	0	T:5.0(0.39%),B:4.9(0.01%),P:1e-6	Tpos:150.6,Tstd:31.5,Bpos:58.0,Bstd:5.8,StrandBias:2.0,Multiplicity:1.00
0.100	0.100	0.700	0.100
0.100	0.100	0.700	0.100
0.100	0.700	0.100	0.100
0.100	0.100	0.700	0.100
0.100	0.100	0.100	0.700
0.100	0.700	0.100	0.100
0.100	0.100	0.100	0.700
0.700	0.100	0.100	0.100
0.100	0.700	0.100	0.100
0.100	0.700	0.100	0.100
>CTTCTAAGGA	18-CTTCTAAGGA	10.296193	-14.399707	0	T:5.0(0.39%),B:4.6(0.01%),P:1e-6	Tpos:119.2,Tstd:17.5,Bpos:116.1,Bstd:27.2,StrandBias:-0.6,Multiplicity:1.00
0.100	0.700	0.100	0.100
0.100	0.100	0.100	0.700
0.100	0.100	0.100	0.700
0.100	0.700	0.100	0.100
0.100	0.100	0.100	0.700
0.700	0.100	0.100	0.100
0.700	0.100	0.100	0.100
0.100	0.100	0.700	0.100
0.100	0.100	0.700	0.100
0.700	0.100	0.100	0.100
>AGGATAATCT	19-AGGATAATCT	12.321774	-13.315030	0	T:5.0(0.39%),B:5.2(0.01%),P:1e-5	Tpos:79.0,Tstd:56.7,Bpos:98.1,Bstd:57.5,StrandBias:-0.6,Multiplicity:1.00
0.997	0.001	0.001	0.001
0.001	0.001	0.997	0.001
0.001	0.001	0.997	0.001
0.997	0.001	0.001	0.001
0.001	0.001	0.001	0.997
0.997	0.001	0.001	0.001
0.778	0.001	0.220	0.001
0.001	0.001	0.001	0.997
0.001	0.997	0.001	0.001
0.001	0.001	0.001	0.997
>AGCATCGGCC	20-AGCATCGGCC	10.296193	-13.315030	0	T:5.0(0.39%),B:5.9(0.02%),P:1e-5	Tpos:82.6,Tstd:61.5,Bpos:90.0,Bstd:51.1,StrandBias:2.0,Multiplicity:1.00
0.700	0.100	0.100	0.100
0.100	0.100	0.700	0.100
0.100	0.700	0.100	0.100
0.700	0.100	0.100	0.100
0.100	0.100	0.100	0.700
0.100	0.700	0.100	0.100
0.100	0.100	0.700	0.100
0.100	0.100	0.700	0.100
0.100	0.700	0.100	0.100
0.100	0.700	0.100	0.100
>GTCCTTCGGG	21-GTCCTTCGGG	10.296193	-11.669054	0	T:3.0(0.23%),B:1.9(0.01%),P:1e-5	Tpos:96.7,Tstd:57.7,Bpos:77.8,Bstd:62.5,StrandBias:10.0,Multiplicity:3.33
0.100	0.100	0.700	0.100
0.100	0.100	0.100	0.700
0.100	0.700	0.100	0.100
0.100	0.700	0.100	0.100
0.100	0.100	0.100	0.700
0.100	0.100	0.100	0.700
0.100	0.700	0.100	0.100
0.100	0.100	0.700	0.100
0.100	0.100	0.700	0.100
0.100	0.100	0.700	0.100
>GGCGGTACCT	22-GGCGGTACCT	13.584873	-10.886195	0	T:4.0(0.31%),B:4.9(0.01%),P:1e-4	Tpos:86.5,Tstd:58.8,Bpos:161.0,Bstd:0.0,StrandBias:0.0,Multiplicity:1.00
0.001	0.001	0.997	0.001
0.001	0.001	0.997	0.001
0.001	0.997	0.001	0.001
0.001	0.001	0.997	0.001
0.001	0.001	0.997	0.001
0.001	0.001	0.001	0.997
0.778	0.220	0.001	0.001
0.001	0.997	0.001	0.001
0.001	0.997	0.001	0.001
0.001	0.001	0.001	0.997
>ATCCTTGTAG	23-ATCCTTGTAG	12.109930	-5.998603	0	T:3.0(0.23%),B:7.6(0.02%),P:1e-2	Tpos:98.2,Tstd:44.7,Bpos:108.4,Bstd:51.6,StrandBias:-1.0,Multiplicity:2.00
0.997	0.001	0.001	0.001
0.001	0.178	0.001	0.820
0.001	0.997	0.001	0.001
0.001	0.997	0.001	0.001
0.001	0.001	0.001	0.997
0.001	0.001	0.001	0.997
0.001	0.001	0.997	0.001
0.001	0.001	0.001	0.997
0.997	0.001	0.001	0.001
0.001	0.001	0.997	0.001
>GTAAAGATGG	24-GTAAAGATGG	4.458463	-5.151329	0	T:1114.0(86.02%),B:28777.5(83.42%),P:1e-2	Tpos:100.7,Tstd:53.7,Bpos:101.9,Bstd:55.4,StrandBias:0.3,Multiplicity:2.05
0.100	0.100	0.700	0.100
0.100	0.100	0.100	0.700
0.700	0.100	0.100	0.100
0.700	0.100	0.100	0.100
0.700	0.100	0.100	0.100
0.100	0.100	0.700	0.100
0.700	0.100	0.100	0.100
0.100	0.100	0.100	0.700
0.100	0.100	0.700	0.100
0.100	0.100	0.700	0.100
>AGTASTAGCA	25-AGTASTAGCA	11.247971	-3.465500	0	T:5.0(0.39%),B:46.9(0.14%),P:1e-1	Tpos:98.4,Tstd:30.3,Bpos:100.4,Bstd:61.5,StrandBias:-2.9,Multiplicity:1.00
0.802	0.001	0.196	0.001
0.001	0.001	0.997	0.001
0.382	0.008	0.001	0.609
0.997	0.001	0.001	0.001
0.001	0.443	0.555	0.001
0.001	0.001	0.027	0.971
0.848	0.101	0.001	0.050
0.001	0.158	0.799	0.042
0.001	0.584	0.001	0.414
0.997	0.001	0.001	0.001
>AAGATGACTCGT	1-AAGATGACTCGT	13.125141	-36.199181	0	T:9.0(0.69%),B:2.1(0.01%),P:1e-15	Tpos:97.7,Tstd:60.7,Bpos:130.1,Bstd:6.5,StrandBias:1.8,Multiplicity:1.00
0.698	0.001	0.300	0.001
0.997	0.001	0.001	0.001
0.099	0.001	0.899	0.001
0.997	0.001	0.001	0.001
0.001	0.200	0.001	0.798
0.001	0.001	0.899	0.099
0.899	0.099	0.001	0.001
0.001	0.997	0.001	0.001
0.001	0.001	0.001	0.997
0.300	0.698	0.001	0.001
0.001	0.001	0.997	0.001
0.001	0.001	0.001	0.997
>CTCTGTTAGAAT	2-CTCTGTTAGAAT	10.153829	-35.885927	0	T:24.0(1.85%),B:66.0(0.19%),P:1e-15	Tpos:110.7,Tstd:57.1,Bpos:92.2,Bstd:52.2,StrandBias:0.5,Multiplicity:1.00
0.101	0.657	0.191	0.051
0.050	0.050	0.051	0.849
0.001	0.809	0.150	0.040
0.104	0.001	0.001	0.894
0.089	0.001	0.909	0.001
0.004	0.001	0.155	0.840
0.001	0.001	0.100	0.898
0.749	0.050	0.150	0.051
0.001	0.150	0.848	0.001
0.799	0.001	0.100	0.100
0.848	0.001	0.001	0.150
0.100	0.001	0.001	0.898
>AGAGCCCGCAGA	3-AGAGCCCGCAGA	10.283723	-31.550194	0	T:7.0(0.54%),B:1.9(0.01%),P:1e-13	Tpos:133.0,Tstd:51.0,Bpos:173.5,Bstd:17.9,StrandBias:-0.4,Multiplicity:1.00
0.772	0.066	0.066	0.096
0.162	0.107	0.626	0.105
0.732	0.081	0.061	0.126
0.124	0.092	0.661	0.123
0.149	0.590	0.145	0.116
0.149	0.620	0.099	0.132
0.174	0.537	0.125	0.164
0.147	0.102	0.634	0.117
0.119	0.668	0.100	0.113
0.740	0.076	0.068	0.116
0.143	0.088	0.700	0.069
0.720	0.100	0.079	0.101
>GGTCGACCCACA	4-GGTCGACCCACA	8.958218	-28.796629	0	T:30.0(2.32%),B:148.6(0.43%),P:1e-12	Tpos:115.4,Tstd:53.2,Bpos:107.8,Bstd:54.2,StrandBias:0.1,Multiplicity:1.00
0.040	0.040	0.880	0.040
0.079	0.039	0.881	0.001
0.040	0.079	0.040	0.841
0.118	0.723	0.001	0.158
0.118	0.039	0.842	0.001
0.841	0.079	0.040	0.040
0.122	0.876	0.001	0.001
0.158	0.683	0.119	0.040
0.079	0.763	0.079	0.079
0.921	0.001	0.039	0.039
0.078	0.920	0.001	0.001
0.837	0.040	0.040	0.083
>TGCGCATTGATA	5-TGCGCATTGATA	13.372837	-28.662640	0	T:11.0(0.85%),B:10.9(0.03%),P:1e-12	Tpos:91.5,Tstd:45.6,Bpos:93.2,Bstd:48.0,StrandBias:-0.8,Multiplicity:1.00
0.001	0.092	0.001	0.906
0.001	0.001	0.997	0.001
0.001	0.997	0.001	0.001
0.092	0.001	0.906	0.001
0.115	0.883	0.001	0.001
0.997	0.001	0.001	0.001
0.001	0.001	0.115	0.883
0.001	0.115	0.001	0.883
0.001	0.001	0.997	0.001
0.767	0.116	0.001	0.116
0.001	0.001	0.001	0.997
0.883	0.115	0.001	0.001
>CTATTTTCCTAA	6-CTATTTTCCTAA	13.651072	-28.195232	0	T:8.0(0.62%),B:3.7(0.01%),P:1e-12	Tpos:140.5,Tstd:36.0,Bpos:107.4,Bstd:26.1,StrandBias:0.0,Multiplicity:1.00
0.076	0.795	0.128	0.001
0.001	0.001	0.001	0.997
0.997	0.001	0.001	0.001
0.001	0.001	0.001	0.997
0.001	0.001	0.001	0.997
0.001	0.001	0.001	0.997
0.127	0.001	0.001	0.871
0.001	0.997	0.001	0.001
0.128	0.589	0.282	0.001
0.001	0.001	0.001	0.997
0.871	0.001	0.127	0.001
0.997	0.001	0.001	0.001
>ATGGCGGCTGCC	7-ATGGCGGCTGCC	8.522127	-27.059989	0	T:58.0(4.48%),B:530.6(1.54%),P:1e-11	Tpos:107.3,Tstd:44.3,Bpos:113.1,Bstd:45.4,StrandBias:0.4,Multiplicity:1.00
0.807	0.097	0.048	0.048
0.001	0.001	0.001	0.997
0.048	0.001	0.855	0.096
0.001	0.096	0.757	0.146
0.038	0.844	0.070	0.048
0.049	0.049	0.723	0.179
0.081	0.096	0.820	0.003
0.114	0.884	0.001	0.001
0.158	0.163	0.075	0.604
0.002	0.080	0.884	0.034
0.045	0.760	0.049	0.146
0.001	0.874	0.124	0.001
>GGTCCTTCAACA	8-GGTCCTTCAACA	14.503922	-26.730811	0	T:7.0(0.54%),B:2.9(0.01%),P:1e-11	Tpos:86.1,Tstd:58.8,Bpos:133.2,Bstd:26.7,StrandBias:1.3,Multiplicity:1.00
0.001	0.143	0.855	0.001
0.001	0.001	0.997	0.001
0.001	0.001	0.001	0.997
0.001	0.997	0.001	0.001
0.143	0.855	0.001	0.001
0.001	0.001	0.001	0.997
0.001	0.001	0.001	0.997
0.001	0.997	0.001	0.001
0.997	0.001	0.001	0.001
0.997	0.001	0.001	0.001
0.001	0.997	0.001	0.001
0.997	0.001	0.001	0.001
>TGCATTGCGGGT	9-TGCATTGCGGGT	9.989407	-24.412882	0	T:31.0(2.39%),B:189.9(0.55%),P:1e-10	Tpos:76.6,Tstd:43.0,Bpos:87.0,Bstd:50.6,StrandBias:0.5,Multiplicity:1.00
0.148	0.001	0.001	0.850
0.074	0.074	0.849	0.003
0.001	0.997	0.001	0.001
0.792	0.001	0.148	0.059
0.001	0.001	0.133	0.865
0.001	0.002	0.001	0.996
0.001	0.088	0.837	0.074
0.074	0.703	0.001	0.222
0.001	0.348	0.518	0.133
0.050	0.001	0.816	0.133
0.074	0.001	0.851	0.074
0.003	0.050	0.001	0.946
>TTTGCGTGTCAG	10-TTTGCGTGTCAG	14.503922	-23.925186	0	T:7.0(0.54%),B:3.9(0.01%),P:1e-10	Tpos:123.9,Tstd:54.9,Bpos:106.0,Bstd:75.0,StrandBias:2.6,Multiplicity:1.00
0.001	0.001	0.001	0.997
0.001	0.001	0.001	0.997
0.001	0.001	0.001	0.997
0.001	0.001	0.997	0.001
0.001	0.855	0.001	0.143
0.001	0.001	0.997	0.001
0.001	0.001	0.001	0.997
0.001	0.001	0.997	0.001
0.001	0.001	0.001	0.997
0.001	0.997	0.001	0.001
0.855	0.001	0.001	0.143
0.001	0.001	0.997	0.001
>CCTCCGTGCTAA	11-CCTCCGTGCTAA	14.524146	-23.925186	0	T:7.0(0.54%),B:3.9(0.01%),P:1e-10	Tpos:108.9,Tstd:54.6,Bpos:76.0,Bstd:46.6,StrandBias:-1.3,Multiplicity:1.00
0.001	0.997	0.001	0.001
0.001	0.997	0.001	0.001
0.001	0.001	0.001	0.997
0.001	0.807	0.191	0.001
0.001	0.997	0.001	0.001
0.191	0.001	0.807	0.001
0.001	0.001	0.001	0.997
0.001	0.001	0.997	0.001
0.191	0.807	0.001	0.001
0.001	0.001	0.001	0.997
0.997	0.001	0.001	0.001
0.997	0.001	0.001	0.001
>AAATCCGAAACC	12-AAATCCGAAACC	8.945528	-23.739458	0	T:46.0(3.55%),B:395.1(1.15%),P:1e-10	Tpos:78.9,Tstd:46.1,Bpos:92.5,Bstd:54.0,StrandBias:1.4,Multiplicity:1.02
0.792	0.061	0.117	0.030
0.920	0.020	0.001	0.059
0.953	0.029	0.017	0.001
0.091	0.029	0.001	0.879
0.053	0.769	0.119	0.059
0.190	0.650	0.059	0.101
0.089	0.059	0.763	0.089
0.941	0.029	0.029	0.001
0.881	0.059	0.030	0.030
0.891	0.059	0.030	0.020
0.149	0.703	0.089	0.059
0.043	0.868	0.030	0.059
>AGACAGTAGAGA	13-AGACAGTAGAGA	11.347269	-22.289321	0	T:15.0(1.16%),B:43.1(0.13%),P:1e-9	Tpos:102.9,Tstd:50.7,Bpos:108.7,Bstd:54.1,StrandBias:0.7,Multiplicity:1.07
0.708	0.001	0.290	0.001
0.001	0.001	0.997	0.001
0.500	0.305	0.001	0.194
0.108	0.600	0.001	0.291
0.997	0.001	0.001	0.001
0.193	0.001	0.805	0.001
0.001	0.001	0.001	0.997
0.997	0.001	0.001	0.001
0.097	0.001	0.805	0.097
0.805	0.001	0.001	0.193
0.001	0.001	0.997	0.001
0.805	0.001	0.001	0.193
>ATGGAHGACGCC	14-ATGGAHGACGCC	9.061247	-22.270769	0	T:37.0(2.86%),B:285.3(0.83%),P:1e-9	Tpos:91.5,Tstd:56.3,Bpos:113.3,Bstd:48.5,StrandBias:0.9,Multiplicity:1.00
0.429	0.230	0.079	0.263
0.001	0.058	0.001	0.940
0.001	0.001	0.699	0.299
0.001	0.117	0.881	0.001
0.925	0.001	0.001	0.073
0.295	0.391	0.001	0.312
0.037	0.073	0.889	0.001
0.925	0.001	0.073	0.001
0.147	0.815	0.001	0.037
0.001	0.037	0.777	0.185
0.211	0.751	0.037	0.001
0.148	0.778	0.037	0.037
>ATGTCATCACTA	15-ATGTCATCACTA	10.579223	-21.657076	0	T:22.0(1.70%),B:108.6(0.31%),P:1e-9	Tpos:106.8,Tstd:49.6,Bpos:96.1,Bstd:51.9,StrandBias:-0.8,Multiplicity:1.14
0.905	0.032	0.019	0.044
0.095	0.031	0.001	0.873
0.020	0.064	0.820	0.096
0.064	0.032	0.057	0.847
0.001	0.872	0.095	0.032
0.935	0.001	0.063	0.001
0.114	0.064	0.095	0.727
0.089	0.879	0.001	0.031
0.967	0.001	0.001	0.031
0.134	0.485	0.149	0.232
0.020	0.033	0.032	0.915
0.783	0.022	0.032	0.163
>CGAAGGACTACA	16-CGAAGGACTACA	13.738592	-21.237892	0	T:5.0(0.39%),B:1.1(0.00%),P:1e-9	Tpos:94.6,Tstd:55.7,Bpos:87.5,Bstd:39.7,StrandBias:-2.2,Multiplicity:2.20
0.077	0.921	0.001	0.001
0.001	0.001	0.921	0.077
0.997	0.001	0.001	0.001
0.997	0.001	0.001	0.001
0.077	0.001	0.921	0.001
0.001	0.001	0.997	0.001
0.997	0.001	0.001	0.001
0.001	0.997	0.001	0.001
0.061	0.001	0.001	0.937
0.997	0.001	0.001	0.001
0.001	0.997	0.001	0.001
0.921	0.001	0.001	0.077
>ATGAGCACAATC	17-ATGAGCACAATC	12.355432	-21.237892	0	T:5.0(0.39%),B:1.1(0.00%),P:1e-9	Tpos:67.0,Tstd:53.1,Bpos:141.0,Bstd:0.0,StrandBias:10.0,Multiplicity:1.00
0.700	0.100	0.100	0.100
0.100	0.100	0.100	0.700
0.100	0.100	0.700	0.100
0.700	0.100	0.100	0.100
0.100	0.100	0.700	0.100
0.100	0.700	0.100	0.100
0.700	0.100	0.100	0.100
0.100	0.700	0.100	0.100
0.700	0.100	0.100	0.100
0.700	0.100	0.100	0.100
0.100	0.100	0.100	0.700
0.100	0.700	0.100	0.100
>GGMTATCAGGAA	18-GGMTATCAGGAA	11.140372	-21.219317	0	T:12.0(0.93%),B:26.2(0.08%),P:1e-9	Tpos:102.8,Tstd:49.6,Bpos:101.5,Bstd:53.5,StrandBias:0.6,Multiplicity:1.25
0.096	0.001	0.902	0.001
0.120	0.097	0.485	0.298
0.485	0.417	0.001	0.097
0.097	0.098	0.001	0.804
0.902	0.096	0.001	0.001
0.001	0.096	0.001	0.902
0.001	0.805	0.001	0.193
0.997	0.001	0.001	0.001
0.097	0.001	0.901	0.001
0.001	0.198	0.800	0.001
0.997	0.001	0.001	0.001
0.902	0.096	0.001	0.001
>AGAGATCTCTTG	19-AGAGATCTCTTG	13.857843	-20.414619	0	T:7.0(0.54%),B:5.6(0.02%),P:1e-8	Tpos:110.2,Tstd:62.8,Bpos:106.2,Bstd:59.1,StrandBias:-0.3,Multiplicity:1.00
0.856	0.001	0.001	0.142
0.001	0.001	0.997	0.001
0.997	0.001	0.001	0.001
0.143	0.001	0.713	0.143
0.997	0.001	0.001	0.001
0.001	0.001	0.001	0.997
0.142	0.856	0.001	0.001
0.001	0.001	0.001	0.997
0.001	0.856	0.001	0.142
0.001	0.001	0.001	0.997
0.001	0.001	0.001	0.997
0.001	0.001	0.856	0.142
>CAAAGAAATCTG	20-CAAAGAAATCTG	9.278328	-18.625195	0	T:43.0(3.32%),B:419.9(1.22%),P:1e-8	Tpos:89.8,Tstd:64.1,Bpos:98.5,Bstd:56.0,StrandBias:0.8,Multiplicity:1.02
0.099	0.734	0.066	0.101
0.866	0.035	0.066	0.033
0.802	0.033	0.066	0.099
0.801	0.066	0.001	0.132
0.066	0.066	0.835	0.033
0.966	0.032	0.001	0.001
0.899	0.035	0.033	0.033
0.834	0.132	0.001	0.033
0.033	0.033	0.033	0.901
0.033	0.802	0.066	0.099
0.132	0.033	0.033	0.802
0.099	0.099	0.769	0.033
>CAAATTTTGGAA	21-CAAATTTTGGAA	9.743943	-16.494342	0	T:33.0(2.55%),B:296.9(0.86%),P:1e-7	Tpos:99.1,Tstd:57.6,Bpos:95.0,Bstd:58.1,StrandBias:0.8,Multiplicity:1.00
0.077	0.774	0.078	0.071
0.851	0.071	0.001	0.077
0.883	0.077	0.001	0.039
0.882	0.039	0.001	0.078
0.011	0.001	0.001	0.987
0.117	0.116	0.079	0.688
0.117	0.116	0.109	0.658
0.039	0.077	0.001	0.883
0.039	0.001	0.958	0.002
0.032	0.078	0.889	0.001
0.805	0.039	0.039	0.117
0.727	0.039	0.078	0.156
>GCAKTTTTCATY	22-GCAKTTTTCATY	12.177617	-14.253996	0	T:15.0(1.16%),B:80.7(0.23%),P:1e-6	Tpos:94.5,Tstd:52.8,Bpos:93.3,Bstd:53.3,StrandBias:-0.5,Multiplicity:1.27
0.415	0.001	0.583	0.001
0.001	0.997	0.001	0.001
0.901	0.001	0.001	0.097
0.001	0.001	0.430	0.568
0.001	0.001	0.001	0.997
0.001	0.001	0.001	0.997
0.001	0.001	0.001	0.997
0.001	0.123	0.197	0.679
0.001	0.997	0.001	0.001
0.737	0.001	0.001	0.261
0.001	0.001	0.001	0.997
0.111	0.356	0.124	0.409
>CCAACTSGCCCG	23-CCAACTSGCCCG	11.600287	-11.758068	0	T:6.0(0.46%),B:12.6(0.04%),P:1e-5	Tpos:157.8,Tstd:22.0,Bpos:104.9,Bstd:57.3,StrandBias:-1.0,Multiplicity:1.50
0.188	0.810	0.001	0.001
0.001	0.810	0.001	0.188
0.997	0.001	0.001	0.001
0.810	0.188	0.001	0.001
0.001	0.997	0.001	0.001
0.001	0.001	0.001	0.997
0.001	0.434	0.377	0.188
0.001	0.001	0.810	0.188
0.001	0.997	0.001	0.001
0.188	0.623	0.001	0.188
0.188	0.810	0.001	0.001
0.001	0.001	0.997	0.001
>GACTGTAAAGAT	24-GACTGTAAAGAT	14.089176	-11.669054	0	T:3.0(0.23%),B:1.1(0.00%),P:1e-5	Tpos:88.9,Tstd:55.1,Bpos:49.0,Bstd:15.9,StrandBias:3.2,Multiplicity:3.33
0.001	0.001	0.997	0.001
0.997	0.001	0.001	0.001
0.001	0.997	0.001	0.001
0.001	0.001	0.001	0.997
0.001	0.001	0.997	0.001
0.001	0.081	0.001	0.917
0.997	0.001	0.001	0.001
0.997	0.001	0.001	0.001
0.997	0.001	0.001	0.001
0.001	0.001	0.997	0.001
0.997	0.001	0.001	0.001
0.001	0.001	0.001	0.997
>ACAACTACTACT	25-ACAACTACTACT	10.211219	-8.855118	0	T:18.0(1.39%),B:173.9(0.50%),P:1e-3	Tpos:99.0,Tstd:41.1,Bpos:99.0,Bstd:57.5,StrandBias:2.8,Multiplicity:1.00
0.640	0.120	0.120	0.120
0.255	0.743	0.001	0.001
0.607	0.247	0.120	0.026
0.997	0.001	0.001	0.001
0.251	0.740	0.006	0.003
0.005	0.001	0.001	0.993
0.873	0.001	0.001	0.125
0.120	0.874	0.005	0.001
0.374	0.001	0.001	0.624
0.997	0.001	0.001	0.001
0.001	0.748	0.001	0.250
0.120	0.001	0.126	0.753
>AAGTGCTA	1-AAGTGCTA	9.125802	-22.508624	0	T:60.0(4.63%),B:630.0(1.83%),P:1e-9	Tpos:111.1,Tstd:63.4,Bpos:99.9,Bstd:58.4,StrandBias:0.3,Multiplicity:1.07
0.911	0.001	0.001	0.087
0.997	0.001	0.001	0.001
0.001	0.001	0.997	0.001
0.001	0.001	0.001	0.997
0.001	0.001	0.997	0.001
0.001	0.777	0.001	0.221
0.001	0.001	0.001	0.997
0.707	0.001	0.001	0.291
>TGCGTATG	2-TGCGTATG	7.261428	-20.117327	0	T:129.0(9.96%),B:1983.6(5.75%),P:1e-8	Tpos:96.5,Tstd:51.4,Bpos:93.4,Bstd:54.1,StrandBias:0.3,Multiplicity:1.09
0.001	0.045	0.001	0.953
0.001	0.244	0.754	0.001
0.053	0.945	0.001	0.001
0.001	0.238	0.760	0.001
0.001	0.335	0.001	0.663
0.914	0.084	0.001	0.001
0.265	0.201	0.001	0.533
0.001	0.001	0.824	0.174
>GTCGACYC	3-GTCGACYC	9.535465	-19.386828	0	T:37.0(2.86%),B:318.8(0.92%),P:1e-8	Tpos:94.4,Tstd:58.8,Bpos:105.5,Bstd:53.2,StrandBias:0.3,Multiplicity:1.00
0.001	0.001	0.997	0.001
0.405	0.001	0.001	0.593
0.001	0.997	0.001	0.001
0.001	0.001	0.997	0.001
0.997	0.001	0.001	0.001
0.001	0.997	0.001	0.001
0.001	0.467	0.001	0.531
0.001	0.997	0.001	0.001
>TGKAGGCC	4-TGKAGGCC	3.248384	-13.283692	0	T:294.0(22.70%),B:6067.2(17.59%),P:1e-5	Tpos:98.0,Tstd:57.7,Bpos:101.4,Bstd:56.8,StrandBias:-0.1,Multiplicity:1.17
0.001	0.001	0.001	0.997
0.001	0.001	0.955	0.043
0.001	0.001	0.471	0.527
0.997	0.001	0.001	0.001
0.001	0.039	0.959	0.001
0.132	0.001	0.858	0.009
0.001	0.612	0.386	0.001
0.001	0.953	0.001	0.045
>GTCCCGAA	5-GTCCCGAA	8.236954	-5.995407	0	T:9.0(0.69%),B:75.1(0.22%),P:1e-2	Tpos:112.1,Tstd:52.2,Bpos:108.7,Bstd:58.4,StrandBias:-1.1,Multiplicity:1.78
0.100	0.100	0.700	0.100
0.100	0.100	0.100	0.700
0.100	0.700	0.100	0.100
0.100	0.700	0.100	0.100
0.100	0.700	0.100	0.100
0.100	0.100	0.700	0.100
0.700	0.100	0.100	0.100
0.700	0.100	0.100	0.100
