>GTGATATCGT	1-GTGATATCGT	9.551182	-25.363162	0	T:36.0(2.78%),B:242.5(0.70%),P:1e-11	Tpos:94.5,Tstd:60.0,Bpos:99.0,Bstd:55.9,StrandBias:0.8,Multiplicity:1.00
0.299	0.001	0.699	0.001
0.291	0.001	0.001	0.707
0.001	0.001	0.997	0.001
0.824	0.001	0.001	0.174
0.001	0.072	0.122	0.805
0.570	0.120	0.016	0.294
0.001	0.001	0.001	0.997
0.044	0.875	0.080	0.001
0.207	0.099	0.597	0.097
0.007	0.080	0.001	0.912
>CACCACCACA	2-CACCACCACA	8.776912	-24.483991	0	T:41.0(3.17%),B:316.3(0.92%),P:1e-10	Tpos:116.6,Tstd:53.7,Bpos:106.6,Bstd:55.3,StrandBias:0.1,Multiplicity:1.07
0.022	0.957	0.001	0.020
0.942	0.001	0.056	0.001
0.011	0.987	0.001	0.001
0.050	0.851	0.098	0.001
0.964	0.001	0.001	0.034
0.076	0.851	0.001	0.072
0.082	0.865	0.052	0.001
0.854	0.098	0.047	0.001
0.122	0.801	0.076	0.001
0.959	0.001	0.039	0.001
>GCGCGTHAGG	3-GCGCGTHAGG	8.207136	-23.442634	0	T:29.0(2.24%),B:173.1(0.50%),P:1e-10	Tpos:104.7,Tstd:44.9,Bpos:105.4,Bstd:55.9,StrandBias:0.1,Multiplicity:1.00
0.068	0.001	0.930	0.001
0.001	0.997	0.001	0.001
0.137	0.001	0.808	0.054
0.001	0.665	0.001	0.333
0.001	0.001	0.997	0.001
0.047	0.137	0.069	0.747
0.253	0.348	0.001	0.398
0.877	0.068	0.054	0.001
0.069	0.069	0.793	0.069
0.068	0.001	0.863	0.068
>GTGGGTCGAC	4-GTGGGTCGAC	10.580115	-23.366462	0	T:13.0(1.00%),B:27.1(0.08%),P:1e-10	Tpos:111.8,Tstd:54.5,Bpos:123.5,Bstd:55.4,StrandBias:-1.6,Multiplicity:1.00
0.001	0.106	0.892	0.001
0.135	0.135	0.001	0.729
0.064	0.001	0.934	0.001
0.001	0.001	0.997	0.001
0.001	0.001	0.918	0.080
0.001	0.001	0.001	0.997
0.001	0.997	0.001	0.001
0.001	0.001	0.997	0.001
0.997	0.001	0.001	0.001
0.001	0.997	0.001	0.001
>CRABCACGRG	5-CRABCACGRG	6.261478	-23.292532	0	T:41.0(3.17%),B:329.0(0.95%),P:1e-10	Tpos:124.8,Tstd:50.0,Bpos:97.4,Bstd:56.5,StrandBias:-0.5,Multiplicity:1.10
0.055	0.776	0.060	0.109
0.320	0.220	0.415	0.045
0.502	0.089	0.335	0.074
0.093	0.251	0.335	0.321
0.067	0.517	0.086	0.330
0.541	0.291	0.104	0.064
0.148	0.651	0.081	0.120
0.038	0.087	0.536	0.339
0.446	0.070	0.306	0.178
0.023	0.107	0.548	0.322
>CGTCGATTAT	6-CGTCGATTAT	9.068085	-20.963801	0	T:13.0(1.00%),B:33.8(0.10%),P:1e-9	Tpos:130.9,Tstd:43.4,Bpos:106.0,Bstd:50.9,StrandBias:0.2,Multiplicity:1.00
0.192	0.806	0.001	0.001
0.001	0.001	0.880	0.118
0.001	0.001	0.001	0.997
0.001	0.997	0.001	0.001
0.001	0.001	0.997	0.001
0.997	0.001	0.001	0.001
0.001	0.001	0.001	0.997
0.001	0.001	0.001	0.997
0.997	0.001	0.001	0.001
0.001	0.050	0.001	0.948
>BYGMATTHCT	7-BYGMATTHCT	6.530085	-20.838584	0	T:60.0(4.63%),B:659.8(1.91%),P:1e-9	Tpos:96.6,Tstd:56.9,Bpos:101.7,Bstd:57.3,StrandBias:-0.7,Multiplicity:1.07
0.001	0.320	0.282	0.397
0.001	0.508	0.042	0.449
0.001	0.407	0.590	0.002
0.423	0.273	0.150	0.153
0.736	0.262	0.001	0.001
0.001	0.269	0.210	0.520
0.001	0.299	0.153	0.547
0.278	0.410	0.001	0.310
0.001	0.647	0.150	0.202
0.001	0.122	0.337	0.540
>ACTTGGAAGA	8-ACTTGGAAGA	9.123676	-17.939080	0	T:39.0(3.01%),B:367.6(1.07%),P:1e-7	Tpos:101.8,Tstd:56.4,Bpos:110.4,Bstd:52.8,StrandBias:0.7,Multiplicity:1.03
0.871	0.095	0.001	0.033
0.042	0.885	0.051	0.022
0.028	0.033	0.044	0.895
0.001	0.039	0.001	0.959
0.001	0.001	0.997	0.001
0.084	0.001	0.878	0.037
0.824	0.174	0.001	0.001
0.906	0.035	0.028	0.031
0.001	0.014	0.945	0.040
0.861	0.044	0.044	0.051
>CGTCGCGCTR	9-CGTCGCGCTR	9.645519	-17.010315	0	T:14.0(1.08%),B:55.4(0.16%),P:1e-7	Tpos:94.7,Tstd:52.2,Bpos:87.6,Bstd:55.4,StrandBias:0.8,Multiplicity:1.00
0.001	0.997	0.001	0.001
0.004	0.001	0.907	0.088
0.109	0.001	0.001	0.889
0.073	0.825	0.001	0.101
0.080	0.123	0.786	0.011
0.149	0.767	0.001	0.083
0.074	0.001	0.924	0.001
0.001	0.995	0.001	0.003
0.083	0.001	0.123	0.793
0.442	0.073	0.483	0.001
>GTCCYKCAAC	10-GTCCYKCAAC	8.639583	-16.882138	0	T:27.0(2.08%),B:206.3(0.60%),P:1e-7	Tpos:105.1,Tstd:58.0,Bpos:107.8,Bstd:59.2,StrandBias:0.1,Multiplicity:1.00
0.103	0.066	0.830	0.001
0.001	0.085	0.133	0.781
0.079	0.839	0.081	0.001
0.001	0.940	0.001	0.058
0.050	0.467	0.001	0.483
0.001	0.001	0.574	0.424
0.001	0.629	0.001	0.369
0.909	0.001	0.089	0.001
0.795	0.150	0.054	0.001
0.001	0.866	0.001	0.132
>CATAATGCAC	11-CATAATGCAC	7.407622	-16.815116	0	T:105.0(8.11%),B:1605.3(4.65%),P:1e-7	Tpos:94.2,Tstd:50.7,Bpos:95.9,Bstd:52.7,StrandBias:-0.2,Multiplicity:1.09
0.079	0.788	0.066	0.067
0.816	0.173	0.010	0.001
0.001	0.152	0.025	0.822
0.547	0.176	0.220	0.057
0.906	0.092	0.001	0.001
0.001	0.001	0.001	0.997
0.065	0.076	0.811	0.048
0.081	0.827	0.075	0.017
0.790	0.172	0.002	0.036
0.108	0.699	0.116	0.077
>AGATTACCGC	12-AGATTACCGC	10.296193	-16.341828	0	T:4.0(0.31%),B:1.9(0.01%),P:1e-7	Tpos:90.0,Tstd:59.8,Bpos:102.3,Bstd:44.0,StrandBias:1.6,Multiplicity:1.00
0.700	0.100	0.100	0.100
0.100	0.100	0.700	0.100
0.700	0.100	0.100	0.100
0.100	0.100	0.100	0.700
0.100	0.100	0.100	0.700
0.700	0.100	0.100	0.100
0.100	0.700	0.100	0.100
0.100	0.700	0.100	0.100
0.100	0.100	0.700	0.100
0.100	0.700	0.100	0.100
>TAGTCCAATT	13-TAGTCCAATT	10.036186	-16.077707	0	T:9.0(0.69%),B:20.7(0.06%),P:1e-6	Tpos:72.6,Tstd:51.5,Bpos:91.6,Bstd:55.0,StrandBias:-1.6,Multiplicity:1.00
0.001	0.001	0.001	0.997
0.997	0.001	0.001	0.001
0.001	0.001	0.997	0.001
0.001	0.001	0.001	0.997
0.001	0.997	0.001	0.001
0.001	0.804	0.001	0.194
0.997	0.001	0.001	0.001
0.997	0.001	0.001	0.001
0.001	0.001	0.001	0.997
0.001	0.001	0.115	0.883
>TGCTCTAAGC	14-TGCTCTAAGC	10.296193	-15.807049	0	T:5.0(0.39%),B:3.3(0.01%),P:1e-6	Tpos:116.6,Tstd:38.1,Bpos:103.8,Bstd:28.2,StrandBias:2.0,Multiplicity:1.00
0.100	0.100	0.100	0.700
0.100	0.100	0.700	0.100
0.100	0.700	0.100	0.100
0.100	0.100	0.100	0.700
0.100	0.700	0.100	0.100
0.100	0.100	0.100	0.700
0.700	0.100	0.100	0.100
0.700	0.100	0.100	0.100
0.100	0.100	0.700	0.100
0.100	0.700	0.100	0.100
>TACGAGAAGG	15-TACGAGAAGG	10.296193	-15.807049	0	T:5.0(0.39%),B:3.7(0.01%),P:1e-6	Tpos:114.8,Tstd:19.4,Bpos:138.0,Bstd:53.2,StrandBias:-2.0,Multiplicity:1.00
0.100	0.100	0.100	0.700
0.700	0.100	0.100	0.100
0.100	0.700	0.100	0.100
0.100	0.100	0.700	0.100
0.700	0.100	0.100	0.100
0.100	0.100	0.700	0.100
0.700	0.100	0.100	0.100
0.700	0.100	0.100	0.100
0.100	0.100	0.700	0.100
0.100	0.100	0.700	0.100
>GACTTTCGAG	16-GACTTTCGAG	10.296193	-15.807049	0	T:5.0(0.39%),B:3.4(0.01%),P:1e-6	Tpos:97.6,Tstd:55.7,Bpos:98.5,Bstd:16.1,StrandBias:0.6,Multiplicity:1.00
0.100	0.100	0.700	0.100
0.700	0.100	0.100	0.100
0.100	0.700	0.100	0.100
0.100	0.100	0.100	0.700
0.100	0.100	0.100	0.700
0.100	0.100	0.100	0.700
0.100	0.700	0.100	0.100
0.100	0.100	0.700	0.100
0.700	0.100	0.100	0.100
0.100	0.100	0.700	0.100
>GGCGTCTACC	17-GGCGTCTACC	10.296193	-14.399707	0	T:5.0(0.39%),B:4.9(0.01%),P:1e-6	Tpos:150.6,Tstd:31.5,Bpos:58.0,Bstd:5.8,StrandBias:2.0,Multiplicity:1.00
0.100	0.100	0.700	0.100
0.100	0.100	0.700	0.100
0.100	0.700	0.100	0.100
0.100	0.100	0.700	0.100
0.100	0.100	0.100	0.700
0.100	0.700	0.100	0.100
0.100	0.100	0.100	0.700
0.700	0.100	0.100	0.100
0.100	0.700	0.100	0.100
0.100	0.700	0.100	0.100
>CTTCTAAGGA	18-CTTCTAAGGA	10.296193	-14.399707	0	T:5.0(0.39%),B:4.6(0.01%),P:1e-6	Tpos:119.2,Tstd:17.5,Bpos:116.1,Bstd:27.2,StrandBias:-0.6,Multiplicity:1.00
0.100	0.700	0.100	0.100
0.100	0.100	0.100	0.700
0.100	0.100	0.100	0.700
0.100	0.700	0.100	0.100
0.100	0.100	0.100	0.700
0.700	0.100	0.100	0.100
0.700	0.100	0.100	0.100
0.100	0.100	0.700	0.100
0.100	0.100	0.700	0.100
0.700	0.100	0.100	0.100
>AGGATAATCT	19-AGGATAATCT	12.321774	-13.315030	0	T:5.0(0.39%),B:5.2(0.01%),P:1e-5	Tpos:79.0,Tstd:56.7,Bpos:98.1,Bstd:57.5,StrandBias:-0.6,Multiplicity:1.00
0.997	0.001	0.001	0.001
0.001	0.001	0.997	0.001
0.001	0.001	0.997	0.001
0.997	0.001	0.001	0.001
0.001	0.001	0.001	0.997
0.997	0.001	0.001	0.001
0.778	0.001	0.220	0.001
0.001	0.001	0.001	0.997
0.001	0.997	0.001	0.001
0.001	0.001	0.001	0.997
>AGCATCGGCC	20-AGCATCGGCC	10.296193	-13.315030	0	T:5.0(0.39%),B:5.9(0.02%),P:1e-5	Tpos:82.6,Tstd:61.5,Bpos:90.0,Bstd:51.1,StrandBias:2.0,Multiplicity:1.00
0.700	0.100	0.100	0.100
0.100	0.100	0.700	0.100
0.100	0.700	0.100	0.100
0.700	0.100	0.100	0.100
0.100	0.100	0.100	0.700
0.100	0.700	0.100	0.100
0.100	0.100	0.700	0.100
0.100	0.100	0.700	0.100
0.100	0.700	0.100	0.100
0.100	0.700	0.100	0.100
>GTCCTTCGGG	21-GTCCTTCGGG	10.296193	-11.669054	0	T:3.0(0.23%),B:1.9(0.01%),P:1e-5	Tpos:96.7,Tstd:57.7,Bpos:77.8,Bstd:62.5,StrandBias:10.0,Multiplicity:3.33
0.100	0.100	0.700	0.100
0.100	0.100	0.100	0.700
0.100	0.700	0.100	0.100
0.100	0.700	0.100	0.100
0.100	0.100	0.100	0.700
0.100	0.100	0.100	0.700
0.100	0.700	0.100	0.100
0.100	0.100	0.700	0.100
0.100	0.100	0.700	0.100
0.100	0.100	0.700	0.100
>GGCGGTACCT	22-GGCGGTACCT	13.584873	-10.886195	0	T:4.0(0.31%),B:4.9(0.01%),P:1e-4	Tpos:86.5,Tstd:58.8,Bpos:161.0,Bstd:0.0,StrandBias:0.0,Multiplicity:1.00
0.001	0.001	0.997	0.001
0.001	0.001	0.997	0.001
0.001	0.997	0.001	0.001
0.001	0.001	0.997	0.001
0.001	0.001	0.997	0.001
0.001	0.001	0.001	0.997
0.778	0.220	0.001	0.001
0.001	0.997	0.001	0.001
0.001	0.997	0.001	0.001
0.001	0.001	0.001	0.997
>ATCCTTGTAG	23-ATCCTTGTAG	12.109930	-5.998603	0	T:3.0(0.23%),B:7.6(0.02%),P:1e-2	Tpos:98.2,Tstd:44.7,Bpos:108.4,Bstd:51.6,StrandBias:-1.0,Multiplicity:2.00
0.997	0.001	0.001	0.001
0.001	0.178	0.001	0.820
0.001	0.997	0.001	0.001
0.001	0.997	0.001	0.001
0.001	0.001	0.001	0.997
0.001	0.001	0.001	0.997
0.001	0.001	0.997	0.001
0.001	0.001	0.001	0.997
0.997	0.001	0.001	0.001
0.001	0.001	0.997	0.001
>GTAAAGATGG	24-GTAAAGATGG	4.458463	-5.151329	0	T:1114.0(86.02%),B:28777.5(83.42%),P:1e-2	Tpos:100.7,Tstd:53.7,Bpos:101.9,Bstd:55.4,StrandBias:0.3,Multiplicity:2.05
0.100	0.100	0.700	0.100
0.100	0.100	0.100	0.700
0.700	0.100	0.100	0.100
0.700	0.100	0.100	0.100
0.700	0.100	0.100	0.100
0.100	0.100	0.700	0.100
0.700	0.100	0.100	0.100
0.100	0.100	0.100	0.700
0.100	0.100	0.700	0.100
0.100	0.100	0.700	0.100
>AGTASTAGCA	25-AGTASTAGCA	11.247971	-3.465500	0	T:5.0(0.39%),B:46.9(0.14%),P:1e-1	Tpos:98.4,Tstd:30.3,Bpos:100.4,Bstd:61.5,StrandBias:-2.9,Multiplicity:1.00
0.802	0.001	0.196	0.001
0.001	0.001	0.997	0.001
0.382	0.008	0.001	0.609
0.997	0.001	0.001	0.001
0.001	0.443	0.555	0.001
0.001	0.001	0.027	0.971
0.848	0.101	0.001	0.050
0.001	0.158	0.799	0.042
0.001	0.584	0.001	0.414
0.997	0.001	0.001	0.001
