>TTTHTDAWTTTT	2-TTTHTDAWTTTT	6.313274	-88.905161	0	T:517.0(38.44%),B:16288.9(22.54%),P:1e-38
0.253	0.073	0.141	0.533
0.263	0.001	0.127	0.609
0.289	0.075	0.046	0.590
0.300	0.273	0.040	0.386
0.311	0.135	0.073	0.481
0.358	0.085	0.238	0.319
0.517	0.050	0.109	0.324
0.372	0.064	0.120	0.443
0.357	0.036	0.001	0.606
0.215	0.051	0.001	0.733
0.229	0.111	0.026	0.634
0.223	0.095	0.175	0.507
