>TATATATATATA	6-TATATATATATA	11.669989	-34.353873	0	T:20.0(1.49%),B:87.6(0.12%),P:1e-14
0.157	0.040	0.026	0.777
0.843	0.026	0.043	0.088
0.064	0.056	0.052	0.828
0.888	0.051	0.001	0.060
0.025	0.025	0.001	0.949
0.914	0.066	0.019	0.001
0.052	0.052	0.052	0.844
0.926	0.072	0.001	0.001
0.001	0.014	0.098	0.887
0.884	0.052	0.017	0.047
0.291	0.043	0.026	0.640
0.630	0.063	0.073	0.234
