>GGGGGGGGGGGG	15-GGGGGGGGGGGG	6.585708	-25.285623	0	T:84.0(6.25%),B:1988.9(2.75%),P:1e-10
0.059	0.033	0.604	0.304
0.133	0.117	0.529	0.221
0.136	0.100	0.559	0.205
0.285	0.017	0.477	0.221
0.050	0.033	0.709	0.208
0.096	0.033	0.854	0.017
0.001	0.049	0.934	0.016
0.026	0.050	0.864	0.060
0.099	0.049	0.851	0.001
0.115	0.085	0.799	0.001
0.118	0.041	0.708	0.133
0.232	0.090	0.510	0.168
