>NBYAAAATTTTK	1-NBYAAAATTTTK	5.638678	-94.774833	0	T:721.0(53.61%),B:25648.5(35.50%),P:1e-41
0.320	0.240	0.184	0.256
0.171	0.331	0.290	0.208
0.169	0.386	0.180	0.265
0.463	0.131	0.160	0.247
0.915	0.068	0.001	0.016
0.755	0.049	0.097	0.099
0.701	0.001	0.001	0.297
0.302	0.001	0.047	0.650
0.075	0.001	0.001	0.923
0.020	0.158	0.106	0.716
0.096	0.094	0.069	0.741
0.069	0.187	0.345	0.399
