>CGTTGTCGACAA	11-TTGTCGACAACG	7.068151	-23.412481	0	T:84.0(12.07%),B:1965.8(5.62%),P:1e-10
0.125	0.650	0.122	0.103
0.152	0.099	0.615	0.134
0.133	0.059	0.077	0.731
0.057	0.071	0.029	0.843
0.079	0.056	0.806	0.059
0.091	0.051	0.086	0.772
0.086	0.704	0.044	0.166
0.060	0.108	0.710	0.122
0.774	0.074	0.047	0.105
0.096	0.762	0.086	0.056
0.840	0.056	0.068	0.036
0.795	0.058	0.064	0.083
