>SWACGMTGTTGA	17-SWACGMTGTTGA,BestGuess:Mafb/MA0117.2/Jaspar(0.601)	9.790536	-20.121711	0	T:19.0(2.73%),B:164.8(0.47%),P:1e-8
0.001	0.426	0.572	0.001
0.505	0.001	0.001	0.493
0.638	0.360	0.001	0.001
0.001	0.631	0.001	0.367
0.202	0.001	0.578	0.219
0.569	0.429	0.001	0.001
0.131	0.290	0.001	0.578
0.001	0.001	0.642	0.356
0.001	0.364	0.071	0.564
0.147	0.071	0.001	0.781
0.001	0.072	0.926	0.001
0.855	0.143	0.001	0.001
