>AAACTGTTGCTT	19-AAACTGTTGCTT	9.747640	-16.277614	0	T:28.0(2.19%),B:229.6(0.67%),P:1e-7
0.752	0.106	0.141	0.001
0.893	0.036	0.070	0.001
0.865	0.001	0.099	0.035
0.240	0.455	0.107	0.198
0.001	0.001	0.034	0.964
0.035	0.001	0.901	0.063
0.071	0.071	0.035	0.823
0.099	0.001	0.035	0.865
0.038	0.001	0.898	0.063
0.126	0.872	0.001	0.001
0.035	0.035	0.035	0.895
0.001	0.063	0.107	0.829
