>ACCCTCTGATCT	16-ACCCTCTGATCT,BestGuess:LEF1/MA0768.1/Jaspar(0.785)	9.168558	-20.794172	0	T:26.0(2.04%),B:160.1(0.47%),P:1e-9
0.885	0.001	0.038	0.076
0.038	0.733	0.153	0.076
0.076	0.885	0.001	0.038
0.145	0.741	0.076	0.038
0.038	0.038	0.115	0.809
0.001	0.829	0.038	0.132
0.038	0.038	0.001	0.923
0.001	0.015	0.943	0.041
0.847	0.076	0.076	0.001
0.076	0.064	0.117	0.743
0.038	0.768	0.079	0.115
0.016	0.038	0.038	0.908
