>AGATCAGAGGGT	16-ACCCTCTGATCT	9.168558	-20.794172	0	T:26.0(2.04%),B:160.1(0.47%),P:1e-9
0.908	0.038	0.038	0.016
0.115	0.079	0.768	0.038
0.743	0.117	0.064	0.076
0.001	0.076	0.076	0.847
0.041	0.943	0.015	0.001
0.923	0.001	0.038	0.038
0.132	0.038	0.829	0.001
0.809	0.115	0.038	0.038
0.038	0.076	0.741	0.145
0.038	0.001	0.885	0.076
0.076	0.153	0.733	0.038
0.076	0.038	0.001	0.885
