>TTTTTTTTTTTT	2-AAAAAAAAAAAA	7.692411	-62.325920	0	T:379.0(26.52%),B:10879.7(15.30%),P:1e-27
0.364	0.051	0.023	0.562
0.358	0.001	0.002	0.639
0.327	0.001	0.002	0.670
0.308	0.001	0.048	0.643
0.192	0.037	0.040	0.731
0.322	0.042	0.029	0.607
0.321	0.109	0.076	0.494
0.334	0.034	0.001	0.631
0.205	0.001	0.001	0.793
0.203	0.001	0.001	0.795
0.205	0.026	0.001	0.768
0.234	0.116	0.029	0.621
