>TTTTNAAAAATT	1-TTTTNAAAAATT	6.449411	-83.468262	0	T:660.0(46.19%),B:21480.6(30.21%),P:1e-36
0.166	0.001	0.005	0.828
0.001	0.012	0.060	0.927
0.104	0.086	0.120	0.690
0.098	0.203	0.166	0.533
0.329	0.273	0.182	0.216
0.486	0.229	0.124	0.160
0.725	0.058	0.190	0.027
0.906	0.046	0.032	0.016
0.832	0.006	0.024	0.138
0.624	0.060	0.017	0.299
0.238	0.042	0.073	0.647
0.153	0.024	0.117	0.706
