>AAACTTTATTTT	4-AAACTTTATTTT	9.325595	-56.471973	0	T:107.0(7.49%),B:1648.9(2.32%),P:1e-24
0.854	0.026	0.045	0.075
0.828	0.043	0.037	0.092
0.896	0.054	0.027	0.023
0.046	0.840	0.063	0.051
0.062	0.001	0.090	0.847
0.047	0.046	0.078	0.829
0.081	0.042	0.082	0.795
0.808	0.040	0.063	0.089
0.078	0.038	0.007	0.877
0.100	0.012	0.067	0.821
0.075	0.066	0.040	0.819
0.027	0.124	0.058	0.791
