>AAAAAAAAAAAA	2-AAAAAAAAAAAA,BestGuess:ZNF384/MA1125.1/Jaspar(0.767)	7.692411	-62.325920	0	T:379.0(26.52%),B:10879.7(15.30%),P:1e-27
0.621	0.029	0.116	0.234
0.768	0.001	0.026	0.205
0.795	0.001	0.001	0.203
0.793	0.001	0.001	0.205
0.631	0.001	0.034	0.334
0.494	0.076	0.109	0.321
0.607	0.029	0.042	0.322
0.731	0.040	0.037	0.192
0.643	0.048	0.001	0.308
0.670	0.002	0.001	0.327
0.639	0.002	0.001	0.358
0.562	0.023	0.051	0.364
