>CCCCCCCCCCCC	12-GGGGGGGGGGGG	6.729462	-31.119371	0	T:83.0(5.81%),B:1610.5(2.26%),P:1e-13
0.100	0.649	0.116	0.135
0.091	0.677	0.067	0.165
0.138	0.752	0.036	0.074
0.079	0.845	0.030	0.046
0.068	0.821	0.007	0.104
0.050	0.881	0.007	0.062
0.054	0.822	0.052	0.072
0.050	0.801	0.007	0.142
0.080	0.786	0.030	0.104
0.092	0.671	0.055	0.182
0.154	0.587	0.125	0.134
0.144	0.709	0.141	0.006
