>TRTGTGTGTGTG	25-TRTGTGTGTGTG,BestGuess:Egr1(Zf)/K562-Egr1-ChIP-Seq(GSE32465)/Homer(0.668)	10.980992	-11.354751	0	T:27.0(1.89%),B:518.4(0.73%),P:1e-4
0.053	0.001	0.001	0.945
0.387	0.153	0.459	0.001
0.039	0.001	0.001	0.959
0.051	0.038	0.880	0.031
0.053	0.001	0.001	0.945
0.174	0.001	0.777	0.048
0.056	0.001	0.001	0.942
0.054	0.001	0.904	0.041
0.234	0.172	0.072	0.522
0.301	0.001	0.697	0.001
0.035	0.001	0.125	0.839
0.108	0.001	0.890	0.001
