>TACTACTACTAC	22-TACTACTACTAC	7.243009	-17.275245	0	T:105.0(7.35%),B:2965.1(4.17%),P:1e-7
0.168	0.192	0.011	0.629
0.767	0.022	0.056	0.155
0.069	0.666	0.065	0.200
0.047	0.022	0.001	0.930
0.558	0.022	0.207	0.213
0.034	0.833	0.043	0.090
0.285	0.022	0.001	0.692
0.627	0.034	0.139	0.200
0.011	0.724	0.209	0.056
0.056	0.011	0.022	0.911
0.585	0.011	0.170	0.234
0.112	0.788	0.099	0.001
