>HWRAGGTGTGAA	1-HWRAGGTGTGAA,BestGuess:TBX2/MA0688.1/Jaspar(0.942)	7.319721	-534.199978	0	T:1094.0(27.84%),B:7305.4(9.55%),P:1e-231
0.332	0.227	0.182	0.259
0.295	0.192	0.141	0.371
0.417	0.088	0.269	0.226
0.535	0.032	0.172	0.261
0.180	0.192	0.499	0.129
0.048	0.114	0.735	0.103
0.002	0.012	0.031	0.955
0.002	0.001	0.978	0.019
0.153	0.142	0.001	0.704
0.118	0.180	0.601	0.101
0.958	0.001	0.026	0.015
0.844	0.043	0.079	0.034
