>CCACTTCGYMCC	3-GGKRCGAAGTGG	9.940978	-183.414650	0	T:103.0(2.62%),B:139.8(0.18%),P:1e-79
0.089	0.821	0.030	0.060
0.089	0.733	0.089	0.089
0.909	0.001	0.059	0.031
0.199	0.482	0.109	0.210
0.001	0.326	0.089	0.584
0.029	0.001	0.029	0.941
0.001	0.880	0.029	0.090
0.131	0.061	0.778	0.030
0.001	0.522	0.059	0.418
0.574	0.424	0.001	0.001
0.030	0.881	0.030	0.059
0.119	0.849	0.001	0.031
