>TGGAGAACCCTG	12-TGGAGAACCCTG,BestGuess:NFATC2/MA0152.1/Jaspar(0.648)	10.018638	-47.291723	0	T:39.0(0.99%),B:102.8(0.13%),P:1e-20
0.037	0.171	0.211	0.581
0.289	0.016	0.475	0.220
0.045	0.059	0.804	0.092
0.873	0.035	0.038	0.054
0.341	0.048	0.581	0.030
0.626	0.030	0.048	0.296
0.704	0.031	0.233	0.032
0.062	0.581	0.036	0.321
0.335	0.573	0.039	0.053
0.270	0.568	0.020	0.142
0.227	0.015	0.036	0.722
0.240	0.034	0.683	0.043
