>TTATCACCTCAT	6-TTATCACCTCAT	9.730899	-68.373963	0	T:86.0(2.19%),B:359.0(0.47%),P:1e-29
0.127	0.015	0.014	0.844
0.051	0.058	0.047	0.844
0.919	0.022	0.026	0.033
0.035	0.010	0.167	0.788
0.029	0.888	0.044	0.039
0.764	0.082	0.104	0.050
0.072	0.747	0.130	0.051
0.067	0.852	0.043	0.038
0.066	0.058	0.019	0.857
0.055	0.831	0.084	0.030
0.842	0.041	0.069	0.048
0.040	0.067	0.067	0.826
