>TGTTTDTMACAC	5-TGTTTDTMACAC	8.658558	-75.063144	0	T:247.0(6.29%),B:2045.0(2.67%),P:1e-32
0.126	0.001	0.131	0.742
0.028	0.001	0.911	0.060
0.070	0.050	0.092	0.788
0.109	0.001	0.316	0.574
0.001	0.001	0.046	0.952
0.296	0.101	0.331	0.271
0.234	0.045	0.003	0.718
0.350	0.424	0.018	0.208
0.959	0.001	0.001	0.039
0.107	0.891	0.001	0.001
0.905	0.062	0.032	0.001
0.079	0.827	0.027	0.067
