>GGKRCGAAGTGG	3-GGKRCGAAGTGG,BestGuess:TBX18/MA1565.1/Jaspar(0.626)	9.940978	-183.414650	0	T:103.0(2.62%),B:139.8(0.18%),P:1e-79
0.031	0.001	0.849	0.119
0.059	0.030	0.881	0.030
0.001	0.001	0.424	0.574
0.418	0.059	0.522	0.001
0.030	0.778	0.061	0.131
0.090	0.029	0.880	0.001
0.941	0.029	0.001	0.029
0.584	0.089	0.326	0.001
0.210	0.109	0.482	0.199
0.031	0.059	0.001	0.909
0.089	0.089	0.733	0.089
0.060	0.030	0.821	0.089
