>CGAAGTGGTTTT	4-AAAACCACTTCG	11.830811	-144.590286	0	T:63.0(1.60%),B:50.3(0.07%),P:1e-62
0.069	0.691	0.172	0.068
0.069	0.034	0.692	0.205
0.931	0.001	0.001	0.067
0.549	0.068	0.313	0.070
0.035	0.172	0.690	0.103
0.206	0.001	0.001	0.792
0.001	0.068	0.689	0.242
0.103	0.001	0.792	0.104
0.034	0.001	0.001	0.964
0.103	0.136	0.035	0.726
0.034	0.071	0.001	0.894
0.034	0.001	0.068	0.897
