>CAGGGTTCTCCA	12-TGGAGAACCCTG	10.018638	-47.291723	0	T:39.0(0.99%),B:102.8(0.13%),P:1e-20
0.043	0.683	0.034	0.240
0.722	0.036	0.015	0.227
0.142	0.020	0.568	0.270
0.053	0.039	0.573	0.335
0.321	0.036	0.581	0.062
0.032	0.233	0.031	0.704
0.296	0.048	0.030	0.626
0.030	0.581	0.048	0.341
0.054	0.038	0.035	0.873
0.092	0.804	0.059	0.045
0.220	0.475	0.016	0.289
0.581	0.211	0.171	0.037
