>TRTGGTAAAGSA	18-TRTGGTAAAGSA,BestGuess:NFAT5/MA0606.1/Jaspar(0.622)	9.970478	-40.031880	0	T:37.0(0.94%),B:113.0(0.15%),P:1e-17
0.017	0.259	0.183	0.541
0.504	0.108	0.365	0.023
0.191	0.165	0.061	0.583
0.205	0.014	0.763	0.018
0.034	0.038	0.745	0.183
0.029	0.249	0.041	0.681
0.652	0.190	0.155	0.003
0.766	0.025	0.018	0.191
0.584	0.126	0.023	0.267
0.391	0.019	0.570	0.020
0.028	0.479	0.476	0.016
0.769	0.014	0.190	0.027
