>TCTCTCTCTGTC	21-GACAGAGAGAGA	9.196018	-14.423914	0	T:55.0(3.82%),B:628.9(1.83%),P:1e-6
0.020	0.044	0.033	0.903
0.068	0.746	0.067	0.119
0.044	0.029	0.029	0.898
0.024	0.846	0.094	0.036
0.059	0.015	0.015	0.911
0.044	0.760	0.137	0.059
0.059	0.052	0.074	0.815
0.029	0.786	0.074	0.111
0.039	0.029	0.044	0.888
0.045	0.175	0.705	0.075
0.036	0.004	0.020	0.940
0.046	0.808	0.063	0.083
