>RTTACGTAACTA	3-RTTACGTAACTA	7.812932	-32.889411	0	T:102.0(7.09%),B:1028.1(3.00%),P:1e-14
0.280	0.161	0.374	0.184
0.001	0.001	0.045	0.953
0.069	0.001	0.023	0.907
0.839	0.023	0.046	0.092
0.001	0.784	0.092	0.123
0.018	0.046	0.890	0.046
0.001	0.045	0.001	0.953
0.770	0.092	0.023	0.115
0.953	0.023	0.001	0.023
0.262	0.508	0.207	0.023
0.254	0.161	0.138	0.447
0.595	0.023	0.235	0.147
