>GTTGTGACCATA	9-TATGGTCACAAC	9.345593	-26.325118	0	T:37.0(2.57%),B:220.3(0.64%),P:1e-11
0.090	0.129	0.715	0.066
0.001	0.001	0.064	0.934
0.001	0.129	0.032	0.838
0.065	0.032	0.869	0.034
0.064	0.064	0.001	0.871
0.097	0.058	0.812	0.033
0.903	0.032	0.001	0.064
0.155	0.779	0.065	0.001
0.097	0.741	0.097	0.065
0.903	0.064	0.001	0.032
0.034	0.097	0.032	0.837
0.810	0.066	0.123	0.001
