>GACAGAGAGAGA	21-GACAGAGAGAGA,BestGuess:ZNF768(Zf)/Rajj-ZNF768-ChIP-Seq(GSE111879)/Homer(0.647)	9.196018	-14.423914	0	T:55.0(3.82%),B:628.9(1.83%),P:1e-6
0.083	0.063	0.808	0.046
0.940	0.020	0.004	0.036
0.075	0.705	0.175	0.045
0.888	0.044	0.029	0.039
0.111	0.074	0.786	0.029
0.815	0.074	0.052	0.059
0.059	0.137	0.760	0.044
0.911	0.015	0.015	0.059
0.036	0.094	0.846	0.024
0.898	0.029	0.029	0.044
0.119	0.067	0.746	0.068
0.903	0.033	0.044	0.020
