>GGATKCTGACCT	19-GGATKCTGACCT	11.230033	-17.255296	0	T:5.0(0.35%),B:2.6(0.01%),P:1e-7
0.062	0.063	0.751	0.124
0.063	0.063	0.812	0.062
0.845	0.093	0.031	0.031
0.125	0.001	0.156	0.718
0.032	0.099	0.374	0.495
0.032	0.843	0.093	0.032
0.001	0.032	0.063	0.904
0.032	0.032	0.874	0.062
0.499	0.344	0.124	0.033
0.093	0.752	0.093	0.062
0.125	0.656	0.125	0.094
0.031	0.062	0.001	0.906
