>ACCACCCAAAAT	8-ATTTTGGGTGGT	8.987017	-26.847735	0	T:46.0(3.20%),B:321.3(0.94%),P:1e-11
0.829	0.001	0.048	0.122
0.050	0.811	0.041	0.098
0.013	0.843	0.063	0.081
0.852	0.073	0.049	0.026
0.058	0.791	0.037	0.114
0.159	0.693	0.049	0.099
0.068	0.907	0.024	0.001
0.900	0.024	0.050	0.026
0.805	0.073	0.049	0.073
0.878	0.048	0.001	0.073
0.864	0.063	0.049	0.024
0.092	0.024	0.049	0.835
