>TATGGTCACAAC	9-TATGGTCACAAC,BestGuess:PB0120.1_Foxj1_2/Jaspar(0.634)	9.345593	-26.325118	0	T:37.0(2.57%),B:220.3(0.64%),P:1e-11
0.001	0.123	0.066	0.810
0.837	0.032	0.097	0.034
0.032	0.001	0.064	0.903
0.065	0.097	0.741	0.097
0.001	0.065	0.779	0.155
0.064	0.001	0.032	0.903
0.033	0.812	0.058	0.097
0.871	0.001	0.064	0.064
0.034	0.869	0.032	0.065
0.838	0.032	0.129	0.001
0.934	0.064	0.001	0.001
0.066	0.715	0.129	0.090
