>AAAAAAAAAAAA	23-AAAAAAAAAAAA	6.942266	-12.772027	0	T:258.0(17.94%),B:4677.2(13.64%),P:1e-5
0.669	0.093	0.109	0.129
0.761	0.070	0.049	0.120
0.743	0.068	0.068	0.121
0.800	0.067	0.064	0.069
0.758	0.083	0.077	0.082
0.783	0.095	0.065	0.057
0.794	0.064	0.061	0.081
0.723	0.083	0.102	0.092
0.806	0.058	0.082	0.054
0.740	0.086	0.084	0.090
0.731	0.088	0.069	0.112
0.693	0.114	0.072	0.121
