module	Motif Name	Consensus	P-value	Log P-value	q-value (Benjamini)	# of Target Sequences with Motif	% of Target Sequences with Motif	# of Background Sequences with Motif	% of Background Sequences with Motif
1	Tbx6(T-box)/ESC-Tbx6-ChIP-Seq(GSE93524)/Homer	DAGGTGTBAA	1e-164	-3.778e+02	0.0000	1238.0	31.51%	10955.0	14.32%
1	Tbx21(T-box)/GM12878-TBX21-ChIP-Seq(Encode)/Homer	AGGTGTGAAA	1e-158	-3.655e+02	0.0000	1215.0	30.92%	10801.3	14.12%
1	Tbr1(T-box)/Cortex-Tbr1-ChIP-Seq(GSE71384)/Homer	AAGGTGTKAA	1e-147	-3.390e+02	0.0000	1505.0	38.30%	15527.4	20.29%
1	Eomes(T-box)/H9-Eomes-ChIP-Seq(GSE26097)/Homer	ATTAACACCT	1e-140	-3.239e+02	0.0000	1786.0	45.46%	20365.1	26.62%
1	Tbet(T-box)/CD8-Tbet-ChIP-Seq(GSE33802)/Homer	AGGTGTGAAM	1e-112	-2.588e+02	0.0000	1271.0	32.35%	13359.3	17.46%
1	Tbx5(T-box)/HL1-Tbx5.biotin-ChIP-Seq(GSE21529)/Homer	AGGTGTCA	1e-70	-1.612e+02	0.0000	1926.0	49.02%	26923.7	35.19%
1	Rbpj1(?)/Panc1-Rbpj1-ChIP-Seq(GSE47459)/Homer	HTTTCCCASG	1e-7	-1.772e+01	0.0000	432.0	11.00%	6464.9	8.45%
1	Brachyury(T-box)/Mesoendoderm-Brachyury-ChIP-exo(GSE54963)/Homer	ANTTMRCASBNNNGTGYKAAN	1e-6	-1.570e+01	0.0000	215.0	5.47%	2909.1	3.80%
1	E2F1(E2F)/Hela-E2F1-ChIP-Seq(GSE22478)/Homer	CWGGCGGGAA	1e-4	-1.131e+01	0.0006	85.0	2.16%	1008.3	1.32%
1	E2F7(E2F)/Hela-E2F7-ChIP-Seq(GSE32673)/Homer	VDTTTCCCGCCA	1e-4	-1.017e+01	0.0017	64.0	1.63%	725.3	0.95%
1	NFY(CCAAT)/Promoter/Homer	RGCCAATSRG	1e-4	-1.007e+01	0.0017	663.0	16.87%	11175.9	14.61%
1	E2F(E2F)/Hela-CellCycle-Expression/Homer	TTSGCGCGAAAA	1e-3	-7.442e+00	0.0215	50.0	1.27%	589.6	0.77%
1	Pbx3(Homeobox)/GM12878-PBX3-ChIP-Seq(GSE32465)/Homer	SCTGTCAMTCAN	1e-2	-5.908e+00	0.0919	167.0	4.25%	2607.0	3.41%
1	ZNF652/HepG2-ZNF652.Flag-ChIP-Seq(Encode)/Homer	TTAACCCTTTVNKKN	1e-2	-5.691e+00	0.1061	129.0	3.28%	1961.3	2.56%
1	ZNF143|STAF(Zf)/CUTLL-ZNF143-ChIP-Seq(GSE29600)/Homer	ATTTCCCAGVAKSCY	1e-2	-5.311e+00	0.1448	110.0	2.80%	1657.9	2.17%
1	Bapx1(Homeobox)/VertebralCol-Bapx1-ChIP-Seq(GSE36672)/Homer	TTRAGTGSYK	1e-2	-5.157e+00	0.1584	915.0	23.29%	16530.2	21.60%
1	PRDM10(Zf)/HEK293-PRDM10.eGFP-ChIP-Seq(Encode)/Homer	TGGTACATTCCA	1e-2	-5.092e+00	0.1590	234.0	5.96%	3863.9	5.05%
1	Tgif1(Homeobox)/mES-Tgif1-ChIP-Seq(GSE55404)/Homer	YTGWCADY	1e-2	-4.974e+00	0.1690	2007.0	51.08%	37572.8	49.11%
1	Pit1(Homeobox)/GCrat-Pit1-ChIP-Seq(GSE58009)/Homer	ATGMATATDC	1e-1	-4.427e+00	0.2768	763.0	19.42%	13781.9	18.01%
1	E2A(bHLH),near_PU.1/Bcell-PU.1-ChIP-Seq(GSE21512)/Homer	NVCACCTGBN	1e-1	-4.372e+00	0.2778	471.0	11.99%	8303.1	10.85%
1	Nkx3.1(Homeobox)/LNCaP-Nkx3.1-ChIP-Seq(GSE28264)/Homer	AAGCACTTAA	1e-1	-4.260e+00	0.2959	917.0	23.34%	16734.4	21.87%
1	RUNX1(Runt)/Jurkat-RUNX1-ChIP-Seq(GSE29180)/Homer	AAACCACARM	1e-1	-4.209e+00	0.2972	429.0	10.92%	7544.6	9.86%
1	Ascl2(bHLH)/ESC-Ascl2-ChIP-Seq(GSE97712)/Homer	SSRGCAGCTGCH	1e-1	-4.090e+00	0.3201	354.0	9.01%	6168.0	8.06%
1	E2F6(E2F)/Hela-E2F6-ChIP-Seq(GSE31477)/Homer	GGCGGGAARN	1e-1	-4.075e+00	0.3201	95.0	2.42%	1474.3	1.93%
1	EBF2(EBF)/BrownAdipose-EBF2-ChIP-Seq(GSE97114)/Homer	NABTCCCWDGGGAVH	1e-1	-4.064e+00	0.3201	148.0	3.77%	2411.0	3.15%
1	E2F4(E2F)/K562-E2F4-ChIP-Seq(GSE31477)/Homer	GGCGGGAAAH	1e-1	-3.953e+00	0.3247	184.0	4.68%	3068.1	4.01%
1	Smad3(MAD)/NPC-Smad3-ChIP-Seq(GSE36673)/Homer	TWGTCTGV	1e-1	-3.742e+00	0.3864	1147.0	29.19%	21239.7	27.76%
1	Oct2(POU,Homeobox)/Bcell-Oct2-ChIP-Seq(GSE21512)/Homer	ATATGCAAAT	1e-1	-3.703e+00	0.3875	381.0	9.70%	6723.2	8.79%
1	Smad4(MAD)/ESC-SMAD4-ChIP-Seq(GSE29422)/Homer	VBSYGTCTGG	1e-1	-3.560e+00	0.4314	681.0	17.33%	12390.3	16.19%
1	PBX2(Homeobox)/K562-PBX2-ChIP-Seq(Encode)/Homer	RTGATTKATRGN	1e-1	-3.325e+00	0.5276	524.0	13.34%	9466.4	12.37%
1	Ptf1a(bHLH)/Panc1-Ptf1a-ChIP-Seq(GSE47459)/Homer	ACAGCTGTTN	1e-1	-3.165e+00	0.5993	906.0	23.06%	16759.7	21.90%
1	OCT4-SOX2-TCF-NANOG(POU,Homeobox,HMG)/mES-Oct4-ChIP-Seq(GSE11431)/Homer	ATTTGCATAACAATG	1e-1	-3.113e+00	0.6112	300.0	7.64%	5300.3	6.93%
1	Pknox1(Homeobox)/ES-Prep1-ChIP-Seq(GSE63282)/Homer	SCTGTCAVTCAV	1e-1	-3.086e+00	0.6112	155.0	3.95%	2628.5	3.44%
1	GFY-Staf(?,Zf)/Promoter/Homer	RACTACAATTCCCAGAAKGC	1e-1	-3.005e+00	0.6412	11.0	0.28%	120.1	0.16%
1	BMYB(HTH)/Hela-BMYB-ChIP-Seq(GSE27030)/Homer	NHAACBGYYV	1e-1	-2.956e+00	0.6541	945.0	24.05%	17556.4	22.95%
1	Twist(bHLH)/HMLE-TWIST1-ChIP-Seq(Chang_et_al)/Homer	VCAKCTGGNNNCCAGMTGBN	1e-1	-2.946e+00	0.6541	33.0	0.84%	474.0	0.62%
1	Six4(Homeobox)/MCF7-SIX4-ChIP-Seq(Encode)/Homer	TGWAAYCTGABACCB	1e-1	-2.932e+00	0.6541	29.0	0.74%	407.2	0.53%
1	ZNF341(Zf)/EBV-ZNF341-ChIP-Seq(GSE113194)/Homer	GGAACAGCCG	1e-1	-2.918e+00	0.6541	180.0	4.58%	3104.1	4.06%
1	GATA3(Zf),DR4/iTreg-Gata3-ChIP-Seq(GSE20898)/Homer	AGATGKDGAGATAAG	1e-1	-2.871e+00	0.6541	41.0	1.04%	612.9	0.80%
1	MyoG(bHLH)/C2C12-MyoG-ChIP-Seq(GSE36024)/Homer	AACAGCTG	1e-1	-2.859e+00	0.6541	362.0	9.21%	6499.9	8.50%
1	Brn2(POU,Homeobox)/NPC-Brn2-ChIP-Seq(GSE35496)/Homer	ATGAATATTC	1e-1	-2.841e+00	0.6541	119.0	3.03%	1998.7	2.61%
1	AMYB(HTH)/Testes-AMYB-ChIP-Seq(GSE44588)/Homer	TGGCAGTTGG	1e-1	-2.765e+00	0.6596	906.0	23.06%	16857.8	22.03%
1	Pit1+1bp(Homeobox)/GCrat-Pit1-ChIP-Seq(GSE58009)/Homer	ATGCATAATTCA	1e-1	-2.704e+00	0.6851	237.0	6.03%	4186.1	5.47%
1	PBX1(Homeobox)/MCF7-PBX1-ChIP-Seq(GSE28007)/Homer	GSCTGTCACTCA	1e-1	-2.703e+00	0.6851	45.0	1.15%	690.8	0.90%
1	ZEB2(Zf)/SNU398-ZEB2-ChIP-Seq(GSE103048)/Homer	GNMCAGGTGTGC	1e-1	-2.643e+00	0.6958	347.0	8.83%	6254.1	8.17%
1	Snail1(Zf)/LS174T-SNAIL1.HA-ChIP-Seq(GSE127183)/Homer	TRCACCTGCY	1e-1	-2.575e+00	0.7287	280.0	7.13%	5008.4	6.55%
1	E2A(bHLH)/proBcell-E2A-ChIP-Seq(GSE21978)/Homer	DNRCAGCTGY	1e-1	-2.497e+00	0.7709	432.0	11.00%	7885.3	10.31%
1	Znf263(Zf)/K562-Znf263-ChIP-Seq(GSE31477)/Homer	CVGTSCTCCC	1e-1	-2.424e+00	0.8118	240.0	6.11%	4283.9	5.60%
1	Oct6(POU,Homeobox)/NPC-Pou3f1-ChIP-Seq(GSE35496)/Homer	WATGCAAATGAG	1e-1	-2.354e+00	0.8532	485.0	12.34%	8920.5	11.66%
1	Tgif2(Homeobox)/mES-Tgif2-ChIP-Seq(GSE55404)/Homer	TGTCANYT	1e-1	-2.328e+00	0.8580	2006.0	51.06%	38264.7	50.01%
1	Duxbl(Homeobox)/NIH3T3-Duxbl.HA-ChIP-Seq(GSE119782)/Homer	TAAYCYAATCAA	1e0	-2.297e+00	0.8676	55.0	1.40%	892.3	1.17%
1	Oct4(POU,Homeobox)/mES-Oct4-ChIP-Seq(GSE11431)/Homer	ATTTGCATAW	1e0	-2.221e+00	0.9178	555.0	14.13%	10283.2	13.44%
1	DMRT1(DM)/Testis-DMRT1-ChIP-Seq(GSE64892)/Homer	TWGHWACAWTGTWDC	1e0	-2.178e+00	0.9405	166.0	4.22%	2938.5	3.84%
1	TCF4(bHLH)/SHSY5Y-TCF4-ChIP-Seq(GSE96915)/Homer	SMCATCTGKH	1e0	-2.152e+00	0.9477	473.0	12.04%	8737.4	11.42%
1	ZNF322(Zf)/HEK293-ZNF322.GFP-ChIP-Seq(GSE58341)/Homer	GAGCCTGGTACTGWGCCTGR	1e0	-2.125e+00	0.9558	36.0	0.92%	567.9	0.74%
1	E2F3(E2F)/MEF-E2F3-ChIP-Seq(GSE71376)/Homer	BTKGGCGGGAAA	1e0	-2.067e+00	0.9947	136.0	3.46%	2395.2	3.13%
1	HIF2a(bHLH)/785_O-HIF2a-ChIP-Seq(GSE34871)/Homer	GCACGTACCC	1e0	-2.023e+00	1.0000	307.0	7.81%	5613.4	7.34%
1	Myf5(bHLH)/GM-Myf5-ChIP-Seq(GSE24852)/Homer	BAACAGCTGT	1e0	-2.007e+00	1.0000	245.0	6.24%	4445.4	5.81%
1	Zac1(Zf)/Neuro2A-Plagl1-ChIP-Seq(GSE75942)/Homer	HAWGRGGCCM	1e0	-1.974e+00	1.0000	539.0	13.72%	10039.9	13.12%
1	Olig2(bHLH)/Neuron-Olig2-ChIP-Seq(GSE30882)/Homer	RCCATMTGTT	1e0	-1.939e+00	1.0000	693.0	17.64%	12998.8	16.99%
1	CArG(MADS)/PUER-Srf-ChIP-Seq(Sullivan_et_al.)/Homer	CCATATATGGNM	1e0	-1.939e+00	1.0000	118.0	3.00%	2077.5	2.72%
1	ZNF416(Zf)/HEK293-ZNF416.GFP-ChIP-Seq(GSE58341)/Homer	WDNCTGGGCA	1e0	-1.918e+00	1.0000	223.0	5.68%	4046.1	5.29%
1	T1ISRE(IRF)/ThioMac-Ifnb-Expression/Homer	ACTTTCGTTTCT	1e0	-1.819e+00	1.0000	6.0	0.15%	71.8	0.09%
1	c-Myc(bHLH)/mES-cMyc-ChIP-Seq(GSE11431)/Homer	VVCCACGTGG	1e0	-1.794e+00	1.0000	165.0	4.20%	2975.4	3.89%
1	EBF(EBF)/proBcell-EBF-ChIP-Seq(GSE21978)/Homer	DGTCCCYRGGGA	1e0	-1.771e+00	1.0000	29.0	0.74%	465.2	0.61%
1	Tbx20(T-box)/Heart-Tbx20-ChIP-Seq(GSE29636)/Homer	GGTGYTGACAGS	1e0	-1.770e+00	1.0000	147.0	3.74%	2641.6	3.45%
1	Pitx1:Ebox(Homeobox,bHLH)/Hindlimb-Pitx1-ChIP-Seq(GSE41591)/Homer	YTAATTRAWWCCAGATGT	1e0	-1.755e+00	1.0000	74.0	1.88%	1284.6	1.68%
1	MYNN(Zf)/HEK293-MYNN.eGFP-ChIP-Seq(Encode)/Homer	TTCAAAWTAAAAGTC	1e0	-1.702e+00	1.0000	79.0	2.01%	1382.8	1.81%
1	PU.1(ETS)/ThioMac-PU.1-ChIP-Seq(GSE21512)/Homer	AGAGGAAGTG	1e0	-1.701e+00	1.0000	108.0	2.75%	1921.8	2.51%
1	EBNA1(EBV-virus)/Raji-EBNA1-ChIP-Seq(GSE30709)/Homer	GGYAGCAYDTGCTDCCCNNN	1e0	-1.648e+00	1.0000	4.0	0.10%	44.8	0.06%
1	HIC1(Zf)/Treg-ZBTB29-ChIP-Seq(GSE99889)/Homer	TGCCAGCB	1e0	-1.614e+00	1.0000	661.0	16.82%	12482.9	16.31%
1	Oct11(POU,Homeobox)/NCIH1048-POU2F3-ChIP-seq(GSE115123)/Homer	GATTTGCATA	1e0	-1.610e+00	1.0000	448.0	11.40%	8394.0	10.97%
1	ETS:E-box(ETS,bHLH)/HPC7-Scl-ChIP-Seq(GSE22178)/Homer	AGGAARCAGCTG	1e0	-1.610e+00	1.0000	13.0	0.33%	193.6	0.25%
1	DMRT6(DM)/Testis-DMRT6-ChIP-Seq(GSE60440)/Homer	YDGHTACAWTGTADC	1e0	-1.607e+00	1.0000	135.0	3.44%	2440.5	3.19%
1	Arnt:Ahr(bHLH)/MCF7-Arnt-ChIP-Seq(Lo_et_al.)/Homer	TBGCACGCAA	1e0	-1.602e+00	1.0000	447.0	11.38%	8377.0	10.95%
1	Tbox:Smad(T-box,MAD)/ESCd5-Smad2_3-ChIP-Seq(GSE29422)/Homer	AGGTGHCAGACA	1e0	-1.592e+00	1.0000	80.0	2.04%	1413.3	1.85%
1	Smad2(MAD)/ES-SMAD2-ChIP-Seq(GSE29422)/Homer	CTGTCTGG	1e0	-1.590e+00	1.0000	624.0	15.88%	11778.0	15.39%
1	Ronin(THAP)/ES-Thap11-ChIP-Seq(GSE51522)/Homer	RACTACAACTCCCAGVAKGC	1e0	-1.525e+00	1.0000	2.0	0.05%	18.0	0.02%
1	HIF-1b(HLH)/T47D-HIF1b-ChIP-Seq(GSE59937)/Homer	RTACGTGC	1e0	-1.509e+00	1.0000	810.0	20.62%	15389.8	20.11%
1	Brn1(POU,Homeobox)/NPC-Brn1-ChIP-Seq(GSE35496)/Homer	TATGCWAATBAV	1e0	-1.466e+00	1.0000	435.0	11.07%	8185.0	10.70%
1	HEB(bHLH)/mES-Heb-ChIP-Seq(GSE53233)/Homer	VCAGCTGBNN	1e0	-1.435e+00	1.0000	558.0	14.20%	10558.8	13.80%
1	MafB(bZIP)/BMM-Mafb-ChIP-Seq(GSE75722)/Homer	WNTGCTGASTCAGCANWTTY	1e0	-1.420e+00	1.0000	107.0	2.72%	1941.7	2.54%
1	NF1-halfsite(CTF)/LNCaP-NF1-ChIP-Seq(Unpublished)/Homer	YTGCCAAG	1e0	-1.407e+00	1.0000	578.0	14.71%	10952.6	14.31%
1	Nanog(Homeobox)/mES-Nanog-ChIP-Seq(GSE11724)/Homer	RGCCATTAAC	1e0	-1.405e+00	1.0000	2152.0	54.77%	41479.3	54.21%
1	NFkB-p65(RHD)/GM12787-p65-ChIP-Seq(GSE19485)/Homer	WGGGGATTTCCC	1e0	-1.379e+00	1.0000	108.0	2.75%	1966.6	2.57%
1	ZNF415(Zf)/HEK293-ZNF415.GFP-ChIP-Seq(GSE58341)/Homer	GRTGMTRGAGCC	1e0	-1.376e+00	1.0000	82.0	2.09%	1477.3	1.93%
1	Tcf21(bHLH)/ArterySmoothMuscle-Tcf21-ChIP-Seq(GSE61369)/Homer	NAACAGCTGG	1e0	-1.360e+00	1.0000	272.0	6.92%	5090.2	6.65%
1	Tcf12(bHLH)/GM12878-Tcf12-ChIP-Seq(GSE32465)/Homer	VCAGCTGYTG	1e0	-1.352e+00	1.0000	256.0	6.52%	4786.4	6.26%
1	HIF-1a(bHLH)/MCF7-HIF1a-ChIP-Seq(GSE28352)/Homer	TACGTGCV	1e0	-1.250e+00	1.0000	210.0	5.34%	3930.9	5.14%
1	n-Myc(bHLH)/mES-nMyc-ChIP-Seq(GSE11431)/Homer	VRCCACGTGG	1e0	-1.225e+00	1.0000	294.0	7.48%	5546.3	7.25%
1	Slug(Zf)/Mesoderm-Snai2-ChIP-Seq(GSE61475)/Homer	SNGCACCTGCHS	1e0	-1.219e+00	1.0000	156.0	3.97%	2905.4	3.80%
1	c-Myc(bHLH)/LNCAP-cMyc-ChIP-Seq(Unpublished)/Homer	VCCACGTG	1e0	-1.184e+00	1.0000	270.0	6.87%	5096.1	6.66%
1	ETS:RUNX(ETS,Runt)/Jurkat-RUNX1-ChIP-Seq(GSE17954)/Homer	RCAGGATGTGGT	1e0	-1.177e+00	1.0000	15.0	0.38%	250.6	0.33%
1	REST-NRSF(Zf)/Jurkat-NRSF-ChIP-Seq/Homer	GGMGCTGTCCATGGTGCTGA	1e0	-1.165e+00	1.0000	2.0	0.05%	22.5	0.03%
1	VDR(NR),DR3/GM10855-VDR+vitD-ChIP-Seq(GSE22484)/Homer	ARAGGTCANWGAGTTCANNN	1e0	-1.134e+00	1.0000	83.0	2.11%	1530.0	2.00%
1	MyoD(bHLH)/Myotube-MyoD-ChIP-Seq(GSE21614)/Homer	RRCAGCTGYTSY	1e0	-1.115e+00	1.0000	191.0	4.86%	3597.8	4.70%
1	OCT:OCT(POU,Homeobox)/NPC-OCT6-ChIP-Seq(GSE43916)/Homer	YATGCATATRCATRT	1e0	-1.096e+00	1.0000	87.0	2.21%	1612.9	2.11%
1	ZNF519(Zf)/HEK293-ZNF519.GFP-ChIP-Seq(GSE58341)/Homer	GAGSCCGAGC	1e0	-1.079e+00	1.0000	17.0	0.43%	293.1	0.38%
1	ZSCAN22(Zf)/HEK293-ZSCAN22.GFP-ChIP-Seq(GSE58341)/Homer	SMCAGTCWGAKGGAGGAGGC	1e0	-1.073e+00	1.0000	5.0	0.13%	75.5	0.10%
1	OCT:OCT-short(POU,Homeobox)/NPC-OCT6-ChIP-Seq(GSE43916)/Homer	ATGCATWATGCATRW	1e0	-1.063e+00	1.0000	483.0	12.29%	9240.5	12.08%
1	ZKSCAN1(Zf)/HepG2-ZKSCAN1-ChIP-Seq(Encode)/Homer	GCACAYAGTAGGKCY	1e0	-1.063e+00	1.0000	7.0	0.18%	111.7	0.15%
1	Zfp809(Zf)/ES-Zfp809-ChIP-Seq(GSE70799)/Homer	GGGGCTYGKCTGGGA	1e0	-1.050e+00	1.0000	17.0	0.43%	295.5	0.39%
1	ZNF467(Zf)/HEK293-ZNF467.GFP-ChIP-Seq(GSE58341)/Homer	TGGGGAAGGGCM	1e0	-1.026e+00	1.0000	100.0	2.55%	1872.8	2.45%
1	Twist2(bHLH)/Myoblast-Twist2.Ty1-ChIP-Seq(GSE127998)/Homer	MCAGCTGBYH	1e0	-1.016e+00	1.0000	543.0	13.82%	10419.6	13.62%
1	RUNX-AML(Runt)/CD4+-PolII-ChIP-Seq(Barski_et_al.)/Homer	GCTGTGGTTW	1e0	-9.885e-01	1.0000	322.0	8.20%	6155.4	8.04%
1	PRDM15(Zf)/ESC-Prdm15-ChIP-Seq(GSE73694)/Homer	YCCDNTCCAGGTTTT	1e0	-9.268e-01	1.0000	249.0	6.34%	4764.2	6.23%
1	PRDM9(Zf)/Testis-DMC1-ChIP-Seq(GSE35498)/Homer	ADGGYAGYAGCATCT	1e0	-9.024e-01	1.0000	99.0	2.52%	1876.8	2.45%
1	SCL(bHLH)/HPC7-Scl-ChIP-Seq(GSE13511)/Homer	AVCAGCTG	1e0	-8.799e-01	1.0000	1309.0	33.32%	25359.2	33.14%
1	GFY(?)/Promoter/Homer	ACTACAATTCCC	1e0	-8.790e-01	1.0000	15.0	0.38%	270.2	0.35%
1	GATA3(Zf),DR8/iTreg-Gata3-ChIP-Seq(GSE20898)/Homer	AGATSTNDNNDSAGATAASN	1e0	-8.481e-01	1.0000	24.0	0.61%	444.7	0.58%
1	Max(bHLH)/K562-Max-ChIP-Seq(GSE31477)/Homer	RCCACGTGGYYN	1e0	-8.319e-01	1.0000	314.0	7.99%	6054.6	7.91%
1	ZNF189(Zf)/HEK293-ZNF189.GFP-ChIP-Seq(GSE58341)/Homer	TGGAACAGMA	1e0	-8.264e-01	1.0000	170.0	4.33%	3265.9	4.27%
1	ZEB1(Zf)/PDAC-ZEB1-ChIP-Seq(GSE64557)/Homer	VCAGGTRDRY	1e0	-8.078e-01	1.0000	632.0	16.09%	12239.9	16.00%
1	Bcl6(Zf)/Liver-Bcl6-ChIP-Seq(GSE31578)/Homer	NNNCTTTCCAGGAAA	1e0	-8.040e-01	1.0000	211.0	5.37%	4066.5	5.31%
1	Meis1(Homeobox)/MastCells-Meis1-ChIP-Seq(GSE48085)/Homer	VGCTGWCAVB	1e0	-7.973e-01	1.0000	936.0	23.82%	18155.0	23.73%
1	DUX(Homeobox)/C2C12-Dux-ChIP-Seq(GSE87279)/Homer	BCWGATTCAATCAAN	1e0	-7.860e-01	1.0000	2.0	0.05%	30.1	0.04%
1	Sp2(Zf)/HEK293-Sp2.eGFP-ChIP-Seq(Encode)/Homer	YGGCCCCGCCCC	1e0	-7.813e-01	1.0000	257.0	6.54%	4966.8	6.49%
1	Srebp2(bHLH)/HepG2-Srebp2-ChIP-Seq(GSE31477)/Homer	CGGTCACSCCAC	1e0	-7.665e-01	1.0000	44.0	1.12%	839.3	1.10%
1	Pax7(Paired,Homeobox)/Myoblast-Pax7-ChIP-Seq(GSE25064)/Homer	TAATCAATTA	1e0	-7.590e-01	1.0000	52.0	1.32%	995.2	1.30%
1	NFAT:AP1(RHD,bZIP)/Jurkat-NFATC1-ChIP-Seq(Jolma_et_al.)/Homer	SARTGGAAAAWRTGAGTCAB	1e0	-7.225e-01	1.0000	40.0	1.02%	768.1	1.00%
1	Gfi1b(Zf)/HPC7-Gfi1b-ChIP-Seq(GSE22178)/Homer	MAATCACTGC	1e0	-7.192e-01	1.0000	261.0	6.64%	5067.0	6.62%
1	RBPJ:Ebox(?,bHLH)/Panc1-Rbpj1-ChIP-Seq(GSE47459)/Homer	GGGRAARRGRMCAGMTG	1e0	-7.157e-01	1.0000	40.0	1.02%	769.4	1.01%
1	ZFX(Zf)/mES-Zfx-ChIP-Seq(GSE11431)/Homer	AGGCCTRG	1e0	-7.120e-01	1.0000	170.0	4.33%	3298.6	4.31%
1	STAT4(Stat)/CD4-Stat4-ChIP-Seq(GSE22104)/Homer	NYTTCCWGGAAR	1e0	-6.878e-01	1.0000	211.0	5.37%	4104.1	5.36%
1	ZBTB18(Zf)/HEK293-ZBTB18.GFP-ChIP-Seq(GSE58341)/Homer	AACATCTGGA	1e0	-6.807e-01	1.0000	119.0	3.03%	2314.3	3.02%
1	KLF1(Zf)/HUDEP2-KLF1-CutnRun(GSE136251)/Homer	VDGGGYGGGGCY	1e0	-6.725e-01	1.0000	145.0	3.69%	2823.8	3.69%
1	Ap4(bHLH)/AML-Tfap4-ChIP-Seq(GSE45738)/Homer	NAHCAGCTGD	1e0	-6.708e-01	1.0000	359.0	9.14%	6994.1	9.14%
1	ZNF711(Zf)/SHSY5Y-ZNF711-ChIP-Seq(GSE20673)/Homer	AGGCCTAG	1e0	-6.635e-01	1.0000	289.0	7.36%	5633.0	7.36%
1	RUNX(Runt)/HPC7-Runx1-ChIP-Seq(GSE22178)/Homer	SAAACCACAG	1e0	-6.594e-01	1.0000	322.0	8.20%	6278.3	8.21%
1	NPAS2(bHLH)/Liver-NPAS2-ChIP-Seq(GSE39860)/Homer	KCCACGTGAC	1e0	-6.580e-01	1.0000	533.0	13.57%	10392.0	13.58%
1	LHX9(Homeobox)/Hct116-LHX9.V5-ChIP-Seq(GSE116822)/Homer	NGCTAATTAG	1e0	-6.475e-01	1.0000	806.0	20.51%	15717.9	20.54%
1	TATA-Box(TBP)/Promoter/Homer	CCTTTTAWAGSC	1e0	-6.456e-01	1.0000	380.0	9.67%	7415.5	9.69%
1	ZNF41(Zf)/HEK293-ZNF41.GFP-ChIP-Seq(GSE58341)/Homer	CCTCATGGTGYCYTWYTCCCTTGTG	1e0	-6.373e-01	1.0000	5.0	0.13%	94.6	0.12%
1	bHLHE40(bHLH)/HepG2-BHLHE40-ChIP-Seq(GSE31477)/Homer	KCACGTGMCN	1e0	-6.355e-01	1.0000	202.0	5.14%	3947.1	5.16%
1	Tcf3(HMG)/mES-Tcf3-ChIP-Seq(GSE11724)/Homer	ASWTCAAAGG	1e0	-6.326e-01	1.0000	130.0	3.31%	2542.3	3.32%
1	ZNF136(Zf)/HEK293-ZNF136.GFP-ChIP-Seq(GSE58341)/Homer	YTKGATAHAGTATTCTWGGTNGGCA	1e0	-6.141e-01	1.0000	29.0	0.74%	569.4	0.74%
1	NeuroG2(bHLH)/Fibroblast-NeuroG2-ChIP-Seq(GSE75910)/Homer	ACCATCTGTT	1e0	-5.816e-01	1.0000	456.0	11.61%	8931.4	11.67%
1	EBF1(EBF)/Near-E2A-ChIP-Seq(GSE21512)/Homer	GTCCCCWGGGGA	1e0	-5.756e-01	1.0000	113.0	2.88%	2226.9	2.91%
1	DUX4(Homeobox)/Myoblasts-DUX4.V5-ChIP-Seq(GSE75791)/Homer	NWTAAYCYAATCAWN	1e0	-5.404e-01	1.0000	22.0	0.56%	441.9	0.58%
1	PAX5(Paired,Homeobox),condensed/GM12878-PAX5-ChIP-Seq(GSE32465)/Homer	GTCACGCTCSCTGM	1e0	-5.211e-01	1.0000	54.0	1.37%	1079.2	1.41%
1	Ascl1(bHLH)/NeuralTubes-Ascl1-ChIP-Seq(GSE55840)/Homer	NNVVCAGCTGBN	1e0	-5.186e-01	1.0000	376.0	9.57%	7403.0	9.68%
1	Egr2(Zf)/Thymocytes-Egr2-ChIP-Seq(GSE34254)/Homer	NGCGTGGGCGGR	1e0	-5.147e-01	1.0000	32.0	0.81%	644.0	0.84%
1	MNT(bHLH)/HepG2-MNT-ChIP-Seq(Encode)/Homer	DGCACACGTG	1e0	-4.945e-01	1.0000	515.0	13.11%	10137.8	13.25%
1	X-box(HTH)/NPC-H3K4me1-ChIP-Seq(GSE16256)/Homer	GGTTGCCATGGCAA	1e0	-4.945e-01	1.0000	79.0	2.01%	1581.0	2.07%
1	SpiB(ETS)/OCILY3-SPIB-ChIP-Seq(GSE56857)/Homer	AAAGRGGAAGTG	1e0	-4.936e-01	1.0000	49.0	1.25%	986.1	1.29%
1	Atoh1(bHLH)/Cerebellum-Atoh1-ChIP-Seq(GSE22111)/Homer	VNRVCAGCTGGY	1e0	-4.929e-01	1.0000	263.0	6.69%	5201.3	6.80%
1	RAR:RXR(NR),DR5/ES-RAR-ChIP-Seq(GSE56893)/Homer	RGGTCADNNAGAGGTCAV	1e0	-4.919e-01	1.0000	22.0	0.56%	448.9	0.59%
1	BHLHA15(bHLH)/NIH3T3-BHLHB8.HA-ChIP-Seq(GSE119782)/Homer	NAMCAGCTGK	1e0	-4.849e-01	1.0000	379.0	9.65%	7480.5	9.78%
1	PR(NR)/T47D-PR-ChIP-Seq(GSE31130)/Homer	VAGRACAKNCTGTBC	1e0	-4.781e-01	1.0000	858.0	21.84%	16855.8	22.03%
1	MafA(bZIP)/Islet-MafA-ChIP-Seq(GSE30298)/Homer	TGCTGACTCA	1e0	-4.773e-01	1.0000	237.0	6.03%	4698.2	6.14%
1	STAT5(Stat)/mCD4+-Stat5-ChIP-Seq(GSE12346)/Homer	RTTTCTNAGAAA	1e0	-4.747e-01	1.0000	51.0	1.30%	1030.4	1.35%
1	Zfp281(Zf)/ES-Zfp281-ChIP-Seq(GSE81042)/Homer	CCCCTCCCCCAC	1e0	-4.733e-01	1.0000	17.0	0.43%	350.4	0.46%
1	Atf3(bZIP)/GBM-ATF3-ChIP-Seq(GSE33912)/Homer	DATGASTCATHN	1e0	-4.726e-01	1.0000	252.0	6.41%	4995.6	6.53%
1	Hoxc9(Homeobox)/Ainv15-Hoxc9-ChIP-Seq(GSE21812)/Homer	GGCCATAAATCA	1e0	-4.568e-01	1.0000	237.0	6.03%	4708.2	6.15%
1	WT1(Zf)/Kidney-WT1-ChIP-Seq(GSE90016)/Homer	MCTCCCMCRCAB	1e0	-4.426e-01	1.0000	79.0	2.01%	1595.6	2.09%
1	GATA(Zf),IR4/iTreg-Gata3-ChIP-Seq(GSE20898)/Homer	NAGATWNBNATCTNN	1e0	-4.361e-01	1.0000	28.0	0.71%	578.6	0.76%
1	ELF3(ETS)/PDAC-ELF3-ChIP-Seq(GSE64557)/Homer	ANCAGGAAGT	1e0	-4.286e-01	1.0000	167.0	4.25%	3342.7	4.37%
1	STAT6(Stat)/CD4-Stat6-ChIP-Seq(GSE22104)/Homer	ABTTCYYRRGAA	1e0	-4.272e-01	1.0000	131.0	3.33%	2631.5	3.44%
1	Stat3+il21(Stat)/CD4-Stat3-ChIP-Seq(GSE19198)/Homer	SVYTTCCNGGAARB	1e0	-4.191e-01	1.0000	132.0	3.36%	2654.8	3.47%
1	Reverb(NR),DR2/RAW-Reverba.biotin-ChIP-Seq(GSE45914)/Homer	GTRGGTCASTGGGTCA	1e0	-4.176e-01	1.0000	37.0	0.94%	763.0	1.00%
1	OCT:OCT(POU,Homeobox)/NPC-Brn1-ChIP-Seq(GSE35496)/Homer	ATGAATATTCATGAG	1e0	-4.170e-01	1.0000	22.0	0.56%	460.0	0.60%
1	ZNF528(Zf)/HEK293-ZNF528.GFP-ChIP-Seq(GSE58341)/Homer	AGAAATGACTTCCCT	1e0	-4.157e-01	1.0000	1.0	0.03%	21.0	0.03%
1	RAR:RXR(NR),DR0/ES-RAR-ChIP-Seq(GSE56893)/Homer	AGGTCAAGGTCA	1e0	-4.124e-01	1.0000	36.0	0.92%	744.5	0.97%
1	ETS1(ETS)/Jurkat-ETS1-ChIP-Seq(GSE17954)/Homer	ACAGGAAGTG	1e0	-4.042e-01	1.0000	269.0	6.85%	5366.7	7.01%
1	GATA:SCL(Zf,bHLH)/Ter119-SCL-ChIP-Seq(GSE18720)/Homer	CRGCTGBNGNSNNSAGATAA	1e0	-3.986e-01	1.0000	31.0	0.79%	646.9	0.85%
1	ELF5(ETS)/T47D-ELF5-ChIP-Seq(GSE30407)/Homer	ACVAGGAAGT	1e0	-3.919e-01	1.0000	193.0	4.91%	3873.0	5.06%
1	PU.1:IRF8(ETS:IRF)/pDC-Irf8-ChIP-Seq(GSE66899)/Homer	GGAAGTGAAAST	1e0	-3.817e-01	1.0000	41.0	1.04%	852.1	1.11%
1	Srebp1a(bHLH)/HepG2-Srebp1a-ChIP-Seq(GSE31477)/Homer	RTCACSCCAY	1e0	-3.797e-01	1.0000	84.0	2.14%	1715.4	2.24%
1	Nr5a2(NR)/mES-Nr5a2-ChIP-Seq(GSE19019)/Homer	BTCAAGGTCA	1e0	-3.677e-01	1.0000	145.0	3.69%	2934.2	3.83%
1	PSE(SNAPc)/K562-mStart-Seq/Homer	WAVTCACCMTAASYDAAAAG	1e0	-3.612e-01	1.0000	188.0	4.78%	3790.2	4.95%
1	Nkx2.1(Homeobox)/LungAC-Nkx2.1-ChIP-Seq(GSE43252)/Homer	RSCACTYRAG	1e0	-3.550e-01	1.0000	982.0	24.99%	19395.2	25.35%
1	Mouse_Recombination_Hotspot(Zf)/Testis-DMC1-ChIP-Seq(GSE24438)/Homer	ACTYKNATTCGTGNTACTTC	1e0	-3.549e-01	1.0000	11.0	0.28%	243.5	0.32%
1	BATF(bZIP)/Th17-BATF-ChIP-Seq(GSE39756)/Homer	DATGASTCAT	1e0	-3.486e-01	1.0000	233.0	5.93%	4688.6	6.13%
1	NFAT(RHD)/Jurkat-NFATC1-ChIP-Seq(Jolma_et_al.)/Homer	ATTTTCCATT	1e0	-3.314e-01	1.0000	295.0	7.51%	5925.3	7.74%
1	HRE(HSF)/HepG2-HSF1-ChIP-Seq(GSE31477)/Homer	BSTTCTRGAABVTTCYAGAA	1e0	-3.295e-01	1.0000	14.0	0.36%	310.0	0.41%
1	ZNF692(Zf)/HEK293-ZNF692.GFP-ChIP-Seq(GSE58341)/Homer	GTGGGCCCCA	1e0	-3.273e-01	1.0000	8.0	0.20%	183.8	0.24%
1	CTCF-SatelliteElement(Zf?)/CD4+-CTCF-ChIP-Seq(Barski_et_al.)/Homer	TGCAGTTCCMVNWRTGGCCA	1e0	-3.246e-01	1.0000	3.0	0.08%	73.5	0.10%
1	RFX(HTH)/K562-RFX3-ChIP-Seq(SRA012198)/Homer	CGGTTGCCATGGCAAC	1e0	-3.209e-01	1.0000	68.0	1.73%	1415.2	1.85%
1	IRF4(IRF)/GM12878-IRF4-ChIP-Seq(GSE32465)/Homer	ACTGAAACCA	1e0	-3.047e-01	1.0000	178.0	4.53%	3623.5	4.74%
1	Pdx1(Homeobox)/Islet-Pdx1-ChIP-Seq(SRA008281)/Homer	YCATYAATCA	1e0	-3.021e-01	1.0000	454.0	11.56%	9086.2	11.88%
1	NF1:FOXA1(CTF,Forkhead)/LNCAP-FOXA1-ChIP-Seq(GSE27824)/Homer	WNTGTTTRYTTTGGCA	1e0	-3.020e-01	1.0000	18.0	0.46%	399.5	0.52%
1	ZNF7(Zf)/HepG2-ZNF7.Flag-ChIP-Seq(Encode)/Homer	CTGCCWVCTTTTRTA	1e0	-2.971e-01	1.0000	211.0	5.37%	4284.5	5.60%
1	Lhx1(Homeobox)/EmbryoCarcinoma-Lhx1-ChIP-Seq(GSE70957)/Homer	NNYTAATTAR	1e0	-2.959e-01	1.0000	634.0	16.14%	12635.2	16.51%
1	AP-1(bZIP)/ThioMac-PU.1-ChIP-Seq(GSE21512)/Homer	VTGACTCATC	1e0	-2.885e-01	1.0000	276.0	7.02%	5581.0	7.29%
1	PRDM14(Zf)/H1-PRDM14-ChIP-Seq(GSE22767)/Homer	RGGTCTCTAACY	1e0	-2.833e-01	1.0000	60.0	1.53%	1267.4	1.66%
1	Hnf1(Homeobox)/Liver-Foxa2-Chip-Seq(GSE25694)/Homer	GGTTAAWCATTAA	1e0	-2.754e-01	1.0000	43.0	1.09%	923.9	1.21%
1	Rfx1(HTH)/NPC-H3K4me1-ChIP-Seq(GSE16256)/Homer	KGTTGCCATGGCAA	1e0	-2.728e-01	1.0000	107.0	2.72%	2221.8	2.90%
1	NPAS(bHLH)/Liver-NPAS-ChIP-Seq(GSE39860)/Homer	NVCACGTG	1e0	-2.630e-01	1.0000	869.0	22.12%	17289.0	22.60%
1	MafK(bZIP)/C2C12-MafK-ChIP-Seq(GSE36030)/Homer	GCTGASTCAGCA	1e0	-2.618e-01	1.0000	37.0	0.94%	804.9	1.05%
1	Fosl2(bZIP)/3T3L1-Fosl2-ChIP-Seq(GSE56872)/Homer	NATGASTCABNN	1e0	-2.608e-01	1.0000	99.0	2.52%	2066.4	2.70%
1	NFkB-p50,p52(RHD)/Monocyte-p50-ChIP-Chip(Schreiber_et_al.)/Homer	GGGGGAATCCCC	1e0	-2.600e-01	1.0000	12.0	0.31%	280.1	0.37%
1	Fra1(bZIP)/BT549-Fra1-ChIP-Seq(GSE46166)/Homer	NNATGASTCATH	1e0	-2.553e-01	1.0000	208.0	5.29%	4253.7	5.56%
1	NeuroD1(bHLH)/Islet-NeuroD1-ChIP-Seq(GSE30298)/Homer	GCCATCTGTT	1e0	-2.552e-01	1.0000	189.0	4.81%	3874.8	5.06%
1	Egr1(Zf)/K562-Egr1-ChIP-Seq(GSE32465)/Homer	TGCGTGGGYG	1e0	-2.511e-01	1.0000	127.0	3.23%	2635.2	3.44%
1	Hand2(bHLH)/Mesoderm-Hand2-ChIP-Seq(GSE61475)/Homer	TGACANARRCCAGRC	1e0	-2.509e-01	1.0000	85.0	2.16%	1788.2	2.34%
1	Cdx2(Homeobox)/mES-Cdx2-ChIP-Seq(GSE14586)/Homer	GYMATAAAAH	1e0	-2.455e-01	1.0000	279.0	7.10%	5674.1	7.42%
1	Mef2a(MADS)/HL1-Mef2a.biotin-ChIP-Seq(GSE21529)/Homer	CYAAAAATAG	1e0	-2.439e-01	1.0000	134.0	3.41%	2780.8	3.63%
1	Oct4:Sox17(POU,Homeobox,HMG)/F9-Sox17-ChIP-Seq(GSE44553)/Homer	CCATTGTATGCAAAT	1e0	-2.398e-01	1.0000	138.0	3.51%	2863.1	3.74%
1	RUNX2(Runt)/PCa-RUNX2-ChIP-Seq(GSE33889)/Homer	NWAACCACADNN	1e0	-2.377e-01	1.0000	396.0	10.08%	8002.3	10.46%
1	STAT6(Stat)/Macrophage-Stat6-ChIP-Seq(GSE38377)/Homer	TTCCKNAGAA	1e0	-2.369e-01	1.0000	123.0	3.13%	2563.3	3.35%
1	Zic(Zf)/Cerebellum-ZIC1.2-ChIP-Seq(GSE60731)/Homer	CCTGCTGAGH	1e0	-2.362e-01	1.0000	249.0	6.34%	5085.1	6.65%
1	LEF1(HMG)/H1-LEF1-ChIP-Seq(GSE64758)/Homer	CCTTTGATST	1e0	-2.315e-01	1.0000	335.0	8.53%	6799.0	8.89%
1	Mef2b(MADS)/HEK293-Mef2b.V5-ChIP-Seq(GSE67450)/Homer	GCTATTTTTGGM	1e0	-2.147e-01	1.0000	276.0	7.02%	5642.8	7.37%
1	ZNF165(Zf)/WHIM12-ZNF165-ChIP-Seq(GSE65937)/Homer	AAGGKGRCGCAGGCA	1e0	-2.102e-01	1.0000	7.0	0.18%	179.6	0.23%
1	EHF(ETS)/LoVo-EHF-ChIP-Seq(GSE49402)/Homer	AVCAGGAAGT	1e0	-2.091e-01	1.0000	294.0	7.48%	6006.2	7.85%
1	OCT:OCT(POU,Homeobox,IR1)/NPC-Brn2-ChIP-Seq(GSE35496)/Homer	ATGAATWATTCATGA	1e0	-2.069e-01	1.0000	21.0	0.53%	486.2	0.64%
1	Rfx2(HTH)/LoVo-RFX2-ChIP-Seq(GSE49402)/Homer	GTTGCCATGGCAACM	1e0	-2.055e-01	1.0000	71.0	1.81%	1526.1	1.99%
1	ISRE(IRF)/ThioMac-LPS-Expression(GSE23622)/Homer	AGTTTCASTTTC	1e0	-1.921e-01	1.0000	13.0	0.33%	317.2	0.41%
1	NFkB-p65-Rel(RHD)/ThioMac-LPS-Expression(GSE23622)/Homer	GGAAATTCCC	1e0	-1.883e-01	1.0000	14.0	0.36%	340.2	0.44%
1	Mef2d(MADS)/Retina-Mef2d-ChIP-Seq(GSE61391)/Homer	GCTATTTTTAGC	1e0	-1.865e-01	1.0000	65.0	1.65%	1413.6	1.85%
1	IRF2(IRF)/Erythroblas-IRF2-ChIP-Seq(GSE36985)/Homer	GAAASYGAAASY	1e0	-1.862e-01	1.0000	28.0	0.71%	642.5	0.84%
1	Foxh1(Forkhead)/hESC-FOXH1-ChIP-Seq(GSE29422)/Homer	NNTGTGGATTSS	1e0	-1.858e-01	1.0000	338.0	8.60%	6907.5	9.03%
1	Fra2(bZIP)/Striatum-Fra2-ChIP-Seq(GSE43429)/Homer	GGATGACTCATC	1e0	-1.823e-01	1.0000	161.0	4.10%	3368.1	4.40%
1	ZBTB12(Zf)/HEK293-ZBTB12.GFP-ChIP-Seq(GSE58341)/Homer	NGNTCTAGAACCNGV	1e0	-1.760e-01	1.0000	44.0	1.12%	983.3	1.29%
1	BMAL1(bHLH)/Liver-Bmal1-ChIP-Seq(GSE39860)/Homer	GNCACGTG	1e0	-1.727e-01	1.0000	965.0	24.56%	19313.7	25.24%
1	CLOCK(bHLH)/Liver-Clock-ChIP-Seq(GSE39860)/Homer	GHCACGTG	1e0	-1.636e-01	1.0000	339.0	8.63%	6954.6	9.09%
1	Stat3(Stat)/mES-Stat3-ChIP-Seq(GSE11431)/Homer	CTTCCGGGAA	1e0	-1.618e-01	1.0000	84.0	2.14%	1819.0	2.38%
1	HOXA1(Homeobox)/mES-Hoxa1-ChIP-Seq(SRP084292)/Homer	TGATKGATGR	1e0	-1.612e-01	1.0000	114.0	2.90%	2433.1	3.18%
1	KLF5(Zf)/LoVo-KLF5-ChIP-Seq(GSE49402)/Homer	DGGGYGKGGC	1e0	-1.580e-01	1.0000	243.0	6.18%	5041.9	6.59%
1	Lhx3(Homeobox)/Neuron-Lhx3-ChIP-Seq(GSE31456)/Homer	ADBTAATTAR	1e0	-1.579e-01	1.0000	995.0	25.32%	19931.9	26.05%
1	Isl1(Homeobox)/Neuron-Isl1-ChIP-Seq(GSE31456)/Homer	CTAATKGV	1e0	-1.567e-01	1.0000	865.0	22.02%	17376.3	22.71%
1	SCRT1(Zf)/HEK293-SCRT1.eGFP-ChIP-Seq(Encode)/Homer	GCAACAGGTG	1e0	-1.566e-01	1.0000	170.0	4.33%	3573.4	4.67%
1	IRF8(IRF)/BMDM-IRF8-ChIP-Seq(GSE77884)/Homer	GRAASTGAAAST	1e0	-1.526e-01	1.0000	75.0	1.91%	1640.0	2.14%
1	Maz(Zf)/HepG2-Maz-ChIP-Seq(GSE31477)/Homer	GGGGGGGG	1e0	-1.479e-01	1.0000	159.0	4.05%	3359.3	4.39%
1	RARg(NR)/ES-RARg-ChIP-Seq(GSE30538)/Homer	AGGTCAAGGTCA	1e0	-1.437e-01	1.0000	8.0	0.20%	217.3	0.28%
1	En1(Homeobox)/SUM149-EN1-ChIP-Seq(GSE120957)/Homer	NDCTAATTAS	1e0	-1.360e-01	1.0000	1161.0	29.55%	23239.3	30.37%
1	STAT1(Stat)/HelaS3-STAT1-ChIP-Seq(GSE12782)/Homer	NATTTCCNGGAAAT	1e0	-1.359e-01	1.0000	41.0	1.04%	941.3	1.23%
1	Mef2c(MADS)/GM12878-Mef2c-ChIP-Seq(GSE32465)/Homer	DCYAAAAATAGM	1e0	-1.335e-01	1.0000	121.0	3.08%	2600.9	3.40%
1	GLI3(Zf)/Limb-GLI3-ChIP-Chip(GSE11077)/Homer	CGTGGGTGGTCC	1e0	-1.326e-01	1.0000	20.0	0.51%	491.9	0.64%
1	NF-E2(bZIP)/K562-NFE2-ChIP-Seq(GSE31477)/Homer	GATGACTCAGCA	1e0	-1.312e-01	1.0000	12.0	0.31%	313.7	0.41%
1	Tcfcp2l1(CP2)/mES-Tcfcp2l1-ChIP-Seq(GSE11431)/Homer	NRAACCRGTTYRAACCRGYT	1e0	-1.303e-01	1.0000	26.0	0.66%	623.7	0.82%
1	Elf4(ETS)/BMDM-Elf4-ChIP-Seq(GSE88699)/Homer	ACTTCCKGKT	1e0	-1.291e-01	1.0000	238.0	6.06%	4976.3	6.50%
1	KLF6(Zf)/PDAC-KLF6-ChIP-Seq(GSE64557)/Homer	MKGGGYGTGGCC	1e0	-1.284e-01	1.0000	194.0	4.94%	4089.2	5.34%
1	ARE(NR)/LNCAP-AR-ChIP-Seq(GSE27824)/Homer	RGRACASNSTGTYCYB	1e0	-1.281e-01	1.0000	66.0	1.68%	1471.6	1.92%
1	KLF3(Zf)/MEF-Klf3-ChIP-Seq(GSE44748)/Homer	NRGCCCCRCCCHBNN	1e0	-1.223e-01	1.0000	69.0	1.76%	1539.0	2.01%
1	THRa(NR)/C17.2-THRa-ChIP-Seq(GSE38347)/Homer	GGTCANYTGAGGWCA	1e0	-1.217e-01	1.0000	126.0	3.21%	2714.7	3.55%
1	Hoxa13(Homeobox)/ChickenMSG-Hoxa13.Flag-ChIP-Seq(GSE86088)/Homer	CYHATAAAAN	1e0	-1.192e-01	1.0000	1098.0	27.95%	22043.2	28.81%
1	NFE2L2(bZIP)/HepG2-NFE2L2-ChIP-Seq(Encode)/Homer	AWWWTGCTGAGTCAT	1e0	-1.192e-01	1.0000	16.0	0.41%	408.6	0.53%
1	ZNF768(Zf)/Rajj-ZNF768-ChIP-Seq(GSE111879)/Homer	RHHCAGAGAGGB	1e0	-1.185e-01	1.0000	2.0	0.05%	73.9	0.10%
1	IRF1(IRF)/PBMC-IRF1-ChIP-Seq(GSE43036)/Homer	GAAAGTGAAAGT	1e0	-1.147e-01	1.0000	30.0	0.76%	718.8	0.94%
1	KLF14(Zf)/HEK293-KLF14.GFP-ChIP-Seq(GSE58341)/Homer	RGKGGGCGKGGC	1e0	-1.070e-01	1.0000	304.0	7.74%	6337.1	8.28%
1	MYB(HTH)/ERMYB-Myb-ChIPSeq(GSE22095)/Homer	GGCVGTTR	1e0	-1.063e-01	1.0000	1037.0	26.39%	20878.4	27.29%
1	Tcf7(HMG)/GM12878-TCF7-ChIP-Seq(Encode)/Homer	CTTTGATGTGSB	1e0	-1.045e-01	1.0000	153.0	3.89%	3287.0	4.30%
1	Hoxa9(Homeobox)/ChickenMSG-Hoxa9.Flag-ChIP-Seq(GSE86088)/Homer	RGCAATNAAA	1e0	-1.022e-01	1.0000	1374.0	34.97%	27507.3	35.95%
1	ERE(NR),IR3/MCF7-ERa-ChIP-Seq(Unpublished)/Homer	VAGGTCACNSTGACC	1e0	-9.926e-02	1.0000	86.0	2.19%	1913.3	2.50%
1	Zfp57(Zf)/H1-ZFP57.HA-ChIP-Seq(GSE115387)/Homer	NANTGCSGCA	1e0	-9.390e-02	1.0000	138.0	3.51%	2993.6	3.91%
1	p53(p53)/mES-cMyc-ChIP-Seq(GSE11431)/Homer	ACATGCCCGGGCAT	1e0	-9.369e-02	1.0000	1.0	0.03%	47.1	0.06%
1	Gata4(Zf)/Heart-Gata4-ChIP-Seq(GSE35151)/Homer	NBWGATAAGR	1e0	-9.354e-02	1.0000	436.0	11.10%	9008.9	11.77%
1	ZNF675(Zf)/HEK293-ZNF675.GFP-ChIP-Seq(GSE58341)/Homer	ARGAGGMCAAAATGW	1e0	-9.160e-02	1.0000	28.0	0.71%	689.7	0.90%
1	EKLF(Zf)/Erythrocyte-Klf1-ChIP-Seq(GSE20478)/Homer	NWGGGTGTGGCY	1e0	-9.111e-02	1.0000	35.0	0.89%	842.4	1.10%
1	IRF3(IRF)/BMDM-Irf3-ChIP-Seq(GSE67343)/Homer	AGTTTCAKTTTC	1e0	-8.956e-02	1.0000	61.0	1.55%	1399.6	1.83%
1	Gli2(Zf)/GM2-Gli2-ChIP-Chip(GSE112702)/Homer	YSTGGGTGGTCT	1e0	-8.895e-02	1.0000	37.0	0.94%	887.8	1.16%
1	JunB(bZIP)/DendriticCells-Junb-ChIP-Seq(GSE36099)/Homer	RATGASTCAT	1e0	-8.770e-02	1.0000	187.0	4.76%	4004.1	5.23%
1	CHR(?)/Hela-CellCycle-Expression/Homer	SRGTTTCAAA	1e0	-8.754e-02	1.0000	241.0	6.13%	5102.0	6.67%
1	GABPA(ETS)/Jurkat-GABPa-ChIP-Seq(GSE17954)/Homer	RACCGGAAGT	1e0	-8.592e-02	1.0000	245.0	6.24%	5185.3	6.78%
1	bHLHE41(bHLH)/proB-Bhlhe41-ChIP-Seq(GSE93764)/Homer	KCACGTGMCN	1e0	-8.546e-02	1.0000	569.0	14.48%	11680.6	15.27%
1	Phox2b(Homeobox)/CLBGA-PHOX2B-ChIP-Seq(GSE90683)/Homer	TTAATTNAATTA	1e0	-8.512e-02	1.0000	84.0	2.14%	1887.5	2.47%
1	Nrf2(bZIP)/Lymphoblast-Nrf2-ChIP-Seq(GSE37589)/Homer	HTGCTGAGTCAT	1e0	-8.380e-02	1.0000	9.0	0.23%	262.3	0.34%
1	HINFP(Zf)/K562-HINFP.eGFP-ChIP-Seq(Encode)/Homer	TWVGGTCCGC	1e0	-8.376e-02	1.0000	73.0	1.86%	1658.1	2.17%
1	Nkx2.5(Homeobox)/HL1-Nkx2.5.biotin-ChIP-Seq(GSE21529)/Homer	RRSCACTYAA	1e0	-8.306e-02	1.0000	736.0	18.73%	15003.5	19.61%
1	GFX(?)/Promoter/Homer	ATTCTCGCGAGA	1e0	-7.971e-02	1.0000	6.0	0.15%	190.8	0.25%
1	IRF:BATF(IRF:bZIP)/pDC-Irf8-ChIP-Seq(GSE66899)/Homer	CTTTCANTATGACTV	1e0	-7.873e-02	1.0000	35.0	0.89%	852.8	1.11%
1	SPDEF(ETS)/VCaP-SPDEF-ChIP-Seq(SRA014231)/Homer	ASWTCCTGBT	1e0	-7.853e-02	1.0000	251.0	6.39%	5321.3	6.95%
1	Fos(bZIP)/TSC-Fos-ChIP-Seq(GSE110950)/Homer	NDATGASTCAYN	1e0	-7.758e-02	1.0000	227.0	5.78%	4836.9	6.32%
1	Six1(Homeobox)/Myoblast-Six1-ChIP-Chip(GSE20150)/Homer	GKVTCADRTTWC	1e0	-7.590e-02	1.0000	98.0	2.49%	2191.4	2.86%
1	Jun-AP1(bZIP)/K562-cJun-ChIP-Seq(GSE31477)/Homer	GATGASTCATCN	1e0	-7.487e-02	1.0000	59.0	1.50%	1372.4	1.79%
1	E-box(bHLH)/Promoter/Homer	SSGGTCACGTGA	1e0	-7.468e-02	1.0000	78.0	1.99%	1774.1	2.32%
1	ERG(ETS)/VCaP-ERG-ChIP-Seq(GSE14097)/Homer	ACAGGAAGTG	1e0	-7.452e-02	1.0000	325.0	8.27%	6825.4	8.92%
1	HRE(HSF)/Striatum-HSF1-ChIP-Seq(GSE38000)/Homer	TTCTAGAABNTTCTA	1e0	-7.377e-02	1.0000	17.0	0.43%	455.5	0.60%
1	CDX4(Homeobox)/ZebrafishEmbryos-Cdx4.Myc-ChIP-Seq(GSE48254)/Homer	NGYCATAAAWCH	1e0	-7.372e-02	1.0000	364.0	9.26%	7612.9	9.95%
1	Pax7(Paired,Homeobox),longest/Myoblast-Pax7-ChIP-Seq(GSE25064)/Homer	NTAATTDGCYAATTANNWWD	1e0	-7.127e-02	1.0000	7.0	0.18%	219.9	0.29%
1	HOXB13(Homeobox)/ProstateTumor-HOXB13-ChIP-Seq(GSE56288)/Homer	TTTTATKRGG	1e0	-6.753e-02	1.0000	431.0	10.97%	8974.2	11.73%
1	ZNF382(Zf)/HEK293-ZNF382.GFP-ChIP-Seq(GSE58341)/Homer	GNCTGTASTRNTGBCTCHTT	1e0	-6.466e-02	1.0000	5.0	0.13%	171.9	0.22%
1	TFE3(bHLH)/MEF-TFE3-ChIP-Seq(GSE75757)/Homer	GTCACGTGACYV	1e0	-6.444e-02	1.0000	126.0	3.21%	2791.9	3.65%
1	CEBP:CEBP(bZIP)/MEF-Chop-ChIP-Seq(GSE35681)/Homer	NTNATGCAAYMNNHTGMAAY	1e0	-6.276e-02	1.0000	51.0	1.30%	1215.4	1.59%
1	PAX3:FKHR-fusion(Paired,Homeobox)/Rh4-PAX3:FKHR-ChIP-Seq(GSE19063)/Homer	ACCRTGACTAATTNN	1e0	-6.180e-02	1.0000	116.0	2.95%	2588.8	3.38%
1	Npas4(bHLH)/Neuron-Npas4-ChIP-Seq(GSE127793)/Homer	NHRTCACGACDN	1e0	-5.535e-02	1.0000	565.0	14.38%	11696.7	15.29%
1	HOXA2(Homeobox)/mES-Hoxa2-ChIP-Seq(Donaldson_et_al.)/Homer	GYCATCMATCAT	1e0	-5.484e-02	1.0000	36.0	0.92%	898.6	1.17%
1	HNF1b(Homeobox)/PDAC-HNF1B-ChIP-Seq(GSE64557)/Homer	GTTAATNATTAA	1e0	-5.427e-02	1.0000	56.0	1.43%	1334.6	1.74%
1	Sp1(Zf)/Promoter/Homer	GGCCCCGCCCCC	1e0	-4.918e-02	1.0000	12.0	0.31%	356.1	0.47%
1	ZNF669(Zf)/HEK293-ZNF669.GFP-ChIP-Seq(GSE58341)/Homer	GARTGGTCATCGCCC	1e0	-4.869e-02	1.0000	21.0	0.53%	568.5	0.74%
1	Nkx2.2(Homeobox)/NPC-Nkx2.2-ChIP-Seq(GSE61673)/Homer	BTBRAGTGSN	1e0	-4.763e-02	1.0000	619.0	15.75%	12806.6	16.74%
1	Sp5(Zf)/mES-Sp5.Flag-ChIP-Seq(GSE72989)/Homer	RGKGGGCGGAGC	1e0	-4.756e-02	1.0000	119.0	3.03%	2679.0	3.50%
1	GATA3(Zf)/iTreg-Gata3-ChIP-Seq(GSE20898)/Homer	AGATAASR	1e0	-4.686e-02	1.0000	661.0	16.82%	13647.9	17.84%
1	PU.1-IRF(ETS:IRF)/Bcell-PU.1-ChIP-Seq(GSE21512)/Homer	MGGAAGTGAAAC	1e0	-4.537e-02	1.0000	253.0	6.44%	5446.7	7.12%
1	LXRE(NR),DR4/RAW-LXRb.biotin-ChIP-Seq(GSE21512)/Homer	RGGTTACTANAGGTCA	1e0	-4.371e-02	1.0000	38.0	0.97%	957.4	1.25%
1	Bach1(bZIP)/K562-Bach1-ChIP-Seq(GSE31477)/Homer	AWWNTGCTGAGTCAT	1e0	-4.255e-02	1.0000	12.0	0.31%	362.3	0.47%
1	CEBP:AP1(bZIP)/ThioMac-CEBPb-ChIP-Seq(GSE21512)/Homer	DRTGTTGCAA	1e0	-4.188e-02	1.0000	471.0	11.99%	9869.3	12.90%
1	MafF(bZIP)/HepG2-MafF-ChIP-Seq(GSE31477)/Homer	HWWGTCAGCAWWTTT	1e0	-3.834e-02	1.0000	90.0	2.29%	2090.1	2.73%
1	FOXA1:AR(Forkhead,NR)/LNCAP-AR-ChIP-Seq(GSE27824)/Homer	AGTAAACAAAAAAGAACAND	1e0	-3.708e-02	1.0000	17.0	0.43%	488.4	0.64%
1	KLF10(Zf)/HEK293-KLF10.GFP-ChIP-Seq(GSE58341)/Homer	GGGGGTGTGTCC	1e0	-3.526e-02	1.0000	141.0	3.59%	3171.8	4.15%
1	Ets1-distal(ETS)/CD4+-PolII-ChIP-Seq(Barski_et_al.)/Homer	MACAGGAAGT	1e0	-3.399e-02	1.0000	70.0	1.78%	1673.5	2.19%
1	Rfx6(HTH)/Min6b1-Rfx6.HA-ChIP-Seq(GSE62844)/Homer	TGTTKCCTAGCAACM	1e0	-3.323e-02	1.0000	241.0	6.13%	5245.7	6.86%
1	Lhx2(Homeobox)/HFSC-Lhx2-ChIP-Seq(GSE48068)/Homer	TAATTAGN	1e0	-3.306e-02	1.0000	627.0	15.96%	13042.1	17.05%
1	Klf9(Zf)/GBM-Klf9-ChIP-Seq(GSE62211)/Homer	GCCACRCCCACY	1e0	-3.244e-02	1.0000	57.0	1.45%	1395.8	1.82%
1	Gata6(Zf)/HUG1N-GATA6-ChIP-Seq(GSE51936)/Homer	YCTTATCTBN	1e0	-3.077e-02	1.0000	365.0	9.29%	7784.9	10.17%
1	GLIS3(Zf)/Thyroid-Glis3.GFP-ChIP-Seq(GSE103297)/Homer	CTCCCTGGGAGGCCN	1e0	-3.008e-02	1.0000	192.0	4.89%	4249.5	5.55%
1	Etv2(ETS)/ES-ER71-ChIP-Seq(GSE59402)/Homer	NNAYTTCCTGHN	1e0	-2.836e-02	1.0000	196.0	4.99%	4339.6	5.67%
1	EWS:FLI1-fusion(ETS)/SK_N_MC-EWS:FLI1-ChIP-Seq(SRA014231)/Homer	VACAGGAAAT	1e0	-2.726e-02	1.0000	140.0	3.56%	3178.5	4.15%
1	Bach2(bZIP)/OCILy7-Bach2-ChIP-Seq(GSE44420)/Homer	TGCTGAGTCA	1e0	-2.610e-02	1.0000	39.0	0.99%	1012.6	1.32%
1	Unknown-ESC-element(?)/mES-Nanog-ChIP-Seq(GSE11724)/Homer	CACAGCAGGGGG	1e0	-2.610e-02	1.0000	78.0	1.99%	1867.6	2.44%
1	Foxo3(Forkhead)/U2OS-Foxo3-ChIP-Seq(E-MTAB-2701)/Homer	DGTAAACA	1e0	-2.598e-02	1.0000	593.0	15.09%	12409.0	16.22%
1	GRE(NR),IR3/A549-GR-ChIP-Seq(GSE32465)/Homer	NRGVACABNVTGTYCY	1e0	-2.598e-02	1.0000	32.0	0.81%	854.7	1.12%
1	ZBTB33(Zf)/GM12878-ZBTB33-ChIP-Seq(GSE32465)/Homer	GGVTCTCGCGAGAAC	1e0	-2.489e-02	1.0000	10.0	0.25%	333.3	0.44%
1	EWS:ERG-fusion(ETS)/CADO_ES1-EWS:ERG-ChIP-Seq(SRA014231)/Homer	ATTTCCTGTN	1e0	-2.444e-02	1.0000	153.0	3.89%	3462.8	4.53%
1	Hoxd13(Homeobox)/ChickenMSG-Hoxd13.Flag-ChIP-Seq(GSE86088)/Homer	NCYAATAAAA	1e0	-2.107e-02	1.0000	662.0	16.85%	13832.2	18.08%
1	Pax8(Paired,Homeobox)/Thyroid-Pax8-ChIP-Seq(GSE26938)/Homer	GTCATGCHTGRCTGS	1e0	-2.028e-02	1.0000	59.0	1.50%	1473.5	1.93%
1	GRE(NR),IR3/RAW264.7-GRE-ChIP-Seq(Unpublished)/Homer	VAGRACAKWCTGTYC	1e0	-1.897e-02	1.0000	74.0	1.88%	1806.0	2.36%
1	USF1(bHLH)/GM12878-Usf1-ChIP-Seq(GSE32465)/Homer	SGTCACGTGR	1e0	-1.884e-02	1.0000	265.0	6.74%	5815.9	7.60%
1	bZIP:IRF(bZIP,IRF)/Th17-BatF-ChIP-Seq(GSE39756)/Homer	NAGTTTCABTHTGACTNW	1e0	-1.686e-02	1.0000	124.0	3.16%	2889.9	3.78%
1	ZNF317(Zf)/HEK293-ZNF317.GFP-ChIP-Seq(GSE58341)/Homer	GTCWGCTGTYYCTCT	1e0	-1.502e-02	1.0000	19.0	0.48%	577.6	0.75%
1	ETV1(ETS)/GIST48-ETV1-ChIP-Seq(GSE22441)/Homer	AACCGGAAGT	1e0	-1.349e-02	1.0000	336.0	8.55%	7318.4	9.56%
1	GRHL2(CP2)/HBE-GRHL2-ChIP-Seq(GSE46194)/Homer	AAACYKGTTWDACMRGTTTB	1e0	-1.149e-02	1.0000	94.0	2.39%	2280.9	2.98%
1	Hoxd10(Homeobox)/ChickenMSG-Hoxd10.Flag-ChIP-Seq(GSE86088)/Homer	GGCMATGAAA	1e0	-1.048e-02	1.0000	521.0	13.26%	11120.3	14.53%
1	Hoxd12(Homeobox)/ChickenMSG-Hoxd12.Flag-ChIP-Seq(GSE86088)/Homer	HDGYAATGAAAN	1e0	-1.041e-02	1.0000	878.0	22.35%	18285.8	23.90%
1	Usf2(bHLH)/C2C12-Usf2-ChIP-Seq(GSE36030)/Homer	GTCACGTGGT	1e0	-1.011e-02	1.0000	238.0	6.06%	5335.6	6.97%
1	Prop1(Homeobox)/GHFT1-PROP1.biotin-ChIP-Seq(GSE77302)/Homer	NTAATBNAATTA	1e0	-9.938e-03	1.0000	251.0	6.39%	5607.5	7.33%
1	Pax7(Paired,Homeobox),long/Myoblast-Pax7-ChIP-Seq(GSE25064)/Homer	TAATCHGATTAC	1e0	-9.250e-03	1.0000	7.0	0.18%	286.8	0.37%
1	ETV4(ETS)/HepG2-ETV4-ChIP-Seq(ENCODE)/Homer	ACCGGAAGTG	1e0	-8.680e-03	1.0000	296.0	7.53%	6556.0	8.57%
1	Zic3(Zf)/mES-Zic3-ChIP-Seq(GSE37889)/Homer	GGCCYCCTGCTGDGH	1e0	-8.420e-03	1.0000	59.0	1.50%	1533.3	2.00%
1	FoxL2(Forkhead)/Ovary-FoxL2-ChIP-Seq(GSE60858)/Homer	WWTRTAAACAVG	1e0	-8.011e-03	1.0000	586.0	14.91%	12478.8	16.31%
1	SF1(NR)/H295R-Nr5a1-ChIP-Seq(GSE44220)/Homer	CAAGGHCANV	1e0	-7.787e-03	1.0000	146.0	3.72%	3430.4	4.48%
1	Unknown(Homeobox)/Limb-p300-ChIP-Seq/Homer	SSCMATWAAA	1e0	-7.511e-03	1.0000	219.0	5.57%	4973.4	6.50%
1	Phox2a(Homeobox)/Neuron-Phox2a-ChIP-Seq(GSE31456)/Homer	YTAATYNRATTA	1e0	-6.796e-03	1.0000	141.0	3.59%	3336.9	4.36%
1	ETS(ETS)/Promoter/Homer	AACCGGAAGT	1e0	-6.679e-03	1.0000	107.0	2.72%	2606.2	3.41%
1	Klf4(Zf)/mES-Klf4-ChIP-Seq(GSE11431)/Homer	GCCACACCCA	1e0	-5.966e-03	1.0000	57.0	1.45%	1511.0	1.97%
1	PAX6(Paired,Homeobox)/Forebrain-Pax6-ChIP-Seq(GSE66961)/Homer	NGTGTTCAVTSAAGCGKAAA	1e0	-5.679e-03	1.0000	32.0	0.81%	935.1	1.22%
1	Barx1(Homeobox)/Stomach-Barx1.3xFlag-ChIP-Seq(GSE69483)/Homer	AAACMATTAN	1e0	-5.663e-03	1.0000	216.0	5.50%	4941.6	6.46%
1	Six2(Homeobox)/NephronProgenitor-Six2-ChIP-Seq(GSE39837)/Homer	GWAAYHTGAKMC	1e0	-5.633e-03	1.0000	355.0	9.04%	7827.5	10.23%
1	Nr5a2(NR)/Pancreas-LRH1-ChIP-Seq(GSE34295)/Homer	BTCAAGGTCA	1e0	-5.152e-03	1.0000	210.0	5.34%	4825.6	6.31%
1	ELF1(ETS)/Jurkat-ELF1-ChIP-Seq(SRA014231)/Homer	AVCCGGAAGT	1e0	-5.009e-03	1.0000	152.0	3.87%	3599.2	4.70%
1	Gata1(Zf)/K562-GATA1-ChIP-Seq(GSE18829)/Homer	SAGATAAGRV	1e0	-4.190e-03	1.0000	204.0	5.19%	4720.8	6.17%
1	Foxf1(Forkhead)/Lung-Foxf1-ChIP-Seq(GSE77951)/Homer	WWATRTAAACAN	1e0	-4.115e-03	1.0000	572.0	14.56%	12301.3	16.08%
1	FOXK2(Forkhead)/U2OS-FOXK2-ChIP-Seq(E-MTAB-2204)/Homer	SCHTGTTTACAT	1e0	-3.968e-03	1.0000	457.0	11.63%	9966.6	13.03%
1	Hoxd11(Homeobox)/ChickenMSG-Hoxd11.Flag-ChIP-Seq(GSE86088)/Homer	VGCCATAAAA	1e0	-3.824e-03	1.0000	1051.0	26.75%	21921.8	28.65%
1	Bcl11a(Zf)/HSPC-BCL11A-ChIP-Seq(GSE104676)/Homer	TYTGACCASWRG	1e0	-3.416e-03	1.0000	185.0	4.71%	4339.0	5.67%
1	Hoxa11(Homeobox)/ChickenMSG-Hoxa11.Flag-ChIP-Seq(GSE86088)/Homer	TTTTATGGCM	1e0	-2.925e-03	1.0000	1063.0	27.06%	22209.8	29.03%
1	TRPS1(Zf)/MCF7-TRPS1-ChIP-Seq(GSE107013)/Homer	AGATAAGANN	1e0	-2.807e-03	1.0000	821.0	20.90%	17383.7	22.72%
1	GATA(Zf),IR3/iTreg-Gata3-ChIP-Seq(GSE20898)/Homer	NNNNNBAGATAWYATCTVHN	1e0	-2.760e-03	1.0000	43.0	1.09%	1232.8	1.61%
1	RXR(NR),DR1/3T3L1-RXR-ChIP-Seq(GSE13511)/Homer	TAGGGCAAAGGTCA	1e0	-2.755e-03	1.0000	355.0	9.04%	7918.4	10.35%
1	THRb(NR)/HepG2-THRb.Flag-ChIP-Seq(Encode)/Homer	GGTCACCTGAGGTCA	1e0	-2.572e-03	1.0000	139.0	3.54%	3378.1	4.41%
1	Dlx3(Homeobox)/Kerainocytes-Dlx3-ChIP-Seq(GSE89884)/Homer	NDGTAATTAC	1e0	-2.237e-03	1.0000	392.0	9.98%	8708.6	11.38%
1	PGR(NR)/EndoStromal-PGR-ChIP-Seq(GSE69539)/Homer	AAGAACATWHTGTTC	1e0	-2.182e-03	1.0000	82.0	2.09%	2138.7	2.80%
1	DLX1(Homeobox)/BasalGanglia-Dlx1-ChIP-seq(GSE124936)/Homer	NSNNTAATTA	1e0	-2.006e-03	1.0000	814.0	20.72%	17298.6	22.61%
1	Hoxa10(Homeobox)/ChickenMSG-Hoxa10.Flag-ChIP-Seq(GSE86088)/Homer	GGYAATGAAA	1e0	-1.798e-03	1.0000	258.0	6.57%	5945.4	7.77%
1	Tlx?(NR)/NPC-H3K4me1-ChIP-Seq(GSE16256)/Homer	CTGGCAGSCTGCCA	1e0	-1.496e-03	1.0000	56.0	1.43%	1569.2	2.05%
1	FOXK1(Forkhead)/HEK293-FOXK1-ChIP-Seq(GSE51673)/Homer	NVWTGTTTAC	1e0	-1.415e-03	1.0000	751.0	19.11%	16085.2	21.02%
1	Fli1(ETS)/CD8-FLI-ChIP-Seq(GSE20898)/Homer	NRYTTCCGGH	1e0	-1.322e-03	1.0000	319.0	8.12%	7256.5	9.48%
1	Elk1(ETS)/Hela-Elk1-ChIP-Seq(GSE31477)/Homer	HACTTCCGGY	1e0	-1.320e-03	1.0000	192.0	4.89%	4576.3	5.98%
1	Gata2(Zf)/K562-GATA2-ChIP-Seq(GSE18829)/Homer	BBCTTATCTS	1e0	-9.380e-04	1.0000	226.0	5.75%	5333.7	6.97%
1	ZNF264(Zf)/HEK293-ZNF264.GFP-ChIP-Seq(GSE58341)/Homer	RGGGCACTAACY	1e0	-8.590e-04	1.0000	200.0	5.09%	4786.5	6.26%
1	Hoxb4(Homeobox)/ES-Hoxb4-ChIP-Seq(GSE34014)/Homer	TGATTRATGGCY	1e0	-8.350e-04	1.0000	70.0	1.78%	1926.8	2.52%
1	LRF(Zf)/Erythroblasts-ZBTB7A-ChIP-Seq(GSE74977)/Homer	AAGACCCYYN	1e0	-7.710e-04	1.0000	228.0	5.80%	5394.8	7.05%
1	Nkx6.1(Homeobox)/Islet-Nkx6.1-ChIP-Seq(GSE40975)/Homer	GKTAATGR	1e0	-7.050e-04	1.0000	1532.0	38.99%	31739.6	41.48%
1	PAX5(Paired,Homeobox)/GM12878-PAX5-ChIP-Seq(GSE32465)/Homer	GCAGCCAAGCRTGACH	1e0	-6.550e-04	1.0000	102.0	2.60%	2667.4	3.49%
1	TEAD(TEA)/Fibroblast-PU.1-ChIP-Seq(Unpublished)/Homer	YCWGGAATGY	1e0	-6.500e-04	1.0000	165.0	4.20%	4055.8	5.30%
1	TEAD2(TEA)/Py2T-Tead2-ChIP-Seq(GSE55709)/Homer	CCWGGAATGY	1e0	-6.440e-04	1.0000	119.0	3.03%	3047.3	3.98%
1	PRDM1(Zf)/Hela-PRDM1-ChIP-Seq(GSE31477)/Homer	ACTTTCACTTTC	1e0	-6.360e-04	1.0000	141.0	3.59%	3533.4	4.62%
1	AP-2gamma(AP2)/MCF7-TFAP2C-ChIP-Seq(GSE21234)/Homer	SCCTSAGGSCAW	1e0	-5.900e-04	1.0000	102.0	2.60%	2674.3	3.50%
1	Foxo1(Forkhead)/RAW-Foxo1-ChIP-Seq(Fan_et_al.)/Homer	CTGTTTAC	1e0	-5.800e-04	1.0000	873.0	22.22%	18678.4	24.41%
1	Elk4(ETS)/Hela-Elk4-ChIP-Seq(GSE31477)/Homer	NRYTTCCGGY	1e0	-5.350e-04	1.0000	229.0	5.83%	5449.2	7.12%
1	FOXP1(Forkhead)/H9-FOXP1-ChIP-Seq(GSE31006)/Homer	NYYTGTTTACHN	1e0	-4.150e-04	1.0000	305.0	7.76%	7085.4	9.26%
1	CUX1(Homeobox)/K562-CUX1-ChIP-Seq(GSE92882)/Homer	TATCGATNAN	1e0	-4.000e-04	1.0000	541.0	13.77%	11990.9	15.67%
1	TEAD1(TEAD)/HepG2-TEAD1-ChIP-Seq(Encode)/Homer	CYRCATTCCA	1e0	-2.940e-04	1.0000	256.0	6.52%	6080.0	7.95%
1	Rfx5(HTH)/GM12878-Rfx5-ChIP-Seq(GSE31477)/Homer	SCCTAGCAACAG	1e0	-2.680e-04	1.0000	114.0	2.90%	2996.4	3.92%
1	AP-2alpha(AP2)/Hela-AP2alpha-ChIP-Seq(GSE31477)/Homer	ATGCCCTGAGGC	1e0	-2.410e-04	1.0000	68.0	1.73%	1950.5	2.55%
1	DLX2(Homeobox)/BasalGanglia-Dlx2-ChIP-seq(GSE124936)/Homer	NNNTAATTAS	1e0	-1.360e-04	1.0000	889.0	22.63%	19209.1	25.11%
1	Cux2(Homeobox)/Liver-Cux2-ChIP-Seq(GSE35985)/Homer	HNRAATCAAT	1e0	-1.320e-04	1.0000	343.0	8.73%	8000.1	10.46%
1	HNF6(Homeobox)/Liver-Hnf6-ChIP-Seq(ERP000394)/Homer	NTATYGATCH	1e0	-1.280e-04	1.0000	449.0	11.43%	10222.9	13.36%
1	AR-halfsite(NR)/LNCaP-AR-ChIP-Seq(GSE27824)/Homer	CCAGGAACAG	1e0	-1.160e-04	1.0000	1171.0	29.80%	24884.3	32.52%
1	HNF4a(NR),DR1/HepG2-HNF4a-ChIP-Seq(GSE25021)/Homer	CARRGKBCAAAGTYCA	1e0	-6.100e-05	1.0000	179.0	4.56%	4544.8	5.94%
1	NF1(CTF)/LNCAP-NF1-ChIP-Seq(Unpublished)/Homer	CYTGGCABNSTGCCAR	1e0	-4.700e-05	1.0000	56.0	1.43%	1746.9	2.28%
1	DLX5(Homeobox)/BasalGanglia-Dlx5-ChIP-seq(GSE124936)/Homer	SSTAATTA	1e0	-4.700e-05	1.0000	484.0	12.32%	11058.1	14.45%
1	Zic2(Zf)/ESC-Zic2-ChIP-Seq(SRP197560)/Homer	CHCAGCRGGRGG	1e0	-4.000e-05	1.0000	42.0	1.07%	1407.1	1.84%
1	CEBP(bZIP)/ThioMac-CEBPb-ChIP-Seq(GSE21512)/Homer	ATTGCGCAAC	1e0	-2.600e-05	1.0000	444.0	11.30%	10283.5	13.44%
1	TCFL2(HMG)/K562-TCF7L2-ChIP-Seq(GSE29196)/Homer	ACWTCAAAGG	1e0	-2.200e-05	1.0000	21.0	0.53%	876.3	1.15%
1	MITF(bHLH)/MastCells-MITF-ChIP-Seq(GSE48085)/Homer	RTCATGTGAC	1e0	-1.400e-05	1.0000	451.0	11.48%	10495.4	13.72%
1	PPARE(NR),DR1/3T3L1-Pparg-ChIP-Seq(GSE13511)/Homer	TGACCTTTGCCCCA	1e0	-3.000e-06	1.0000	301.0	7.66%	7427.7	9.71%
1	TEAD3(TEA)/HepG2-TEAD3-ChIP-Seq(Encode)/Homer	TRCATTCCAG	1e0	-3.000e-06	1.0000	372.0	9.47%	8954.5	11.70%
1	NRF(NRF)/Promoter/Homer	STGCGCATGCGC	1e0	-3.000e-06	1.0000	60.0	1.53%	1968.7	2.57%
1	YY1(Zf)/Promoter/Homer	CAAGATGGCGGC	1e0	-2.000e-06	1.0000	46.0	1.17%	1630.9	2.13%
1	Foxa2(Forkhead)/Liver-Foxa2-ChIP-Seq(GSE25694)/Homer	CYTGTTTACWYW	1e0	-2.000e-06	1.0000	600.0	15.27%	13807.1	18.05%
1	Chop(bZIP)/MEF-Chop-ChIP-Seq(GSE35681)/Homer	ATTGCATCAT	1e0	-1.000e-06	1.0000	125.0	3.18%	3565.5	4.66%
1	Otx2(Homeobox)/EpiLC-Otx2-ChIP-Seq(GSE56098)/Homer	NYTAATCCYB	1e0	-1.000e-06	1.0000	214.0	5.45%	5596.9	7.31%
1	Hnf6b(Homeobox)/LNCaP-Hnf6b-ChIP-Seq(GSE106305)/Homer	TATTGAYY	1e0	-1.000e-06	1.0000	673.0	17.13%	15374.1	20.09%
1	Sox9(HMG)/Limb-SOX9-ChIP-Seq(GSE73225)/Homer	AGGVNCCTTTGT	1e0	-1.000e-06	1.0000	434.0	11.05%	10380.7	13.57%
1	TEAD4(TEA)/Tropoblast-Tead4-ChIP-Seq(GSE37350)/Homer	CCWGGAATGY	1e0	-0.000e+00	1.0000	191.0	4.86%	5163.0	6.75%
1	FXR(NR),IR1/Liver-FXR-ChIP-Seq(Chong_et_al.)/Homer	AGGTCANTGACCTB	1e0	-0.000e+00	1.0000	131.0	3.33%	3806.3	4.97%
1	FOXA1(Forkhead)/LNCAP-FOXA1-ChIP-Seq(GSE27824)/Homer	WAAGTAAACA	1e0	-0.000e+00	1.0000	715.0	18.20%	16400.4	21.43%
1	TR4(NR),DR1/Hela-TR4-ChIP-Seq(GSE24685)/Homer	GAGGTCAAAGGTCA	1e0	-0.000e+00	1.0000	119.0	3.03%	3552.7	4.64%
1	Sox4(HMG)/proB-Sox4-ChIP-Seq(GSE50066)/Homer	YCTTTGTTCC	1e0	-0.000e+00	1.0000	516.0	13.13%	12295.3	16.07%
1	Foxa3(Forkhead)/Liver-Foxa3-ChIP-Seq(GSE77670)/Homer	BSNTGTTTACWYWGN	1e0	-0.000e+00	1.0000	214.0	5.45%	5750.3	7.52%
1	RORg(NR)/Liver-Rorc-ChIP-Seq(GSE101115)/Homer	WAABTAGGTCAV	1e0	-0.000e+00	1.0000	31.0	0.79%	1341.8	1.75%
1	GSC(Homeobox)/FrogEmbryos-GSC-ChIP-Seq(DRA000576)/Homer	RGGATTAR	1e0	-0.000e+00	1.0000	369.0	9.39%	9183.2	12.00%
1	RORgt(NR)/EL4-RORgt.Flag-ChIP-Seq(GSE56019)/Homer	AAYTAGGTCA	1e0	-0.000e+00	1.0000	52.0	1.32%	1917.9	2.51%
1	RORgt(NR)/EL4-RORgt.Flag-ChIP-Seq(GSE56019)/Homer	AAYTAGGTCA	1e0	-0.000e+00	1.0000	52.0	1.32%	1917.9	2.51%
1	Sox17(HMG)/Endoderm-Sox17-ChIP-Seq(GSE61475)/Homer	CCATTGTTYB	1e0	-0.000e+00	1.0000	718.0	18.27%	16611.2	21.71%
1	CRX(Homeobox)/Retina-Crx-ChIP-Seq(GSE20012)/Homer	GCTAATCC	1e0	-0.000e+00	1.0000	704.0	17.92%	16323.4	21.33%
1	JunD(bZIP)/K562-JunD-ChIP-Seq/Homer	ATGACGTCATCN	1e0	-0.000e+00	1.0000	104.0	2.65%	3250.9	4.25%
1	Pitx1(Homeobox)/Chicken-Pitx1-ChIP-Seq(GSE38910)/Homer	TAATCCCN	1e0	-0.000e+00	1.0000	1399.0	35.61%	30432.5	39.77%
1	Sox2(HMG)/mES-Sox2-ChIP-Seq(GSE11431)/Homer	BCCATTGTTC	1e0	-0.000e+00	1.0000	768.0	19.55%	17714.4	23.15%
1	Nur77(NR)/K562-NR4A1-ChIP-Seq(GSE31363)/Homer	TGACCTTTNCNT	1e0	-0.000e+00	1.0000	135.0	3.44%	4025.0	5.26%
1	c-Jun-CRE(bZIP)/K562-cJun-ChIP-Seq(GSE31477)/Homer	ATGACGTCATCY	1e0	-0.000e+00	1.0000	205.0	5.22%	5650.6	7.39%
1	RORa(NR)/Liver-Rora-ChIP-Seq(GSE101115)/Homer	AAWCTAGGTCARDNN	1e0	-0.000e+00	1.0000	38.0	0.97%	1588.5	2.08%
1	NRF1(NRF)/MCF7-NRF1-ChIP-Seq(Unpublished)/Homer	CTGCGCATGCGC	1e0	-0.000e+00	1.0000	32.0	0.81%	1422.1	1.86%
1	FOXA1(Forkhead)/MCF7-FOXA1-ChIP-Seq(GSE26831)/Homer	WAAGTAAACA	1e0	-0.000e+00	1.0000	534.0	13.59%	12877.0	16.83%
1	Erra(NR)/HepG2-Erra-ChIP-Seq(GSE31477)/Homer	CAAAGGTCAG	1e0	-0.000e+00	1.0000	687.0	17.49%	16118.1	21.07%
1	PPARa(NR),DR1/Liver-Ppara-ChIP-Seq(GSE47954)/Homer	VNAGGKCAAAGGTCA	1e0	-0.000e+00	1.0000	339.0	8.63%	8712.4	11.39%
1	Sox7(HMG)/ESC-Sox7-ChIP-Seq(GSE133899)/Homer	VVRRAACAATGG	1e0	-0.000e+00	1.0000	289.0	7.36%	7612.7	9.95%
1	Sox10(HMG)/SciaticNerve-Sox3-ChIP-Seq(GSE35132)/Homer	CCWTTGTYYB	1e0	-0.000e+00	1.0000	1152.0	29.32%	25695.7	33.58%
1	Sox15(HMG)/CPA-Sox15-ChIP-Seq(GSE62909)/Homer	RAACAATGGN	1e0	-0.000e+00	1.0000	827.0	21.05%	19081.1	24.94%
1	Atf4(bZIP)/MEF-Atf4-ChIP-Seq(GSE35681)/Homer	MTGATGCAAT	1e0	-0.000e+00	1.0000	177.0	4.50%	5103.5	6.67%
1	RARa(NR)/K562-RARa-ChIP-Seq(Encode)/Homer	TTGAMCTTTG	1e0	-0.000e+00	1.0000	1132.0	28.81%	25323.3	33.10%
1	ERRg(NR)/Kidney-ESRRG-ChIP-Seq(GSE104905)/Homer	GTGACCTTGRVN	1e0	-0.000e+00	1.0000	336.0	8.55%	8790.3	11.49%
1	Esrrb(NR)/mES-Esrrb-ChIP-Seq(GSE11431)/Homer	KTGACCTTGA	1e0	-0.000e+00	1.0000	306.0	7.79%	8155.7	10.66%
1	CRE(bZIP)/Promoter/Homer	CSGTGACGTCAC	1e0	-0.000e+00	1.0000	187.0	4.76%	5455.3	7.13%
1	Fox:Ebox(Forkhead,bHLH)/Panc1-Foxa2-ChIP-Seq(GSE47459)/Homer	NNNVCTGWGYAAACASN	1e0	-0.000e+00	1.0000	535.0	13.62%	13171.1	17.21%
1	Sox6(HMG)/Myotubes-Sox6-ChIP-Seq(GSE32627)/Homer	CCATTGTTNY	1e0	-0.000e+00	1.0000	1228.0	31.25%	27486.8	35.92%
1	Atf2(bZIP)/3T3L1-Atf2-ChIP-Seq(GSE56872)/Homer	NRRTGACGTCAT	1e0	-0.000e+00	1.0000	239.0	6.08%	6674.0	8.72%
1	FOXM1(Forkhead)/MCF7-FOXM1-ChIP-Seq(GSE72977)/Homer	TRTTTACTTW	1e0	-0.000e+00	1.0000	516.0	13.13%	12774.8	16.70%
1	BORIS(Zf)/K562-CTCFL-ChIP-Seq(GSE32465)/Homer	CNNBRGCGCCCCCTGSTGGC	1e0	-0.000e+00	1.0000	39.0	0.99%	1767.4	2.31%
1	CTCF(Zf)/CD4+-CTCF-ChIP-Seq(Barski_et_al.)/Homer	AYAGTGCCMYCTRGTGGCCA	1e0	-0.000e+00	1.0000	36.0	0.92%	1688.1	2.21%
1	p53(p53)/Saos-p53-ChIP-Seq(GSE15780)/Homer	RRCATGYCYRGRCATGYYYN	1e0	-0.000e+00	1.0000	33.0	0.84%	1628.8	2.13%
1	p53(p53)/Saos-p53-ChIP-Seq/Homer	RRCATGYCYRGRCATGYYYN	1e0	-0.000e+00	1.0000	33.0	0.84%	1628.8	2.13%
1	p63(p53)/Keratinocyte-p63-ChIP-Seq(GSE17611)/Homer	NNDRCATGYCYNRRCATGYH	1e0	-0.000e+00	1.0000	105.0	2.67%	3590.2	4.69%
1	Sox3(HMG)/NPC-Sox3-ChIP-Seq(GSE33059)/Homer	CCWTTGTY	1e0	-0.000e+00	1.0000	1308.0	33.29%	29369.7	38.38%
1	Sox21(HMG)/ESC-SOX21-ChIP-Seq(GSE110505)/Homer	BCCWTTGTBYKV	1e0	-0.000e+00	1.0000	1218.0	31.00%	27574.7	36.04%
1	p73(p53)/Trachea-p73-ChIP-Seq(PRJNA310161)/Homer	NRRRCAWGTCCDGRCATGYY	1e0	-0.000e+00	1.0000	7.0	0.18%	818.8	1.07%
1	Atf7(bZIP)/3T3L1-Atf7-ChIP-Seq(GSE56872)/Homer	NGRTGACGTCAY	1e0	-0.000e+00	1.0000	343.0	8.73%	9489.9	12.40%
1	FoxD3(forkhead)/ZebrafishEmbryo-Foxd3.biotin-ChIP-seq(GSE106676)/Homer	TGTTTAYTTAGC	1e0	-0.000e+00	1.0000	306.0	7.79%	8715.7	11.39%
1	Atf1(bZIP)/K562-ATF1-ChIP-Seq(GSE31477)/Homer	GATGACGTCA	1e0	0.000e+00	1.0000	516.0	13.13%	14052.5	18.37%
1	COUP-TFII(NR)/K562-NR2F1-ChIP-Seq(Encode)/Homer	GKBCARAGGTCA	1e0	0.000e+00	1.0000	561.0	14.28%	14907.0	19.48%
1	COUP-TFII(NR)/Artia-Nr2f2-ChIP-Seq(GSE46497)/Homer	AGRGGTCA	1e0	0.000e+00	1.0000	672.0	17.10%	18016.4	23.55%
1	CREB5(bZIP)/LNCaP-CREB5.V5-ChIP-Seq(GSE137775)/Homer	VVATGACGTCAT	1e0	0.000e+00	1.0000	258.0	6.57%	8007.9	10.47%
1	HLF(bZIP)/HSC-HLF.Flag-ChIP-Seq(GSE69817)/Homer	RTTATGYAAB	1e0	0.000e+00	1.0000	551.0	14.02%	15608.3	20.40%
1	NFIL3(bZIP)/HepG2-NFIL3-ChIP-Seq(Encode)/Homer	VTTACGTAAYNNNNN	1e0	0.000e+00	1.0000	535.0	13.62%	16180.9	21.15%
1	EAR2(NR)/K562-NR2F6-ChIP-Seq(Encode)/Homer	NRBCARRGGTCA	1e0	0.000e+00	1.0000	527.0	13.41%	14227.2	18.59%
1	THRb(NR)/Liver-NR1A2-ChIP-Seq(GSE52613)/Homer	TRAGGTCA	1e0	0.000e+00	1.0000	1340.0	34.11%	31133.0	40.69%
1	ZFP3(Zf)/HEK293-ZFP3.GFP-ChIP-Seq(GSE58341)/Homer	GGGTTTTGAAGGATGARTAGGAGTT	1e0	0.000e+00	1.0000	0.0	0.00%	2.6	0.00%
1	ZNF16(Zf)/HEK293-ZNF16.GFP-ChIP-Seq(GSE58341)/Homer	MACCTTCYATGGCTCCCTAKTGCCY	1e0	0.000e+00	1.0000	0.0	0.00%	7.0	0.01%
2	Tbx6(T-box)/ESC-Tbx6-ChIP-Seq(GSE93524)/Homer	DAGGTGTBAA	1e-272	-6.271e+02	0.0000	1166.0	44.52%	12238.5	15.43%
2	Tbr1(T-box)/Cortex-Tbr1-ChIP-Seq(GSE71384)/Homer	AAGGTGTKAA	1e-239	-5.521e+02	0.0000	1363.0	52.04%	17705.4	22.32%
2	Eomes(T-box)/H9-Eomes-ChIP-Seq(GSE26097)/Homer	ATTAACACCT	1e-235	-5.428e+02	0.0000	1575.0	60.14%	23150.0	29.18%
2	Tbx21(T-box)/GM12878-TBX21-ChIP-Seq(Encode)/Homer	AGGTGTGAAA	1e-233	-5.387e+02	0.0000	1113.0	42.50%	12416.7	15.65%
2	Tbet(T-box)/CD8-Tbet-ChIP-Seq(GSE33802)/Homer	AGGTGTGAAM	1e-184	-4.238e+02	0.0000	1143.0	43.64%	14980.9	18.88%
2	Tbx5(T-box)/HL1-Tbx5.biotin-ChIP-Seq(GSE21529)/Homer	AGGTGTCA	1e-123	-2.838e+02	0.0000	1512.0	57.73%	27770.7	35.01%
2	E2F1(E2F)/Hela-E2F1-ChIP-Seq(GSE22478)/Homer	CWGGCGGGAA	1e-10	-2.530e+01	0.0000	77.0	2.94%	975.9	1.23%
2	E2F7(E2F)/Hela-E2F7-ChIP-Seq(GSE32673)/Homer	VDTTTCCCGCCA	1e-10	-2.390e+01	0.0000	62.0	2.37%	722.5	0.91%
2	E2F4(E2F)/K562-E2F4-ChIP-Seq(GSE31477)/Homer	GGCGGGAAAH	1e-8	-2.059e+01	0.0000	162.0	6.19%	2978.3	3.75%
2	E2F6(E2F)/Hela-E2F6-ChIP-Seq(GSE31477)/Homer	GGCGGGAARN	1e-8	-1.930e+01	0.0000	90.0	3.44%	1392.8	1.76%
2	Nanog(Homeobox)/mES-Nanog-ChIP-Seq(GSE11724)/Homer	RGCCATTAAC	1e-8	-1.918e+01	0.0000	1638.0	62.54%	45222.0	57.00%
2	E2F3(E2F)/MEF-E2F3-ChIP-Seq(GSE71376)/Homer	BTKGGCGGGAAA	1e-6	-1.597e+01	0.0000	118.0	4.51%	2143.1	2.70%
2	Brachyury(T-box)/Mesoendoderm-Brachyury-ChIP-exo(GSE54963)/Homer	ANTTMRCASBNNNGTGYKAAN	1e-6	-1.527e+01	0.0000	160.0	6.11%	3190.0	4.02%
2	Ptf1a(bHLH)/Panc1-Ptf1a-ChIP-Seq(GSE47459)/Homer	ACAGCTGTTN	1e-6	-1.513e+01	0.0000	617.0	23.56%	15521.5	19.57%
2	Tgif2(Homeobox)/mES-Tgif2-ChIP-Seq(GSE55404)/Homer	TGTCANYT	1e-6	-1.424e+01	0.0000	1453.0	55.48%	40251.6	50.74%
2	Tgif1(Homeobox)/mES-Tgif1-ChIP-Seq(GSE55404)/Homer	YTGWCADY	1e-5	-1.381e+01	0.0000	1441.0	55.02%	39953.8	50.36%
2	E2F(E2F)/Hela-CellCycle-Expression/Homer	TTSGCGCGAAAA	1e-5	-1.158e+01	0.0002	42.0	1.60%	602.8	0.76%
2	Isl1(Homeobox)/Neuron-Isl1-ChIP-Seq(GSE31456)/Homer	CTAATKGV	1e-4	-1.101e+01	0.0004	779.0	29.74%	20717.2	26.11%
2	Pbx3(Homeobox)/GM12878-PBX3-ChIP-Seq(GSE32465)/Homer	SCTGTCAMTCAN	1e-4	-1.094e+01	0.0004	125.0	4.77%	2565.2	3.23%
2	NFY(CCAAT)/Promoter/Homer	RGCCAATSRG	1e-4	-1.072e+01	0.0005	456.0	17.41%	11513.5	14.51%
2	HEB(bHLH)/mES-Heb-ChIP-Seq(GSE53233)/Homer	VCAGCTGBNN	1e-4	-1.069e+01	0.0005	384.0	14.66%	9506.7	11.98%
2	BMYB(HTH)/Hela-BMYB-ChIP-Seq(GSE27030)/Homer	NHAACBGYYV	1e-4	-1.033e+01	0.0007	693.0	26.46%	18329.7	23.11%
2	Meis1(Homeobox)/MastCells-Meis1-ChIP-Seq(GSE48085)/Homer	VGCTGWCAVB	1e-3	-8.911e+00	0.0026	674.0	25.74%	18003.6	22.69%
2	Sp2(Zf)/HEK293-Sp2.eGFP-ChIP-Seq(Encode)/Homer	YGGCCCCGCCCC	1e-3	-8.829e+00	0.0027	191.0	7.29%	4429.6	5.58%
2	Pknox1(Homeobox)/ES-Prep1-ChIP-Seq(GSE63282)/Homer	SCTGTCAVTCAV	1e-3	-8.790e+00	0.0027	121.0	4.62%	2599.8	3.28%
2	Pit1(Homeobox)/GCrat-Pit1-ChIP-Seq(GSE58009)/Homer	ATGMATATDC	1e-3	-7.454e+00	0.0098	577.0	22.03%	15440.7	19.46%
2	Lhx3(Homeobox)/Neuron-Lhx3-ChIP-Seq(GSE31456)/Homer	ADBTAATTAR	1e-3	-7.352e+00	0.0105	886.0	33.83%	24499.7	30.88%
2	KLF14(Zf)/HEK293-KLF14.GFP-ChIP-Seq(GSE58341)/Homer	RGKGGGCGKGGC	1e-2	-6.829e+00	0.0170	225.0	8.59%	5552.7	7.00%
2	Snail1(Zf)/LS174T-SNAIL1.HA-ChIP-Seq(GSE127183)/Homer	TRCACCTGCY	1e-2	-6.118e+00	0.0334	187.0	7.14%	4588.6	5.78%
2	LHX9(Homeobox)/Hct116-LHX9.V5-ChIP-Seq(GSE116822)/Homer	NGCTAATTAG	1e-2	-5.861e+00	0.0418	698.0	26.65%	19273.7	24.30%
2	Sox15(HMG)/CPA-Sox15-ChIP-Seq(GSE62909)/Homer	RAACAATGGN	1e-2	-5.702e+00	0.0474	814.0	31.08%	22727.0	28.65%
2	Smad3(MAD)/NPC-Smad3-ChIP-Seq(GSE36673)/Homer	TWGTCTGV	1e-2	-5.534e+00	0.0543	759.0	28.98%	21141.1	26.65%
2	PBX1(Homeobox)/MCF7-PBX1-ChIP-Seq(GSE28007)/Homer	GSCTGTCACTCA	1e-2	-5.411e+00	0.0596	35.0	1.34%	652.0	0.82%
2	Pitx1:Ebox(Homeobox,bHLH)/Hindlimb-Pitx1-ChIP-Seq(GSE41591)/Homer	YTAATTRAWWCCAGATGT	1e-2	-5.388e+00	0.0596	69.0	2.63%	1498.6	1.89%
2	Maz(Zf)/HepG2-Maz-ChIP-Seq(GSE31477)/Homer	GGGGGGGG	1e-2	-5.319e+00	0.0616	121.0	4.62%	2876.0	3.63%
2	E2A(bHLH)/proBcell-E2A-ChIP-Seq(GSE21978)/Homer	DNRCAGCTGY	1e-2	-5.309e+00	0.0616	271.0	10.35%	7034.3	8.87%
2	AMYB(HTH)/Testes-AMYB-ChIP-Seq(GSE44588)/Homer	TGGCAGTTGG	1e-2	-5.066e+00	0.0750	619.0	23.63%	17129.1	21.59%
2	Tbox:Smad(T-box,MAD)/ESCd5-Smad2_3-ChIP-Seq(GSE29422)/Homer	AGGTGHCAGACA	1e-2	-5.001e+00	0.0779	64.0	2.44%	1396.3	1.76%
2	Ascl2(bHLH)/ESC-Ascl2-ChIP-Seq(GSE97712)/Homer	SSRGCAGCTGCH	1e-2	-4.975e+00	0.0780	214.0	8.17%	5478.1	6.91%
2	MYNN(Zf)/HEK293-MYNN.eGFP-ChIP-Seq(Encode)/Homer	TTCAAAWTAAAAGTC	1e-2	-4.943e+00	0.0784	77.0	2.94%	1738.6	2.19%
2	Sp5(Zf)/mES-Sp5.Flag-ChIP-Seq(GSE72989)/Homer	RGKGGGCGGAGC	1e-2	-4.936e+00	0.0784	100.0	3.82%	2348.6	2.96%
2	Sox21(HMG)/ESC-SOX21-ChIP-Seq(GSE110505)/Homer	BCCWTTGTBYKV	1e-2	-4.881e+00	0.0795	1123.0	42.88%	32149.6	40.53%
2	Rbpj1(?)/Panc1-Rbpj1-ChIP-Seq(GSE47459)/Homer	HTTTCCCASG	1e-2	-4.780e+00	0.0859	262.0	10.00%	6860.7	8.65%
2	En1(Homeobox)/SUM149-EN1-ChIP-Seq(GSE120957)/Homer	NDCTAATTAS	1e-2	-4.727e+00	0.0886	968.0	36.96%	27549.2	34.73%
2	Lhx2(Homeobox)/HFSC-Lhx2-ChIP-Seq(GSE48068)/Homer	TAATTAGN	1e-2	-4.659e+00	0.0927	589.0	22.49%	16342.3	20.60%
2	Nkx6.1(Homeobox)/Islet-Nkx6.1-ChIP-Seq(GSE40975)/Homer	GKTAATGR	1e-2	-4.643e+00	0.0927	1286.0	49.10%	37127.4	46.80%
2	Sox3(HMG)/NPC-Sox3-ChIP-Seq(GSE33059)/Homer	CCWTTGTY	1e-1	-4.453e+00	0.1091	1190.0	45.44%	34286.6	43.22%
2	c-Myc(bHLH)/LNCAP-cMyc-ChIP-Seq(Unpublished)/Homer	VCCACGTG	1e-1	-4.383e+00	0.1145	185.0	7.06%	4747.1	5.98%
2	E2A(bHLH),near_PU.1/Bcell-PU.1-ChIP-Seq(GSE21512)/Homer	NVCACCTGBN	1e-1	-4.316e+00	0.1199	284.0	10.84%	7563.3	9.53%
2	Sox9(HMG)/Limb-SOX9-ChIP-Seq(GSE73225)/Homer	AGGVNCCTTTGT	1e-1	-4.225e+00	0.1288	435.0	16.61%	11940.8	15.05%
2	Slug(Zf)/Mesoderm-Snai2-ChIP-Seq(GSE61475)/Homer	SNGCACCTGCHS	1e-1	-3.977e+00	0.1617	104.0	3.97%	2551.6	3.22%
2	NeuroG2(bHLH)/Fibroblast-NeuroG2-ChIP-Seq(GSE75910)/Homer	ACCATCTGTT	1e-1	-3.833e+00	0.1831	317.0	12.10%	8601.7	10.84%
2	ZNF467(Zf)/HEK293-ZNF467.GFP-ChIP-Seq(GSE58341)/Homer	TGGGGAAGGGCM	1e-1	-3.801e+00	0.1855	72.0	2.75%	1701.4	2.14%
2	Sox2(HMG)/mES-Sox2-ChIP-Seq(GSE11431)/Homer	BCCATTGTTC	1e-1	-3.646e+00	0.2127	745.0	28.45%	21213.1	26.74%
2	Gata4(Zf)/Heart-Gata4-ChIP-Seq(GSE35151)/Homer	NBWGATAAGR	1e-1	-3.569e+00	0.2255	371.0	14.17%	10222.5	12.89%
2	Brn2(POU,Homeobox)/NPC-Brn2-ChIP-Seq(GSE35496)/Homer	ATGAATATTC	1e-1	-3.561e+00	0.2255	93.0	3.55%	2295.4	2.89%
2	CLOCK(bHLH)/Liver-Clock-ChIP-Seq(GSE39860)/Homer	GHCACGTG	1e-1	-3.546e+00	0.2255	244.0	9.32%	6555.3	8.26%
2	Hoxa9(Homeobox)/ChickenMSG-Hoxa9.Flag-ChIP-Seq(GSE86088)/Homer	RGCAATNAAA	1e-1	-3.489e+00	0.2315	1079.0	41.20%	31247.4	39.39%
2	ZFP3(Zf)/HEK293-ZFP3.GFP-ChIP-Seq(GSE58341)/Homer	GGGTTTTGAAGGATGARTAGGAGTT	1e-1	-3.427e+00	0.2422	1.0	0.04%	0.6	0.00%
2	Six4(Homeobox)/MCF7-SIX4-ChIP-Seq(Encode)/Homer	TGWAAYCTGABACCB	1e-1	-3.409e+00	0.2425	22.0	0.84%	431.2	0.54%
2	Oct4(POU,Homeobox)/mES-Oct4-ChIP-Seq(GSE11431)/Homer	ATTTGCATAW	1e-1	-3.381e+00	0.2454	438.0	16.72%	12223.1	15.41%
2	PRDM9(Zf)/Testis-DMC1-ChIP-Seq(GSE35498)/Homer	ADGGYAGYAGCATCT	1e-1	-3.140e+00	0.3071	72.0	2.75%	1765.3	2.23%
2	IRF4(IRF)/GM12878-IRF4-ChIP-Seq(GSE32465)/Homer	ACTGAAACCA	1e-1	-2.998e+00	0.3485	150.0	5.73%	3965.5	5.00%
2	Twist2(bHLH)/Myoblast-Twist2.Ty1-ChIP-Seq(GSE127998)/Homer	MCAGCTGBYH	1e-1	-2.939e+00	0.3637	345.0	13.17%	9611.6	12.12%
2	Atoh1(bHLH)/Cerebellum-Atoh1-ChIP-Seq(GSE22111)/Homer	VNRVCAGCTGGY	1e-1	-2.834e+00	0.3979	176.0	6.72%	4735.1	5.97%
2	FOXA1:AR(Forkhead,NR)/LNCAP-AR-ChIP-Seq(GSE27824)/Homer	AGTAAACAAAAAAGAACAND	1e-1	-2.831e+00	0.3979	28.0	1.07%	614.3	0.77%
2	NF1-halfsite(CTF)/LNCaP-NF1-ChIP-Seq(Unpublished)/Homer	YTGCCAAG	1e-1	-2.740e+00	0.4241	376.0	14.36%	10570.6	13.32%
2	DLX2(Homeobox)/BasalGanglia-Dlx2-ChIP-seq(GSE124936)/Homer	NNNTAATTAS	1e-1	-2.728e+00	0.4241	805.0	30.74%	23299.1	29.37%
2	Sox6(HMG)/Myotubes-Sox6-ChIP-Seq(GSE32627)/Homer	CCATTGTTNY	1e-1	-2.690e+00	0.4328	1101.0	42.04%	32198.9	40.59%
2	EBF2(EBF)/BrownAdipose-EBF2-ChIP-Seq(GSE97114)/Homer	NABTCCCWDGGGAVH	1e-1	-2.684e+00	0.4328	92.0	3.51%	2373.5	2.99%
2	bHLHE40(bHLH)/HepG2-BHLHE40-ChIP-Seq(GSE31477)/Homer	KCACGTGMCN	1e-1	-2.584e+00	0.4679	139.0	5.31%	3720.6	4.69%
2	Olig2(bHLH)/Neuron-Olig2-ChIP-Seq(GSE30882)/Homer	RCCATMTGTT	1e-1	-2.510e+00	0.4968	454.0	17.33%	12934.9	16.30%
2	HNF1b(Homeobox)/PDAC-HNF1B-ChIP-Seq(GSE64557)/Homer	GTTAATNATTAA	1e-1	-2.495e+00	0.4970	70.0	2.67%	1782.5	2.25%
2	RFX(HTH)/K562-RFX3-ChIP-Seq(SRA012198)/Homer	CGGTTGCCATGGCAAC	1e-1	-2.469e+00	0.5037	50.0	1.91%	1232.2	1.55%
2	Zfp281(Zf)/ES-Zfp281-ChIP-Seq(GSE81042)/Homer	CCCCTCCCCCAC	1e-1	-2.385e+00	0.5401	14.0	0.53%	283.7	0.36%
2	Zfp57(Zf)/H1-ZFP57.HA-ChIP-Seq(GSE115387)/Homer	NANTGCSGCA	1e-1	-2.377e+00	0.5401	99.0	3.78%	2614.4	3.30%
2	c-Myc(bHLH)/mES-cMyc-ChIP-Seq(GSE11431)/Homer	VVCCACGTGG	1e-1	-2.373e+00	0.5401	100.0	3.82%	2643.3	3.33%
2	HIC1(Zf)/Treg-ZBTB29-ChIP-Seq(GSE99889)/Homer	TGCCAGCB	1e-1	-2.354e+00	0.5401	396.0	15.12%	11268.8	14.20%
2	TRPS1(Zf)/MCF7-TRPS1-ChIP-Seq(GSE107013)/Homer	AGATAAGANN	1e0	-2.300e+00	0.5584	689.0	26.31%	19992.0	25.20%
2	NeuroD1(bHLH)/Islet-NeuroD1-ChIP-Seq(GSE30298)/Homer	GCCATCTGTT	1e0	-2.277e+00	0.5642	133.0	5.08%	3602.3	4.54%
2	BMAL1(bHLH)/Liver-Bmal1-ChIP-Seq(GSE39860)/Homer	GNCACGTG	1e0	-2.262e+00	0.5655	644.0	24.59%	18663.8	23.53%
2	Gata6(Zf)/HUG1N-GATA6-ChIP-Seq(GSE51936)/Homer	YCTTATCTBN	1e0	-2.237e+00	0.5731	314.0	11.99%	8886.6	11.20%
2	SpiB(ETS)/OCILY3-SPIB-ChIP-Seq(GSE56857)/Homer	AAAGRGGAAGTG	1e0	-2.234e+00	0.5731	44.0	1.68%	1091.3	1.38%
2	Usf2(bHLH)/C2C12-Usf2-ChIP-Seq(GSE36030)/Homer	GTCACGTGGT	1e0	-2.226e+00	0.5731	181.0	6.91%	4999.5	6.30%
2	bZIP:IRF(bZIP,IRF)/Th17-BatF-ChIP-Seq(GSE39756)/Homer	NAGTTTCABTHTGACTNW	1e0	-2.224e+00	0.5731	128.0	4.89%	3469.0	4.37%
2	IRF:BATF(IRF:bZIP)/pDC-Irf8-ChIP-Seq(GSE66899)/Homer	CTTTCANTATGACTV	1e0	-2.190e+00	0.5731	43.0	1.64%	1068.8	1.35%
2	OCT:OCT(POU,Homeobox)/NPC-Brn1-ChIP-Seq(GSE35496)/Homer	ATGAATATTCATGAG	1e0	-2.176e+00	0.5739	22.0	0.84%	501.6	0.63%
2	Max(bHLH)/K562-Max-ChIP-Seq(GSE31477)/Homer	RCCACGTGGYYN	1e0	-2.148e+00	0.5837	204.0	7.79%	5686.3	7.17%
2	Oct6(POU,Homeobox)/NPC-Pou3f1-ChIP-Seq(GSE35496)/Homer	WATGCAAATGAG	1e0	-2.126e+00	0.5896	377.0	14.39%	10777.9	13.59%
2	Oct2(POU,Homeobox)/Bcell-Oct2-ChIP-Seq(GSE21512)/Homer	ATATGCAAAT	1e0	-2.122e+00	0.5896	284.0	10.84%	8036.6	10.13%
2	Ascl1(bHLH)/NeuralTubes-Ascl1-ChIP-Seq(GSE55840)/Homer	NNVVCAGCTGBN	1e0	-2.108e+00	0.5896	236.0	9.01%	6631.6	8.36%
2	Brn1(POU,Homeobox)/NPC-Brn1-ChIP-Seq(GSE35496)/Homer	TATGCWAATBAV	1e0	-2.092e+00	0.5901	345.0	13.17%	9842.2	12.41%
2	PAX3:FKHR-fusion(Paired,Homeobox)/Rh4-PAX3:FKHR-ChIP-Seq(GSE19063)/Homer	ACCRTGACTAATTNN	1e0	-2.069e+00	0.5977	108.0	4.12%	2921.7	3.68%
2	Sp1(Zf)/Promoter/Homer	GGCCCCGCCCCC	1e0	-2.062e+00	0.5977	13.0	0.50%	274.2	0.35%
2	ZEB2(Zf)/SNU398-ZEB2-ChIP-Seq(GSE103048)/Homer	GNMCAGGTGTGC	1e0	-2.033e+00	0.6064	202.0	7.71%	5655.9	7.13%
2	ZNF7(Zf)/HepG2-ZNF7.Flag-ChIP-Seq(Encode)/Homer	CTGCCWVCTTTTRTA	1e0	-2.022e+00	0.6067	177.0	6.76%	4928.1	6.21%
2	Six1(Homeobox)/Myoblast-Six1-ChIP-Chip(GSE20150)/Homer	GKVTCADRTTWC	1e0	-1.971e+00	0.6321	86.0	3.28%	2307.7	2.91%
2	Sox17(HMG)/Endoderm-Sox17-ChIP-Seq(GSE61475)/Homer	CCATTGTTYB	1e0	-1.911e+00	0.6644	667.0	25.47%	19491.2	24.57%
2	BHLHA15(bHLH)/NIH3T3-BHLHB8.HA-ChIP-Seq(GSE119782)/Homer	NAMCAGCTGK	1e0	-1.910e+00	0.6644	245.0	9.35%	6948.1	8.76%
2	Lhx1(Homeobox)/EmbryoCarcinoma-Lhx1-ChIP-Seq(GSE70957)/Homer	NNYTAATTAR	1e0	-1.902e+00	0.6644	563.0	21.50%	16386.2	20.66%
2	GATA3(Zf)/iTreg-Gata3-ChIP-Seq(GSE20898)/Homer	AGATAASR	1e0	-1.892e+00	0.6644	536.0	20.47%	15584.9	19.65%
2	Nkx2.1(Homeobox)/LungAC-Nkx2.1-ChIP-Seq(GSE43252)/Homer	RSCACTYRAG	1e0	-1.843e+00	0.6827	686.0	26.19%	20089.2	25.32%
2	Ap4(bHLH)/AML-Tfap4-ChIP-Seq(GSE45738)/Homer	NAHCAGCTGD	1e0	-1.837e+00	0.6827	228.0	8.71%	6468.3	8.15%
2	CHR(?)/Hela-CellCycle-Expression/Homer	SRGTTTCAAA	1e0	-1.830e+00	0.6827	230.0	8.78%	6530.0	8.23%
2	MyoG(bHLH)/C2C12-MyoG-ChIP-Seq(GSE36024)/Homer	AACAGCTG	1e0	-1.829e+00	0.6827	212.0	8.09%	6000.2	7.56%
2	Sox10(HMG)/SciaticNerve-Sox3-ChIP-Seq(GSE35132)/Homer	CCWTTGTYYB	1e0	-1.821e+00	0.6827	1000.0	38.18%	29536.2	37.23%
2	Bapx1(Homeobox)/VertebralCol-Bapx1-ChIP-Seq(GSE36672)/Homer	TTRAGTGSYK	1e0	-1.811e+00	0.6827	598.0	22.83%	17469.2	22.02%
2	Bcl11a(Zf)/HSPC-BCL11A-ChIP-Seq(GSE104676)/Homer	TYTGACCASWRG	1e0	-1.804e+00	0.6827	147.0	5.61%	4103.1	5.17%
2	NPAS2(bHLH)/Liver-NPAS2-ChIP-Seq(GSE39860)/Homer	KCCACGTGAC	1e0	-1.787e+00	0.6827	344.0	13.13%	9912.0	12.49%
2	CTCF-SatelliteElement(Zf?)/CD4+-CTCF-ChIP-Seq(Barski_et_al.)/Homer	TGCAGTTCCMVNWRTGGCCA	1e0	-1.772e+00	0.6827	4.0	0.15%	65.5	0.08%
2	bHLHE41(bHLH)/proB-Bhlhe41-ChIP-Seq(GSE93764)/Homer	KCACGTGMCN	1e0	-1.752e+00	0.6873	383.0	14.62%	11081.2	13.97%
2	Egr2(Zf)/Thymocytes-Egr2-ChIP-Seq(GSE34254)/Homer	NGCGTGGGCGGR	1e0	-1.728e+00	0.6982	22.0	0.84%	535.5	0.68%
2	Rfx2(HTH)/LoVo-RFX2-ChIP-Seq(GSE49402)/Homer	GTTGCCATGGCAACM	1e0	-1.724e+00	0.6982	51.0	1.95%	1346.2	1.70%
2	TCF4(bHLH)/SHSY5Y-TCF4-ChIP-Seq(GSE96915)/Homer	SMCATCTGKH	1e0	-1.691e+00	0.7111	283.0	10.81%	8135.9	10.26%
2	NPAS(bHLH)/Liver-NPAS-ChIP-Seq(GSE39860)/Homer	NVCACGTG	1e0	-1.629e+00	0.7503	577.0	22.03%	16920.7	21.33%
2	Smad4(MAD)/ESC-SMAD4-ChIP-Seq(GSE29422)/Homer	VBSYGTCTGG	1e0	-1.584e+00	0.7785	398.0	15.20%	11591.8	14.61%
2	ZKSCAN1(Zf)/HepG2-ZKSCAN1-ChIP-Seq(Encode)/Homer	GCACAYAGTAGGKCY	1e0	-1.542e+00	0.8042	5.0	0.19%	96.7	0.12%
2	Nkx3.1(Homeobox)/LNCaP-Nkx3.1-ChIP-Seq(GSE28264)/Homer	AAGCACTTAA	1e0	-1.496e+00	0.8353	599.0	22.87%	17641.9	22.24%
2	SCL(bHLH)/HPC7-Scl-ChIP-Seq(GSE13511)/Homer	AVCAGCTG	1e0	-1.448e+00	0.8693	820.0	31.31%	24308.2	30.64%
2	Gata1(Zf)/K562-GATA1-ChIP-Seq(GSE18829)/Homer	SAGATAAGRV	1e0	-1.440e+00	0.8693	181.0	6.91%	5195.5	6.55%
2	RUNX1(Runt)/Jurkat-RUNX1-ChIP-Seq(GSE29180)/Homer	AAACCACARM	1e0	-1.434e+00	0.8693	260.0	9.93%	7539.8	9.50%
2	OCT4-SOX2-TCF-NANOG(POU,Homeobox,HMG)/mES-Oct4-ChIP-Seq(GSE11431)/Homer	ATTTGCATAACAATG	1e0	-1.427e+00	0.8693	238.0	9.09%	6888.2	8.68%
2	GATA3(Zf),DR4/iTreg-Gata3-ChIP-Seq(GSE20898)/Homer	AGATGKDGAGATAAG	1e0	-1.398e+00	0.8842	27.0	1.03%	706.3	0.89%
2	Gfi1b(Zf)/HPC7-Gfi1b-ChIP-Seq(GSE22178)/Homer	MAATCACTGC	1e0	-1.380e+00	0.8928	183.0	6.99%	5272.2	6.65%
2	PRDM10(Zf)/HEK293-PRDM10.eGFP-ChIP-Seq(Encode)/Homer	TGGTACATTCCA	1e0	-1.366e+00	0.8984	126.0	4.81%	3592.6	4.53%
2	DMRT1(DM)/Testis-DMRT1-ChIP-Seq(GSE64892)/Homer	TWGHWACAWTGTWDC	1e0	-1.353e+00	0.9026	119.0	4.54%	3389.5	4.27%
2	HIF-1b(HLH)/T47D-HIF1b-ChIP-Seq(GSE59937)/Homer	RTACGTGC	1e0	-1.345e+00	0.9026	504.0	19.24%	14865.7	18.74%
2	DUX4(Homeobox)/Myoblasts-DUX4.V5-ChIP-Seq(GSE75791)/Homer	NWTAAYCYAATCAWN	1e0	-1.281e+00	0.9549	22.0	0.84%	577.7	0.73%
2	EBF(EBF)/proBcell-EBF-ChIP-Seq(GSE21978)/Homer	DGTCCCYRGGGA	1e0	-1.256e+00	0.9711	17.0	0.65%	438.2	0.55%
2	USF1(bHLH)/GM12878-Usf1-ChIP-Seq(GSE32465)/Homer	SGTCACGTGR	1e0	-1.230e+00	0.9897	188.0	7.18%	5468.4	6.89%
2	T1ISRE(IRF)/ThioMac-Ifnb-Expression/Homer	ACTTTCGTTTCT	1e0	-1.222e+00	0.9900	4.0	0.15%	83.4	0.11%
2	Unknown-ESC-element(?)/mES-Nanog-ChIP-Seq(GSE11724)/Homer	CACAGCAGGGGG	1e0	-1.221e+00	0.9900	59.0	2.25%	1656.9	2.09%
2	Tcf21(bHLH)/ArterySmoothMuscle-Tcf21-ChIP-Seq(GSE61369)/Homer	NAACAGCTGG	1e0	-1.217e+00	0.9900	162.0	6.19%	4699.9	5.92%
2	ZNF41(Zf)/HEK293-ZNF41.GFP-ChIP-Seq(GSE58341)/Homer	CCTCATGGTGYCYTWYTCCCTTGTG	1e0	-1.205e+00	0.9900	5.0	0.19%	110.5	0.14%
2	Pit1+1bp(Homeobox)/GCrat-Pit1-ChIP-Seq(GSE58009)/Homer	ATGCATAATTCA	1e0	-1.198e+00	0.9900	178.0	6.80%	5181.9	6.53%
2	ZNF341(Zf)/EBV-ZNF341-ChIP-Seq(GSE113194)/Homer	GGAACAGCCG	1e0	-1.195e+00	0.9900	104.0	3.97%	2986.6	3.76%
2	X-box(HTH)/NPC-H3K4me1-ChIP-Seq(GSE16256)/Homer	GGTTGCCATGGCAA	1e0	-1.173e+00	0.9935	52.0	1.99%	1460.2	1.84%
2	GFY-Staf(?,Zf)/Promoter/Homer	RACTACAATTCCCAGAAKGC	1e0	-1.144e+00	1.0000	5.0	0.19%	113.5	0.14%
2	Arnt:Ahr(bHLH)/MCF7-Arnt-ChIP-Seq(Lo_et_al.)/Homer	TBGCACGCAA	1e0	-1.135e+00	1.0000	277.0	10.58%	8160.7	10.29%
2	DLX1(Homeobox)/BasalGanglia-Dlx1-ChIP-seq(GSE124936)/Homer	NSNNTAATTA	1e0	-1.129e+00	1.0000	704.0	26.88%	20998.4	26.47%
2	PU.1(ETS)/ThioMac-PU.1-ChIP-Seq(GSE21512)/Homer	AGAGGAAGTG	1e0	-1.128e+00	1.0000	72.0	2.75%	2057.4	2.59%
2	ZNF382(Zf)/HEK293-ZNF382.GFP-ChIP-Seq(GSE58341)/Homer	GNCTGTASTRNTGBCTCHTT	1e0	-1.120e+00	1.0000	7.0	0.27%	169.7	0.21%
2	Srebp1a(bHLH)/HepG2-Srebp1a-ChIP-Seq(GSE31477)/Homer	RTCACSCCAY	1e0	-1.086e+00	1.0000	56.0	2.14%	1594.2	2.01%
2	Znf263(Zf)/K562-Znf263-ChIP-Seq(GSE31477)/Homer	CVGTSCTCCC	1e0	-1.076e+00	1.0000	134.0	5.12%	3910.8	4.93%
2	NFAT(RHD)/Jurkat-NFATC1-ChIP-Seq(Jolma_et_al.)/Homer	ATTTTCCATT	1e0	-1.062e+00	1.0000	231.0	8.82%	6813.6	8.59%
2	ZNF264(Zf)/HEK293-ZNF264.GFP-ChIP-Seq(GSE58341)/Homer	RGGGCACTAACY	1e0	-1.047e+00	1.0000	155.0	5.92%	4546.7	5.73%
2	ZNF711(Zf)/SHSY5Y-ZNF711-ChIP-Seq(GSE20673)/Homer	AGGCCTAG	1e0	-1.019e+00	1.0000	168.0	6.41%	4944.8	6.23%
2	n-Myc(bHLH)/mES-nMyc-ChIP-Seq(GSE11431)/Homer	VRCCACGTGG	1e0	-1.010e+00	1.0000	172.0	6.57%	5067.1	6.39%
2	STAT5(Stat)/mCD4+-Stat5-ChIP-Seq(GSE12346)/Homer	RTTTCTNAGAAA	1e0	-1.001e+00	1.0000	43.0	1.64%	1227.2	1.55%
2	Myf5(bHLH)/GM-Myf5-ChIP-Seq(GSE24852)/Homer	BAACAGCTGT	1e0	-9.984e-01	1.0000	141.0	5.38%	4144.8	5.22%
2	Tcf12(bHLH)/GM12878-Tcf12-ChIP-Seq(GSE32465)/Homer	VCAGCTGYTG	1e0	-9.881e-01	1.0000	146.0	5.57%	4297.0	5.42%
2	MNT(bHLH)/HepG2-MNT-ChIP-Seq(Encode)/Homer	DGCACACGTG	1e0	-9.853e-01	1.0000	327.0	12.49%	9729.8	12.26%
2	EBF1(EBF)/Near-E2A-ChIP-Seq(GSE21512)/Homer	GTCCCCWGGGGA	1e0	-9.788e-01	1.0000	70.0	2.67%	2032.6	2.56%
2	KLF6(Zf)/PDAC-KLF6-ChIP-Seq(GSE64557)/Homer	MKGGGYGTGGCC	1e0	-9.729e-01	1.0000	126.0	4.81%	3704.7	4.67%
2	PSE(SNAPc)/K562-mStart-Seq/Homer	WAVTCACCMTAASYDAAAAG	1e0	-9.509e-01	1.0000	145.0	5.54%	4280.8	5.40%
2	Zic3(Zf)/mES-Zic3-ChIP-Seq(GSE37889)/Homer	GGCCYCCTGCTGDGH	1e0	-9.059e-01	1.0000	44.0	1.68%	1275.9	1.61%
2	Oct11(POU,Homeobox)/NCIH1048-POU2F3-ChIP-seq(GSE115123)/Homer	GATTTGCATA	1e0	-8.791e-01	1.0000	332.0	12.68%	9935.9	12.52%
2	KLF5(Zf)/LoVo-KLF5-ChIP-Seq(GSE49402)/Homer	DGGGYGKGGC	1e0	-8.568e-01	1.0000	153.0	5.84%	4555.4	5.74%
2	Zic2(Zf)/ESC-Zic2-ChIP-Seq(SRP197560)/Homer	CHCAGCRGGRGG	1e0	-8.505e-01	1.0000	40.0	1.53%	1167.8	1.47%
2	ZNF652/HepG2-ZNF652.Flag-ChIP-Seq(Encode)/Homer	TTAACCCTTTVNKKN	1e0	-8.482e-01	1.0000	84.0	3.21%	2485.7	3.13%
2	RUNX-AML(Runt)/CD4+-PolII-ChIP-Seq(Barski_et_al.)/Homer	GCTGTGGTTW	1e0	-8.358e-01	1.0000	195.0	7.45%	5829.0	7.35%
2	Gli2(Zf)/GM2-Gli2-ChIP-Chip(GSE112702)/Homer	YSTGGGTGGTCT	1e0	-8.235e-01	1.0000	27.0	1.03%	784.5	0.99%
2	ZNF165(Zf)/WHIM12-ZNF165-ChIP-Seq(GSE65937)/Homer	AAGGKGRCGCAGGCA	1e0	-8.049e-01	1.0000	5.0	0.19%	133.6	0.17%
2	Tcf3(HMG)/mES-Tcf3-ChIP-Seq(GSE11724)/Homer	ASWTCAAAGG	1e0	-8.035e-01	1.0000	102.0	3.89%	3040.5	3.83%
2	Nkx2.5(Homeobox)/HL1-Nkx2.5.biotin-ChIP-Seq(GSE21529)/Homer	RRSCACTYAA	1e0	-7.969e-01	1.0000	522.0	19.93%	15723.9	19.82%
2	ZBTB12(Zf)/HEK293-ZBTB12.GFP-ChIP-Seq(GSE58341)/Homer	NGNTCTAGAACCNGV	1e0	-7.929e-01	1.0000	34.0	1.30%	999.1	1.26%
2	TFE3(bHLH)/MEF-TFE3-ChIP-Seq(GSE75757)/Homer	GTCACGTGACYV	1e0	-7.867e-01	1.0000	88.0	3.36%	2624.6	3.31%
2	ZBTB18(Zf)/HEK293-ZBTB18.GFP-ChIP-Seq(GSE58341)/Homer	AACATCTGGA	1e0	-7.850e-01	1.0000	74.0	2.83%	2203.4	2.78%
2	Nrf2(bZIP)/Lymphoblast-Nrf2-ChIP-Seq(GSE37589)/Homer	HTGCTGAGTCAT	1e0	-7.641e-01	1.0000	9.0	0.34%	255.2	0.32%
2	Tcf7(HMG)/GM12878-TCF7-ChIP-Seq(Encode)/Homer	CTTTGATGTGSB	1e0	-7.615e-01	1.0000	128.0	4.89%	3839.5	4.84%
2	ZFX(Zf)/mES-Zfx-ChIP-Seq(GSE11431)/Homer	AGGCCTRG	1e0	-7.603e-01	1.0000	103.0	3.93%	3085.5	3.89%
2	CEBP:CEBP(bZIP)/MEF-Chop-ChIP-Seq(GSE35681)/Homer	NTNATGCAAYMNNHTGMAAY	1e0	-7.551e-01	1.0000	47.0	1.79%	1398.9	1.76%
2	Zfp809(Zf)/ES-Zfp809-ChIP-Seq(GSE70799)/Homer	GGGGCTYGKCTGGGA	1e0	-7.544e-01	1.0000	9.0	0.34%	256.3	0.32%
2	Stat3(Stat)/mES-Stat3-ChIP-Seq(GSE11431)/Homer	CTTCCGGGAA	1e0	-7.474e-01	1.0000	61.0	2.33%	1822.5	2.30%
2	GATA(Zf),IR4/iTreg-Gata3-ChIP-Seq(GSE20898)/Homer	NAGATWNBNATCTNN	1e0	-7.419e-01	1.0000	23.0	0.88%	678.8	0.86%
2	Pax7(Paired,Homeobox),longest/Myoblast-Pax7-ChIP-Seq(GSE25064)/Homer	NTAATTDGCYAATTANNWWD	1e0	-7.272e-01	1.0000	11.0	0.42%	319.1	0.40%
2	ZNF528(Zf)/HEK293-ZNF528.GFP-ChIP-Seq(GSE58341)/Homer	AGAAATGACTTCCCT	1e0	-7.271e-01	1.0000	1.0	0.04%	20.1	0.03%
2	ISRE(IRF)/ThioMac-LPS-Expression(GSE23622)/Homer	AGTTTCASTTTC	1e0	-6.834e-01	1.0000	13.0	0.50%	385.3	0.49%
2	GATA:SCL(Zf,bHLH)/Ter119-SCL-ChIP-Seq(GSE18720)/Homer	CRGCTGBNGNSNNSAGATAA	1e0	-6.832e-01	1.0000	22.0	0.84%	658.1	0.83%
2	ZNF136(Zf)/HEK293-ZNF136.GFP-ChIP-Seq(GSE58341)/Homer	YTKGATAHAGTATTCTWGGTNGGCA	1e0	-6.776e-01	1.0000	22.0	0.84%	659.7	0.83%
2	Phox2b(Homeobox)/CLBGA-PHOX2B-ChIP-Seq(GSE90683)/Homer	TTAATTNAATTA	1e0	-6.672e-01	1.0000	87.0	3.32%	2634.6	3.32%
2	TATA-Box(TBP)/Promoter/Homer	CCTTTTAWAGSC	1e0	-6.573e-01	1.0000	289.0	11.03%	8765.2	11.05%
2	OCT:OCT(POU,Homeobox)/NPC-OCT6-ChIP-Seq(GSE43916)/Homer	YATGCATATRCATRT	1e0	-6.280e-01	1.0000	54.0	2.06%	1644.3	2.07%
2	Barx1(Homeobox)/Stomach-Barx1.3xFlag-ChIP-Seq(GSE69483)/Homer	AAACMATTAN	1e0	-6.161e-01	1.0000	206.0	7.87%	6271.2	7.91%
2	Klf9(Zf)/GBM-Klf9-ChIP-Seq(GSE62211)/Homer	GCCACRCCCACY	1e0	-6.142e-01	1.0000	40.0	1.53%	1221.9	1.54%
2	Pax7(Paired,Homeobox),long/Myoblast-Pax7-ChIP-Seq(GSE25064)/Homer	TAATCHGATTAC	1e0	-6.132e-01	1.0000	13.0	0.50%	395.5	0.50%
2	SCRT1(Zf)/HEK293-SCRT1.eGFP-ChIP-Seq(Encode)/Homer	GCAACAGGTG	1e0	-6.108e-01	1.0000	110.0	4.20%	3355.3	4.23%
2	RUNX(Runt)/HPC7-Runx1-ChIP-Seq(GSE22178)/Homer	SAAACCACAG	1e0	-6.060e-01	1.0000	199.0	7.60%	6064.8	7.64%
2	Rfx1(HTH)/NPC-H3K4me1-ChIP-Seq(GSE16256)/Homer	KGTTGCCATGGCAA	1e0	-6.020e-01	1.0000	66.0	2.52%	2018.6	2.54%
2	KLF1(Zf)/HUDEP2-KLF1-CutnRun(GSE136251)/Homer	VDGGGYGGGGCY	1e0	-6.015e-01	1.0000	84.0	3.21%	2567.2	3.24%
2	MYB(HTH)/ERMYB-Myb-ChIPSeq(GSE22095)/Homer	GGCVGTTR	1e0	-5.963e-01	1.0000	705.0	26.92%	21430.6	27.01%
2	KLF3(Zf)/MEF-Klf3-ChIP-Seq(GSE44748)/Homer	NRGCCCCRCCCHBNN	1e0	-5.949e-01	1.0000	45.0	1.72%	1379.1	1.74%
2	Hoxa13(Homeobox)/ChickenMSG-Hoxa13.Flag-ChIP-Seq(GSE86088)/Homer	CYHATAAAAN	1e0	-5.921e-01	1.0000	851.0	32.49%	25861.4	32.60%
2	ZEB1(Zf)/PDAC-ZEB1-ChIP-Seq(GSE64557)/Homer	VCAGGTRDRY	1e0	-5.886e-01	1.0000	373.0	14.24%	11362.6	14.32%
2	Sox7(HMG)/ESC-Sox7-ChIP-Seq(GSE133899)/Homer	VVRRAACAATGG	1e0	-5.741e-01	1.0000	291.0	11.11%	8881.3	11.20%
2	PBX2(Homeobox)/K562-PBX2-ChIP-Seq(Encode)/Homer	RTGATTKATRGN	1e0	-5.601e-01	1.0000	350.0	13.36%	10685.2	13.47%
2	KLF10(Zf)/HEK293-KLF10.GFP-ChIP-Seq(GSE58341)/Homer	GGGGGTGTGTCC	1e0	-5.582e-01	1.0000	93.0	3.55%	2859.9	3.60%
2	OCT:OCT(POU,Homeobox,IR1)/NPC-Brn2-ChIP-Seq(GSE35496)/Homer	ATGAATWATTCATGA	1e0	-5.205e-01	1.0000	19.0	0.73%	597.3	0.75%
2	GFY(?)/Promoter/Homer	ACTACAATTCCC	1e0	-5.186e-01	1.0000	8.0	0.31%	253.9	0.32%
2	PAX5(Paired,Homeobox)/GM12878-PAX5-ChIP-Seq(GSE32465)/Homer	GCAGCCAAGCRTGACH	1e0	-4.953e-01	1.0000	78.0	2.98%	2426.8	3.06%
2	HIF-1a(bHLH)/MCF7-HIF1a-ChIP-Seq(GSE28352)/Homer	TACGTGCV	1e0	-4.824e-01	1.0000	119.0	4.54%	3691.4	4.65%
2	ZNF317(Zf)/HEK293-ZNF317.GFP-ChIP-Seq(GSE58341)/Homer	GTCWGCTGTYYCTCT	1e0	-4.768e-01	1.0000	18.0	0.69%	575.4	0.73%
2	MafF(bZIP)/HepG2-MafF-ChIP-Seq(GSE31477)/Homer	HWWGTCAGCAWWTTT	1e0	-4.618e-01	1.0000	76.0	2.90%	2379.2	3.00%
2	MafA(bZIP)/Islet-MafA-ChIP-Seq(GSE30298)/Homer	TGCTGACTCA	1e0	-4.553e-01	1.0000	145.0	5.54%	4504.4	5.68%
2	STAT4(Stat)/CD4-Stat4-ChIP-Seq(GSE22104)/Homer	NYTTCCWGGAAR	1e0	-4.500e-01	1.0000	149.0	5.69%	4630.9	5.84%
2	Bcl6(Zf)/Liver-Bcl6-ChIP-Seq(GSE31578)/Homer	NNNCTTTCCAGGAAA	1e0	-4.240e-01	1.0000	147.0	5.61%	4585.8	5.78%
2	AP-1(bZIP)/ThioMac-PU.1-ChIP-Seq(GSE21512)/Homer	VTGACTCATC	1e0	-4.131e-01	1.0000	191.0	7.29%	5944.2	7.49%
2	WT1(Zf)/Kidney-WT1-ChIP-Seq(GSE90016)/Homer	MCTCCCMCRCAB	1e0	-4.042e-01	1.0000	43.0	1.64%	1379.8	1.74%
2	ZNF415(Zf)/HEK293-ZNF415.GFP-ChIP-Seq(GSE58341)/Homer	GRTGMTRGAGCC	1e0	-4.027e-01	1.0000	41.0	1.57%	1317.1	1.66%
2	NFAT:AP1(RHD,bZIP)/Jurkat-NFATC1-ChIP-Seq(Jolma_et_al.)/Homer	SARTGGAAAAWRTGAGTCAB	1e0	-4.004e-01	1.0000	27.0	1.03%	878.2	1.11%
2	Smad2(MAD)/ES-SMAD2-ChIP-Seq(GSE29422)/Homer	CTGTCTGG	1e0	-3.969e-01	1.0000	355.0	13.55%	10980.5	13.84%
2	GATA3(Zf),DR8/iTreg-Gata3-ChIP-Seq(GSE20898)/Homer	AGATSTNDNNDSAGATAASN	1e0	-3.918e-01	1.0000	15.0	0.57%	499.9	0.63%
2	Hoxa11(Homeobox)/ChickenMSG-Hoxa11.Flag-ChIP-Seq(GSE86088)/Homer	TTTTATGGCM	1e0	-3.912e-01	1.0000	829.0	31.65%	25428.3	32.05%
2	LEF1(HMG)/H1-LEF1-ChIP-Seq(GSE64758)/Homer	CCTTTGATST	1e0	-3.895e-01	1.0000	264.0	10.08%	8202.4	10.34%
2	Dlx3(Homeobox)/Kerainocytes-Dlx3-ChIP-Seq(GSE89884)/Homer	NDGTAATTAC	1e0	-3.867e-01	1.0000	365.0	13.94%	11296.3	14.24%
2	ZNF416(Zf)/HEK293-ZNF416.GFP-ChIP-Seq(GSE58341)/Homer	WDNCTGGGCA	1e0	-3.823e-01	1.0000	118.0	4.51%	3718.8	4.69%
2	Bach1(bZIP)/K562-Bach1-ChIP-Seq(GSE31477)/Homer	AWWNTGCTGAGTCAT	1e0	-3.778e-01	1.0000	11.0	0.42%	373.1	0.47%
2	Nkx2.2(Homeobox)/NPC-Nkx2.2-ChIP-Seq(GSE61673)/Homer	BTBRAGTGSN	1e0	-3.723e-01	1.0000	428.0	16.34%	13237.8	16.69%
2	Phox2a(Homeobox)/Neuron-Phox2a-ChIP-Seq(GSE31456)/Homer	YTAATYNRATTA	1e0	-3.677e-01	1.0000	142.0	5.42%	4469.3	5.63%
2	RBPJ:Ebox(?,bHLH)/Panc1-Rbpj1-ChIP-Seq(GSE47459)/Homer	GGGRAARRGRMCAGMTG	1e0	-3.551e-01	1.0000	22.0	0.84%	733.1	0.92%
2	ZNF143|STAF(Zf)/CUTLL-ZNF143-ChIP-Seq(GSE29600)/Homer	ATTTCCCAGVAKSCY	1e0	-3.543e-01	1.0000	48.0	1.83%	1556.9	1.96%
2	ETS:E-box(ETS,bHLH)/HPC7-Scl-ChIP-Seq(GSE22178)/Homer	AGGAARCAGCTG	1e0	-3.397e-01	1.0000	6.0	0.23%	215.8	0.27%
2	Srebp2(bHLH)/HepG2-Srebp2-ChIP-Seq(GSE31477)/Homer	CGGTCACSCCAC	1e0	-3.393e-01	1.0000	24.0	0.92%	802.2	1.01%
2	Stat3+il21(Stat)/CD4-Stat3-ChIP-Seq(GSE19198)/Homer	SVYTTCCNGGAARB	1e0	-3.391e-01	1.0000	86.0	3.28%	2752.8	3.47%
2	DUX(Homeobox)/C2C12-Dux-ChIP-Seq(GSE87279)/Homer	BCWGATTCAATCAAN	1e0	-3.357e-01	1.0000	1.0	0.04%	38.1	0.05%
2	RUNX2(Runt)/PCa-RUNX2-ChIP-Seq(GSE33889)/Homer	NWAACCACADNN	1e0	-3.347e-01	1.0000	244.0	9.32%	7639.0	9.63%
2	GLI3(Zf)/Limb-GLI3-ChIP-Chip(GSE11077)/Homer	CGTGGGTGGTCC	1e0	-3.311e-01	1.0000	13.0	0.50%	449.3	0.57%
2	Pax8(Paired,Homeobox)/Thyroid-Pax8-ChIP-Seq(GSE26938)/Homer	GTCATGCHTGRCTGS	1e0	-3.293e-01	1.0000	39.0	1.49%	1283.2	1.62%
2	ZNF768(Zf)/Rajj-ZNF768-ChIP-Seq(GSE111879)/Homer	RHHCAGAGAGGB	1e0	-3.266e-01	1.0000	2.0	0.08%	77.9	0.10%
2	STAT6(Stat)/Macrophage-Stat6-ChIP-Seq(GSE38377)/Homer	TTCCKNAGAA	1e0	-2.962e-01	1.0000	97.0	3.70%	3123.4	3.94%
2	E-box(bHLH)/Promoter/Homer	SSGGTCACGTGA	1e0	-2.951e-01	1.0000	48.0	1.83%	1584.1	2.00%
2	Duxbl(Homeobox)/NIH3T3-Duxbl.HA-ChIP-Seq(GSE119782)/Homer	TAAYCYAATCAA	1e0	-2.942e-01	1.0000	33.0	1.26%	1107.2	1.40%
2	DLX5(Homeobox)/BasalGanglia-Dlx5-ChIP-seq(GSE124936)/Homer	SSTAATTA	1e0	-2.796e-01	1.0000	446.0	17.03%	13905.8	17.53%
2	ZNF189(Zf)/HEK293-ZNF189.GFP-ChIP-Seq(GSE58341)/Homer	TGGAACAGMA	1e0	-2.794e-01	1.0000	104.0	3.97%	3354.3	4.23%
2	ZNF675(Zf)/HEK293-ZNF675.GFP-ChIP-Seq(GSE58341)/Homer	ARGAGGMCAAAATGW	1e0	-2.778e-01	1.0000	22.0	0.84%	759.6	0.96%
2	Six2(Homeobox)/NephronProgenitor-Six2-ChIP-Seq(GSE39837)/Homer	GWAAYHTGAKMC	1e0	-2.770e-01	1.0000	270.0	10.31%	8501.6	10.72%
2	Atf3(bZIP)/GBM-ATF3-ChIP-Seq(GSE33912)/Homer	DATGASTCATHN	1e0	-2.759e-01	1.0000	169.0	6.45%	5380.9	6.78%
2	Egr1(Zf)/K562-Egr1-ChIP-Seq(GSE32465)/Homer	TGCGTGGGYG	1e0	-2.758e-01	1.0000	70.0	2.67%	2290.6	2.89%
2	IRF1(IRF)/PBMC-IRF1-ChIP-Seq(GSE43036)/Homer	GAAAGTGAAAGT	1e0	-2.722e-01	1.0000	26.0	0.99%	891.4	1.12%
2	MITF(bHLH)/MastCells-MITF-ChIP-Seq(GSE48085)/Homer	RTCATGTGAC	1e0	-2.651e-01	1.0000	319.0	12.18%	10025.1	12.64%
2	Npas4(bHLH)/Neuron-Npas4-ChIP-Seq(GSE127793)/Homer	NHRTCACGACDN	1e0	-2.642e-01	1.0000	365.0	13.94%	11441.3	14.42%
2	Mef2d(MADS)/Retina-Mef2d-ChIP-Seq(GSE61391)/Homer	GCTATTTTTAGC	1e0	-2.470e-01	1.0000	51.0	1.95%	1706.9	2.15%
2	NF-E2(bZIP)/K562-NFE2-ChIP-Seq(GSE31477)/Homer	GATGACTCAGCA	1e0	-2.439e-01	1.0000	8.0	0.31%	304.4	0.38%
2	PRDM15(Zf)/ESC-Prdm15-ChIP-Seq(GSE73694)/Homer	YCCDNTCCAGGTTTT	1e0	-2.432e-01	1.0000	155.0	5.92%	4977.2	6.27%
2	Pax7(Paired,Homeobox)/Myoblast-Pax7-ChIP-Seq(GSE25064)/Homer	TAATCAATTA	1e0	-2.349e-01	1.0000	41.0	1.57%	1393.7	1.76%
2	Foxh1(Forkhead)/hESC-FOXH1-ChIP-Seq(GSE29422)/Homer	NNTGTGGATTSS	1e0	-2.320e-01	1.0000	245.0	9.35%	7784.5	9.81%
2	Gata2(Zf)/K562-GATA2-ChIP-Seq(GSE18829)/Homer	BBCTTATCTS	1e0	-2.241e-01	1.0000	186.0	7.10%	5963.8	7.52%
2	NFkB-p65(RHD)/GM12787-p65-ChIP-Seq(GSE19485)/Homer	WGGGGATTTCCC	1e0	-2.195e-01	1.0000	61.0	2.33%	2043.2	2.58%
2	Foxo3(Forkhead)/U2OS-Foxo3-ChIP-Seq(E-MTAB-2701)/Homer	DGTAAACA	1e0	-2.127e-01	1.0000	452.0	17.26%	14195.4	17.89%
2	CArG(MADS)/PUER-Srf-ChIP-Seq(Sullivan_et_al.)/Homer	CCATATATGGNM	1e0	-2.117e-01	1.0000	67.0	2.56%	2240.0	2.82%
2	PAX5(Paired,Homeobox),condensed/GM12878-PAX5-ChIP-Seq(GSE32465)/Homer	GTCACGCTCSCTGM	1e0	-2.047e-01	1.0000	27.0	1.03%	955.0	1.20%
2	Otx2(Homeobox)/EpiLC-Otx2-ChIP-Seq(GSE56098)/Homer	NYTAATCCYB	1e0	-2.039e-01	1.0000	212.0	8.09%	6797.3	8.57%
2	PR(NR)/T47D-PR-ChIP-Seq(GSE31130)/Homer	VAGRACAKNCTGTBC	1e0	-1.977e-01	1.0000	555.0	21.19%	17385.8	21.92%
2	Rfx6(HTH)/Min6b1-Rfx6.HA-ChIP-Seq(GSE62844)/Homer	TGTTKCCTAGCAACM	1e0	-1.869e-01	1.0000	151.0	5.77%	4916.0	6.20%
2	MafB(bZIP)/BMM-Mafb-ChIP-Seq(GSE75722)/Homer	WNTGCTGASTCAGCANWTTY	1e0	-1.857e-01	1.0000	60.0	2.29%	2037.2	2.57%
2	ZBTB33(Zf)/GM12878-ZBTB33-ChIP-Seq(GSE32465)/Homer	GGVTCTCGCGAGAAC	1e0	-1.841e-01	1.0000	8.0	0.31%	322.9	0.41%
2	STAT6(Stat)/CD4-Stat6-ChIP-Seq(GSE22104)/Homer	ABTTCYYRRGAA	1e0	-1.768e-01	1.0000	100.0	3.82%	3320.8	4.19%
2	Fos(bZIP)/TSC-Fos-ChIP-Seq(GSE110950)/Homer	NDATGASTCAYN	1e0	-1.748e-01	1.0000	161.0	6.15%	5244.8	6.61%
2	MafK(bZIP)/C2C12-MafK-ChIP-Seq(GSE36030)/Homer	GCTGASTCAGCA	1e0	-1.656e-01	1.0000	21.0	0.80%	777.1	0.98%
2	Hoxb4(Homeobox)/ES-Hoxb4-ChIP-Seq(GSE34014)/Homer	TGATTRATGGCY	1e0	-1.581e-01	1.0000	63.0	2.41%	2158.3	2.72%
2	GLIS3(Zf)/Thyroid-Glis3.GFP-ChIP-Seq(GSE103297)/Homer	CTCCCTGGGAGGCCN	1e0	-1.497e-01	1.0000	110.0	4.20%	3669.9	4.63%
2	Unknown(Homeobox)/Limb-p300-ChIP-Seq/Homer	SSCMATWAAA	1e0	-1.490e-01	1.0000	189.0	7.22%	6160.3	7.77%
2	Twist(bHLH)/HMLE-TWIST1-ChIP-Seq(Chang_et_al)/Homer	VCAKCTGGNNNCCAGMTGBN	1e0	-1.488e-01	1.0000	10.0	0.38%	407.7	0.51%
2	FOXK1(Forkhead)/HEK293-FOXK1-ChIP-Seq(GSE51673)/Homer	NVWTGTTTAC	1e0	-1.468e-01	1.0000	584.0	22.30%	18391.9	23.18%
2	JunB(bZIP)/DendriticCells-Junb-ChIP-Seq(GSE36099)/Homer	RATGASTCAT	1e0	-1.446e-01	1.0000	129.0	4.93%	4279.0	5.39%
2	HRE(HSF)/HepG2-HSF1-ChIP-Seq(GSE31477)/Homer	BSTTCTRGAABVTTCYAGAA	1e0	-1.424e-01	1.0000	8.0	0.31%	338.6	0.43%
2	GSC(Homeobox)/FrogEmbryos-GSC-ChIP-Seq(DRA000576)/Homer	RGGATTAR	1e0	-1.408e-01	1.0000	344.0	13.13%	11004.7	13.87%
2	STAT1(Stat)/HelaS3-STAT1-ChIP-Seq(GSE12782)/Homer	NATTTCCNGGAAAT	1e0	-1.377e-01	1.0000	30.0	1.15%	1097.9	1.38%
2	FoxL2(Forkhead)/Ovary-FoxL2-ChIP-Seq(GSE60858)/Homer	WWTRTAAACAVG	1e0	-1.374e-01	1.0000	458.0	17.49%	14537.3	18.32%
2	Hnf1(Homeobox)/Liver-Foxa2-Chip-Seq(GSE25694)/Homer	GGTTAAWCATTAA	1e0	-1.344e-01	1.0000	35.0	1.34%	1266.9	1.60%
2	DMRT6(DM)/Testis-DMRT6-ChIP-Seq(GSE60440)/Homer	YDGHTACAWTGTADC	1e0	-1.301e-01	1.0000	81.0	3.09%	2768.7	3.49%
2	Mouse_Recombination_Hotspot(Zf)/Testis-DMC1-ChIP-Seq(GSE24438)/Homer	ACTYKNATTCGTGNTACTTC	1e0	-1.239e-01	1.0000	6.0	0.23%	272.8	0.34%
2	Pdx1(Homeobox)/Islet-Pdx1-ChIP-Seq(SRA008281)/Homer	YCATYAATCA	1e0	-1.199e-01	1.0000	331.0	12.64%	10649.7	13.42%
2	ZSCAN22(Zf)/HEK293-ZSCAN22.GFP-ChIP-Seq(GSE58341)/Homer	SMCAGTCWGAKGGAGGAGGC	1e0	-1.158e-01	1.0000	1.0	0.04%	67.6	0.09%
2	HRE(HSF)/Striatum-HSF1-ChIP-Seq(GSE38000)/Homer	TTCTAGAABNTTCTA	1e0	-1.145e-01	1.0000	13.0	0.50%	532.8	0.67%
2	Rfx5(HTH)/GM12878-Rfx5-ChIP-Seq(GSE31477)/Homer	SCCTAGCAACAG	1e0	-1.124e-01	1.0000	79.0	3.02%	2727.8	3.44%
2	Tbx20(T-box)/Heart-Tbx20-ChIP-Seq(GSE29636)/Homer	GGTGYTGACAGS	1e0	-1.075e-01	1.0000	79.0	3.02%	2734.1	3.45%
2	ZNF669(Zf)/HEK293-ZNF669.GFP-ChIP-Seq(GSE58341)/Homer	GARTGGTCATCGCCC	1e0	-1.057e-01	1.0000	12.0	0.46%	502.2	0.63%
2	Bach2(bZIP)/OCILy7-Bach2-ChIP-Seq(GSE44420)/Homer	TGCTGAGTCA	1e0	-1.047e-01	1.0000	27.0	1.03%	1024.7	1.29%
2	ETS:RUNX(ETS,Runt)/Jurkat-RUNX1-ChIP-Seq(GSE17954)/Homer	RCAGGATGTGGT	1e0	-1.032e-01	1.0000	5.0	0.19%	243.3	0.31%
2	ZNF519(Zf)/HEK293-ZNF519.GFP-ChIP-Seq(GSE58341)/Homer	GAGSCCGAGC	1e0	-1.011e-01	1.0000	5.0	0.19%	245.0	0.31%
2	Fra1(bZIP)/BT549-Fra1-ChIP-Seq(GSE46166)/Homer	NNATGASTCATH	1e0	-1.000e-01	1.0000	137.0	5.23%	4606.3	5.81%
2	HOXA2(Homeobox)/mES-Hoxa2-ChIP-Seq(Donaldson_et_al.)/Homer	GYCATCMATCAT	1e0	-9.630e-02	1.0000	26.0	0.99%	998.5	1.26%
2	HOXA1(Homeobox)/mES-Hoxa1-ChIP-Seq(SRP084292)/Homer	TGATKGATGR	1e0	-9.514e-02	1.0000	79.0	3.02%	2753.6	3.47%
2	Foxf1(Forkhead)/Lung-Foxf1-ChIP-Seq(GSE77951)/Homer	WWATRTAAACAN	1e0	-9.415e-02	1.0000	448.0	17.11%	14353.8	18.09%
2	Hoxd11(Homeobox)/ChickenMSG-Hoxd11.Flag-ChIP-Seq(GSE86088)/Homer	VGCCATAAAA	1e0	-9.358e-02	1.0000	798.0	30.47%	25125.6	31.67%
2	Prop1(Homeobox)/GHFT1-PROP1.biotin-ChIP-Seq(GSE77302)/Homer	NTAATBNAATTA	1e0	-9.057e-02	1.0000	227.0	8.67%	7474.5	9.42%
2	PGR(NR)/EndoStromal-PGR-ChIP-Seq(GSE69539)/Homer	AAGAACATWHTGTTC	1e0	-8.738e-02	1.0000	65.0	2.48%	2309.9	2.91%
2	PRDM1(Zf)/Hela-PRDM1-ChIP-Seq(GSE31477)/Homer	ACTTTCACTTTC	1e0	-8.485e-02	1.0000	120.0	4.58%	4094.8	5.16%
2	IRF2(IRF)/Erythroblas-IRF2-ChIP-Seq(GSE36985)/Homer	GAAASYGAAASY	1e0	-8.379e-02	1.0000	19.0	0.73%	768.2	0.97%
2	Hoxa10(Homeobox)/ChickenMSG-Hoxa10.Flag-ChIP-Seq(GSE86088)/Homer	GGYAATGAAA	1e0	-8.222e-02	1.0000	210.0	8.02%	6961.0	8.77%
2	GRHL2(CP2)/HBE-GRHL2-ChIP-Seq(GSE46194)/Homer	AAACYKGTTWDACMRGTTTB	1e0	-8.050e-02	1.0000	67.0	2.56%	2386.5	3.01%
2	ARE(NR)/LNCAP-AR-ChIP-Seq(GSE27824)/Homer	RGRACASNSTGTYCYB	1e0	-7.819e-02	1.0000	36.0	1.37%	1359.2	1.71%
2	RARg(NR)/ES-RARg-ChIP-Seq(GSE30538)/Homer	AGGTCAAGGTCA	1e0	-7.617e-02	1.0000	4.0	0.15%	217.6	0.27%
2	Mef2b(MADS)/HEK293-Mef2b.V5-ChIP-Seq(GSE67450)/Homer	GCTATTTTTGGM	1e0	-6.779e-02	1.0000	199.0	7.60%	6656.0	8.39%
2	Tcfcp2l1(CP2)/mES-Tcfcp2l1-ChIP-Seq(GSE11431)/Homer	NRAACCRGTTYRAACCRGYT	1e0	-6.558e-02	1.0000	14.0	0.53%	608.8	0.77%
2	BATF(bZIP)/Th17-BATF-ChIP-Seq(GSE39756)/Homer	DATGASTCAT	1e0	-6.315e-02	1.0000	149.0	5.69%	5078.5	6.40%
2	HOXB13(Homeobox)/ProstateTumor-HOXB13-ChIP-Seq(GSE56288)/Homer	TTTTATKRGG	1e0	-5.987e-02	1.0000	319.0	12.18%	10466.0	13.19%
2	NF1:FOXA1(CTF,Forkhead)/LNCAP-FOXA1-ChIP-Seq(GSE27824)/Homer	WNTGTTTRYTTTGGCA	1e0	-5.954e-02	1.0000	10.0	0.38%	466.8	0.59%
2	MyoD(bHLH)/Myotube-MyoD-ChIP-Seq(GSE21614)/Homer	RRCAGCTGYTSY	1e0	-5.882e-02	1.0000	91.0	3.47%	3217.4	4.06%
2	Mef2a(MADS)/HL1-Mef2a.biotin-ChIP-Seq(GSE21529)/Homer	CYAAAAATAG	1e0	-5.579e-02	1.0000	91.0	3.47%	3225.1	4.07%
2	Sox4(HMG)/proB-Sox4-ChIP-Seq(GSE50066)/Homer	YCTTTGTTCC	1e0	-5.411e-02	1.0000	453.0	17.30%	14676.3	18.50%
2	HIF2a(bHLH)/785_O-HIF2a-ChIP-Seq(GSE34871)/Homer	GCACGTACCC	1e0	-5.277e-02	1.0000	154.0	5.88%	5273.0	6.65%
2	Zic(Zf)/Cerebellum-ZIC1.2-ChIP-Seq(GSE60731)/Homer	CCTGCTGAGH	1e0	-5.146e-02	1.0000	129.0	4.93%	4472.2	5.64%
2	NFE2L2(bZIP)/HepG2-NFE2L2-ChIP-Seq(Encode)/Homer	AWWWTGCTGAGTCAT	1e0	-4.847e-02	1.0000	9.0	0.34%	440.4	0.56%
2	NFkB-p65-Rel(RHD)/ThioMac-LPS-Expression(GSE23622)/Homer	GGAAATTCCC	1e0	-3.884e-02	1.0000	7.0	0.27%	373.7	0.47%
2	HINFP(Zf)/K562-HINFP.eGFP-ChIP-Seq(Encode)/Homer	TWVGGTCCGC	1e0	-3.728e-02	1.0000	36.0	1.37%	1434.7	1.81%
2	Klf4(Zf)/mES-Klf4-ChIP-Seq(GSE11431)/Homer	GCCACACCCA	1e0	-3.510e-02	1.0000	35.0	1.34%	1406.0	1.77%
2	Fra2(bZIP)/Striatum-Fra2-ChIP-Seq(GSE43429)/Homer	GGATGACTCATC	1e0	-3.411e-02	1.0000	100.0	3.82%	3593.7	4.53%
2	Hoxd10(Homeobox)/ChickenMSG-Hoxd10.Flag-ChIP-Seq(GSE86088)/Homer	GGCMATGAAA	1e0	-3.362e-02	1.0000	390.0	14.89%	12839.7	16.18%
2	ELF5(ETS)/T47D-ELF5-ChIP-Seq(GSE30407)/Homer	ACVAGGAAGT	1e0	-3.266e-02	1.0000	116.0	4.43%	4124.6	5.20%
2	NFkB-p50,p52(RHD)/Monocyte-p50-ChIP-Chip(Schreiber_et_al.)/Homer	GGGGGAATCCCC	1e0	-3.144e-02	1.0000	4.0	0.15%	256.7	0.32%
2	IRF3(IRF)/BMDM-Irf3-ChIP-Seq(GSE67343)/Homer	AGTTTCAKTTTC	1e0	-3.020e-02	1.0000	45.0	1.72%	1767.0	2.23%
2	ELF3(ETS)/PDAC-ELF3-ChIP-Seq(GSE64557)/Homer	ANCAGGAAGT	1e0	-2.910e-02	1.0000	99.0	3.78%	3583.3	4.52%
2	Foxo1(Forkhead)/RAW-Foxo1-ChIP-Seq(Fan_et_al.)/Homer	CTGTTTAC	1e0	-2.595e-02	1.0000	636.0	24.28%	20568.0	25.93%
2	FOXK2(Forkhead)/U2OS-FOXK2-ChIP-Seq(E-MTAB-2204)/Homer	SCHTGTTTACAT	1e0	-1.763e-02	1.0000	333.0	12.71%	11197.2	14.11%
2	Ets1-distal(ETS)/CD4+-PolII-ChIP-Seq(Barski_et_al.)/Homer	MACAGGAAGT	1e0	-1.746e-02	1.0000	44.0	1.68%	1786.9	2.25%
2	PRDM14(Zf)/H1-PRDM14-ChIP-Seq(GSE22767)/Homer	RGGTCTCTAACY	1e0	-1.721e-02	1.0000	32.0	1.22%	1363.8	1.72%
2	Zac1(Zf)/Neuro2A-Plagl1-ChIP-Seq(GSE75942)/Homer	HAWGRGGCCM	1e0	-1.617e-02	1.0000	275.0	10.50%	9373.2	11.82%
2	CRX(Homeobox)/Retina-Crx-ChIP-Seq(GSE20012)/Homer	GCTAATCC	1e0	-1.600e-02	1.0000	575.0	21.95%	18808.5	23.71%
2	Jun-AP1(bZIP)/K562-cJun-ChIP-Seq(GSE31477)/Homer	GATGASTCATCN	1e0	-1.563e-02	1.0000	33.0	1.26%	1407.4	1.77%
2	Hand2(bHLH)/Mesoderm-Hand2-ChIP-Seq(GSE61475)/Homer	TGACANARRCCAGRC	1e0	-1.558e-02	1.0000	45.0	1.72%	1832.0	2.31%
2	PU.1-IRF(ETS:IRF)/Bcell-PU.1-ChIP-Seq(GSE21512)/Homer	MGGAAGTGAAAC	1e0	-1.538e-02	1.0000	174.0	6.64%	6135.6	7.73%
2	EKLF(Zf)/Erythrocyte-Klf1-ChIP-Seq(GSE20478)/Homer	NWGGGTGTGGCY	1e0	-1.523e-02	1.0000	17.0	0.65%	821.0	1.03%
2	TCFL2(HMG)/K562-TCF7L2-ChIP-Seq(GSE29196)/Homer	ACWTCAAAGG	1e0	-1.406e-02	1.0000	22.0	0.84%	1014.8	1.28%
2	GRE(NR),IR3/RAW264.7-GRE-ChIP-Seq(Unpublished)/Homer	VAGRACAKWCTGTYC	1e0	-1.388e-02	1.0000	45.0	1.72%	1843.6	2.32%
2	RAR:RXR(NR),DR0/ES-RAR-ChIP-Seq(GSE56893)/Homer	AGGTCAAGGTCA	1e0	-1.388e-02	1.0000	15.0	0.57%	749.5	0.94%
2	Fosl2(bZIP)/3T3L1-Fosl2-ChIP-Seq(GSE56872)/Homer	NATGASTCABNN	1e0	-1.372e-02	1.0000	54.0	2.06%	2158.0	2.72%
2	PU.1:IRF8(ETS:IRF)/pDC-Irf8-ChIP-Seq(GSE66899)/Homer	GGAAGTGAAAST	1e0	-1.249e-02	1.0000	21.0	0.80%	986.0	1.24%
2	RORa(NR)/Liver-Rora-ChIP-Seq(GSE101115)/Homer	AAWCTAGGTCARDNN	1e0	-1.134e-02	1.0000	36.0	1.37%	1542.8	1.94%
2	Cdx2(Homeobox)/mES-Cdx2-ChIP-Seq(GSE14586)/Homer	GYMATAAAAH	1e0	-1.044e-02	1.0000	198.0	7.56%	6979.2	8.80%
2	GRE(NR),IR3/A549-GR-ChIP-Seq(GSE32465)/Homer	NRGVACABNVTGTYCY	1e0	-1.007e-02	1.0000	17.0	0.65%	847.1	1.07%
2	EWS:ERG-fusion(ETS)/CADO_ES1-EWS:ERG-ChIP-Seq(SRA014231)/Homer	ATTTCCTGTN	1e0	-8.999e-03	1.0000	103.0	3.93%	3874.4	4.88%
2	Mef2c(MADS)/GM12878-Mef2c-ChIP-Seq(GSE32465)/Homer	DCYAAAAATAGM	1e0	-8.821e-03	1.0000	84.0	3.21%	3235.0	4.08%
2	GFX(?)/Promoter/Homer	ATTCTCGCGAGA	1e0	-8.414e-03	1.0000	2.0	0.08%	207.0	0.26%
2	FOXP1(Forkhead)/H9-FOXP1-ChIP-Seq(GSE31006)/Homer	NYYTGTTTACHN	1e0	-8.169e-03	1.0000	233.0	8.90%	8154.4	10.28%
2	THRa(NR)/C17.2-THRa-ChIP-Seq(GSE38347)/Homer	GGTCANYTGAGGWCA	1e0	-7.486e-03	1.0000	64.0	2.44%	2567.2	3.24%
2	IRF8(IRF)/BMDM-IRF8-ChIP-Seq(GSE77884)/Homer	GRAASTGAAAST	1e0	-7.414e-03	1.0000	45.0	1.72%	1901.4	2.40%
2	AR-halfsite(NR)/LNCaP-AR-ChIP-Seq(GSE27824)/Homer	CCAGGAACAG	1e0	-7.292e-03	1.0000	749.0	28.60%	24411.3	30.77%
2	GATA(Zf),IR3/iTreg-Gata3-ChIP-Seq(GSE20898)/Homer	NNNNNBAGATAWYATCTVHN	1e0	-6.541e-03	1.0000	30.0	1.15%	1368.6	1.73%
2	ZNF692(Zf)/HEK293-ZNF692.GFP-ChIP-Seq(GSE58341)/Homer	GTGGGCCCCA	1e0	-6.392e-03	1.0000	1.0	0.04%	153.7	0.19%
2	OCT:OCT-short(POU,Homeobox)/NPC-OCT6-ChIP-Seq(GSE43916)/Homer	ATGCATWATGCATRW	1e0	-6.121e-03	1.0000	312.0	11.91%	10745.9	13.55%
2	CDX4(Homeobox)/ZebrafishEmbryos-Cdx4.Myc-ChIP-Seq(GSE48254)/Homer	NGYCATAAAWCH	1e0	-5.668e-03	1.0000	258.0	9.85%	9025.4	11.38%
2	Reverb(NR),DR2/RAW-Reverba.biotin-ChIP-Seq(GSE45914)/Homer	GTRGGTCASTGGGTCA	1e0	-5.544e-03	1.0000	13.0	0.50%	724.7	0.91%
2	Oct4:Sox17(POU,Homeobox,HMG)/F9-Sox17-ChIP-Seq(GSE44553)/Homer	CCATTGTATGCAAAT	1e0	-5.411e-03	1.0000	92.0	3.51%	3564.2	4.49%
2	ZNF322(Zf)/HEK293-ZNF322.GFP-ChIP-Seq(GSE58341)/Homer	GAGCCTGGTACTGWGCCTGR	1e0	-5.063e-03	1.0000	7.0	0.27%	473.9	0.60%
2	CEBP:AP1(bZIP)/ThioMac-CEBPb-ChIP-Seq(GSE21512)/Homer	DRTGTTGCAA	1e0	-5.005e-03	1.0000	315.0	12.03%	10879.3	13.71%
2	EHF(ETS)/LoVo-EHF-ChIP-Seq(GSE49402)/Homer	AVCAGGAAGT	1e0	-4.530e-03	1.0000	177.0	6.76%	6425.0	8.10%
2	RORg(NR)/Liver-Rorc-ChIP-Seq(GSE101115)/Homer	WAABTAGGTCAV	1e0	-4.392e-03	1.0000	28.0	1.07%	1323.5	1.67%
2	CRE(bZIP)/Promoter/Homer	CSGTGACGTCAC	1e0	-3.989e-03	1.0000	135.0	5.15%	5051.5	6.37%
2	Pitx1(Homeobox)/Chicken-Pitx1-ChIP-Seq(GSE38910)/Homer	TAATCCCN	1e0	-3.524e-03	1.0000	1066.0	40.70%	34340.8	43.29%
2	RORgt(NR)/EL4-RORgt.Flag-ChIP-Seq(GSE56019)/Homer	AAYTAGGTCA	1e0	-3.088e-03	1.0000	42.0	1.60%	1868.4	2.36%
2	RORgt(NR)/EL4-RORgt.Flag-ChIP-Seq(GSE56019)/Homer	AAYTAGGTCA	1e0	-3.088e-03	1.0000	42.0	1.60%	1868.4	2.36%
2	Foxa3(Forkhead)/Liver-Foxa3-ChIP-Seq(GSE77670)/Homer	BSNTGTTTACWYWGN	1e0	-2.918e-03	1.0000	180.0	6.87%	6588.6	8.31%
2	Tlx?(NR)/NPC-H3K4me1-ChIP-Seq(GSE16256)/Homer	CTGGCAGSCTGCCA	1e0	-2.840e-03	1.0000	29.0	1.11%	1392.8	1.76%
2	FoxD3(forkhead)/ZebrafishEmbryo-Foxd3.biotin-ChIP-seq(GSE106676)/Homer	TGTTTAYTTAGC	1e0	-2.553e-03	1.0000	299.0	11.42%	10486.3	13.22%
2	CEBP(bZIP)/ThioMac-CEBPb-ChIP-Seq(GSE21512)/Homer	ATTGCGCAAC	1e0	-1.963e-03	1.0000	342.0	13.06%	11915.0	15.02%
2	Hoxd13(Homeobox)/ChickenMSG-Hoxd13.Flag-ChIP-Seq(GSE86088)/Homer	NCYAATAAAA	1e0	-1.857e-03	1.0000	490.0	18.71%	16637.0	20.97%
2	FOXA1(Forkhead)/MCF7-FOXA1-ChIP-Seq(GSE26831)/Homer	WAAGTAAACA	1e0	-1.665e-03	1.0000	442.0	16.88%	15137.7	19.08%
2	PPARE(NR),DR1/3T3L1-Pparg-ChIP-Seq(GSE13511)/Homer	TGACCTTTGCCCCA	1e0	-1.062e-03	1.0000	204.0	7.79%	7524.2	9.48%
2	PAX6(Paired,Homeobox)/Forebrain-Pax6-ChIP-Seq(GSE66961)/Homer	NGTGTTCAVTSAAGCGKAAA	1e0	-1.056e-03	1.0000	17.0	0.65%	982.8	1.24%
2	Foxa2(Forkhead)/Liver-Foxa2-ChIP-Seq(GSE25694)/Homer	CYTGTTTACWYW	1e0	-1.045e-03	1.0000	446.0	17.03%	15352.8	19.35%
2	THRb(NR)/HepG2-THRb.Flag-ChIP-Seq(Encode)/Homer	GGTCACCTGAGGTCA	1e0	-9.830e-04	1.0000	74.0	2.83%	3117.5	3.93%
2	Elk1(ETS)/Hela-Elk1-ChIP-Seq(GSE31477)/Homer	HACTTCCGGY	1e0	-9.460e-04	1.0000	116.0	4.43%	4582.1	5.78%
2	SPDEF(ETS)/VCaP-SPDEF-ChIP-Seq(SRA014231)/Homer	ASWTCCTGBT	1e0	-7.180e-04	1.0000	141.0	5.38%	5466.4	6.89%
2	RXR(NR),DR1/3T3L1-RXR-ChIP-Seq(GSE13511)/Homer	TAGGGCAAAGGTCA	1e0	-6.350e-04	1.0000	213.0	8.13%	7893.9	9.95%
2	LXRE(NR),DR4/RAW-LXRb.biotin-ChIP-Seq(GSE21512)/Homer	RGGTTACTANAGGTCA	1e0	-6.210e-04	1.0000	15.0	0.57%	927.4	1.17%
2	EWS:FLI1-fusion(ETS)/SK_N_MC-EWS:FLI1-ChIP-Seq(SRA014231)/Homer	VACAGGAAAT	1e0	-6.200e-04	1.0000	78.0	2.98%	3302.5	4.16%
2	JunD(bZIP)/K562-JunD-ChIP-Seq/Homer	ATGACGTCATCN	1e0	-6.110e-04	1.0000	74.0	2.83%	3161.1	3.98%
2	SF1(NR)/H295R-Nr5a1-ChIP-Seq(GSE44220)/Homer	CAAGGHCANV	1e0	-5.290e-04	1.0000	83.0	3.17%	3494.8	4.41%
2	NF1(CTF)/LNCAP-NF1-ChIP-Seq(Unpublished)/Homer	CYTGGCABNSTGCCAR	1e0	-5.210e-04	1.0000	31.0	1.18%	1585.8	2.00%
2	CUX1(Homeobox)/K562-CUX1-ChIP-Seq(GSE92882)/Homer	TATCGATNAN	1e0	-5.180e-04	1.0000	396.0	15.12%	13879.9	17.50%
2	ETV4(ETS)/HepG2-ETV4-ChIP-Seq(ENCODE)/Homer	ACCGGAAGTG	1e0	-4.170e-04	1.0000	172.0	6.57%	6579.3	8.29%
2	FOXA1(Forkhead)/LNCAP-FOXA1-ChIP-Seq(GSE27824)/Homer	WAAGTAAACA	1e0	-4.070e-04	1.0000	551.0	21.04%	18856.5	23.77%
2	Elf4(ETS)/BMDM-Elf4-ChIP-Seq(GSE88699)/Homer	ACTTCCKGKT	1e0	-3.980e-04	1.0000	130.0	4.96%	5158.0	6.50%
2	Hoxc9(Homeobox)/Ainv15-Hoxc9-ChIP-Seq(GSE21812)/Homer	GGCCATAAATCA	1e0	-3.650e-04	1.0000	140.0	5.35%	5510.1	6.95%
2	LRF(Zf)/Erythroblasts-ZBTB7A-ChIP-Seq(GSE74977)/Homer	AAGACCCYYN	1e0	-2.710e-04	1.0000	124.0	4.73%	4993.7	6.29%
2	FOXM1(Forkhead)/MCF7-FOXM1-ChIP-Seq(GSE72977)/Homer	TRTTTACTTW	1e0	-1.700e-04	1.0000	420.0	16.04%	14834.6	18.70%
2	Elk4(ETS)/Hela-Elk4-ChIP-Seq(GSE31477)/Homer	NRYTTCCGGY	1e0	-1.340e-04	1.0000	136.0	5.19%	5482.9	6.91%
2	VDR(NR),DR3/GM10855-VDR+vitD-ChIP-Seq(GSE22484)/Homer	ARAGGTCANWGAGTTCANNN	1e0	-1.320e-04	1.0000	28.0	1.07%	1553.8	1.96%
2	Hoxd12(Homeobox)/ChickenMSG-Hoxd12.Flag-ChIP-Seq(GSE86088)/Homer	HDGYAATGAAAN	1e0	-1.150e-04	1.0000	628.0	23.98%	21516.0	27.12%
2	Nr5a2(NR)/mES-Nr5a2-ChIP-Seq(GSE19019)/Homer	BTCAAGGTCA	1e0	-1.040e-04	1.0000	67.0	2.56%	3059.8	3.86%
2	ETS1(ETS)/Jurkat-ETS1-ChIP-Seq(GSE17954)/Homer	ACAGGAAGTG	1e0	-6.900e-05	1.0000	136.0	5.19%	5551.7	7.00%
2	Etv2(ETS)/ES-ER71-ChIP-Seq(GSE59402)/Homer	NNAYTTCCTGHN	1e0	-6.900e-05	1.0000	107.0	4.09%	4535.6	5.72%
2	GABPA(ETS)/Jurkat-GABPa-ChIP-Seq(GSE17954)/Homer	RACCGGAAGT	1e0	-5.200e-05	1.0000	128.0	4.89%	5301.4	6.68%
2	p63(p53)/Keratinocyte-p63-ChIP-Seq(GSE17611)/Homer	NNDRCATGYCYNRRCATGYH	1e0	-4.800e-05	1.0000	81.0	3.09%	3634.8	4.58%
2	Fox:Ebox(Forkhead,bHLH)/Panc1-Foxa2-ChIP-Seq(GSE47459)/Homer	NNNVCTGWGYAAACASN	1e0	-4.100e-05	1.0000	393.0	15.01%	14178.6	17.87%
2	Fli1(ETS)/CD8-FLI-ChIP-Seq(GSE20898)/Homer	NRYTTCCGGH	1e0	-3.100e-05	1.0000	189.0	7.22%	7459.9	9.40%
2	Nr5a2(NR)/Pancreas-LRH1-ChIP-Seq(GSE34295)/Homer	BTCAAGGTCA	1e0	-3.100e-05	1.0000	118.0	4.51%	5000.6	6.30%
2	RAR:RXR(NR),DR5/ES-RAR-ChIP-Seq(GSE56893)/Homer	RGGTCADNNAGAGGTCAV	1e0	-2.000e-05	1.0000	2.0	0.08%	408.6	0.51%
2	AP-2alpha(AP2)/Hela-AP2alpha-ChIP-Seq(GSE31477)/Homer	ATGCCCTGAGGC	1e0	-1.400e-05	1.0000	30.0	1.15%	1768.4	2.23%
2	Chop(bZIP)/MEF-Chop-ChIP-Seq(GSE35681)/Homer	ATTGCATCAT	1e0	-1.100e-05	1.0000	83.0	3.17%	3826.1	4.82%
2	p53(p53)/Saos-p53-ChIP-Seq(GSE15780)/Homer	RRCATGYCYRGRCATGYYYN	1e0	-6.000e-06	1.0000	27.0	1.03%	1685.6	2.12%
2	p53(p53)/Saos-p53-ChIP-Seq/Homer	RRCATGYCYRGRCATGYYYN	1e0	-6.000e-06	1.0000	27.0	1.03%	1685.6	2.12%
2	TEAD(TEA)/Fibroblast-PU.1-ChIP-Seq(Unpublished)/Homer	YCWGGAATGY	1e0	-5.000e-06	1.0000	105.0	4.01%	4689.8	5.91%
2	ERE(NR),IR3/MCF7-ERa-ChIP-Seq(Unpublished)/Homer	VAGGTCACNSTGACC	1e0	-5.000e-06	1.0000	31.0	1.18%	1866.1	2.35%
2	ERG(ETS)/VCaP-ERG-ChIP-Seq(GSE14097)/Homer	ACAGGAAGTG	1e0	-4.000e-06	1.0000	177.0	6.76%	7259.8	9.15%
2	ELF1(ETS)/Jurkat-ELF1-ChIP-Seq(SRA014231)/Homer	AVCCGGAAGT	1e0	-3.000e-06	1.0000	73.0	2.79%	3558.3	4.49%
2	NRF(NRF)/Promoter/Homer	STGCGCATGCGC	1e0	-1.000e-06	1.0000	25.0	0.95%	1687.9	2.13%
2	FXR(NR),IR1/Liver-FXR-ChIP-Seq(Chong_et_al.)/Homer	AGGTCANTGACCTB	1e0	-1.000e-06	1.0000	75.0	2.86%	3708.2	4.67%
2	Hnf6b(Homeobox)/LNCaP-Hnf6b-ChIP-Seq(GSE106305)/Homer	TATTGAYY	1e0	-1.000e-06	1.0000	485.0	18.52%	17746.7	22.37%
2	TEAD2(TEA)/Py2T-Tead2-ChIP-Seq(GSE55709)/Homer	CCWGGAATGY	1e0	-1.000e-06	1.0000	63.0	2.41%	3282.2	4.14%
2	ETS(ETS)/Promoter/Homer	AACCGGAAGT	1e0	-1.000e-06	1.0000	46.0	1.76%	2608.5	3.29%
2	ETV1(ETS)/GIST48-ETV1-ChIP-Seq(GSE22441)/Homer	AACCGGAAGT	1e0	-1.000e-06	1.0000	180.0	6.87%	7555.0	9.52%
2	AP-2gamma(AP2)/MCF7-TFAP2C-ChIP-Seq(GSE21234)/Homer	SCCTSAGGSCAW	1e0	-0.000e+00	1.0000	42.0	1.60%	2463.8	3.11%
2	Nur77(NR)/K562-NR4A1-ChIP-Seq(GSE31363)/Homer	TGACCTTTNCNT	1e0	-0.000e+00	1.0000	90.0	3.44%	4345.4	5.48%
2	HNF4a(NR),DR1/HepG2-HNF4a-ChIP-Seq(GSE25021)/Homer	CARRGKBCAAAGTYCA	1e0	-0.000e+00	1.0000	99.0	3.78%	4688.8	5.91%
2	NRF1(NRF)/MCF7-NRF1-ChIP-Seq(Unpublished)/Homer	CTGCGCATGCGC	1e0	-0.000e+00	1.0000	14.0	0.53%	1257.2	1.58%
2	p73(p53)/Trachea-p73-ChIP-Seq(PRJNA310161)/Homer	NRRRCAWGTCCDGRCATGYY	1e0	-0.000e+00	1.0000	6.0	0.23%	851.1	1.07%
2	TEAD3(TEA)/HepG2-TEAD3-ChIP-Seq(Encode)/Homer	TRCATTCCAG	1e0	-0.000e+00	1.0000	231.0	8.82%	9537.1	12.02%
2	YY1(Zf)/Promoter/Homer	CAAGATGGCGGC	1e0	-0.000e+00	1.0000	21.0	0.80%	1648.1	2.08%
2	HNF6(Homeobox)/Liver-Hnf6-ChIP-Seq(ERP000394)/Homer	NTATYGATCH	1e0	-0.000e+00	1.0000	298.0	11.38%	11843.1	14.93%
2	Atf4(bZIP)/MEF-Atf4-ChIP-Seq(GSE35681)/Homer	MTGATGCAAT	1e0	-0.000e+00	1.0000	117.0	4.47%	5526.1	6.97%
2	PPARa(NR),DR1/Liver-Ppara-ChIP-Seq(GSE47954)/Homer	VNAGGKCAAAGGTCA	1e0	-0.000e+00	1.0000	213.0	8.13%	8972.5	11.31%
2	TEAD4(TEA)/Tropoblast-Tead4-ChIP-Seq(GSE37350)/Homer	CCWGGAATGY	1e0	-0.000e+00	1.0000	114.0	4.35%	5472.3	6.90%
2	c-Jun-CRE(bZIP)/K562-cJun-ChIP-Seq(GSE31477)/Homer	ATGACGTCATCY	1e0	-0.000e+00	1.0000	117.0	4.47%	5637.9	7.11%
2	TEAD1(TEAD)/HepG2-TEAD1-ChIP-Seq(Encode)/Homer	CYRCATTCCA	1e0	-0.000e+00	1.0000	146.0	5.57%	6786.6	8.55%
2	Atf2(bZIP)/3T3L1-Atf2-ChIP-Seq(GSE56872)/Homer	NRRTGACGTCAT	1e0	-0.000e+00	1.0000	140.0	5.35%	6639.2	8.37%
2	Cux2(Homeobox)/Liver-Cux2-ChIP-Seq(GSE35985)/Homer	HNRAATCAAT	1e0	-0.000e+00	1.0000	219.0	8.36%	9525.7	12.01%
2	TR4(NR),DR1/Hela-TR4-ChIP-Seq(GSE24685)/Homer	GAGGTCAAAGGTCA	1e0	-0.000e+00	1.0000	57.0	2.18%	3548.0	4.47%
2	CTCF(Zf)/CD4+-CTCF-ChIP-Seq(Barski_et_al.)/Homer	AYAGTGCCMYCTRGTGGCCA	1e0	-0.000e+00	1.0000	12.0	0.46%	1527.5	1.93%
2	BORIS(Zf)/K562-CTCFL-ChIP-Seq(GSE32465)/Homer	CNNBRGCGCCCCCTGSTGGC	1e0	-0.000e+00	1.0000	11.0	0.42%	1532.1	1.93%
2	Esrrb(NR)/mES-Esrrb-ChIP-Seq(GSE11431)/Homer	KTGACCTTGA	1e0	-0.000e+00	1.0000	173.0	6.61%	8434.6	10.63%
2	ERRg(NR)/Kidney-ESRRG-ChIP-Seq(GSE104905)/Homer	GTGACCTTGRVN	1e0	-0.000e+00	1.0000	189.0	7.22%	9035.9	11.39%
2	CREB5(bZIP)/LNCaP-CREB5.V5-ChIP-Seq(GSE137775)/Homer	VVATGACGTCAT	1e0	-0.000e+00	1.0000	169.0	6.45%	8483.6	10.69%
2	Atf7(bZIP)/3T3L1-Atf7-ChIP-Seq(GSE56872)/Homer	NGRTGACGTCAY	1e0	-0.000e+00	1.0000	199.0	7.60%	9639.3	12.15%
2	Erra(NR)/HepG2-Erra-ChIP-Seq(GSE31477)/Homer	CAAAGGTCAG	1e0	-0.000e+00	1.0000	383.0	14.62%	16264.8	20.50%
2	Atf1(bZIP)/K562-ATF1-ChIP-Seq(GSE31477)/Homer	GATGACGTCA	1e0	0.000e+00	1.0000	305.0	11.65%	14599.9	18.40%
2	COUP-TFII(NR)/K562-NR2F1-ChIP-Seq(Encode)/Homer	GKBCARAGGTCA	1e0	0.000e+00	1.0000	322.0	12.29%	15030.9	18.95%
2	COUP-TFII(NR)/Artia-Nr2f2-ChIP-Seq(GSE46497)/Homer	AGRGGTCA	1e0	0.000e+00	1.0000	376.0	14.36%	17952.8	22.63%
2	EBNA1(EBV-virus)/Raji-EBNA1-ChIP-Seq(GSE30709)/Homer	GGYAGCAYDTGCTDCCCNNN	1e0	0.000e+00	1.0000	0.0	0.00%	40.8	0.05%
2	HLF(bZIP)/HSC-HLF.Flag-ChIP-Seq(GSE69817)/Homer	RTTATGYAAB	1e0	0.000e+00	1.0000	424.0	16.19%	18096.4	22.81%
2	NFIL3(bZIP)/HepG2-NFIL3-ChIP-Seq(Encode)/Homer	VTTACGTAAYNNNNN	1e0	0.000e+00	1.0000	397.0	15.16%	18330.1	23.11%
2	EAR2(NR)/K562-NR2F6-ChIP-Seq(Encode)/Homer	NRBCARRGGTCA	1e0	0.000e+00	1.0000	286.0	10.92%	14223.3	17.93%
2	p53(p53)/mES-cMyc-ChIP-Seq(GSE11431)/Homer	ACATGCCCGGGCAT	1e0	0.000e+00	1.0000	0.0	0.00%	43.2	0.05%
2	RARa(NR)/K562-RARa-ChIP-Seq(Encode)/Homer	TTGAMCTTTG	1e0	0.000e+00	1.0000	653.0	24.93%	26576.7	33.50%
2	REST-NRSF(Zf)/Jurkat-NRSF-ChIP-Seq/Homer	GGMGCTGTCCATGGTGCTGA	1e0	0.000e+00	1.0000	0.0	0.00%	14.8	0.02%
2	Ronin(THAP)/ES-Thap11-ChIP-Seq(GSE51522)/Homer	RACTACAACTCCCAGVAKGC	1e0	0.000e+00	1.0000	0.0	0.00%	17.1	0.02%
2	THRb(NR)/Liver-NR1A2-ChIP-Seq(GSE52613)/Homer	TRAGGTCA	1e0	0.000e+00	1.0000	819.0	31.27%	31833.1	40.13%
2	ZNF16(Zf)/HEK293-ZNF16.GFP-ChIP-Seq(GSE58341)/Homer	MACCTTCYATGGCTCCCTAKTGCCY	1e0	0.000e+00	1.0000	0.0	0.00%	7.4	0.01%
3	Tbx6(T-box)/ESC-Tbx6-ChIP-Seq(GSE93524)/Homer	DAGGTGTBAA	1e-142	-3.284e+02	0.0000	537.0	51.34%	12696.4	16.87%
3	Tbx21(T-box)/GM12878-TBX21-ChIP-Seq(Encode)/Homer	AGGTGTGAAA	1e-120	-2.779e+02	0.0000	517.0	49.43%	13280.9	17.65%
3	Tbr1(T-box)/Cortex-Tbr1-ChIP-Seq(GSE71384)/Homer	AAGGTGTKAA	1e-112	-2.596e+02	0.0000	604.0	57.74%	18640.6	24.78%
3	Eomes(T-box)/H9-Eomes-ChIP-Seq(GSE26097)/Homer	ATTAACACCT	1e-102	-2.364e+02	0.0000	676.0	64.63%	24089.9	32.02%
3	Tbet(T-box)/CD8-Tbet-ChIP-Seq(GSE33802)/Homer	AGGTGTGAAM	1e-99	-2.291e+02	0.0000	529.0	50.57%	15670.9	20.83%
3	Tbx5(T-box)/HL1-Tbx5.biotin-ChIP-Seq(GSE21529)/Homer	AGGTGTCA	1e-69	-1.602e+02	0.0000	652.0	62.33%	26600.4	35.35%
3	DLX1(Homeobox)/BasalGanglia-Dlx1-ChIP-seq(GSE124936)/Homer	NSNNTAATTA	1e-7	-1.706e+01	0.0000	381.0	36.42%	21588.5	28.69%
3	Tcf7(HMG)/GM12878-TCF7-ChIP-Seq(Encode)/Homer	CTTTGATGTGSB	1e-6	-1.571e+01	0.0000	99.0	9.46%	4122.9	5.48%
3	LHX9(Homeobox)/Hct116-LHX9.V5-ChIP-Seq(GSE116822)/Homer	NGCTAATTAG	1e-6	-1.412e+01	0.0000	348.0	33.27%	19937.4	26.50%
3	Sox2(HMG)/mES-Sox2-ChIP-Seq(GSE11431)/Homer	BCCATTGTTC	1e-5	-1.355e+01	0.0001	397.0	37.95%	23374.4	31.07%
3	DLX2(Homeobox)/BasalGanglia-Dlx2-ChIP-seq(GSE124936)/Homer	NNNTAATTAS	1e-5	-1.349e+01	0.0001	408.0	39.01%	24140.2	32.08%
3	Nkx6.1(Homeobox)/Islet-Nkx6.1-ChIP-Seq(GSE40975)/Homer	GKTAATGR	1e-5	-1.303e+01	0.0001	600.0	57.36%	37789.8	50.23%
3	Tgif2(Homeobox)/mES-Tgif2-ChIP-Seq(GSE55404)/Homer	TGTCANYT	1e-5	-1.270e+01	0.0001	621.0	59.37%	39397.0	52.36%
3	Lhx2(Homeobox)/HFSC-Lhx2-ChIP-Seq(GSE48068)/Homer	TAATTAGN	1e-5	-1.247e+01	0.0001	302.0	28.87%	17200.8	22.86%
3	En1(Homeobox)/SUM149-EN1-ChIP-Seq(GSE120957)/Homer	NDCTAATTAS	1e-5	-1.243e+01	0.0001	463.0	44.26%	28192.0	37.47%
3	Dlx3(Homeobox)/Kerainocytes-Dlx3-ChIP-Seq(GSE89884)/Homer	NDGTAATTAC	1e-5	-1.214e+01	0.0001	223.0	21.32%	12102.0	16.08%
3	ZNF652/HepG2-ZNF652.Flag-ChIP-Seq(Encode)/Homer	TTAACCCTTTVNKKN	1e-5	-1.160e+01	0.0002	66.0	6.31%	2683.4	3.57%
3	Meis1(Homeobox)/MastCells-Meis1-ChIP-Seq(GSE48085)/Homer	VGCTGWCAVB	1e-4	-1.121e+01	0.0003	289.0	27.63%	16598.2	22.06%
3	Tgif1(Homeobox)/mES-Tgif1-ChIP-Seq(GSE55404)/Homer	YTGWCADY	1e-4	-1.060e+01	0.0006	616.0	58.89%	39577.4	52.60%
3	ZSCAN22(Zf)/HEK293-ZSCAN22.GFP-ChIP-Seq(GSE58341)/Homer	SMCAGTCWGAKGGAGGAGGC	1e-4	-1.059e+01	0.0006	6.0	0.57%	40.8	0.05%
3	LEF1(HMG)/H1-LEF1-ChIP-Seq(GSE64758)/Homer	CCTTTGATST	1e-4	-1.029e+01	0.0007	168.0	16.06%	8923.1	11.86%
3	DLX5(Homeobox)/BasalGanglia-Dlx5-ChIP-seq(GSE124936)/Homer	SSTAATTA	1e-4	-1.004e+01	0.0009	255.0	24.38%	14597.2	19.40%
3	Tcf3(HMG)/mES-Tcf3-ChIP-Seq(GSE11724)/Homer	ASWTCAAAGG	1e-3	-8.728e+00	0.0031	71.0	6.79%	3248.3	4.32%
3	ISRE(IRF)/ThioMac-LPS-Expression(GSE23622)/Homer	AGTTTCASTTTC	1e-3	-8.124e+00	0.0054	16.0	1.53%	412.8	0.55%
3	Sox3(HMG)/NPC-Sox3-ChIP-Seq(GSE33059)/Homer	CCWTTGTY	1e-3	-7.814e+00	0.0071	570.0	54.49%	37069.5	49.27%
3	Sox15(HMG)/CPA-Sox15-ChIP-Seq(GSE62909)/Homer	RAACAATGGN	1e-3	-7.179e+00	0.0129	398.0	38.05%	25082.5	33.34%
3	Tbox:Smad(T-box,MAD)/ESCd5-Smad2_3-ChIP-Seq(GSE29422)/Homer	AGGTGHCAGACA	1e-2	-6.856e+00	0.0172	33.0	3.15%	1311.3	1.74%
3	Znf263(Zf)/K562-Znf263-ChIP-Seq(GSE31477)/Homer	CVGTSCTCCC	1e-2	-6.762e+00	0.0182	66.0	6.31%	3196.7	4.25%
3	bZIP:IRF(bZIP,IRF)/Th17-BatF-ChIP-Seq(GSE39756)/Homer	NAGTTTCABTHTGACTNW	1e-2	-6.715e+00	0.0184	77.0	7.36%	3862.5	5.13%
3	Sox10(HMG)/SciaticNerve-Sox3-ChIP-Seq(GSE35132)/Homer	CCWTTGTYYB	1e-2	-6.685e+00	0.0184	489.0	46.75%	31652.4	42.07%
3	Sox21(HMG)/ESC-SOX21-ChIP-Seq(GSE110505)/Homer	BCCWTTGTBYKV	1e-2	-6.489e+00	0.0216	532.0	50.86%	34788.6	46.24%
3	NeuroD1(bHLH)/Islet-NeuroD1-ChIP-Seq(GSE30298)/Homer	GCCATCTGTT	1e-2	-6.341e+00	0.0242	65.0	6.21%	3193.2	4.24%
3	Sp5(Zf)/mES-Sp5.Flag-ChIP-Seq(GSE72989)/Homer	RGKGGGCGGAGC	1e-2	-6.229e+00	0.0263	41.0	3.92%	1808.8	2.40%
3	Lhx1(Homeobox)/EmbryoCarcinoma-Lhx1-ChIP-Seq(GSE70957)/Homer	NNYTAATTAR	1e-2	-5.974e+00	0.0329	284.0	27.15%	17592.7	23.38%
3	Nkx2.2(Homeobox)/NPC-Nkx2.2-ChIP-Seq(GSE61673)/Homer	BTBRAGTGSN	1e-2	-5.659e+00	0.0438	206.0	19.69%	12404.7	16.49%
3	CHR(?)/Hela-CellCycle-Expression/Homer	SRGTTTCAAA	1e-2	-5.070e+00	0.0768	127.0	12.14%	7329.5	9.74%
3	PU.1:IRF8(ETS:IRF)/pDC-Irf8-ChIP-Seq(GSE66899)/Homer	GGAAGTGAAAST	1e-2	-4.986e+00	0.0813	24.0	2.29%	984.6	1.31%
3	ZNF189(Zf)/HEK293-ZNF189.GFP-ChIP-Seq(GSE58341)/Homer	TGGAACAGMA	1e-2	-4.647e+00	0.1111	60.0	5.74%	3143.9	4.18%
3	Unknown-ESC-element(?)/mES-Nanog-ChIP-Seq(GSE11724)/Homer	CACAGCAGGGGG	1e-1	-4.587e+00	0.1149	31.0	2.96%	1414.3	1.88%
3	Sox4(HMG)/proB-Sox4-ChIP-Seq(GSE50066)/Homer	YCTTTGTTCC	1e-1	-4.567e+00	0.1149	257.0	24.57%	16210.4	21.55%
3	ZNF7(Zf)/HepG2-ZNF7.Flag-ChIP-Seq(Encode)/Homer	CTGCCWVCTTTTRTA	1e-1	-4.500e+00	0.1192	94.0	8.99%	5320.0	7.07%
3	Sp2(Zf)/HEK293-Sp2.eGFP-ChIP-Seq(Encode)/Homer	YGGCCCCGCCCC	1e-1	-4.353e+00	0.1349	65.0	6.21%	3505.6	4.66%
3	PU.1-IRF(ETS:IRF)/Bcell-PU.1-ChIP-Seq(GSE21512)/Homer	MGGAAGTGAAAC	1e-1	-4.337e+00	0.1349	107.0	10.23%	6200.6	8.24%
3	Gfi1b(Zf)/HPC7-Gfi1b-ChIP-Seq(GSE22178)/Homer	MAATCACTGC	1e-1	-4.304e+00	0.1351	89.0	8.51%	5041.7	6.70%
3	Isl1(Homeobox)/Neuron-Isl1-ChIP-Seq(GSE31456)/Homer	CTAATKGV	1e-1	-4.247e+00	0.1399	332.0	31.74%	21525.9	28.61%
3	SCRT1(Zf)/HEK293-SCRT1.eGFP-ChIP-Seq(Encode)/Homer	GCAACAGGTG	1e-1	-4.073e+00	0.1628	56.0	5.35%	2992.9	3.98%
3	Nanog(Homeobox)/mES-Nanog-ChIP-Seq(GSE11724)/Homer	RGCCATTAAC	1e-1	-3.981e+00	0.1748	652.0	62.33%	44489.4	59.13%
3	Nkx2.1(Homeobox)/LungAC-Nkx2.1-ChIP-Seq(GSE43252)/Homer	RSCACTYRAG	1e-1	-3.907e+00	0.1842	297.0	28.39%	19227.6	25.56%
3	c-Myc(bHLH)/mES-cMyc-ChIP-Seq(GSE11431)/Homer	VVCCACGTGG	1e-1	-3.853e+00	0.1905	41.0	3.92%	2103.0	2.80%
3	Zic2(Zf)/ESC-Zic2-ChIP-Seq(SRP197560)/Homer	CHCAGCRGGRGG	1e-1	-3.821e+00	0.1928	21.0	2.01%	925.3	1.23%
3	Nkx2.5(Homeobox)/HL1-Nkx2.5.biotin-ChIP-Seq(GSE21529)/Homer	RRSCACTYAA	1e-1	-3.805e+00	0.1928	235.0	22.47%	14980.3	19.91%
3	Lhx3(Homeobox)/Neuron-Lhx3-ChIP-Seq(GSE31456)/Homer	ADBTAATTAR	1e-1	-3.801e+00	0.1928	390.0	37.28%	25789.0	34.28%
3	Tcf12(bHLH)/GM12878-Tcf12-ChIP-Seq(GSE32465)/Homer	VCAGCTGYTG	1e-1	-3.639e+00	0.2182	66.0	6.31%	3707.0	4.93%
3	Brachyury(T-box)/Mesoendoderm-Brachyury-ChIP-exo(GSE54963)/Homer	ANTTMRCASBNNNGTGYKAAN	1e-1	-3.598e+00	0.2231	59.0	5.64%	3269.9	4.35%
3	GATA(Zf),IR4/iTreg-Gata3-ChIP-Seq(GSE20898)/Homer	NAGATWNBNATCTNN	1e-1	-3.579e+00	0.2231	16.0	1.53%	669.7	0.89%
3	IRF2(IRF)/Erythroblas-IRF2-ChIP-Seq(GSE36985)/Homer	GAAASYGAAASY	1e-1	-3.524e+00	0.2315	18.0	1.72%	785.9	1.04%
3	Pitx1:Ebox(Homeobox,bHLH)/Hindlimb-Pitx1-ChIP-Seq(GSE41591)/Homer	YTAATTRAWWCCAGATGT	1e-1	-3.430e+00	0.2500	32.0	3.06%	1617.1	2.15%
3	IRF1(IRF)/PBMC-IRF1-ChIP-Seq(GSE43036)/Homer	GAAAGTGAAAGT	1e-1	-3.360e+00	0.2636	21.0	2.01%	973.8	1.29%
3	Unknown(Homeobox)/Limb-p300-ChIP-Seq/Homer	SSCMATWAAA	1e-1	-3.300e+00	0.2750	107.0	10.23%	6473.5	8.60%
3	ZNF264(Zf)/HEK293-ZNF264.GFP-ChIP-Seq(GSE58341)/Homer	RGGGCACTAACY	1e-1	-3.262e+00	0.2809	69.0	6.60%	3983.5	5.29%
3	Sox6(HMG)/Myotubes-Sox6-ChIP-Seq(GSE32627)/Homer	CCATTGTTNY	1e-1	-3.246e+00	0.2809	513.0	49.04%	34817.1	46.28%
3	PRDM1(Zf)/Hela-PRDM1-ChIP-Seq(GSE31477)/Homer	ACTTTCACTTTC	1e-1	-3.079e+00	0.3263	74.0	7.07%	4353.7	5.79%
3	HOXA2(Homeobox)/mES-Hoxa2-ChIP-Seq(Donaldson_et_al.)/Homer	GYCATCMATCAT	1e-1	-3.030e+00	0.3374	20.0	1.91%	952.9	1.27%
3	HEB(bHLH)/mES-Heb-ChIP-Seq(GSE53233)/Homer	VCAGCTGBNN	1e-1	-2.999e+00	0.3425	131.0	12.52%	8179.5	10.87%
3	Pbx3(Homeobox)/GM12878-PBX3-ChIP-Seq(GSE32465)/Homer	SCTGTCAMTCAN	1e-1	-2.957e+00	0.3519	43.0	4.11%	2378.1	3.16%
3	Myf5(bHLH)/GM-Myf5-ChIP-Seq(GSE24852)/Homer	BAACAGCTGT	1e-1	-2.875e+00	0.3759	63.0	6.02%	3684.4	4.90%
3	Zfp57(Zf)/H1-ZFP57.HA-ChIP-Seq(GSE115387)/Homer	NANTGCSGCA	1e-1	-2.814e+00	0.3937	36.0	3.44%	1962.3	2.61%
3	Zic(Zf)/Cerebellum-ZIC1.2-ChIP-Seq(GSE60731)/Homer	CCTGCTGAGH	1e-1	-2.787e+00	0.3985	64.0	6.12%	3771.9	5.01%
3	E2F6(E2F)/Hela-E2F6-ChIP-Seq(GSE31477)/Homer	GGCGGGAARN	1e-1	-2.572e+00	0.4873	22.0	2.10%	1131.4	1.50%
3	Atoh1(bHLH)/Cerebellum-Atoh1-ChIP-Seq(GSE22111)/Homer	VNRVCAGCTGGY	1e-1	-2.549e+00	0.4911	69.0	6.60%	4163.5	5.53%
3	RUNX-AML(Runt)/CD4+-PolII-ChIP-Seq(Barski_et_al.)/Homer	GCTGTGGTTW	1e-1	-2.525e+00	0.4961	86.0	8.22%	5304.3	7.05%
3	TCF4(bHLH)/SHSY5Y-TCF4-ChIP-Seq(GSE96915)/Homer	SMCATCTGKH	1e-1	-2.495e+00	0.5043	115.0	10.99%	7273.3	9.67%
3	NeuroG2(bHLH)/Fibroblast-NeuroG2-ChIP-Seq(GSE75910)/Homer	ACCATCTGTT	1e-1	-2.489e+00	0.5043	126.0	12.05%	8024.3	10.67%
3	PRDM14(Zf)/H1-PRDM14-ChIP-Seq(GSE22767)/Homer	RGGTCTCTAACY	1e-1	-2.459e+00	0.5085	24.0	2.29%	1271.3	1.69%
3	BMYB(HTH)/Hela-BMYB-ChIP-Seq(GSE27030)/Homer	NHAACBGYYV	1e0	-2.268e+00	0.6071	262.0	25.05%	17564.5	23.35%
3	Zic3(Zf)/mES-Zic3-ChIP-Seq(GSE37889)/Homer	GGCCYCCTGCTGDGH	1e0	-2.202e+00	0.6400	19.0	1.82%	1000.2	1.33%
3	Brn2(POU,Homeobox)/NPC-Brn2-ChIP-Seq(GSE35496)/Homer	ATGAATATTC	1e0	-2.202e+00	0.6400	40.0	3.82%	2342.0	3.11%
3	OCT:OCT(POU,Homeobox,IR1)/NPC-Brn2-ChIP-Seq(GSE35496)/Homer	ATGAATWATTCATGA	1e0	-2.197e+00	0.6400	13.0	1.24%	635.9	0.85%
3	KLF14(Zf)/HEK293-KLF14.GFP-ChIP-Seq(GSE58341)/Homer	RGKGGGCGKGGC	1e0	-2.178e+00	0.6400	71.0	6.79%	4406.7	5.86%
3	CArG(MADS)/PUER-Srf-ChIP-Seq(Sullivan_et_al.)/Homer	CCATATATGGNM	1e0	-2.033e+00	0.7204	35.0	3.35%	2054.5	2.73%
3	PU.1(ETS)/ThioMac-PU.1-ChIP-Seq(GSE21512)/Homer	AGAGGAAGTG	1e0	-1.978e+00	0.7515	34.0	3.25%	2001.2	2.66%
3	Hand2(bHLH)/Mesoderm-Hand2-ChIP-Seq(GSE61475)/Homer	TGACANARRCCAGRC	1e0	-1.964e+00	0.7525	30.0	2.87%	1743.5	2.32%
3	IRF3(IRF)/BMDM-Irf3-ChIP-Seq(GSE67343)/Homer	AGTTTCAKTTTC	1e0	-1.954e+00	0.7525	33.0	3.15%	1941.5	2.58%
3	NFAT(RHD)/Jurkat-NFATC1-ChIP-Seq(Jolma_et_al.)/Homer	ATTTTCCATT	1e0	-1.920e+00	0.7676	109.0	10.42%	7089.4	9.42%
3	IRF8(IRF)/BMDM-IRF8-ChIP-Seq(GSE77884)/Homer	GRAASTGAAAST	1e0	-1.901e+00	0.7733	33.0	3.15%	1953.1	2.60%
3	Pknox1(Homeobox)/ES-Prep1-ChIP-Seq(GSE63282)/Homer	SCTGTCAVTCAV	1e0	-1.885e+00	0.7770	40.0	3.82%	2419.4	3.22%
3	MyoD(bHLH)/Myotube-MyoD-ChIP-Seq(GSE21614)/Homer	RRCAGCTGYTSY	1e0	-1.819e+00	0.8206	45.0	4.30%	2770.3	3.68%
3	Olig2(bHLH)/Neuron-Olig2-ChIP-Seq(GSE30882)/Homer	RCCATMTGTT	1e0	-1.818e+00	0.8206	182.0	17.40%	12211.6	16.23%
3	E2A(bHLH)/proBcell-E2A-ChIP-Seq(GSE21978)/Homer	DNRCAGCTGY	1e0	-1.813e+00	0.8206	93.0	8.89%	6034.5	8.02%
3	KLF1(Zf)/HUDEP2-KLF1-CutnRun(GSE136251)/Homer	VDGGGYGGGGCY	1e0	-1.808e+00	0.8206	34.0	3.25%	2041.0	2.71%
3	Ascl1(bHLH)/NeuralTubes-Ascl1-ChIP-Seq(GSE55840)/Homer	NNVVCAGCTGBN	1e0	-1.797e+00	0.8206	88.0	8.41%	5697.3	7.57%
3	Ap4(bHLH)/AML-Tfap4-ChIP-Seq(GSE45738)/Homer	NAHCAGCTGD	1e0	-1.789e+00	0.8206	89.0	8.51%	5769.4	7.67%
3	Smad3(MAD)/NPC-Smad3-ChIP-Seq(GSE36673)/Homer	TWGTCTGV	1e0	-1.783e+00	0.8206	291.0	27.82%	19909.4	26.46%
3	Nkx3.1(Homeobox)/LNCaP-Nkx3.1-ChIP-Seq(GSE28264)/Homer	AAGCACTTAA	1e0	-1.773e+00	0.8206	254.0	24.28%	17300.4	22.99%
3	Bapx1(Homeobox)/VertebralCol-Bapx1-ChIP-Seq(GSE36672)/Homer	TTRAGTGSYK	1e0	-1.758e+00	0.8206	248.0	23.71%	16886.4	22.44%
3	HOXB13(Homeobox)/ProstateTumor-HOXB13-ChIP-Seq(GSE56288)/Homer	TTTTATKRGG	1e0	-1.745e+00	0.8206	160.0	15.30%	10713.4	14.24%
3	PBX1(Homeobox)/MCF7-PBX1-ChIP-Seq(GSE28007)/Homer	GSCTGTCACTCA	1e0	-1.730e+00	0.8206	11.0	1.05%	571.1	0.76%
3	Rbpj1(?)/Panc1-Rbpj1-ChIP-Seq(GSE47459)/Homer	HTTTCCCASG	1e0	-1.680e+00	0.8372	101.0	9.66%	6644.0	8.83%
3	Maz(Zf)/HepG2-Maz-ChIP-Seq(GSE31477)/Homer	GGGGGGGG	1e0	-1.633e+00	0.8681	36.0	3.44%	2219.2	2.95%
3	HIC1(Zf)/Treg-ZBTB29-ChIP-Seq(GSE99889)/Homer	TGCCAGCB	1e0	-1.585e+00	0.9019	143.0	13.67%	9613.3	12.78%
3	Pit1(Homeobox)/GCrat-Pit1-ChIP-Seq(GSE58009)/Homer	ATGMATATDC	1e0	-1.509e+00	0.9635	230.0	21.99%	15783.9	20.98%
3	EWS:ERG-fusion(ETS)/CADO_ES1-EWS:ERG-ChIP-Seq(SRA014231)/Homer	ATTTCCTGTN	1e0	-1.490e+00	0.9725	60.0	5.74%	3896.1	5.18%
3	Ascl2(bHLH)/ESC-Ascl2-ChIP-Seq(GSE97712)/Homer	SSRGCAGCTGCH	1e0	-1.422e+00	1.0000	71.0	6.79%	4682.2	6.22%
3	ZNF41(Zf)/HEK293-ZNF41.GFP-ChIP-Seq(GSE58341)/Homer	CCTCATGGTGYCYTWYTCCCTTGTG	1e0	-1.420e+00	1.0000	3.0	0.29%	122.6	0.16%
3	ZNF317(Zf)/HEK293-ZNF317.GFP-ChIP-Seq(GSE58341)/Homer	GTCWGCTGTYYCTCT	1e0	-1.414e+00	1.0000	10.0	0.96%	552.1	0.73%
3	NF1-halfsite(CTF)/LNCaP-NF1-ChIP-Seq(Unpublished)/Homer	YTGCCAAG	1e0	-1.412e+00	1.0000	144.0	13.77%	9783.4	13.00%
3	FOXA1:AR(Forkhead,NR)/LNCAP-AR-ChIP-Seq(GSE27824)/Homer	AGTAAACAAAAAAGAACAND	1e0	-1.410e+00	1.0000	13.0	1.24%	746.1	0.99%
3	GATA:SCL(Zf,bHLH)/Ter119-SCL-ChIP-Seq(GSE18720)/Homer	CRGCTGBNGNSNNSAGATAA	1e0	-1.389e+00	1.0000	11.0	1.05%	620.1	0.82%
3	RUNX(Runt)/HPC7-Runx1-ChIP-Seq(GSE22178)/Homer	SAAACCACAG	1e0	-1.364e+00	1.0000	83.0	7.93%	5541.8	7.37%
3	WT1(Zf)/Kidney-WT1-ChIP-Seq(GSE90016)/Homer	MCTCCCMCRCAB	1e0	-1.363e+00	1.0000	18.0	1.72%	1085.0	1.44%
3	CDX4(Homeobox)/ZebrafishEmbryos-Cdx4.Myc-ChIP-Seq(GSE48254)/Homer	NGYCATAAAWCH	1e0	-1.355e+00	1.0000	136.0	13.00%	9255.6	12.30%
3	HOXA1(Homeobox)/mES-Hoxa1-ChIP-Seq(SRP084292)/Homer	TGATKGATGR	1e0	-1.338e+00	1.0000	42.0	4.02%	2716.3	3.61%
3	IRF:BATF(IRF:bZIP)/pDC-Irf8-ChIP-Seq(GSE66899)/Homer	CTTTCANTATGACTV	1e0	-1.316e+00	1.0000	20.0	1.91%	1228.0	1.63%
3	NFkB-p65(RHD)/GM12787-p65-ChIP-Seq(GSE19485)/Homer	WGGGGATTTCCC	1e0	-1.290e+00	1.0000	29.0	2.77%	1843.7	2.45%
3	NFkB-p50,p52(RHD)/Monocyte-p50-ChIP-Chip(Schreiber_et_al.)/Homer	GGGGGAATCCCC	1e0	-1.287e+00	1.0000	4.0	0.38%	191.6	0.25%
3	ZNF675(Zf)/HEK293-ZNF675.GFP-ChIP-Seq(GSE58341)/Homer	ARGAGGMCAAAATGW	1e0	-1.267e+00	1.0000	13.0	1.24%	772.5	1.03%
3	Ptf1a(bHLH)/Panc1-Ptf1a-ChIP-Seq(GSE47459)/Homer	ACAGCTGTTN	1e0	-1.245e+00	1.0000	199.0	19.02%	13780.4	18.32%
3	BHLHA15(bHLH)/NIH3T3-BHLHB8.HA-ChIP-Seq(GSE119782)/Homer	NAMCAGCTGK	1e0	-1.245e+00	1.0000	92.0	8.80%	6230.7	8.28%
3	PAX3:FKHR-fusion(Paired,Homeobox)/Rh4-PAX3:FKHR-ChIP-Seq(GSE19063)/Homer	ACCRTGACTAATTNN	1e0	-1.231e+00	1.0000	45.0	4.30%	2961.7	3.94%
3	ARE(NR)/LNCAP-AR-ChIP-Seq(GSE27824)/Homer	RGRACASNSTGTYCYB	1e0	-1.169e+00	1.0000	20.0	1.91%	1265.0	1.68%
3	Slug(Zf)/Mesoderm-Snai2-ChIP-Seq(GSE61475)/Homer	SNGCACCTGCHS	1e0	-1.165e+00	1.0000	33.0	3.15%	2156.4	2.87%
3	NPAS(bHLH)/Liver-NPAS-ChIP-Seq(GSE39860)/Homer	NVCACGTG	1e0	-1.118e+00	1.0000	219.0	20.94%	15302.1	20.34%
3	Tcf21(bHLH)/ArterySmoothMuscle-Tcf21-ChIP-Seq(GSE61369)/Homer	NAACAGCTGG	1e0	-1.112e+00	1.0000	62.0	5.93%	4196.3	5.58%
3	Pit1+1bp(Homeobox)/GCrat-Pit1-ChIP-Seq(GSE58009)/Homer	ATGCATAATTCA	1e0	-1.076e+00	1.0000	82.0	7.84%	5620.6	7.47%
3	PSE(SNAPc)/K562-mStart-Seq/Homer	WAVTCACCMTAASYDAAAAG	1e0	-1.067e+00	1.0000	63.0	6.02%	4288.3	5.70%
3	NFkB-p65-Rel(RHD)/ThioMac-LPS-Expression(GSE23622)/Homer	GGAAATTCCC	1e0	-1.062e+00	1.0000	6.0	0.57%	344.2	0.46%
3	Twist2(bHLH)/Myoblast-Twist2.Ty1-ChIP-Seq(GSE127998)/Homer	MCAGCTGBYH	1e0	-1.061e+00	1.0000	124.0	11.85%	8598.7	11.43%
3	GRE(NR),IR3/A549-GR-ChIP-Seq(GSE32465)/Homer	NRGVACABNVTGTYCY	1e0	-1.043e+00	1.0000	13.0	1.24%	818.7	1.09%
3	SpiB(ETS)/OCILY3-SPIB-ChIP-Seq(GSE56857)/Homer	AAAGRGGAAGTG	1e0	-1.019e+00	1.0000	17.0	1.63%	1098.9	1.46%
3	Six2(Homeobox)/NephronProgenitor-Six2-ChIP-Seq(GSE39837)/Homer	GWAAYHTGAKMC	1e0	-1.006e+00	1.0000	119.0	11.38%	8282.2	11.01%
3	GFX(?)/Promoter/Homer	ATTCTCGCGAGA	1e0	-9.971e-01	1.0000	3.0	0.29%	156.4	0.21%
3	Zac1(Zf)/Neuro2A-Plagl1-ChIP-Seq(GSE75942)/Homer	HAWGRGGCCM	1e0	-9.832e-01	1.0000	114.0	10.90%	7943.5	10.56%
3	Hoxc9(Homeobox)/Ainv15-Hoxc9-ChIP-Seq(GSE21812)/Homer	GGCCATAAATCA	1e0	-9.630e-01	1.0000	79.0	7.55%	5474.6	7.28%
3	EBF(EBF)/proBcell-EBF-ChIP-Seq(GSE21978)/Homer	DGTCCCYRGGGA	1e0	-9.548e-01	1.0000	6.0	0.57%	360.9	0.48%
3	GATA3(Zf),DR4/iTreg-Gata3-ChIP-Seq(GSE20898)/Homer	AGATGKDGAGATAAG	1e0	-9.321e-01	1.0000	11.0	1.05%	706.7	0.94%
3	Tbx20(T-box)/Heart-Tbx20-ChIP-Seq(GSE29636)/Homer	GGTGYTGACAGS	1e0	-9.180e-01	1.0000	39.0	3.73%	2670.7	3.55%
3	IRF4(IRF)/GM12878-IRF4-ChIP-Seq(GSE32465)/Homer	ACTGAAACCA	1e0	-9.023e-01	1.0000	59.0	5.64%	4092.8	5.44%
3	AR-halfsite(NR)/LNCaP-AR-ChIP-Seq(GSE27824)/Homer	CCAGGAACAG	1e0	-8.920e-01	1.0000	321.0	30.69%	22814.1	30.32%
3	Pax7(Paired,Homeobox),long/Myoblast-Pax7-ChIP-Seq(GSE25064)/Homer	TAATCHGATTAC	1e0	-8.854e-01	1.0000	7.0	0.67%	440.8	0.59%
3	ZNF136(Zf)/HEK293-ZNF136.GFP-ChIP-Seq(GSE58341)/Homer	YTKGATAHAGTATTCTWGGTNGGCA	1e0	-8.593e-01	1.0000	11.0	1.05%	723.9	0.96%
3	ZNF692(Zf)/HEK293-ZNF692.GFP-ChIP-Seq(GSE58341)/Homer	GTGGGCCCCA	1e0	-8.253e-01	1.0000	2.0	0.19%	107.9	0.14%
3	Srebp1a(bHLH)/HepG2-Srebp1a-ChIP-Seq(GSE31477)/Homer	RTCACSCCAY	1e0	-8.041e-01	1.0000	20.0	1.91%	1373.6	1.83%
3	TCFL2(HMG)/K562-TCF7L2-ChIP-Seq(GSE29196)/Homer	ACWTCAAAGG	1e0	-8.035e-01	1.0000	16.0	1.53%	1090.9	1.45%
3	Gata1(Zf)/K562-GATA1-ChIP-Seq(GSE18829)/Homer	SAGATAAGRV	1e0	-7.931e-01	1.0000	71.0	6.79%	5012.1	6.66%
3	ZBTB18(Zf)/HEK293-ZBTB18.GFP-ChIP-Seq(GSE58341)/Homer	AACATCTGGA	1e0	-7.846e-01	1.0000	29.0	2.77%	2020.9	2.69%
3	Sox7(HMG)/ESC-Sox7-ChIP-Seq(GSE133899)/Homer	VVRRAACAATGG	1e0	-7.777e-01	1.0000	136.0	13.00%	9676.4	12.86%
3	PGR(NR)/EndoStromal-PGR-ChIP-Seq(GSE69539)/Homer	AAGAACATWHTGTTC	1e0	-7.756e-01	1.0000	36.0	3.44%	2523.9	3.35%
3	Twist(bHLH)/HMLE-TWIST1-ChIP-Seq(Chang_et_al)/Homer	VCAKCTGGNNNCCAGMTGBN	1e0	-7.744e-01	1.0000	5.0	0.48%	322.0	0.43%
3	E2F7(E2F)/Hela-E2F7-ChIP-Seq(GSE32673)/Homer	VDTTTCCCGCCA	1e0	-7.578e-01	1.0000	9.0	0.86%	607.8	0.81%
3	Hoxd12(Homeobox)/ChickenMSG-Hoxd12.Flag-ChIP-Seq(GSE86088)/Homer	HDGYAATGAAAN	1e0	-7.493e-01	1.0000	318.0	30.40%	22770.0	30.26%
3	MyoG(bHLH)/C2C12-MyoG-ChIP-Seq(GSE36024)/Homer	AACAGCTG	1e0	-7.401e-01	1.0000	74.0	7.07%	5263.6	7.00%
3	OCT:OCT(POU,Homeobox)/NPC-OCT6-ChIP-Seq(GSE43916)/Homer	YATGCATATRCATRT	1e0	-7.341e-01	1.0000	23.0	2.20%	1613.6	2.14%
3	ZNF415(Zf)/HEK293-ZNF415.GFP-ChIP-Seq(GSE58341)/Homer	GRTGMTRGAGCC	1e0	-7.221e-01	1.0000	15.0	1.43%	1045.7	1.39%
3	E2A(bHLH),near_PU.1/Bcell-PU.1-ChIP-Seq(GSE21512)/Homer	NVCACCTGBN	1e0	-7.173e-01	1.0000	91.0	8.70%	6500.8	8.64%
3	GRE(NR),IR3/RAW264.7-GRE-ChIP-Seq(Unpublished)/Homer	VAGRACAKWCTGTYC	1e0	-7.013e-01	1.0000	26.0	2.49%	1842.3	2.45%
3	Pdx1(Homeobox)/Islet-Pdx1-ChIP-Seq(SRA008281)/Homer	YCATYAATCA	1e0	-6.941e-01	1.0000	150.0	14.34%	10761.3	14.30%
3	Bcl6(Zf)/Liver-Bcl6-ChIP-Seq(GSE31578)/Homer	NNNCTTTCCAGGAAA	1e0	-6.832e-01	1.0000	65.0	6.21%	4657.4	6.19%
3	TATA-Box(TBP)/Promoter/Homer	CCTTTTAWAGSC	1e0	-6.819e-01	1.0000	126.0	12.05%	9047.2	12.02%
3	MafF(bZIP)/HepG2-MafF-ChIP-Seq(GSE31477)/Homer	HWWGTCAGCAWWTTT	1e0	-6.737e-01	1.0000	34.0	3.25%	2431.8	3.23%
3	Mef2b(MADS)/HEK293-Mef2b.V5-ChIP-Seq(GSE67450)/Homer	GCTATTTTTGGM	1e0	-6.627e-01	1.0000	93.0	8.89%	6689.9	8.89%
3	E2F3(E2F)/MEF-E2F3-ChIP-Seq(GSE71376)/Homer	BTKGGCGGGAAA	1e0	-6.316e-01	1.0000	23.0	2.20%	1657.4	2.20%
3	ZNF341(Zf)/EBV-ZNF341-ChIP-Seq(GSE113194)/Homer	GGAACAGCCG	1e0	-6.253e-01	1.0000	36.0	3.44%	2602.7	3.46%
3	NF1:FOXA1(CTF,Forkhead)/LNCAP-FOXA1-ChIP-Seq(GSE27824)/Homer	WNTGTTTRYTTTGGCA	1e0	-6.175e-01	1.0000	7.0	0.67%	498.9	0.66%
3	NPAS2(bHLH)/Liver-NPAS2-ChIP-Seq(GSE39860)/Homer	KCCACGTGAC	1e0	-6.026e-01	1.0000	119.0	11.38%	8621.0	11.46%
3	MNT(bHLH)/HepG2-MNT-ChIP-Seq(Encode)/Homer	DGCACACGTG	1e0	-5.883e-01	1.0000	120.0	11.47%	8708.8	11.57%
3	AMYB(HTH)/Testes-AMYB-ChIP-Seq(GSE44588)/Homer	TGGCAGTTGG	1e0	-5.883e-01	1.0000	225.0	21.51%	16288.6	21.65%
3	E2F1(E2F)/Hela-E2F1-ChIP-Seq(GSE22478)/Homer	CWGGCGGGAA	1e0	-5.853e-01	1.0000	11.0	1.05%	801.6	1.07%
3	GATA3(Zf),DR8/iTreg-Gata3-ChIP-Seq(GSE20898)/Homer	AGATSTNDNNDSAGATAASN	1e0	-5.797e-01	1.0000	7.0	0.67%	508.4	0.68%
3	Hoxb4(Homeobox)/ES-Hoxb4-ChIP-Seq(GSE34014)/Homer	TGATTRATGGCY	1e0	-5.783e-01	1.0000	29.0	2.77%	2120.1	2.82%
3	Phox2b(Homeobox)/CLBGA-PHOX2B-ChIP-Seq(GSE90683)/Homer	TTAATTNAATTA	1e0	-5.765e-01	1.0000	40.0	3.82%	2922.9	3.88%
3	RUNX2(Runt)/PCa-RUNX2-ChIP-Seq(GSE33889)/Homer	NWAACCACADNN	1e0	-5.722e-01	1.0000	96.0	9.18%	6988.3	9.29%
3	KLF3(Zf)/MEF-Klf3-ChIP-Seq(GSE44748)/Homer	NRGCCCCRCCCHBNN	1e0	-5.636e-01	1.0000	15.0	1.43%	1104.0	1.47%
3	DMRT6(DM)/Testis-DMRT6-ChIP-Seq(GSE60440)/Homer	YDGHTACAWTGTADC	1e0	-5.608e-01	1.0000	41.0	3.92%	3005.5	3.99%
3	Mef2c(MADS)/GM12878-Mef2c-ChIP-Seq(GSE32465)/Homer	DCYAAAAATAGM	1e0	-5.595e-01	1.0000	46.0	4.40%	3370.0	4.48%
3	RUNX1(Runt)/Jurkat-RUNX1-ChIP-Seq(GSE29180)/Homer	AAACCACARM	1e0	-5.564e-01	1.0000	97.0	9.27%	7076.9	9.41%
3	Gata6(Zf)/HUG1N-GATA6-ChIP-Seq(GSE51936)/Homer	YCTTATCTBN	1e0	-5.527e-01	1.0000	122.0	11.66%	8891.4	11.82%
3	CTCF-SatelliteElement(Zf?)/CD4+-CTCF-ChIP-Seq(Barski_et_al.)/Homer	TGCAGTTCCMVNWRTGGCCA	1e0	-5.485e-01	1.0000	1.0	0.10%	62.8	0.08%
3	Snail1(Zf)/LS174T-SNAIL1.HA-ChIP-Seq(GSE127183)/Homer	TRCACCTGCY	1e0	-5.463e-01	1.0000	55.0	5.26%	4035.7	5.36%
3	OCT:OCT-short(POU,Homeobox)/NPC-OCT6-ChIP-Seq(GSE43916)/Homer	ATGCATWATGCATRW	1e0	-5.414e-01	1.0000	155.0	14.82%	11293.1	15.01%
3	ZBTB33(Zf)/GM12878-ZBTB33-ChIP-Seq(GSE32465)/Homer	GGVTCTCGCGAGAAC	1e0	-5.222e-01	1.0000	3.0	0.29%	221.5	0.29%
3	n-Myc(bHLH)/mES-nMyc-ChIP-Seq(GSE11431)/Homer	VRCCACGTGG	1e0	-5.014e-01	1.0000	54.0	5.16%	3998.5	5.31%
3	ZFX(Zf)/mES-Zfx-ChIP-Seq(GSE11431)/Homer	AGGCCTRG	1e0	-4.954e-01	1.0000	35.0	3.35%	2610.2	3.47%
3	Smad2(MAD)/ES-SMAD2-ChIP-Seq(GSE29422)/Homer	CTGTCTGG	1e0	-4.902e-01	1.0000	131.0	12.52%	9617.4	12.78%
3	GFY(?)/Promoter/Homer	ACTACAATTCCC	1e0	-4.781e-01	1.0000	3.0	0.29%	230.1	0.31%
3	PBX2(Homeobox)/K562-PBX2-ChIP-Seq(Encode)/Homer	RTGATTKATRGN	1e0	-4.623e-01	1.0000	143.0	13.67%	10525.5	13.99%
3	Six1(Homeobox)/Myoblast-Six1-ChIP-Chip(GSE20150)/Homer	GKVTCADRTTWC	1e0	-4.587e-01	1.0000	30.0	2.87%	2266.6	3.01%
3	ZNF768(Zf)/Rajj-ZNF768-ChIP-Seq(GSE111879)/Homer	RHHCAGAGAGGB	1e0	-4.420e-01	1.0000	1.0	0.10%	74.2	0.10%
3	ZNF519(Zf)/HEK293-ZNF519.GFP-ChIP-Seq(GSE58341)/Homer	GAGSCCGAGC	1e0	-4.386e-01	1.0000	2.0	0.19%	158.8	0.21%
3	AP-1(bZIP)/ThioMac-PU.1-ChIP-Seq(GSE21512)/Homer	VTGACTCATC	1e0	-4.357e-01	1.0000	77.0	7.36%	5744.5	7.64%
3	ZNF467(Zf)/HEK293-ZNF467.GFP-ChIP-Seq(GSE58341)/Homer	TGGGGAAGGGCM	1e0	-4.329e-01	1.0000	18.0	1.72%	1388.2	1.85%
3	Hoxd13(Homeobox)/ChickenMSG-Hoxd13.Flag-ChIP-Seq(GSE86088)/Homer	NCYAATAAAA	1e0	-4.286e-01	1.0000	236.0	22.56%	17326.8	23.03%
3	PR(NR)/T47D-PR-ChIP-Seq(GSE31130)/Homer	VAGRACAKNCTGTBC	1e0	-4.231e-01	1.0000	237.0	22.66%	17408.3	23.14%
3	Tcfcp2l1(CP2)/mES-Tcfcp2l1-ChIP-Seq(GSE11431)/Homer	NRAACCRGTTYRAACCRGYT	1e0	-4.174e-01	1.0000	7.0	0.67%	559.8	0.74%
3	HIF-1b(HLH)/T47D-HIF1b-ChIP-Seq(GSE59937)/Homer	RTACGTGC	1e0	-4.154e-01	1.0000	172.0	16.44%	12702.6	16.88%
3	ZKSCAN1(Zf)/HepG2-ZKSCAN1-ChIP-Seq(Encode)/Homer	GCACAYAGTAGGKCY	1e0	-4.124e-01	1.0000	1.0	0.10%	78.7	0.10%
3	HRE(HSF)/HepG2-HSF1-ChIP-Seq(GSE31477)/Homer	BSTTCTRGAABVTTCYAGAA	1e0	-4.100e-01	1.0000	4.0	0.38%	326.1	0.43%
3	Etv2(ETS)/ES-ER71-ChIP-Seq(GSE59402)/Homer	NNAYTTCCTGHN	1e0	-4.060e-01	1.0000	56.0	5.35%	4232.0	5.62%
3	E2F4(E2F)/K562-E2F4-ChIP-Seq(GSE31477)/Homer	GGCGGGAAAH	1e0	-4.044e-01	1.0000	31.0	2.96%	2379.9	3.16%
3	VDR(NR),DR3/GM10855-VDR+vitD-ChIP-Seq(GSE22484)/Homer	ARAGGTCANWGAGTTCANNN	1e0	-3.997e-01	1.0000	18.0	1.72%	1407.8	1.87%
3	T1ISRE(IRF)/ThioMac-Ifnb-Expression/Homer	ACTTTCGTTTCT	1e0	-3.917e-01	1.0000	1.0	0.10%	81.2	0.11%
3	Cdx2(Homeobox)/mES-Cdx2-ChIP-Seq(GSE14586)/Homer	GYMATAAAAH	1e0	-3.796e-01	1.0000	99.0	9.46%	7425.1	9.87%
3	CEBP:AP1(bZIP)/ThioMac-CEBPb-ChIP-Seq(GSE21512)/Homer	DRTGTTGCAA	1e0	-3.790e-01	1.0000	152.0	14.53%	11303.9	15.02%
3	Gli2(Zf)/GM2-Gli2-ChIP-Chip(GSE112702)/Homer	YSTGGGTGGTCT	1e0	-3.696e-01	1.0000	8.0	0.76%	656.2	0.87%
3	DMRT1(DM)/Testis-DMRT1-ChIP-Seq(GSE64892)/Homer	TWGHWACAWTGTWDC	1e0	-3.676e-01	1.0000	49.0	4.68%	3751.6	4.99%
3	Klf9(Zf)/GBM-Klf9-ChIP-Seq(GSE62211)/Homer	GCCACRCCCACY	1e0	-3.628e-01	1.0000	12.0	1.15%	970.8	1.29%
3	RAR:RXR(NR),DR0/ES-RAR-ChIP-Seq(GSE56893)/Homer	AGGTCAAGGTCA	1e0	-3.538e-01	1.0000	8.0	0.76%	663.1	0.88%
3	Hoxa11(Homeobox)/ChickenMSG-Hoxa11.Flag-ChIP-Seq(GSE86088)/Homer	TTTTATGGCM	1e0	-3.500e-01	1.0000	354.0	33.84%	26025.8	34.59%
3	Srebp2(bHLH)/HepG2-Srebp2-ChIP-Seq(GSE31477)/Homer	CGGTCACSCCAC	1e0	-3.386e-01	1.0000	8.0	0.76%	670.9	0.89%
3	Sp1(Zf)/Promoter/Homer	GGCCCCGCCCCC	1e0	-3.375e-01	1.0000	2.0	0.19%	180.7	0.24%
3	STAT4(Stat)/CD4-Stat4-ChIP-Seq(GSE22104)/Homer	NYTTCCWGGAAR	1e0	-3.372e-01	1.0000	62.0	5.93%	4750.7	6.31%
3	Barx1(Homeobox)/Stomach-Barx1.3xFlag-ChIP-Seq(GSE69483)/Homer	AAACMATTAN	1e0	-3.308e-01	1.0000	92.0	8.80%	6978.4	9.28%
3	Max(bHLH)/K562-Max-ChIP-Seq(GSE31477)/Homer	RCCACGTGGYYN	1e0	-3.298e-01	1.0000	62.0	5.93%	4759.3	6.33%
3	Gata4(Zf)/Heart-Gata4-ChIP-Seq(GSE35151)/Homer	NBWGATAAGR	1e0	-3.281e-01	1.0000	135.0	12.91%	10144.5	13.48%
3	Foxo1(Forkhead)/RAW-Foxo1-ChIP-Seq(Fan_et_al.)/Homer	CTGTTTAC	1e0	-3.232e-01	1.0000	283.0	27.06%	20943.0	27.84%
3	EBF2(EBF)/BrownAdipose-EBF2-ChIP-Seq(GSE97114)/Homer	NABTCCCWDGGGAVH	1e0	-3.188e-01	1.0000	27.0	2.58%	2147.1	2.85%
3	ETS1(ETS)/Jurkat-ETS1-ChIP-Seq(GSE17954)/Homer	ACAGGAAGTG	1e0	-3.157e-01	1.0000	66.0	6.31%	5074.8	6.74%
3	Smad4(MAD)/ESC-SMAD4-ChIP-Seq(GSE29422)/Homer	VBSYGTCTGG	1e0	-3.104e-01	1.0000	135.0	12.91%	10175.6	13.52%
3	Gata2(Zf)/K562-GATA2-ChIP-Seq(GSE18829)/Homer	BBCTTATCTS	1e0	-3.080e-01	1.0000	76.0	7.27%	5827.3	7.75%
3	PRDM9(Zf)/Testis-DMC1-ChIP-Seq(GSE35498)/Homer	ADGGYAGYAGCATCT	1e0	-3.034e-01	1.0000	20.0	1.91%	1626.0	2.16%
3	NFAT:AP1(RHD,bZIP)/Jurkat-NFATC1-ChIP-Seq(Jolma_et_al.)/Homer	SARTGGAAAAWRTGAGTCAB	1e0	-3.026e-01	1.0000	11.0	1.05%	926.9	1.23%
3	GLIS3(Zf)/Thyroid-Glis3.GFP-ChIP-Seq(GSE103297)/Homer	CTCCCTGGGAGGCCN	1e0	-3.014e-01	1.0000	36.0	3.44%	2845.9	3.78%
3	Klf4(Zf)/mES-Klf4-ChIP-Seq(GSE11431)/Homer	GCCACACCCA	1e0	-2.853e-01	1.0000	14.0	1.34%	1173.6	1.56%
3	Mouse_Recombination_Hotspot(Zf)/Testis-DMC1-ChIP-Seq(GSE24438)/Homer	ACTYKNATTCGTGNTACTTC	1e0	-2.841e-01	1.0000	3.0	0.29%	283.6	0.38%
3	Hoxa9(Homeobox)/ChickenMSG-Hoxa9.Flag-ChIP-Seq(GSE86088)/Homer	RGCAATNAAA	1e0	-2.830e-01	1.0000	435.0	41.59%	32043.8	42.59%
3	ERE(NR),IR3/MCF7-ERa-ChIP-Seq(Unpublished)/Homer	VAGGTCACNSTGACC	1e0	-2.752e-01	1.0000	20.0	1.91%	1648.8	2.19%
3	GATA(Zf),IR3/iTreg-Gata3-ChIP-Seq(GSE20898)/Homer	NNNNNBAGATAWYATCTVHN	1e0	-2.699e-01	1.0000	16.0	1.53%	1341.3	1.78%
3	ETV1(ETS)/GIST48-ETV1-ChIP-Seq(GSE22441)/Homer	AACCGGAAGT	1e0	-2.661e-01	1.0000	89.0	8.51%	6857.8	9.11%
3	GLI3(Zf)/Limb-GLI3-ChIP-Chip(GSE11077)/Homer	CGTGGGTGGTCC	1e0	-2.640e-01	1.0000	4.0	0.38%	377.3	0.50%
3	ETV4(ETS)/HepG2-ETV4-ChIP-Seq(ENCODE)/Homer	ACCGGAAGTG	1e0	-2.613e-01	1.0000	74.0	7.07%	5748.8	7.64%
3	HRE(HSF)/Striatum-HSF1-ChIP-Seq(GSE38000)/Homer	TTCTAGAABNTTCTA	1e0	-2.603e-01	1.0000	6.0	0.57%	547.9	0.73%
3	Stat3(Stat)/mES-Stat3-ChIP-Seq(GSE11431)/Homer	CTTCCGGGAA	1e0	-2.558e-01	1.0000	20.0	1.91%	1665.4	2.21%
3	ZNF669(Zf)/HEK293-ZNF669.GFP-ChIP-Seq(GSE58341)/Homer	GARTGGTCATCGCCC	1e0	-2.462e-01	1.0000	4.0	0.38%	385.1	0.51%
3	Zfp281(Zf)/ES-Zfp281-ChIP-Seq(GSE81042)/Homer	CCCCTCCCCCAC	1e0	-2.399e-01	1.0000	2.0	0.19%	209.5	0.28%
3	ZNF711(Zf)/SHSY5Y-ZNF711-ChIP-Seq(GSE20673)/Homer	AGGCCTAG	1e0	-2.360e-01	1.0000	49.0	4.68%	3908.8	5.20%
3	OCT:OCT(POU,Homeobox)/NPC-Brn1-ChIP-Seq(GSE35496)/Homer	ATGAATATTCATGAG	1e0	-2.319e-01	1.0000	5.0	0.48%	478.2	0.64%
3	Phox2a(Homeobox)/Neuron-Phox2a-ChIP-Seq(GSE31456)/Homer	YTAATYNRATTA	1e0	-2.250e-01	1.0000	62.0	5.93%	4907.6	6.52%
3	Stat3+il21(Stat)/CD4-Stat3-ChIP-Seq(GSE19198)/Homer	SVYTTCCNGGAARB	1e0	-2.193e-01	1.0000	32.0	3.06%	2633.6	3.50%
3	SCL(bHLH)/HPC7-Scl-ChIP-Seq(GSE13511)/Homer	AVCAGCTG	1e0	-2.180e-01	1.0000	299.0	28.59%	22383.9	29.75%
3	MafA(bZIP)/Islet-MafA-ChIP-Seq(GSE30298)/Homer	TGCTGACTCA	1e0	-2.139e-01	1.0000	51.0	4.88%	4093.3	5.44%
3	CEBP:CEBP(bZIP)/MEF-Chop-ChIP-Seq(GSE35681)/Homer	NTNATGCAAYMNNHTGMAAY	1e0	-2.031e-01	1.0000	18.0	1.72%	1559.8	2.07%
3	MYB(HTH)/ERMYB-Myb-ChIPSeq(GSE22095)/Homer	GGCVGTTR	1e0	-1.919e-01	1.0000	267.0	25.53%	20134.6	26.76%
3	Rfx6(HTH)/Min6b1-Rfx6.HA-ChIP-Seq(GSE62844)/Homer	TGTTKCCTAGCAACM	1e0	-1.902e-01	1.0000	54.0	5.16%	4361.3	5.80%
3	Egr2(Zf)/Thymocytes-Egr2-ChIP-Seq(GSE34254)/Homer	NGCGTGGGCGGR	1e0	-1.857e-01	1.0000	4.0	0.38%	417.8	0.56%
3	RAR:RXR(NR),DR5/ES-RAR-ChIP-Seq(GSE56893)/Homer	RGGTCADNNAGAGGTCAV	1e0	-1.856e-01	1.0000	3.0	0.29%	326.0	0.43%
3	GABPA(ETS)/Jurkat-GABPa-ChIP-Seq(GSE17954)/Homer	RACCGGAAGT	1e0	-1.833e-01	1.0000	59.0	5.64%	4754.0	6.32%
3	MYNN(Zf)/HEK293-MYNN.eGFP-ChIP-Seq(Encode)/Homer	TTCAAAWTAAAAGTC	1e0	-1.814e-01	1.0000	23.0	2.20%	1980.9	2.63%
3	Mef2a(MADS)/HL1-Mef2a.biotin-ChIP-Seq(GSE21529)/Homer	CYAAAAATAG	1e0	-1.814e-01	1.0000	39.0	3.73%	3227.2	4.29%
3	Hoxd11(Homeobox)/ChickenMSG-Hoxd11.Flag-ChIP-Seq(GSE86088)/Homer	VGCCATAAAA	1e0	-1.783e-01	1.0000	341.0	32.60%	25574.0	33.99%
3	Mef2d(MADS)/Retina-Mef2d-ChIP-Seq(GSE61391)/Homer	GCTATTTTTAGC	1e0	-1.760e-01	1.0000	20.0	1.91%	1749.2	2.32%
3	KLF5(Zf)/LoVo-KLF5-ChIP-Seq(GSE49402)/Homer	DGGGYGKGGC	1e0	-1.671e-01	1.0000	45.0	4.30%	3714.7	4.94%
3	Atf3(bZIP)/GBM-ATF3-ChIP-Seq(GSE33912)/Homer	DATGASTCATHN	1e0	-1.652e-01	1.0000	65.0	6.21%	5247.5	6.97%
3	TRPS1(Zf)/MCF7-TRPS1-ChIP-Seq(GSE107013)/Homer	AGATAAGANN	1e0	-1.651e-01	1.0000	267.0	25.53%	20229.0	26.89%
3	Reverb(NR),DR2/RAW-Reverba.biotin-ChIP-Seq(GSE45914)/Homer	GTRGGTCASTGGGTCA	1e0	-1.638e-01	1.0000	6.0	0.57%	609.9	0.81%
3	Six4(Homeobox)/MCF7-SIX4-ChIP-Seq(Encode)/Homer	TGWAAYCTGABACCB	1e0	-1.581e-01	1.0000	4.0	0.38%	435.7	0.58%
3	MITF(bHLH)/MastCells-MITF-ChIP-Seq(GSE48085)/Homer	RTCATGTGAC	1e0	-1.435e-01	1.0000	109.0	10.42%	8624.3	11.46%
3	Pax7(Paired,Homeobox),longest/Myoblast-Pax7-ChIP-Seq(GSE25064)/Homer	NTAATTDGCYAATTANNWWD	1e0	-1.374e-01	1.0000	3.0	0.29%	357.0	0.47%
3	KLF6(Zf)/PDAC-KLF6-ChIP-Seq(GSE64557)/Homer	MKGGGYGTGGCC	1e0	-1.374e-01	1.0000	36.0	3.44%	3072.6	4.08%
3	Hoxa10(Homeobox)/ChickenMSG-Hoxa10.Flag-ChIP-Seq(GSE86088)/Homer	GGYAATGAAA	1e0	-1.363e-01	1.0000	93.0	8.89%	7441.1	9.89%
3	EBF1(EBF)/Near-E2A-ChIP-Seq(GSE21512)/Homer	GTCCCCWGGGGA	1e0	-1.323e-01	1.0000	19.0	1.82%	1729.5	2.30%
3	Egr1(Zf)/K562-Egr1-ChIP-Seq(GSE32465)/Homer	TGCGTGGGYG	1e0	-1.317e-01	1.0000	20.0	1.91%	1811.2	2.41%
3	Otx2(Homeobox)/EpiLC-Otx2-ChIP-Seq(GSE56098)/Homer	NYTAATCCYB	1e0	-1.287e-01	1.0000	86.0	8.22%	6935.0	9.22%
3	c-Myc(bHLH)/LNCAP-cMyc-ChIP-Seq(Unpublished)/Homer	VCCACGTG	1e0	-1.281e-01	1.0000	44.0	4.21%	3716.4	4.94%
3	Foxo3(Forkhead)/U2OS-Foxo3-ChIP-Seq(E-MTAB-2701)/Homer	DGTAAACA	1e0	-1.237e-01	1.0000	193.0	18.45%	14951.7	19.87%
3	FXR(NR),IR1/Liver-FXR-ChIP-Seq(Chong_et_al.)/Homer	AGGTCANTGACCTB	1e0	-1.213e-01	1.0000	39.0	3.73%	3341.6	4.44%
3	FOXP1(Forkhead)/H9-FOXP1-ChIP-Seq(GSE31006)/Homer	NYYTGTTTACHN	1e0	-1.191e-01	1.0000	108.0	10.33%	8628.3	11.47%
3	ERG(ETS)/VCaP-ERG-ChIP-Seq(GSE14097)/Homer	ACAGGAAGTG	1e0	-1.169e-01	1.0000	85.0	8.13%	6895.6	9.17%
3	Prop1(Homeobox)/GHFT1-PROP1.biotin-ChIP-Seq(GSE77302)/Homer	NTAATBNAATTA	1e0	-1.159e-01	1.0000	103.0	9.85%	8262.8	10.98%
3	ZBTB12(Zf)/HEK293-ZBTB12.GFP-ChIP-Seq(GSE58341)/Homer	NGNTCTAGAACCNGV	1e0	-1.138e-01	1.0000	9.0	0.86%	921.2	1.22%
3	Sox9(HMG)/Limb-SOX9-ChIP-Seq(GSE73225)/Homer	AGGVNCCTTTGT	1e0	-1.131e-01	1.0000	167.0	15.97%	13067.6	17.37%
3	PAX5(Paired,Homeobox),condensed/GM12878-PAX5-ChIP-Seq(GSE32465)/Homer	GTCACGCTCSCTGM	1e0	-1.118e-01	1.0000	7.0	0.67%	748.8	1.00%
3	FoxL2(Forkhead)/Ovary-FoxL2-ChIP-Seq(GSE60858)/Homer	WWTRTAAACAVG	1e0	-1.107e-01	1.0000	198.0	18.93%	15379.6	20.44%
3	ZNF382(Zf)/HEK293-ZNF382.GFP-ChIP-Seq(GSE58341)/Homer	GNCTGTASTRNTGBCTCHTT	1e0	-1.092e-01	1.0000	1.0	0.10%	164.0	0.22%
3	Arnt:Ahr(bHLH)/MCF7-Arnt-ChIP-Seq(Lo_et_al.)/Homer	TBGCACGCAA	1e0	-1.077e-01	1.0000	88.0	8.41%	7154.1	9.51%
3	BMAL1(bHLH)/Liver-Bmal1-ChIP-Seq(GSE39860)/Homer	GNCACGTG	1e0	-1.066e-01	1.0000	217.0	20.75%	16804.9	22.34%
3	Sox17(HMG)/Endoderm-Sox17-ChIP-Seq(GSE61475)/Homer	CCATTGTTYB	1e0	-1.063e-01	1.0000	278.0	26.58%	21295.7	28.30%
3	bHLHE41(bHLH)/proB-Bhlhe41-ChIP-Seq(GSE93764)/Homer	KCACGTGMCN	1e0	-1.011e-01	1.0000	113.0	10.80%	9073.8	12.06%
3	Brn1(POU,Homeobox)/NPC-Brn1-ChIP-Seq(GSE35496)/Homer	TATGCWAATBAV	1e0	-9.743e-02	1.0000	135.0	12.91%	10745.8	14.28%
3	STAT6(Stat)/Macrophage-Stat6-ChIP-Seq(GSE38377)/Homer	TTCCKNAGAA	1e0	-9.742e-02	1.0000	39.0	3.73%	3400.3	4.52%
3	Bcl11a(Zf)/HSPC-BCL11A-ChIP-Seq(GSE104676)/Homer	TYTGACCASWRG	1e0	-9.510e-02	1.0000	43.0	4.11%	3722.6	4.95%
3	bHLHE40(bHLH)/HepG2-BHLHE40-ChIP-Seq(GSE31477)/Homer	KCACGTGMCN	1e0	-9.007e-02	1.0000	33.0	3.15%	2943.9	3.91%
3	Foxh1(Forkhead)/hESC-FOXH1-ChIP-Seq(GSE29422)/Homer	NNTGTGGATTSS	1e0	-8.200e-02	1.0000	98.0	9.37%	8018.2	10.66%
3	Hoxd10(Homeobox)/ChickenMSG-Hoxd10.Flag-ChIP-Seq(GSE86088)/Homer	GGCMATGAAA	1e0	-7.719e-02	1.0000	169.0	16.16%	13397.1	17.81%
3	PAX5(Paired,Homeobox)/GM12878-PAX5-ChIP-Seq(GSE32465)/Homer	GCAGCCAAGCRTGACH	1e0	-7.632e-02	1.0000	22.0	2.10%	2088.0	2.78%
3	PRDM10(Zf)/HEK293-PRDM10.eGFP-ChIP-Seq(Encode)/Homer	TGGTACATTCCA	1e0	-7.591e-02	1.0000	35.0	3.35%	3145.4	4.18%
3	E2F(E2F)/Hela-CellCycle-Expression/Homer	TTSGCGCGAAAA	1e0	-7.453e-02	1.0000	4.0	0.38%	518.0	0.69%
3	RXR(NR),DR1/3T3L1-RXR-ChIP-Seq(GSE13511)/Homer	TAGGGCAAAGGTCA	1e0	-7.298e-02	1.0000	88.0	8.41%	7296.5	9.70%
3	LRF(Zf)/Erythroblasts-ZBTB7A-ChIP-Seq(GSE74977)/Homer	AAGACCCYYN	1e0	-7.141e-02	1.0000	46.0	4.40%	4037.5	5.37%
3	ZEB2(Zf)/SNU398-ZEB2-ChIP-Seq(GSE103048)/Homer	GNMCAGGTGTGC	1e0	-7.007e-02	1.0000	56.0	5.35%	4830.2	6.42%
3	RARg(NR)/ES-RARg-ChIP-Seq(GSE30538)/Homer	AGGTCAAGGTCA	1e0	-6.755e-02	1.0000	1.0	0.10%	196.3	0.26%
3	KLF10(Zf)/HEK293-KLF10.GFP-ChIP-Seq(GSE58341)/Homer	GGGGGTGTGTCC	1e0	-6.750e-02	1.0000	26.0	2.49%	2442.1	3.25%
3	Npas4(bHLH)/Neuron-Npas4-ChIP-Seq(GSE127793)/Homer	NHRTCACGACDN	1e0	-6.597e-02	1.0000	115.0	10.99%	9395.3	12.49%
3	GSC(Homeobox)/FrogEmbryos-GSC-ChIP-Seq(DRA000576)/Homer	RGGATTAR	1e0	-6.395e-02	1.0000	138.0	13.19%	11150.7	14.82%
3	EKLF(Zf)/Erythrocyte-Klf1-ChIP-Seq(GSE20478)/Homer	NWGGGTGTGGCY	1e0	-6.323e-02	1.0000	6.0	0.57%	729.8	0.97%
3	HIF2a(bHLH)/785_O-HIF2a-ChIP-Seq(GSE34871)/Homer	GCACGTACCC	1e0	-6.314e-02	1.0000	49.0	4.68%	4308.3	5.73%
3	SPDEF(ETS)/VCaP-SPDEF-ChIP-Seq(SRA014231)/Homer	ASWTCCTGBT	1e0	-6.204e-02	1.0000	59.0	5.64%	5101.0	6.78%
3	Fli1(ETS)/CD8-FLI-ChIP-Seq(GSE20898)/Homer	NRYTTCCGGH	1e0	-6.153e-02	1.0000	79.0	7.55%	6661.9	8.85%
3	ETS:RUNX(ETS,Runt)/Jurkat-RUNX1-ChIP-Seq(GSE17954)/Homer	RCAGGATGTGGT	1e0	-6.020e-02	1.0000	1.0	0.10%	204.9	0.27%
3	NFY(CCAAT)/Promoter/Homer	RGCCAATSRG	1e0	-5.924e-02	1.0000	129.0	12.33%	10500.3	13.96%
3	RORa(NR)/Liver-Rora-ChIP-Seq(GSE101115)/Homer	AAWCTAGGTCARDNN	1e0	-5.764e-02	1.0000	13.0	1.24%	1375.3	1.83%
3	Hoxa13(Homeobox)/ChickenMSG-Hoxa13.Flag-ChIP-Seq(GSE86088)/Homer	CYHATAAAAN	1e0	-5.490e-02	1.0000	351.0	33.56%	27005.1	35.89%
3	PPARE(NR),DR1/3T3L1-Pparg-ChIP-Seq(GSE13511)/Homer	TGACCTTTGCCCCA	1e0	-5.400e-02	1.0000	84.0	8.03%	7091.5	9.43%
3	Oct4(POU,Homeobox)/mES-Oct4-ChIP-Seq(GSE11431)/Homer	ATTTGCATAW	1e0	-5.359e-02	1.0000	167.0	15.97%	13409.5	17.82%
3	ETS:E-box(ETS,bHLH)/HPC7-Scl-ChIP-Seq(GSE22178)/Homer	AGGAARCAGCTG	1e0	-5.142e-02	1.0000	1.0	0.10%	215.4	0.29%
3	PAX6(Paired,Homeobox)/Forebrain-Pax6-ChIP-Seq(GSE66961)/Homer	NGTGTTCAVTSAAGCGKAAA	1e0	-4.506e-02	1.0000	8.0	0.76%	960.5	1.28%
3	Bach2(bZIP)/OCILy7-Bach2-ChIP-Seq(GSE44420)/Homer	TGCTGAGTCA	1e0	-4.370e-02	1.0000	8.0	0.76%	964.3	1.28%
3	EHF(ETS)/LoVo-EHF-ChIP-Seq(GSE49402)/Homer	AVCAGGAAGT	1e0	-4.237e-02	1.0000	70.0	6.69%	6077.7	8.08%
3	Oct11(POU,Homeobox)/NCIH1048-POU2F3-ChIP-seq(GSE115123)/Homer	GATTTGCATA	1e0	-4.141e-02	1.0000	132.0	12.62%	10867.9	14.44%
3	ZEB1(Zf)/PDAC-ZEB1-ChIP-Seq(GSE64557)/Homer	VCAGGTRDRY	1e0	-4.113e-02	1.0000	120.0	11.47%	9954.1	13.23%
3	PRDM15(Zf)/ESC-Prdm15-ChIP-Seq(GSE73694)/Homer	YCCDNTCCAGGTTTT	1e0	-3.997e-02	1.0000	53.0	5.07%	4749.1	6.31%
3	STAT6(Stat)/CD4-Stat6-ChIP-Seq(GSE22104)/Homer	ABTTCYYRRGAA	1e0	-3.949e-02	1.0000	40.0	3.82%	3706.3	4.93%
3	ZNF322(Zf)/HEK293-ZNF322.GFP-ChIP-Seq(GSE58341)/Homer	GAGCCTGGTACTGWGCCTGR	1e0	-3.662e-02	1.0000	2.0	0.19%	369.7	0.49%
3	RORg(NR)/Liver-Rorc-ChIP-Seq(GSE101115)/Homer	WAABTAGGTCAV	1e0	-3.522e-02	1.0000	10.0	0.96%	1179.6	1.57%
3	Nrf2(bZIP)/Lymphoblast-Nrf2-ChIP-Seq(GSE37589)/Homer	HTGCTGAGTCAT	1e0	-3.500e-02	1.0000	1.0	0.10%	242.4	0.32%
3	Pax8(Paired,Homeobox)/Thyroid-Pax8-ChIP-Seq(GSE26938)/Homer	GTCATGCHTGRCTGS	1e0	-3.294e-02	1.0000	9.0	0.86%	1095.7	1.46%
3	E-box(bHLH)/Promoter/Homer	SSGGTCACGTGA	1e0	-3.253e-02	1.0000	10.0	0.96%	1191.0	1.58%
3	Nr5a2(NR)/mES-Nr5a2-ChIP-Seq(GSE19019)/Homer	BTCAAGGTCA	1e0	-3.220e-02	1.0000	29.0	2.77%	2845.9	3.78%
3	FoxD3(forkhead)/ZebrafishEmbryo-Foxd3.biotin-ChIP-seq(GSE106676)/Homer	TGTTTAYTTAGC	1e0	-3.206e-02	1.0000	141.0	13.48%	11649.9	15.48%
3	HIF-1a(bHLH)/MCF7-HIF1a-ChIP-Seq(GSE28352)/Homer	TACGTGCV	1e0	-3.083e-02	1.0000	31.0	2.96%	3021.9	4.02%
3	SF1(NR)/H295R-Nr5a1-ChIP-Seq(GSE44220)/Homer	CAAGGHCANV	1e0	-2.972e-02	1.0000	34.0	3.25%	3278.9	4.36%
3	USF1(bHLH)/GM12878-Usf1-ChIP-Seq(GSE32465)/Homer	SGTCACGTGR	1e0	-2.935e-02	1.0000	49.0	4.68%	4507.6	5.99%
3	THRa(NR)/C17.2-THRa-ChIP-Seq(GSE38347)/Homer	GGTCANYTGAGGWCA	1e0	-2.902e-02	1.0000	21.0	2.01%	2186.8	2.91%
3	CRX(Homeobox)/Retina-Crx-ChIP-Seq(GSE20012)/Homer	GCTAATCC	1e0	-2.860e-02	1.0000	232.0	22.18%	18548.6	24.65%
3	p73(p53)/Trachea-p73-ChIP-Seq(PRJNA310161)/Homer	NRRRCAWGTCCDGRCATGYY	1e0	-2.802e-02	1.0000	7.0	0.67%	924.3	1.23%
3	MafB(bZIP)/BMM-Mafb-ChIP-Seq(GSE75722)/Homer	WNTGCTGASTCAGCANWTTY	1e0	-2.797e-02	1.0000	19.0	1.82%	2019.2	2.68%
3	Pitx1(Homeobox)/Chicken-Pitx1-ChIP-Seq(GSE38910)/Homer	TAATCCCN	1e0	-2.712e-02	1.0000	446.0	42.64%	34278.0	45.56%
3	Nr5a2(NR)/Pancreas-LRH1-ChIP-Seq(GSE34295)/Homer	BTCAAGGTCA	1e0	-2.692e-02	1.0000	51.0	4.88%	4690.9	6.23%
3	GATA3(Zf)/iTreg-Gata3-ChIP-Seq(GSE20898)/Homer	AGATAASR	1e0	-2.644e-02	1.0000	193.0	18.45%	15660.4	20.81%
3	EWS:FLI1-fusion(ETS)/SK_N_MC-EWS:FLI1-ChIP-Seq(SRA014231)/Homer	VACAGGAAAT	1e0	-2.346e-02	1.0000	31.0	2.96%	3077.5	4.09%
3	Ets1-distal(ETS)/CD4+-PolII-ChIP-Seq(Barski_et_al.)/Homer	MACAGGAAGT	1e0	-2.264e-02	1.0000	16.0	1.53%	1789.9	2.38%
3	DUX4(Homeobox)/Myoblasts-DUX4.V5-ChIP-Seq(GSE75791)/Homer	NWTAAYCYAATCAWN	1e0	-2.244e-02	1.0000	4.0	0.38%	641.9	0.85%
3	Chop(bZIP)/MEF-Chop-ChIP-Seq(GSE35681)/Homer	ATTGCATCAT	1e0	-2.085e-02	1.0000	39.0	3.73%	3769.7	5.01%
3	RORgt(NR)/EL4-RORgt.Flag-ChIP-Seq(GSE56019)/Homer	AAYTAGGTCA	1e0	-1.764e-02	1.0000	14.0	1.34%	1646.1	2.19%
3	RORgt(NR)/EL4-RORgt.Flag-ChIP-Seq(GSE56019)/Homer	AAYTAGGTCA	1e0	-1.764e-02	1.0000	14.0	1.34%	1646.1	2.19%
3	FOXK2(Forkhead)/U2OS-FOXK2-ChIP-Seq(E-MTAB-2204)/Homer	SCHTGTTTACAT	1e0	-1.716e-02	1.0000	137.0	13.10%	11567.9	15.37%
3	Rfx5(HTH)/GM12878-Rfx5-ChIP-Seq(GSE31477)/Homer	SCCTAGCAACAG	1e0	-1.687e-02	1.0000	22.0	2.10%	2368.3	3.15%
3	RBPJ:Ebox(?,bHLH)/Panc1-Rbpj1-ChIP-Seq(GSE47459)/Homer	GGGRAARRGRMCAGMTG	1e0	-1.455e-02	1.0000	4.0	0.38%	684.2	0.91%
3	Elf4(ETS)/BMDM-Elf4-ChIP-Seq(GSE88699)/Homer	ACTTCCKGKT	1e0	-1.442e-02	1.0000	49.0	4.68%	4676.1	6.22%
3	HNF1b(Homeobox)/PDAC-HNF1B-ChIP-Seq(GSE64557)/Homer	GTTAATNATTAA	1e0	-1.437e-02	1.0000	17.0	1.63%	1950.9	2.59%
3	Fos(bZIP)/TSC-Fos-ChIP-Seq(GSE110950)/Homer	NDATGASTCAYN	1e0	-1.309e-02	1.0000	54.0	5.16%	5108.9	6.79%
3	ZNF143|STAF(Zf)/CUTLL-ZNF143-ChIP-Seq(GSE29600)/Homer	ATTTCCCAGVAKSCY	1e0	-1.250e-02	1.0000	10.0	0.96%	1317.4	1.75%
3	Foxf1(Forkhead)/Lung-Foxf1-ChIP-Seq(GSE77951)/Homer	WWATRTAAACAN	1e0	-1.188e-02	1.0000	182.0	17.40%	15135.6	20.12%
3	Tlx?(NR)/NPC-H3K4me1-ChIP-Seq(GSE16256)/Homer	CTGGCAGSCTGCCA	1e0	-1.184e-02	1.0000	9.0	0.86%	1226.7	1.63%
3	Oct2(POU,Homeobox)/Bcell-Oct2-ChIP-Seq(GSE21512)/Homer	ATATGCAAAT	1e0	-1.180e-02	1.0000	101.0	9.66%	8891.7	11.82%
3	MafK(bZIP)/C2C12-MafK-ChIP-Seq(GSE36030)/Homer	GCTGASTCAGCA	1e0	-1.115e-02	1.0000	4.0	0.38%	710.4	0.94%
3	Oct6(POU,Homeobox)/NPC-Pou3f1-ChIP-Seq(GSE35496)/Homer	WATGCAAATGAG	1e0	-1.113e-02	1.0000	138.0	13.19%	11790.0	15.67%
3	STAT5(Stat)/mCD4+-Stat5-ChIP-Seq(GSE12346)/Homer	RTTTCTNAGAAA	1e0	-1.043e-02	1.0000	10.0	0.96%	1340.6	1.78%
3	CLOCK(bHLH)/Liver-Clock-ChIP-Seq(GSE39860)/Homer	GHCACGTG	1e0	-1.031e-02	1.0000	58.0	5.54%	5491.2	7.30%
3	GRHL2(CP2)/HBE-GRHL2-ChIP-Seq(GSE46194)/Homer	AAACYKGTTWDACMRGTTTB	1e0	-8.889e-03	1.0000	21.0	2.01%	2386.4	3.17%
3	JunD(bZIP)/K562-JunD-ChIP-Seq/Homer	ATGACGTCATCN	1e0	-7.998e-03	1.0000	23.0	2.20%	2582.2	3.43%
3	Duxbl(Homeobox)/NIH3T3-Duxbl.HA-ChIP-Seq(GSE119782)/Homer	TAAYCYAATCAA	1e0	-7.909e-03	1.0000	8.0	0.76%	1174.2	1.56%
3	THRb(NR)/HepG2-THRb.Flag-ChIP-Seq(Encode)/Homer	GGTCACCTGAGGTCA	1e0	-7.665e-03	1.0000	23.0	2.20%	2589.3	3.44%
3	ELF3(ETS)/PDAC-ELF3-ChIP-Seq(GSE64557)/Homer	ANCAGGAAGT	1e0	-7.593e-03	1.0000	33.0	3.15%	3466.1	4.61%
3	FOXK1(Forkhead)/HEK293-FOXK1-ChIP-Seq(GSE51673)/Homer	NVWTGTTTAC	1e0	-6.899e-03	1.0000	234.0	22.37%	19266.9	25.61%
3	NF1(CTF)/LNCAP-NF1-ChIP-Seq(Unpublished)/Homer	CYTGGCABNSTGCCAR	1e0	-6.455e-03	1.0000	10.0	0.96%	1400.5	1.86%
3	Elk4(ETS)/Hela-Elk4-ChIP-Seq(GSE31477)/Homer	NRYTTCCGGY	1e0	-6.179e-03	1.0000	47.0	4.49%	4695.4	6.24%
3	HINFP(Zf)/K562-HINFP.eGFP-ChIP-Seq(Encode)/Homer	TWVGGTCCGC	1e0	-5.967e-03	1.0000	6.0	0.57%	995.5	1.32%
3	Bach1(bZIP)/K562-Bach1-ChIP-Seq(GSE31477)/Homer	AWWNTGCTGAGTCAT	1e0	-5.859e-03	1.0000	1.0	0.10%	370.0	0.49%
3	ZNF416(Zf)/HEK293-ZNF416.GFP-ChIP-Seq(GSE58341)/Homer	WDNCTGGGCA	1e0	-5.251e-03	1.0000	30.0	2.87%	3272.5	4.35%
3	Oct4:Sox17(POU,Homeobox,HMG)/F9-Sox17-ChIP-Seq(GSE44553)/Homer	CCATTGTATGCAAAT	1e0	-5.251e-03	1.0000	40.0	3.82%	4136.6	5.50%
3	X-box(HTH)/NPC-H3K4me1-ChIP-Seq(GSE16256)/Homer	GGTTGCCATGGCAA	1e0	-5.211e-03	1.0000	9.0	0.86%	1326.0	1.76%
3	Rfx1(HTH)/NPC-H3K4me1-ChIP-Seq(GSE16256)/Homer	KGTTGCCATGGCAA	1e0	-4.740e-03	1.0000	13.0	1.24%	1734.0	2.30%
3	ELF5(ETS)/T47D-ELF5-ChIP-Seq(GSE30407)/Homer	ACVAGGAAGT	1e0	-4.651e-03	1.0000	37.0	3.54%	3902.6	5.19%
3	Pax7(Paired,Homeobox)/Myoblast-Pax7-ChIP-Seq(GSE25064)/Homer	TAATCAATTA	1e0	-4.295e-03	1.0000	11.0	1.05%	1551.0	2.06%
3	Fox:Ebox(Forkhead,bHLH)/Panc1-Foxa2-ChIP-Seq(GSE47459)/Homer	NNNVCTGWGYAAACASN	1e0	-3.235e-03	1.0000	172.0	16.44%	14806.2	19.68%
3	Fra2(bZIP)/Striatum-Fra2-ChIP-Seq(GSE43429)/Homer	GGATGACTCATC	1e0	-2.774e-03	1.0000	31.0	2.96%	3470.8	4.61%
3	Hnf1(Homeobox)/Liver-Foxa2-Chip-Seq(GSE25694)/Homer	GGTTAAWCATTAA	1e0	-2.523e-03	1.0000	9.0	0.86%	1409.6	1.87%
3	Elk1(ETS)/Hela-Elk1-ChIP-Seq(GSE31477)/Homer	HACTTCCGGY	1e0	-2.460e-03	1.0000	36.0	3.44%	3931.2	5.23%
3	NFE2L2(bZIP)/HepG2-NFE2L2-ChIP-Seq(Encode)/Homer	AWWWTGCTGAGTCAT	1e0	-2.079e-03	1.0000	1.0	0.10%	443.9	0.59%
3	TFE3(bHLH)/MEF-TFE3-ChIP-Seq(GSE75757)/Homer	GTCACGTGACYV	1e0	-1.774e-03	1.0000	16.0	1.53%	2155.4	2.86%
3	Atf2(bZIP)/3T3L1-Atf2-ChIP-Seq(GSE56872)/Homer	NRRTGACGTCAT	1e0	-1.570e-03	1.0000	55.0	5.26%	5648.8	7.51%
3	OCT4-SOX2-TCF-NANOG(POU,Homeobox,HMG)/mES-Oct4-ChIP-Seq(GSE11431)/Homer	ATTTGCATAACAATG	1e0	-1.254e-03	1.0000	84.0	8.03%	8106.8	10.77%
3	JunB(bZIP)/DendriticCells-Junb-ChIP-Seq(GSE36099)/Homer	RATGASTCAT	1e0	-1.052e-03	1.0000	37.0	3.54%	4166.8	5.54%
3	ETS(ETS)/Promoter/Homer	AACCGGAAGT	1e0	-9.920e-04	1.0000	16.0	1.53%	2231.8	2.97%
3	CUX1(Homeobox)/K562-CUX1-ChIP-Seq(GSE92882)/Homer	TATCGATNAN	1e0	-9.770e-04	1.0000	152.0	14.53%	13601.3	18.08%
3	FOXM1(Forkhead)/MCF7-FOXM1-ChIP-Seq(GSE72977)/Homer	TRTTTACTTW	1e0	-5.600e-04	1.0000	179.0	17.11%	15861.2	21.08%
3	c-Jun-CRE(bZIP)/K562-cJun-ChIP-Seq(GSE31477)/Homer	ATGACGTCATCY	1e0	-5.400e-04	1.0000	43.0	4.11%	4810.6	6.39%
3	AP-2gamma(AP2)/MCF7-TFAP2C-ChIP-Seq(GSE21234)/Homer	SCCTSAGGSCAW	1e0	-4.080e-04	1.0000	13.0	1.24%	2037.8	2.71%
3	NRF1(NRF)/MCF7-NRF1-ChIP-Seq(Unpublished)/Homer	CTGCGCATGCGC	1e0	-3.920e-04	1.0000	3.0	0.29%	883.6	1.17%
3	Atf4(bZIP)/MEF-Atf4-ChIP-Seq(GSE35681)/Homer	MTGATGCAAT	1e0	-3.570e-04	1.0000	50.0	4.78%	5496.7	7.31%
3	STAT1(Stat)/HelaS3-STAT1-ChIP-Seq(GSE12782)/Homer	NATTTCCNGGAAAT	1e0	-3.030e-04	1.0000	5.0	0.48%	1171.0	1.56%
3	CEBP(bZIP)/ThioMac-CEBPb-ChIP-Seq(GSE21512)/Homer	ATTGCGCAAC	1e0	-2.980e-04	1.0000	135.0	12.91%	12563.5	16.70%
3	Nur77(NR)/K562-NR4A1-ChIP-Seq(GSE31363)/Homer	TGACCTTTNCNT	1e0	-2.620e-04	1.0000	36.0	3.44%	4302.6	5.72%
3	p63(p53)/Keratinocyte-p63-ChIP-Seq(GSE17611)/Homer	NNDRCATGYCYNRRCATGYH	1e0	-2.360e-04	1.0000	30.0	2.87%	3766.4	5.01%
3	NRF(NRF)/Promoter/Homer	STGCGCATGCGC	1e0	-2.360e-04	1.0000	5.0	0.48%	1193.7	1.59%
3	Atf7(bZIP)/3T3L1-Atf7-ChIP-Seq(GSE56872)/Homer	NGRTGACGTCAY	1e0	-2.150e-04	1.0000	84.0	8.03%	8486.1	11.28%
3	CRE(bZIP)/Promoter/Homer	CSGTGACGTCAC	1e0	-1.910e-04	1.0000	32.0	3.06%	3983.8	5.29%
3	RARa(NR)/K562-RARa-ChIP-Seq(Encode)/Homer	TTGAMCTTTG	1e0	-1.630e-04	1.0000	299.0	28.59%	25372.5	33.72%
3	TEAD2(TEA)/Py2T-Tead2-ChIP-Seq(GSE55709)/Homer	CCWGGAATGY	1e0	-1.400e-04	1.0000	24.0	2.29%	3270.5	4.35%
3	ELF1(ETS)/Jurkat-ELF1-ChIP-Seq(SRA014231)/Homer	AVCCGGAAGT	1e0	-1.380e-04	1.0000	21.0	2.01%	2979.8	3.96%
3	Fra1(bZIP)/BT549-Fra1-ChIP-Seq(GSE46166)/Homer	NNATGASTCATH	1e0	-1.320e-04	1.0000	37.0	3.54%	4499.4	5.98%
3	Foxa2(Forkhead)/Liver-Foxa2-ChIP-Seq(GSE25694)/Homer	CYTGTTTACWYW	1e0	-1.300e-04	1.0000	177.0	16.92%	16089.7	21.38%
3	CREB5(bZIP)/LNCaP-CREB5.V5-ChIP-Seq(GSE137775)/Homer	VVATGACGTCAT	1e0	-1.200e-04	1.0000	74.0	7.07%	7760.7	10.31%
3	FOXA1(Forkhead)/LNCAP-FOXA1-ChIP-Seq(GSE27824)/Homer	WAAGTAAACA	1e0	-1.080e-04	1.0000	228.0	21.80%	20095.9	26.71%
3	BATF(bZIP)/Th17-BATF-ChIP-Seq(GSE39756)/Homer	DATGASTCAT	1e0	-1.060e-04	1.0000	42.0	4.02%	4989.5	6.63%
3	Usf2(bHLH)/C2C12-Usf2-ChIP-Seq(GSE36030)/Homer	GTCACGTGGT	1e0	-8.800e-05	1.0000	33.0	3.15%	4190.3	5.57%
3	RFX(HTH)/K562-RFX3-ChIP-Seq(SRA012198)/Homer	CGGTTGCCATGGCAAC	1e0	-6.700e-05	1.0000	3.0	0.29%	1029.0	1.37%
3	p53(p53)/Saos-p53-ChIP-Seq(GSE15780)/Homer	RRCATGYCYRGRCATGYYYN	1e0	-4.800e-05	1.0000	9.0	0.86%	1830.8	2.43%
3	p53(p53)/Saos-p53-ChIP-Seq/Homer	RRCATGYCYRGRCATGYYYN	1e0	-4.800e-05	1.0000	9.0	0.86%	1830.8	2.43%
3	YY1(Zf)/Promoter/Homer	CAAGATGGCGGC	1e0	-4.300e-05	1.0000	5.0	0.48%	1346.4	1.79%
3	Foxa3(Forkhead)/Liver-Foxa3-ChIP-Seq(GSE77670)/Homer	BSNTGTTTACWYWGN	1e0	-2.100e-05	1.0000	63.0	6.02%	7119.8	9.46%
3	AP-2alpha(AP2)/Hela-AP2alpha-ChIP-Seq(GSE31477)/Homer	ATGCCCTGAGGC	1e0	-1.200e-05	1.0000	5.0	0.48%	1457.4	1.94%
3	TEAD3(TEA)/HepG2-TEAD3-ChIP-Seq(Encode)/Homer	TRCATTCCAG	1e0	-1.000e-05	1.0000	88.0	8.41%	9416.5	12.52%
3	TEAD1(TEAD)/HepG2-TEAD1-ChIP-Seq(Encode)/Homer	CYRCATTCCA	1e0	-9.000e-06	1.0000	58.0	5.54%	6809.3	9.05%
3	FOXA1(Forkhead)/MCF7-FOXA1-ChIP-Seq(GSE26831)/Homer	WAAGTAAACA	1e0	-6.000e-06	1.0000	172.0	16.44%	16410.7	21.81%
3	Fosl2(bZIP)/3T3L1-Fosl2-ChIP-Seq(GSE56872)/Homer	NATGASTCABNN	1e0	-5.000e-06	1.0000	9.0	0.86%	2059.2	2.74%
3	TEAD(TEA)/Fibroblast-PU.1-ChIP-Seq(Unpublished)/Homer	YCWGGAATGY	1e0	-3.000e-06	1.0000	36.0	3.44%	4930.6	6.55%
3	TEAD4(TEA)/Tropoblast-Tead4-ChIP-Seq(GSE37350)/Homer	CCWGGAATGY	1e0	-2.000e-06	1.0000	40.0	3.82%	5352.6	7.11%
3	Rfx2(HTH)/LoVo-RFX2-ChIP-Seq(GSE49402)/Homer	GTTGCCATGGCAACM	1e0	-2.000e-06	1.0000	2.0	0.19%	1140.0	1.52%
3	Erra(NR)/HepG2-Erra-ChIP-Seq(GSE31477)/Homer	CAAAGGTCAG	1e0	-2.000e-06	1.0000	153.0	14.63%	15111.5	20.08%
3	Jun-AP1(bZIP)/K562-cJun-ChIP-Seq(GSE31477)/Homer	GATGASTCATCN	1e0	-2.000e-06	1.0000	3.0	0.29%	1325.5	1.76%
3	Hnf6b(Homeobox)/LNCaP-Hnf6b-ChIP-Seq(GSE106305)/Homer	TATTGAYY	1e0	-1.000e-06	1.0000	187.0	17.88%	17929.8	23.83%
3	BORIS(Zf)/K562-CTCFL-ChIP-Seq(GSE32465)/Homer	CNNBRGCGCCCCCTGSTGGC	1e0	-1.000e-06	1.0000	2.0	0.19%	1193.4	1.59%
3	Esrrb(NR)/mES-Esrrb-ChIP-Seq(GSE11431)/Homer	KTGACCTTGA	1e0	-0.000e+00	1.0000	64.0	6.12%	7839.8	10.42%
3	CTCF(Zf)/CD4+-CTCF-ChIP-Seq(Barski_et_al.)/Homer	AYAGTGCCMYCTRGTGGCCA	1e0	-0.000e+00	1.0000	2.0	0.19%	1263.6	1.68%
3	HNF4a(NR),DR1/HepG2-HNF4a-ChIP-Seq(GSE25021)/Homer	CARRGKBCAAAGTYCA	1e0	-0.000e+00	1.0000	29.0	2.77%	4547.1	6.04%
3	ERRg(NR)/Kidney-ESRRG-ChIP-Seq(GSE104905)/Homer	GTGACCTTGRVN	1e0	-0.000e+00	1.0000	69.0	6.60%	8384.8	11.14%
3	Atf1(bZIP)/K562-ATF1-ChIP-Seq(GSE31477)/Homer	GATGACGTCA	1e0	-0.000e+00	1.0000	125.0	11.95%	13234.5	17.59%
3	THRb(NR)/Liver-NR1A2-ChIP-Seq(GSE52613)/Homer	TRAGGTCA	1e0	-0.000e+00	1.0000	328.0	31.36%	29631.4	39.38%
3	PPARa(NR),DR1/Liver-Ppara-ChIP-Seq(GSE47954)/Homer	VNAGGKCAAAGGTCA	1e0	-0.000e+00	1.0000	67.0	6.41%	8577.9	11.40%
3	HNF6(Homeobox)/Liver-Hnf6-ChIP-Seq(ERP000394)/Homer	NTATYGATCH	1e0	-0.000e+00	1.0000	96.0	9.18%	11650.2	15.48%
3	TR4(NR),DR1/Hela-TR4-ChIP-Seq(GSE24685)/Homer	GAGGTCAAAGGTCA	1e0	-0.000e+00	1.0000	11.0	1.05%	3233.2	4.30%
3	Cux2(Homeobox)/Liver-Cux2-ChIP-Seq(GSE35985)/Homer	HNRAATCAAT	1e0	-0.000e+00	1.0000	68.0	6.50%	9523.6	12.66%
3	COUP-TFII(NR)/K562-NR2F1-ChIP-Seq(Encode)/Homer	GKBCARAGGTCA	1e0	-0.000e+00	1.0000	107.0	10.23%	13674.4	18.17%
3	EAR2(NR)/K562-NR2F6-ChIP-Seq(Encode)/Homer	NRBCARRGGTCA	1e0	-0.000e+00	1.0000	95.0	9.08%	12778.9	16.98%
3	HLF(bZIP)/HSC-HLF.Flag-ChIP-Seq(GSE69817)/Homer	RTTATGYAAB	1e0	-0.000e+00	1.0000	165.0	15.77%	18948.2	25.18%
3	COUP-TFII(NR)/Artia-Nr2f2-ChIP-Seq(GSE46497)/Homer	AGRGGTCA	1e0	-0.000e+00	1.0000	126.0	12.05%	16104.4	21.40%
3	DUX(Homeobox)/C2C12-Dux-ChIP-Seq(GSE87279)/Homer	BCWGATTCAATCAAN	1e0	0.000e+00	1.0000	0.0	0.00%	36.7	0.05%
3	EBNA1(EBV-virus)/Raji-EBNA1-ChIP-Seq(GSE30709)/Homer	GGYAGCAYDTGCTDCCCNNN	1e0	0.000e+00	1.0000	0.0	0.00%	32.1	0.04%
3	GFY-Staf(?,Zf)/Promoter/Homer	RACTACAATTCCCAGAAKGC	1e0	0.000e+00	1.0000	0.0	0.00%	98.0	0.13%
3	LXRE(NR),DR4/RAW-LXRb.biotin-ChIP-Seq(GSE21512)/Homer	RGGTTACTANAGGTCA	1e0	0.000e+00	1.0000	0.0	0.00%	785.3	1.04%
3	NF-E2(bZIP)/K562-NFE2-ChIP-Seq(GSE31477)/Homer	GATGACTCAGCA	1e0	0.000e+00	1.0000	0.0	0.00%	284.9	0.38%
3	NFIL3(bZIP)/HepG2-NFIL3-ChIP-Seq(Encode)/Homer	VTTACGTAAYNNNNN	1e0	0.000e+00	1.0000	146.0	13.96%	18474.3	24.55%
3	p53(p53)/mES-cMyc-ChIP-Seq(GSE11431)/Homer	ACATGCCCGGGCAT	1e0	0.000e+00	1.0000	0.0	0.00%	36.6	0.05%
3	REST-NRSF(Zf)/Jurkat-NRSF-ChIP-Seq/Homer	GGMGCTGTCCATGGTGCTGA	1e0	0.000e+00	1.0000	0.0	0.00%	8.6	0.01%
3	Ronin(THAP)/ES-Thap11-ChIP-Seq(GSE51522)/Homer	RACTACAACTCCCAGVAKGC	1e0	0.000e+00	1.0000	0.0	0.00%	13.1	0.02%
3	ZFP3(Zf)/HEK293-ZFP3.GFP-ChIP-Seq(GSE58341)/Homer	GGGTTTTGAAGGATGARTAGGAGTT	1e0	0.000e+00	1.0000	0.0	0.00%	0.8	0.00%
3	Zfp809(Zf)/ES-Zfp809-ChIP-Seq(GSE70799)/Homer	GGGGCTYGKCTGGGA	1e0	0.000e+00	1.0000	0.0	0.00%	205.3	0.27%
3	ZNF165(Zf)/WHIM12-ZNF165-ChIP-Seq(GSE65937)/Homer	AAGGKGRCGCAGGCA	1e0	0.000e+00	1.0000	0.0	0.00%	95.8	0.13%
3	ZNF16(Zf)/HEK293-ZNF16.GFP-ChIP-Seq(GSE58341)/Homer	MACCTTCYATGGCTCCCTAKTGCCY	1e0	0.000e+00	1.0000	0.0	0.00%	7.7	0.01%
3	ZNF528(Zf)/HEK293-ZNF528.GFP-ChIP-Seq(GSE58341)/Homer	AGAAATGACTTCCCT	1e0	0.000e+00	1.0000	0.0	0.00%	22.0	0.03%
4	Sox21(HMG)/ESC-SOX21-ChIP-Seq(GSE110505)/Homer	BCCWTTGTBYKV	1e-19	-4.448e+01	0.0000	1031.0	57.09%	34131.2	46.38%
4	p73(p53)/Trachea-p73-ChIP-Seq(PRJNA310161)/Homer	NRRRCAWGTCCDGRCATGYY	1e-18	-4.297e+01	0.0000	74.0	4.10%	868.9	1.18%
4	Sox3(HMG)/NPC-Sox3-ChIP-Seq(GSE33059)/Homer	CCWTTGTY	1e-18	-4.279e+01	0.0000	1084.0	60.02%	36465.6	49.55%
4	p53(p53)/Saos-p53-ChIP-Seq(GSE15780)/Homer	RRCATGYCYRGRCATGYYYN	1e-17	-3.917e+01	0.0000	107.0	5.92%	1709.0	2.32%
4	p53(p53)/Saos-p53-ChIP-Seq/Homer	RRCATGYCYRGRCATGYYYN	1e-17	-3.917e+01	0.0000	107.0	5.92%	1709.0	2.32%
4	p63(p53)/Keratinocyte-p63-ChIP-Seq(GSE17611)/Homer	NNDRCATGYCYNRRCATGYH	1e-14	-3.353e+01	0.0000	169.0	9.36%	3605.3	4.90%
4	Sox6(HMG)/Myotubes-Sox6-ChIP-Seq(GSE32627)/Homer	CCATTGTTNY	1e-13	-3.213e+01	0.0000	1002.0	55.48%	34206.7	46.48%
4	DLX2(Homeobox)/BasalGanglia-Dlx2-ChIP-seq(GSE124936)/Homer	NNNTAATTAS	1e-13	-3.035e+01	0.0000	742.0	41.09%	24090.1	32.73%
4	Isl1(Homeobox)/Neuron-Isl1-ChIP-Seq(GSE31456)/Homer	CTAATKGV	1e-13	-3.015e+01	0.0000	674.0	37.32%	21501.1	29.21%
4	Lhx1(Homeobox)/EmbryoCarcinoma-Lhx1-ChIP-Seq(GSE70957)/Homer	NNYTAATTAR	1e-12	-2.981e+01	0.0000	571.0	31.62%	17656.2	23.99%
4	Lhx2(Homeobox)/HFSC-Lhx2-ChIP-Seq(GSE48068)/Homer	TAATTAGN	1e-12	-2.844e+01	0.0000	557.0	30.84%	17268.4	23.46%
4	Sox10(HMG)/SciaticNerve-Sox3-ChIP-Seq(GSE35132)/Homer	CCWTTGTYYB	1e-12	-2.825e+01	0.0000	916.0	50.72%	31177.9	42.36%
4	Nkx6.1(Homeobox)/Islet-Nkx6.1-ChIP-Seq(GSE40975)/Homer	GKTAATGR	1e-10	-2.509e+01	0.0000	1058.0	58.58%	37335.4	50.73%
4	Lhx3(Homeobox)/Neuron-Lhx3-ChIP-Seq(GSE31456)/Homer	ADBTAATTAR	1e-10	-2.464e+01	0.0000	766.0	42.41%	25668.7	34.88%
4	En1(Homeobox)/SUM149-EN1-ChIP-Seq(GSE120957)/Homer	NDCTAATTAS	1e-10	-2.391e+01	0.0000	826.0	45.74%	28119.7	38.21%
4	Sox17(HMG)/Endoderm-Sox17-ChIP-Seq(GSE61475)/Homer	CCATTGTTYB	1e-9	-2.244e+01	0.0000	636.0	35.22%	20898.2	28.40%
4	DLX5(Homeobox)/BasalGanglia-Dlx5-ChIP-seq(GSE124936)/Homer	SSTAATTA	1e-8	-2.006e+01	0.0000	464.0	25.69%	14683.1	19.95%
4	DLX1(Homeobox)/BasalGanglia-Dlx1-ChIP-seq(GSE124936)/Homer	NSNNTAATTA	1e-8	-1.942e+01	0.0000	646.0	35.77%	21658.7	29.43%
4	Sox15(HMG)/CPA-Sox15-ChIP-Seq(GSE62909)/Homer	RAACAATGGN	1e-8	-1.937e+01	0.0000	725.0	40.14%	24736.1	33.61%
4	Otx2(Homeobox)/EpiLC-Otx2-ChIP-Seq(GSE56098)/Homer	NYTAATCCYB	1e-8	-1.924e+01	0.0000	245.0	13.57%	6894.3	9.37%
4	Dlx3(Homeobox)/Kerainocytes-Dlx3-ChIP-Seq(GSE89884)/Homer	NDGTAATTAC	1e-8	-1.912e+01	0.0000	393.0	21.76%	12172.0	16.54%
4	LHX9(Homeobox)/Hct116-LHX9.V5-ChIP-Seq(GSE116822)/Homer	NGCTAATTAG	1e-8	-1.885e+01	0.0000	603.0	33.39%	20078.2	27.28%
4	Sox2(HMG)/mES-Sox2-ChIP-Seq(GSE11431)/Homer	BCCATTGTTC	1e-7	-1.806e+01	0.0000	681.0	37.71%	23198.1	31.52%
4	Zic2(Zf)/ESC-Zic2-ChIP-Seq(SRP197560)/Homer	CHCAGCRGGRGG	1e-7	-1.782e+01	0.0000	52.0	2.88%	883.2	1.20%
4	GSC(Homeobox)/FrogEmbryos-GSC-ChIP-Seq(DRA000576)/Homer	RGGATTAR	1e-7	-1.740e+01	0.0000	359.0	19.88%	11114.0	15.10%
4	CRX(Homeobox)/Retina-Crx-ChIP-Seq(GSE20012)/Homer	GCTAATCC	1e-6	-1.597e+01	0.0000	557.0	30.84%	18698.2	25.41%
4	Pitx1(Homeobox)/Chicken-Pitx1-ChIP-Seq(GSE38910)/Homer	TAATCCCN	1e-6	-1.454e+01	0.0000	938.0	51.94%	33969.0	46.15%
4	Sox7(HMG)/ESC-Sox7-ChIP-Seq(GSE133899)/Homer	VVRRAACAATGG	1e-5	-1.206e+01	0.0001	301.0	16.67%	9601.0	13.05%
4	FoxD3(forkhead)/ZebrafishEmbryo-Foxd3.biotin-ChIP-seq(GSE106676)/Homer	TGTTTAYTTAGC	1e-5	-1.156e+01	0.0001	341.0	18.88%	11143.1	15.14%
4	Unknown-ESC-element(?)/mES-Nanog-ChIP-Seq(GSE11724)/Homer	CACAGCAGGGGG	1e-4	-1.141e+01	0.0002	61.0	3.38%	1369.8	1.86%
4	PAX6(Paired,Homeobox)/Forebrain-Pax6-ChIP-Seq(GSE66961)/Homer	NGTGTTCAVTSAAGCGKAAA	1e-4	-1.102e+01	0.0002	44.0	2.44%	888.4	1.21%
4	Nanog(Homeobox)/mES-Nanog-ChIP-Seq(GSE11724)/Homer	RGCCATTAAC	1e-4	-1.024e+01	0.0005	1169.0	64.73%	44273.8	60.16%
4	Nkx2.1(Homeobox)/LungAC-Nkx2.1-ChIP-Seq(GSE43252)/Homer	RSCACTYRAG	1e-4	-1.015e+01	0.0005	530.0	29.35%	18561.4	25.22%
4	HLF(bZIP)/HSC-HLF.Flag-ChIP-Seq(GSE69817)/Homer	RTTATGYAAB	1e-4	-1.007e+01	0.0005	520.0	28.79%	18186.6	24.71%
4	Sox9(HMG)/Limb-SOX9-ChIP-Seq(GSE73225)/Homer	AGGVNCCTTTGT	1e-4	-1.005e+01	0.0005	385.0	21.32%	13014.7	17.68%
4	Sox4(HMG)/proB-Sox4-ChIP-Seq(GSE50066)/Homer	YCTTTGTTCC	1e-4	-9.644e+00	0.0008	465.0	25.75%	16137.3	21.93%
4	Zic3(Zf)/mES-Zic3-ChIP-Seq(GSE37889)/Homer	GGCCYCCTGCTGDGH	1e-3	-8.516e+00	0.0024	44.0	2.44%	994.6	1.35%
4	CEBP(bZIP)/ThioMac-CEBPb-ChIP-Seq(GSE21512)/Homer	ATTGCGCAAC	1e-3	-8.224e+00	0.0031	357.0	19.77%	12247.9	16.64%
4	Barx1(Homeobox)/Stomach-Barx1.3xFlag-ChIP-Seq(GSE69483)/Homer	AAACMATTAN	1e-3	-7.842e+00	0.0044	209.0	11.57%	6762.6	9.19%
4	Fox:Ebox(Forkhead,bHLH)/Panc1-Foxa2-ChIP-Seq(GSE47459)/Homer	NNNVCTGWGYAAACASN	1e-3	-7.524e+00	0.0059	400.0	22.15%	14018.9	19.05%
4	Pax7(Paired,Homeobox),long/Myoblast-Pax7-ChIP-Seq(GSE25064)/Homer	TAATCHGATTAC	1e-2	-6.834e+00	0.0116	22.0	1.22%	423.1	0.57%
4	FOXM1(Forkhead)/MCF7-FOXM1-ChIP-Seq(GSE72977)/Homer	TRTTTACTTW	1e-2	-6.597e+00	0.0143	430.0	23.81%	15363.9	20.88%
4	Nkx2.2(Homeobox)/NPC-Nkx2.2-ChIP-Seq(GSE61673)/Homer	BTBRAGTGSN	1e-2	-6.237e+00	0.0200	344.0	19.05%	12113.3	16.46%
4	Phox2b(Homeobox)/CLBGA-PHOX2B-ChIP-Seq(GSE90683)/Homer	TTAATTNAATTA	1e-2	-5.788e+00	0.0306	95.0	5.26%	2890.3	3.93%
4	Nkx2.5(Homeobox)/HL1-Nkx2.5.biotin-ChIP-Seq(GSE21529)/Homer	RRSCACTYAA	1e-2	-5.449e+00	0.0420	402.0	22.26%	14528.0	19.74%
4	Atf4(bZIP)/MEF-Atf4-ChIP-Seq(GSE35681)/Homer	MTGATGCAAT	1e-2	-5.444e+00	0.0420	159.0	8.80%	5255.7	7.14%
4	Zic(Zf)/Cerebellum-ZIC1.2-ChIP-Seq(GSE60731)/Homer	CCTGCTGAGH	1e-2	-5.259e+00	0.0487	116.0	6.42%	3704.1	5.03%
4	PRDM14(Zf)/H1-PRDM14-ChIP-Seq(GSE22767)/Homer	RGGTCTCTAACY	1e-2	-4.922e+00	0.0667	46.0	2.55%	1272.7	1.73%
4	ZNF416(Zf)/HEK293-ZNF416.GFP-ChIP-Seq(GSE58341)/Homer	WDNCTGGGCA	1e-2	-4.894e+00	0.0673	105.0	5.81%	3351.5	4.55%
4	Prop1(Homeobox)/GHFT1-PROP1.biotin-ChIP-Seq(GSE77302)/Homer	NTAATBNAATTA	1e-2	-4.653e+00	0.0839	234.0	12.96%	8214.6	11.16%
4	Pax8(Paired,Homeobox)/Thyroid-Pax8-ChIP-Seq(GSE26938)/Homer	GTCATGCHTGRCTGS	1e-2	-4.628e+00	0.0844	40.0	2.21%	1093.1	1.49%
4	TRPS1(Zf)/MCF7-TRPS1-ChIP-Seq(GSE107013)/Homer	AGATAAGANN	1e-1	-4.066e+00	0.1451	523.0	28.96%	19660.2	26.71%
4	Nkx3.1(Homeobox)/LNCaP-Nkx3.1-ChIP-Seq(GSE28264)/Homer	AAGCACTTAA	1e-1	-3.991e+00	0.1534	443.0	24.53%	16513.0	22.44%
4	Maz(Zf)/HepG2-Maz-ChIP-Seq(GSE31477)/Homer	GGGGGGGG	1e-1	-3.964e+00	0.1547	71.0	3.93%	2236.3	3.04%
4	FXR(NR),IR1/Liver-FXR-ChIP-Seq(Chong_et_al.)/Homer	AGGTCANTGACCTB	1e-1	-3.949e+00	0.1547	97.0	5.37%	3184.9	4.33%
4	Bapx1(Homeobox)/VertebralCol-Bapx1-ChIP-Seq(GSE36672)/Homer	TTRAGTGSYK	1e-1	-3.881e+00	0.1621	434.0	24.03%	16190.8	22.00%
4	Chop(bZIP)/MEF-Chop-ChIP-Seq(GSE35681)/Homer	ATTGCATCAT	1e-1	-3.780e+00	0.1762	107.0	5.92%	3578.2	4.86%
4	PSE(SNAPc)/K562-mStart-Seq/Homer	WAVTCACCMTAASYDAAAAG	1e-1	-3.773e+00	0.1762	120.0	6.64%	4063.4	5.52%
4	NFIL3(bZIP)/HepG2-NFIL3-ChIP-Seq(Encode)/Homer	VTTACGTAAYNNNNN	1e-1	-3.700e+00	0.1844	466.0	25.80%	17511.1	23.79%
4	ZNF7(Zf)/HepG2-ZNF7.Flag-ChIP-Seq(Encode)/Homer	CTGCCWVCTTTTRTA	1e-1	-3.390e+00	0.2472	150.0	8.31%	5263.2	7.15%
4	Foxa2(Forkhead)/Liver-Foxa2-ChIP-Seq(GSE25694)/Homer	CYTGTTTACWYW	1e-1	-3.312e+00	0.2628	408.0	22.59%	15336.6	20.84%
4	FOXA1(Forkhead)/LNCAP-FOXA1-ChIP-Seq(GSE27824)/Homer	WAAGTAAACA	1e-1	-3.303e+00	0.2628	509.0	28.18%	19351.3	26.29%
4	Foxa3(Forkhead)/Liver-Foxa3-ChIP-Seq(GSE77670)/Homer	BSNTGTTTACWYWGN	1e-1	-3.205e+00	0.2832	187.0	10.35%	6719.7	9.13%
4	FOXA1(Forkhead)/MCF7-FOXA1-ChIP-Seq(GSE26831)/Homer	WAAGTAAACA	1e-1	-3.203e+00	0.2832	419.0	23.20%	15807.4	21.48%
4	Phox2a(Homeobox)/Neuron-Phox2a-ChIP-Seq(GSE31456)/Homer	YTAATYNRATTA	1e-1	-3.133e+00	0.2950	139.0	7.70%	4895.3	6.65%
4	GRHL2(CP2)/HBE-GRHL2-ChIP-Seq(GSE46194)/Homer	AAACYKGTTWDACMRGTTTB	1e-1	-2.917e+00	0.3605	70.0	3.88%	2335.6	3.17%
4	EBF1(EBF)/Near-E2A-ChIP-Seq(GSE21512)/Homer	GTCCCCWGGGGA	1e-1	-2.913e+00	0.3605	55.0	3.05%	1784.7	2.42%
4	Smad3(MAD)/NPC-Smad3-ChIP-Seq(GSE36673)/Homer	TWGTCTGV	1e-1	-2.913e+00	0.3605	523.0	28.96%	20051.4	27.24%
4	ZNF41(Zf)/HEK293-ZNF41.GFP-ChIP-Seq(GSE58341)/Homer	CCTCATGGTGYCYTWYTCCCTTGTG	1e-1	-2.908e+00	0.3605	6.0	0.33%	109.2	0.15%
4	Tcf3(HMG)/mES-Tcf3-ChIP-Seq(GSE11724)/Homer	ASWTCAAAGG	1e-1	-2.866e+00	0.3605	93.0	5.15%	3202.7	4.35%
4	TATA-Box(TBP)/Promoter/Homer	CCTTTTAWAGSC	1e-1	-2.794e+00	0.3793	244.0	13.51%	9039.0	12.28%
4	Tcfcp2l1(CP2)/mES-Tcfcp2l1-ChIP-Seq(GSE11431)/Homer	NRAACCRGTTYRAACCRGYT	1e-1	-2.737e+00	0.3960	20.0	1.11%	559.0	0.76%
4	Mouse_Recombination_Hotspot(Zf)/Testis-DMC1-ChIP-Seq(GSE24438)/Homer	ACTYKNATTCGTGNTACTTC	1e-1	-2.708e+00	0.4017	11.0	0.61%	265.1	0.36%
4	LEF1(HMG)/H1-LEF1-ChIP-Seq(GSE64758)/Homer	CCTTTGATST	1e-1	-2.681e+00	0.4074	235.0	13.01%	8718.8	11.85%
4	ETS:E-box(ETS,bHLH)/HPC7-Scl-ChIP-Seq(GSE22178)/Homer	AGGAARCAGCTG	1e-1	-2.662e+00	0.4097	9.0	0.50%	206.0	0.28%
4	Hoxd12(Homeobox)/ChickenMSG-Hoxd12.Flag-ChIP-Seq(GSE86088)/Homer	HDGYAATGAAAN	1e-1	-2.634e+00	0.4155	573.0	31.73%	22165.9	30.12%
4	MYNN(Zf)/HEK293-MYNN.eGFP-ChIP-Seq(Encode)/Homer	TTCAAAWTAAAAGTC	1e-1	-2.553e+00	0.4447	59.0	3.27%	1980.5	2.69%
4	LRF(Zf)/Erythroblasts-ZBTB7A-ChIP-Seq(GSE74977)/Homer	AAGACCCYYN	1e-1	-2.479e+00	0.4728	115.0	6.37%	4112.7	5.59%
4	PAX5(Paired,Homeobox)/GM12878-PAX5-ChIP-Seq(GSE32465)/Homer	GCAGCCAAGCRTGACH	1e-1	-2.447e+00	0.4822	60.0	3.32%	2033.2	2.76%
4	TCFL2(HMG)/K562-TCF7L2-ChIP-Seq(GSE29196)/Homer	ACWTCAAAGG	1e-1	-2.371e+00	0.5135	33.0	1.83%	1049.1	1.43%
4	Gata4(Zf)/Heart-Gata4-ChIP-Seq(GSE35151)/Homer	NBWGATAAGR	1e-1	-2.366e+00	0.5135	259.0	14.34%	9757.9	13.26%
4	Unknown(Homeobox)/Limb-p300-ChIP-Seq/Homer	SSCMATWAAA	1e-1	-2.339e+00	0.5174	179.0	9.91%	6625.8	9.00%
4	ZNF467(Zf)/HEK293-ZNF467.GFP-ChIP-Seq(GSE58341)/Homer	TGGGGAAGGGCM	1e-1	-2.307e+00	0.5277	43.0	2.38%	1422.6	1.93%
4	WT1(Zf)/Kidney-WT1-ChIP-Seq(GSE90016)/Homer	MCTCCCMCRCAB	1e0	-2.288e+00	0.5314	32.0	1.77%	1022.9	1.39%
4	Zac1(Zf)/Neuro2A-Plagl1-ChIP-Seq(GSE75942)/Homer	HAWGRGGCCM	1e0	-2.253e+00	0.5437	220.0	12.18%	8257.3	11.22%
4	Hoxa10(Homeobox)/ChickenMSG-Hoxa10.Flag-ChIP-Seq(GSE86088)/Homer	GGYAATGAAA	1e0	-2.187e+00	0.5741	195.0	10.80%	7295.3	9.91%
4	Gata2(Zf)/K562-GATA2-ChIP-Seq(GSE18829)/Homer	BBCTTATCTS	1e0	-2.157e+00	0.5851	152.0	8.42%	5621.6	7.64%
4	NF1:FOXA1(CTF,Forkhead)/LNCAP-FOXA1-ChIP-Seq(GSE27824)/Homer	WNTGTTTRYTTTGGCA	1e0	-2.070e+00	0.6312	17.0	0.94%	507.1	0.69%
4	GATA3(Zf)/iTreg-Gata3-ChIP-Seq(GSE20898)/Homer	AGATAASR	1e0	-2.048e+00	0.6380	392.0	21.71%	15161.6	20.60%
4	Hoxa9(Homeobox)/ChickenMSG-Hoxa9.Flag-ChIP-Seq(GSE86088)/Homer	RGCAATNAAA	1e0	-2.027e+00	0.6437	804.0	44.52%	31784.1	43.19%
4	Gata1(Zf)/K562-GATA1-ChIP-Seq(GSE18829)/Homer	SAGATAAGRV	1e0	-1.932e+00	0.7003	131.0	7.25%	4862.2	6.61%
4	Smad2(MAD)/ES-SMAD2-ChIP-Seq(GSE29422)/Homer	CTGTCTGG	1e0	-1.811e+00	0.7822	251.0	13.90%	9636.7	13.09%
4	STAT5(Stat)/mCD4+-Stat5-ChIP-Seq(GSE12346)/Homer	RTTTCTNAGAAA	1e0	-1.769e+00	0.8070	38.0	2.10%	1311.3	1.78%
4	ERE(NR),IR3/MCF7-ERa-ChIP-Seq(Unpublished)/Homer	VAGGTCACNSTGACC	1e0	-1.706e+00	0.8498	43.0	2.38%	1510.4	2.05%
4	Hoxd13(Homeobox)/ChickenMSG-Hoxd13.Flag-ChIP-Seq(GSE86088)/Homer	NCYAATAAAA	1e0	-1.691e+00	0.8541	437.0	24.20%	17131.9	23.28%
4	Hoxd11(Homeobox)/ChickenMSG-Hoxd11.Flag-ChIP-Seq(GSE86088)/Homer	VGCCATAAAA	1e0	-1.689e+00	0.8541	637.0	35.27%	25201.8	34.24%
4	ZBTB18(Zf)/HEK293-ZBTB18.GFP-ChIP-Seq(GSE58341)/Homer	AACATCTGGA	1e0	-1.596e+00	0.9196	56.0	3.10%	2028.5	2.76%
4	Gli2(Zf)/GM2-Gli2-ChIP-Chip(GSE112702)/Homer	YSTGGGTGGTCT	1e0	-1.590e+00	0.9196	18.0	1.00%	589.0	0.80%
4	ZFX(Zf)/mES-Zfx-ChIP-Seq(GSE11431)/Homer	AGGCCTRG	1e0	-1.584e+00	0.9196	74.0	4.10%	2728.2	3.71%
4	PAX5(Paired,Homeobox),condensed/GM12878-PAX5-ChIP-Seq(GSE32465)/Homer	GTCACGCTCSCTGM	1e0	-1.519e+00	0.9633	20.0	1.11%	671.0	0.91%
4	CTCF-SatelliteElement(Zf?)/CD4+-CTCF-ChIP-Seq(Barski_et_al.)/Homer	TGCAGTTCCMVNWRTGGCCA	1e0	-1.507e+00	0.9657	3.0	0.17%	66.2	0.09%
4	Pax7(Paired,Homeobox),longest/Myoblast-Pax7-ChIP-Seq(GSE25064)/Homer	NTAATTDGCYAATTANNWWD	1e0	-1.496e+00	0.9666	12.0	0.66%	378.1	0.51%
4	Gata6(Zf)/HUG1N-GATA6-ChIP-Seq(GSE51936)/Homer	YCTTATCTBN	1e0	-1.473e+00	0.9788	220.0	12.18%	8536.7	11.60%
4	p53(p53)/mES-cMyc-ChIP-Seq(GSE11431)/Homer	ACATGCCCGGGCAT	1e0	-1.468e+00	0.9788	2.0	0.11%	37.4	0.05%
4	Sp2(Zf)/HEK293-Sp2.eGFP-ChIP-Seq(Encode)/Homer	YGGCCCCGCCCC	1e0	-1.462e+00	0.9788	92.0	5.09%	3463.5	4.71%
4	Srebp1a(bHLH)/HepG2-Srebp1a-ChIP-Seq(GSE31477)/Homer	RTCACSCCAY	1e0	-1.385e+00	1.0000	34.0	1.88%	1220.9	1.66%
4	Hoxa11(Homeobox)/ChickenMSG-Hoxa11.Flag-ChIP-Seq(GSE86088)/Homer	TTTTATGGCM	1e0	-1.348e+00	1.0000	644.0	35.66%	25693.6	34.91%
4	ZKSCAN1(Zf)/HepG2-ZKSCAN1-ChIP-Seq(Encode)/Homer	GCACAYAGTAGGKCY	1e0	-1.345e+00	1.0000	3.0	0.17%	72.5	0.10%
4	ZNF675(Zf)/HEK293-ZNF675.GFP-ChIP-Seq(GSE58341)/Homer	ARGAGGMCAAAATGW	1e0	-1.319e+00	1.0000	22.0	1.22%	771.2	1.05%
4	Rfx2(HTH)/LoVo-RFX2-ChIP-Seq(GSE49402)/Homer	GTTGCCATGGCAACM	1e0	-1.312e+00	1.0000	31.0	1.72%	1117.2	1.52%
4	ZNF317(Zf)/HEK293-ZNF317.GFP-ChIP-Seq(GSE58341)/Homer	GTCWGCTGTYYCTCT	1e0	-1.310e+00	1.0000	16.0	0.89%	545.7	0.74%
4	GATA3(Zf),DR8/iTreg-Gata3-ChIP-Seq(GSE20898)/Homer	AGATSTNDNNDSAGATAASN	1e0	-1.283e+00	1.0000	14.0	0.78%	473.7	0.64%
4	MafA(bZIP)/Islet-MafA-ChIP-Seq(GSE30298)/Homer	TGCTGACTCA	1e0	-1.249e+00	1.0000	107.0	5.92%	4120.8	5.60%
4	ZNF692(Zf)/HEK293-ZNF692.GFP-ChIP-Seq(GSE58341)/Homer	GTGGGCCCCA	1e0	-1.234e+00	1.0000	4.0	0.22%	111.4	0.15%
4	Zfp809(Zf)/ES-Zfp809-ChIP-Seq(GSE70799)/Homer	GGGGCTYGKCTGGGA	1e0	-1.224e+00	1.0000	7.0	0.39%	219.5	0.30%
4	PAX3:FKHR-fusion(Paired,Homeobox)/Rh4-PAX3:FKHR-ChIP-Seq(GSE19063)/Homer	ACCRTGACTAATTNN	1e0	-1.216e+00	1.0000	76.0	4.21%	2901.1	3.94%
4	Hoxd10(Homeobox)/ChickenMSG-Hoxd10.Flag-ChIP-Seq(GSE86088)/Homer	GGCMATGAAA	1e0	-1.208e+00	1.0000	333.0	18.44%	13202.6	17.94%
4	Znf263(Zf)/K562-Znf263-ChIP-Seq(GSE31477)/Homer	CVGTSCTCCC	1e0	-1.207e+00	1.0000	86.0	4.76%	3300.4	4.48%
4	Rfx5(HTH)/GM12878-Rfx5-ChIP-Seq(GSE31477)/Homer	SCCTAGCAACAG	1e0	-1.201e+00	1.0000	64.0	3.54%	2431.8	3.30%
4	ZNF711(Zf)/SHSY5Y-ZNF711-ChIP-Seq(GSE20673)/Homer	AGGCCTAG	1e0	-1.191e+00	1.0000	106.0	5.87%	4100.0	5.57%
4	FoxL2(Forkhead)/Ovary-FoxL2-ChIP-Seq(GSE60858)/Homer	WWTRTAAACAVG	1e0	-1.142e+00	1.0000	369.0	20.43%	14695.9	19.97%
4	KLF6(Zf)/PDAC-KLF6-ChIP-Seq(GSE64557)/Homer	MKGGGYGTGGCC	1e0	-1.135e+00	1.0000	75.0	4.15%	2885.6	3.92%
4	DUX4(Homeobox)/Myoblasts-DUX4.V5-ChIP-Seq(GSE75791)/Homer	NWTAAYCYAATCAWN	1e0	-1.108e+00	1.0000	17.0	0.94%	609.5	0.83%
4	NF-E2(bZIP)/K562-NFE2-ChIP-Seq(GSE31477)/Homer	GATGACTCAGCA	1e0	-1.094e+00	1.0000	8.0	0.44%	267.9	0.36%
4	KLF14(Zf)/HEK293-KLF14.GFP-ChIP-Seq(GSE58341)/Homer	RGKGGGCGKGGC	1e0	-1.086e+00	1.0000	108.0	5.98%	4217.5	5.73%
4	ETS:RUNX(ETS,Runt)/Jurkat-RUNX1-ChIP-Seq(GSE17954)/Homer	RCAGGATGTGGT	1e0	-1.073e+00	1.0000	6.0	0.33%	194.2	0.26%
4	X-box(HTH)/NPC-H3K4me1-ChIP-Seq(GSE16256)/Homer	GGTTGCCATGGCAA	1e0	-1.068e+00	1.0000	35.0	1.94%	1319.7	1.79%
4	Gfi1b(Zf)/HPC7-Gfi1b-ChIP-Seq(GSE22178)/Homer	MAATCACTGC	1e0	-1.068e+00	1.0000	127.0	7.03%	4985.3	6.77%
4	Smad4(MAD)/ESC-SMAD4-ChIP-Seq(GSE29422)/Homer	VBSYGTCTGG	1e0	-1.052e+00	1.0000	254.0	14.06%	10104.3	13.73%
4	FOXK2(Forkhead)/U2OS-FOXK2-ChIP-Seq(E-MTAB-2204)/Homer	SCHTGTTTACAT	1e0	-1.028e+00	1.0000	278.0	15.39%	11087.1	15.06%
4	GRE(NR),IR3/A549-GR-ChIP-Seq(GSE32465)/Homer	NRGVACABNVTGTYCY	1e0	-1.021e+00	1.0000	21.0	1.16%	778.0	1.06%
4	RBPJ:Ebox(?,bHLH)/Panc1-Rbpj1-ChIP-Seq(GSE47459)/Homer	GGGRAARRGRMCAGMTG	1e0	-9.933e-01	1.0000	18.0	1.00%	665.2	0.90%
4	STAT6(Stat)/CD4-Stat6-ChIP-Seq(GSE22104)/Homer	ABTTCYYRRGAA	1e0	-9.836e-01	1.0000	92.0	5.09%	3614.2	4.91%
4	NFkB-p65(RHD)/GM12787-p65-ChIP-Seq(GSE19485)/Homer	WGGGGATTTCCC	1e0	-9.587e-01	1.0000	48.0	2.66%	1861.3	2.53%
4	Srebp2(bHLH)/HepG2-Srebp2-ChIP-Seq(GSE31477)/Homer	CGGTCACSCCAC	1e0	-9.393e-01	1.0000	16.0	0.89%	595.9	0.81%
4	GATA:SCL(Zf,bHLH)/Ter119-SCL-ChIP-Seq(GSE18720)/Homer	CRGCTGBNGNSNNSAGATAA	1e0	-9.139e-01	1.0000	16.0	0.89%	599.6	0.81%
4	Zfp281(Zf)/ES-Zfp281-ChIP-Seq(GSE81042)/Homer	CCCCTCCCCCAC	1e0	-9.105e-01	1.0000	6.0	0.33%	208.8	0.28%
4	Hoxa13(Homeobox)/ChickenMSG-Hoxa13.Flag-ChIP-Seq(GSE86088)/Homer	CYHATAAAAN	1e0	-9.043e-01	1.0000	653.0	36.16%	26392.2	35.86%
4	Mef2b(MADS)/HEK293-Mef2b.V5-ChIP-Seq(GSE67450)/Homer	GCTATTTTTGGM	1e0	-9.024e-01	1.0000	168.0	9.30%	6712.7	9.12%
4	ZNF165(Zf)/WHIM12-ZNF165-ChIP-Seq(GSE65937)/Homer	AAGGKGRCGCAGGCA	1e0	-9.019e-01	1.0000	3.0	0.17%	94.2	0.13%
4	Npas4(bHLH)/Neuron-Npas4-ChIP-Seq(GSE127793)/Homer	NHRTCACGACDN	1e0	-8.940e-01	1.0000	213.0	11.79%	8537.9	11.60%
4	FOXK1(Forkhead)/HEK293-FOXK1-ChIP-Seq(GSE51673)/Homer	NVWTGTTTAC	1e0	-8.935e-01	1.0000	457.0	25.30%	18434.5	25.05%
4	ZNF136(Zf)/HEK293-ZNF136.GFP-ChIP-Seq(GSE58341)/Homer	YTKGATAHAGTATTCTWGGTNGGCA	1e0	-8.887e-01	1.0000	19.0	1.05%	722.5	0.98%
4	EBF(EBF)/proBcell-EBF-ChIP-Seq(GSE21978)/Homer	DGTCCCYRGGGA	1e0	-8.834e-01	1.0000	10.0	0.55%	367.8	0.50%
4	GLIS3(Zf)/Thyroid-Glis3.GFP-ChIP-Seq(GSE103297)/Homer	CTCCCTGGGAGGCCN	1e0	-8.788e-01	1.0000	71.0	3.93%	2808.4	3.82%
4	PRDM1(Zf)/Hela-PRDM1-ChIP-Seq(GSE31477)/Homer	ACTTTCACTTTC	1e0	-8.777e-01	1.0000	105.0	5.81%	4179.3	5.68%
4	Hoxb4(Homeobox)/ES-Hoxb4-ChIP-Seq(GSE34014)/Homer	TGATTRATGGCY	1e0	-8.572e-01	1.0000	54.0	2.99%	2131.6	2.90%
4	CEBP:CEBP(bZIP)/MEF-Chop-ChIP-Seq(GSE35681)/Homer	NTNATGCAAYMNNHTGMAAY	1e0	-8.398e-01	1.0000	40.0	2.21%	1574.0	2.14%
4	Mef2a(MADS)/HL1-Mef2a.biotin-ChIP-Seq(GSE21529)/Homer	CYAAAAATAG	1e0	-8.301e-01	1.0000	80.0	4.43%	3189.8	4.33%
4	Sp5(Zf)/mES-Sp5.Flag-ChIP-Seq(GSE72989)/Homer	RGKGGGCGGAGC	1e0	-7.813e-01	1.0000	46.0	2.55%	1832.1	2.49%
4	MafB(bZIP)/BMM-Mafb-ChIP-Seq(GSE75722)/Homer	WNTGCTGASTCAGCANWTTY	1e0	-7.790e-01	1.0000	51.0	2.82%	2035.6	2.77%
4	PR(NR)/T47D-PR-ChIP-Seq(GSE31130)/Homer	VAGRACAKNCTGTBC	1e0	-7.488e-01	1.0000	414.0	22.92%	16805.7	22.83%
4	ZNF652/HepG2-ZNF652.Flag-ChIP-Seq(Encode)/Homer	TTAACCCTTTVNKKN	1e0	-7.289e-01	1.0000	64.0	3.54%	2580.3	3.51%
4	Pax7(Paired,Homeobox)/Myoblast-Pax7-ChIP-Seq(GSE25064)/Homer	TAATCAATTA	1e0	-7.217e-01	1.0000	38.0	2.10%	1526.8	2.07%
4	Sp1(Zf)/Promoter/Homer	GGCCCCGCCCCC	1e0	-7.052e-01	1.0000	5.0	0.28%	189.4	0.26%
4	SpiB(ETS)/OCILY3-SPIB-ChIP-Seq(GSE56857)/Homer	AAAGRGGAAGTG	1e0	-6.962e-01	1.0000	26.0	1.44%	1045.0	1.42%
4	HIC1(Zf)/Treg-ZBTB29-ChIP-Seq(GSE99889)/Homer	TGCCAGCB	1e0	-6.957e-01	1.0000	244.0	13.51%	9926.8	13.49%
4	ARE(NR)/LNCAP-AR-ChIP-Seq(GSE27824)/Homer	RGRACASNSTGTYCYB	1e0	-6.815e-01	1.0000	30.0	1.66%	1212.4	1.65%
4	Pdx1(Homeobox)/Islet-Pdx1-ChIP-Seq(SRA008281)/Homer	YCATYAATCA	1e0	-6.786e-01	1.0000	260.0	14.40%	10591.5	14.39%
4	Rfx1(HTH)/NPC-H3K4me1-ChIP-Seq(GSE16256)/Homer	KGTTGCCATGGCAA	1e0	-6.764e-01	1.0000	43.0	2.38%	1744.8	2.37%
4	NFkB-p65-Rel(RHD)/ThioMac-LPS-Expression(GSE23622)/Homer	GGAAATTCCC	1e0	-6.747e-01	1.0000	9.0	0.50%	357.0	0.49%
4	Zfp57(Zf)/H1-ZFP57.HA-ChIP-Seq(GSE115387)/Homer	NANTGCSGCA	1e0	-6.721e-01	1.0000	51.0	2.82%	2072.4	2.82%
4	EKLF(Zf)/Erythrocyte-Klf1-ChIP-Seq(GSE20478)/Homer	NWGGGTGTGGCY	1e0	-6.704e-01	1.0000	16.0	0.89%	643.7	0.87%
4	E2F6(E2F)/Hela-E2F6-ChIP-Seq(GSE31477)/Homer	GGCGGGAARN	1e0	-6.678e-01	1.0000	29.0	1.61%	1176.0	1.60%
4	ZNF264(Zf)/HEK293-ZNF264.GFP-ChIP-Seq(GSE58341)/Homer	RGGGCACTAACY	1e0	-6.665e-01	1.0000	96.0	5.32%	3911.5	5.31%
4	Klf4(Zf)/mES-Klf4-ChIP-Seq(GSE11431)/Homer	GCCACACCCA	1e0	-6.580e-01	1.0000	26.0	1.44%	1055.8	1.43%
4	PU.1(ETS)/ThioMac-PU.1-ChIP-Seq(GSE21512)/Homer	AGAGGAAGTG	1e0	-6.405e-01	1.0000	48.0	2.66%	1961.5	2.67%
4	KLF1(Zf)/HUDEP2-KLF1-CutnRun(GSE136251)/Homer	VDGGGYGGGGCY	1e0	-6.324e-01	1.0000	48.0	2.66%	1964.7	2.67%
4	Egr2(Zf)/Thymocytes-Egr2-ChIP-Seq(GSE34254)/Homer	NGCGTGGGCGGR	1e0	-6.242e-01	1.0000	9.0	0.50%	364.3	0.49%
4	Foxh1(Forkhead)/hESC-FOXH1-ChIP-Seq(GSE29422)/Homer	NNTGTGGATTSS	1e0	-6.228e-01	1.0000	186.0	10.30%	7613.3	10.34%
4	RFX(HTH)/K562-RFX3-ChIP-Seq(SRA012198)/Homer	CGGTTGCCATGGCAAC	1e0	-6.102e-01	1.0000	25.0	1.38%	1027.3	1.40%
4	Tlx?(NR)/NPC-H3K4me1-ChIP-Seq(GSE16256)/Homer	CTGGCAGSCTGCCA	1e0	-6.041e-01	1.0000	32.0	1.77%	1317.3	1.79%
4	NF1-halfsite(CTF)/LNCaP-NF1-ChIP-Seq(Unpublished)/Homer	YTGCCAAG	1e0	-5.998e-01	1.0000	250.0	13.84%	10246.8	13.92%
4	HRE(HSF)/HepG2-HSF1-ChIP-Seq(GSE31477)/Homer	BSTTCTRGAABVTTCYAGAA	1e0	-5.965e-01	1.0000	8.0	0.44%	327.5	0.45%
4	Arnt:Ahr(bHLH)/MCF7-Arnt-ChIP-Seq(Lo_et_al.)/Homer	TBGCACGCAA	1e0	-5.892e-01	1.0000	165.0	9.14%	6778.0	9.21%
4	Tcf7(HMG)/GM12878-TCF7-ChIP-Seq(Encode)/Homer	CTTTGATGTGSB	1e0	-5.793e-01	1.0000	99.0	5.48%	4080.4	5.54%
4	Oct4:Sox17(POU,Homeobox,HMG)/F9-Sox17-ChIP-Seq(GSE44553)/Homer	CCATTGTATGCAAAT	1e0	-5.703e-01	1.0000	97.0	5.37%	4003.1	5.44%
4	CEBP:AP1(bZIP)/ThioMac-CEBPb-ChIP-Seq(GSE21512)/Homer	DRTGTTGCAA	1e0	-5.680e-01	1.0000	271.0	15.01%	11132.8	15.13%
4	NFAT(RHD)/Jurkat-NFATC1-ChIP-Seq(Jolma_et_al.)/Homer	ATTTTCCATT	1e0	-5.680e-01	1.0000	170.0	9.41%	6999.0	9.51%
4	MafK(bZIP)/C2C12-MafK-ChIP-Seq(GSE36030)/Homer	GCTGASTCAGCA	1e0	-5.649e-01	1.0000	17.0	0.94%	708.7	0.96%
4	AR-halfsite(NR)/LNCaP-AR-ChIP-Seq(GSE27824)/Homer	CCAGGAACAG	1e0	-5.522e-01	1.0000	543.0	30.07%	22262.7	30.25%
4	DUX(Homeobox)/C2C12-Dux-ChIP-Seq(GSE87279)/Homer	BCWGATTCAATCAAN	1e0	-5.509e-01	1.0000	1.0	0.06%	35.0	0.05%
4	Cdx2(Homeobox)/mES-Cdx2-ChIP-Seq(GSE14586)/Homer	GYMATAAAAH	1e0	-5.504e-01	1.0000	175.0	9.69%	7216.4	9.81%
4	GLI3(Zf)/Limb-GLI3-ChIP-Chip(GSE11077)/Homer	CGTGGGTGGTCC	1e0	-5.315e-01	1.0000	8.0	0.44%	339.0	0.46%
4	CHR(?)/Hela-CellCycle-Expression/Homer	SRGTTTCAAA	1e0	-5.245e-01	1.0000	174.0	9.63%	7195.7	9.78%
4	NFE2L2(bZIP)/HepG2-NFE2L2-ChIP-Seq(Encode)/Homer	AWWWTGCTGAGTCAT	1e0	-5.143e-01	1.0000	10.0	0.55%	426.5	0.58%
4	PGR(NR)/EndoStromal-PGR-ChIP-Seq(GSE69539)/Homer	AAGAACATWHTGTTC	1e0	-5.068e-01	1.0000	57.0	3.16%	2388.7	3.25%
4	Tbx20(T-box)/Heart-Tbx20-ChIP-Seq(GSE29636)/Homer	GGTGYTGACAGS	1e0	-5.060e-01	1.0000	61.0	3.38%	2554.3	3.47%
4	AMYB(HTH)/Testes-AMYB-ChIP-Seq(GSE44588)/Homer	TGGCAGTTGG	1e0	-5.005e-01	1.0000	391.0	21.65%	16110.4	21.89%
4	Hand2(bHLH)/Mesoderm-Hand2-ChIP-Seq(GSE61475)/Homer	TGACANARRCCAGRC	1e0	-4.925e-01	1.0000	42.0	2.33%	1772.2	2.41%
4	bZIP:IRF(bZIP,IRF)/Th17-BatF-ChIP-Seq(GSE39756)/Homer	NAGTTTCABTHTGACTNW	1e0	-4.900e-01	1.0000	90.0	4.98%	3762.2	5.11%
4	Hnf1(Homeobox)/Liver-Foxa2-Chip-Seq(GSE25694)/Homer	GGTTAAWCATTAA	1e0	-4.855e-01	1.0000	32.0	1.77%	1359.0	1.85%
4	Bach1(bZIP)/K562-Bach1-ChIP-Seq(GSE31477)/Homer	AWWNTGCTGAGTCAT	1e0	-4.532e-01	1.0000	8.0	0.44%	354.0	0.48%
4	Foxo3(Forkhead)/U2OS-Foxo3-ChIP-Seq(E-MTAB-2701)/Homer	DGTAAACA	1e0	-4.514e-01	1.0000	345.0	19.10%	14282.5	19.41%
4	Atf1(bZIP)/K562-ATF1-ChIP-Seq(GSE31477)/Homer	GATGACGTCA	1e0	-4.503e-01	1.0000	296.0	16.39%	12273.1	16.68%
4	GATA3(Zf),DR4/iTreg-Gata3-ChIP-Seq(GSE20898)/Homer	AGATGKDGAGATAAG	1e0	-4.482e-01	1.0000	16.0	0.89%	697.9	0.95%
4	RUNX2(Runt)/PCa-RUNX2-ChIP-Seq(GSE33889)/Homer	NWAACCACADNN	1e0	-4.472e-01	1.0000	151.0	8.36%	6311.3	8.58%
4	Six2(Homeobox)/NephronProgenitor-Six2-ChIP-Seq(GSE39837)/Homer	GWAAYHTGAKMC	1e0	-4.383e-01	1.0000	191.0	10.58%	7968.1	10.83%
4	RARg(NR)/ES-RARg-ChIP-Seq(GSE30538)/Homer	AGGTCAAGGTCA	1e0	-4.338e-01	1.0000	4.0	0.22%	181.8	0.25%
4	Rfx6(HTH)/Min6b1-Rfx6.HA-ChIP-Seq(GSE62844)/Homer	TGTTKCCTAGCAACM	1e0	-4.308e-01	1.0000	107.0	5.92%	4505.8	6.12%
4	PBX1(Homeobox)/MCF7-PBX1-ChIP-Seq(GSE28007)/Homer	GSCTGTCACTCA	1e0	-4.224e-01	1.0000	13.0	0.72%	576.6	0.78%
4	Foxo1(Forkhead)/RAW-Foxo1-ChIP-Seq(Fan_et_al.)/Homer	CTGTTTAC	1e0	-4.201e-01	1.0000	490.0	27.13%	20263.9	27.53%
4	STAT1(Stat)/HelaS3-STAT1-ChIP-Seq(GSE12782)/Homer	NATTTCCNGGAAAT	1e0	-4.142e-01	1.0000	26.0	1.44%	1133.8	1.54%
4	STAT6(Stat)/Macrophage-Stat6-ChIP-Seq(GSE38377)/Homer	TTCCKNAGAA	1e0	-4.095e-01	1.0000	79.0	4.37%	3357.8	4.56%
4	GRE(NR),IR3/RAW264.7-GRE-ChIP-Seq(Unpublished)/Homer	VAGRACAKWCTGTYC	1e0	-4.094e-01	1.0000	41.0	2.27%	1768.4	2.40%
4	Tbox:Smad(T-box,MAD)/ESCd5-Smad2_3-ChIP-Seq(GSE29422)/Homer	AGGTGHCAGACA	1e0	-3.959e-01	1.0000	30.0	1.66%	1310.7	1.78%
4	Hnf6b(Homeobox)/LNCaP-Hnf6b-ChIP-Seq(GSE106305)/Homer	TATTGAYY	1e0	-3.889e-01	1.0000	422.0	23.37%	17520.0	23.81%
4	Nrf2(bZIP)/Lymphoblast-Nrf2-ChIP-Seq(GSE37589)/Homer	HTGCTGAGTCAT	1e0	-3.866e-01	1.0000	5.0	0.28%	234.8	0.32%
4	CUX1(Homeobox)/K562-CUX1-ChIP-Seq(GSE92882)/Homer	TATCGATNAN	1e0	-3.856e-01	1.0000	316.0	17.50%	13171.5	17.90%
4	KLF10(Zf)/HEK293-KLF10.GFP-ChIP-Seq(GSE58341)/Homer	GGGGGTGTGTCC	1e0	-3.832e-01	1.0000	47.0	2.60%	2034.3	2.76%
4	ZNF669(Zf)/HEK293-ZNF669.GFP-ChIP-Seq(GSE58341)/Homer	GARTGGTCATCGCCC	1e0	-3.811e-01	1.0000	8.0	0.44%	369.1	0.50%
4	MYB(HTH)/ERMYB-Myb-ChIPSeq(GSE22095)/Homer	GGCVGTTR	1e0	-3.725e-01	1.0000	478.0	26.47%	19840.1	26.96%
4	RUNX1(Runt)/Jurkat-RUNX1-ChIP-Seq(GSE29180)/Homer	AAACCACARM	1e0	-3.398e-01	1.0000	155.0	8.58%	6576.6	8.94%
4	Six1(Homeobox)/Myoblast-Six1-ChIP-Chip(GSE20150)/Homer	GKVTCADRTTWC	1e0	-3.386e-01	1.0000	48.0	2.66%	2102.1	2.86%
4	ZNF322(Zf)/HEK293-ZNF322.GFP-ChIP-Seq(GSE58341)/Homer	GAGCCTGGTACTGWGCCTGR	1e0	-3.377e-01	1.0000	8.0	0.44%	380.5	0.52%
4	TCF4(bHLH)/SHSY5Y-TCF4-ChIP-Seq(GSE96915)/Homer	SMCATCTGKH	1e0	-3.245e-01	1.0000	171.0	9.47%	7257.8	9.86%
4	GFX(?)/Promoter/Homer	ATTCTCGCGAGA	1e0	-3.230e-01	1.0000	3.0	0.17%	153.7	0.21%
4	ZSCAN22(Zf)/HEK293-ZSCAN22.GFP-ChIP-Seq(GSE58341)/Homer	SMCAGTCWGAKGGAGGAGGC	1e0	-3.088e-01	1.0000	1.0	0.06%	54.7	0.07%
4	RUNX(Runt)/HPC7-Runx1-ChIP-Seq(GSE22178)/Homer	SAAACCACAG	1e0	-3.050e-01	1.0000	118.0	6.53%	5070.4	6.89%
4	CArG(MADS)/PUER-Srf-ChIP-Seq(Sullivan_et_al.)/Homer	CCATATATGGNM	1e0	-2.937e-01	1.0000	48.0	2.66%	2131.6	2.90%
4	EBF2(EBF)/BrownAdipose-EBF2-ChIP-Seq(GSE97114)/Homer	NABTCCCWDGGGAVH	1e0	-2.925e-01	1.0000	50.0	2.77%	2217.8	3.01%
4	Klf9(Zf)/GBM-Klf9-ChIP-Seq(GSE62211)/Homer	GCCACRCCCACY	1e0	-2.869e-01	1.0000	19.0	1.05%	885.5	1.20%
4	SCRT1(Zf)/HEK293-SCRT1.eGFP-ChIP-Seq(Encode)/Homer	GCAACAGGTG	1e0	-2.820e-01	1.0000	65.0	3.60%	2862.4	3.89%
4	HNF1b(Homeobox)/PDAC-HNF1B-ChIP-Seq(GSE64557)/Homer	GTTAATNATTAA	1e0	-2.796e-01	1.0000	43.0	2.38%	1927.4	2.62%
4	AP-2gamma(AP2)/MCF7-TFAP2C-ChIP-Seq(GSE21234)/Homer	SCCTSAGGSCAW	1e0	-2.748e-01	1.0000	49.0	2.71%	2187.9	2.97%
4	Mef2d(MADS)/Retina-Mef2d-ChIP-Seq(GSE61391)/Homer	GCTATTTTTAGC	1e0	-2.697e-01	1.0000	39.0	2.16%	1762.7	2.40%
4	ZNF415(Zf)/HEK293-ZNF415.GFP-ChIP-Seq(GSE58341)/Homer	GRTGMTRGAGCC	1e0	-2.686e-01	1.0000	24.0	1.33%	1113.4	1.51%
4	AP-2alpha(AP2)/Hela-AP2alpha-ChIP-Seq(GSE31477)/Homer	ATGCCCTGAGGC	1e0	-2.595e-01	1.0000	34.0	1.88%	1553.6	2.11%
4	GATA(Zf),IR3/iTreg-Gata3-ChIP-Seq(GSE20898)/Homer	NNNNNBAGATAWYATCTVHN	1e0	-2.544e-01	1.0000	27.0	1.50%	1252.4	1.70%
4	KLF5(Zf)/LoVo-KLF5-ChIP-Seq(GSE49402)/Homer	DGGGYGKGGC	1e0	-2.530e-01	1.0000	79.0	4.37%	3481.3	4.73%
4	Egr1(Zf)/K562-Egr1-ChIP-Seq(GSE32465)/Homer	TGCGTGGGYG	1e0	-2.528e-01	1.0000	36.0	1.99%	1644.1	2.23%
4	FOXA1:AR(Forkhead,NR)/LNCAP-AR-ChIP-Seq(GSE27824)/Homer	AGTAAACAAAAAAGAACAND	1e0	-2.517e-01	1.0000	15.0	0.83%	724.0	0.98%
4	BMYB(HTH)/Hela-BMYB-ChIP-Seq(GSE27030)/Homer	NHAACBGYYV	1e0	-2.495e-01	1.0000	411.0	22.76%	17295.4	23.50%
4	E2F3(E2F)/MEF-E2F3-ChIP-Seq(GSE71376)/Homer	BTKGGCGGGAAA	1e0	-2.491e-01	1.0000	38.0	2.10%	1733.6	2.36%
4	HINFP(Zf)/K562-HINFP.eGFP-ChIP-Seq(Encode)/Homer	TWVGGTCCGC	1e0	-2.413e-01	1.0000	21.0	1.16%	996.0	1.35%
4	GFY(?)/Promoter/Homer	ACTACAATTCCC	1e0	-2.396e-01	1.0000	4.0	0.22%	220.1	0.30%
4	Bcl6(Zf)/Liver-Bcl6-ChIP-Seq(GSE31578)/Homer	NNNCTTTCCAGGAAA	1e0	-2.393e-01	1.0000	109.0	6.04%	4763.1	6.47%
4	PU.1-IRF(ETS:IRF)/Bcell-PU.1-ChIP-Seq(GSE21512)/Homer	MGGAAGTGAAAC	1e0	-2.387e-01	1.0000	141.0	7.81%	6109.6	8.30%
4	Duxbl(Homeobox)/NIH3T3-Duxbl.HA-ChIP-Seq(GSE119782)/Homer	TAAYCYAATCAA	1e0	-2.252e-01	1.0000	24.0	1.33%	1138.3	1.55%
4	Pknox1(Homeobox)/ES-Prep1-ChIP-Seq(GSE63282)/Homer	SCTGTCAVTCAV	1e0	-2.221e-01	1.0000	52.0	2.88%	2358.3	3.20%
4	Ets1-distal(ETS)/CD4+-PolII-ChIP-Seq(Barski_et_al.)/Homer	MACAGGAAGT	1e0	-2.162e-01	1.0000	37.0	2.05%	1714.9	2.33%
4	STAT4(Stat)/CD4-Stat4-ChIP-Seq(GSE22104)/Homer	NYTTCCWGGAAR	1e0	-2.085e-01	1.0000	109.0	6.04%	4801.5	6.52%
4	RUNX-AML(Runt)/CD4+-PolII-ChIP-Seq(Barski_et_al.)/Homer	GCTGTGGTTW	1e0	-2.049e-01	1.0000	110.0	6.09%	4848.8	6.59%
4	Meis1(Homeobox)/MastCells-Meis1-ChIP-Seq(GSE48085)/Homer	VGCTGWCAVB	1e0	-2.039e-01	1.0000	379.0	20.99%	16068.8	21.83%
4	Tgif1(Homeobox)/mES-Tgif1-ChIP-Seq(GSE55404)/Homer	YTGWCADY	1e0	-2.028e-01	1.0000	928.0	51.38%	38577.1	52.42%
4	PRDM15(Zf)/ESC-Prdm15-ChIP-Seq(GSE73694)/Homer	YCCDNTCCAGGTTTT	1e0	-1.827e-01	1.0000	106.0	5.87%	4709.8	6.40%
4	KLF3(Zf)/MEF-Klf3-ChIP-Seq(GSE44748)/Homer	NRGCCCCRCCCHBNN	1e0	-1.761e-01	1.0000	21.0	1.16%	1037.7	1.41%
4	Foxf1(Forkhead)/Lung-Foxf1-ChIP-Seq(GSE77951)/Homer	WWATRTAAACAN	1e0	-1.727e-01	1.0000	339.0	18.77%	14483.0	19.68%
4	IRF3(IRF)/BMDM-Irf3-ChIP-Seq(GSE67343)/Homer	AGTTTCAKTTTC	1e0	-1.706e-01	1.0000	40.0	2.21%	1885.7	2.56%
4	NFAT:AP1(RHD,bZIP)/Jurkat-NFATC1-ChIP-Seq(Jolma_et_al.)/Homer	SARTGGAAAAWRTGAGTCAB	1e0	-1.678e-01	1.0000	18.0	1.00%	907.4	1.23%
4	Rbpj1(?)/Panc1-Rbpj1-ChIP-Seq(GSE47459)/Homer	HTTTCCCASG	1e0	-1.606e-01	1.0000	145.0	8.03%	6397.4	8.69%
4	ZNF768(Zf)/Rajj-ZNF768-ChIP-Seq(GSE111879)/Homer	RHHCAGAGAGGB	1e0	-1.594e-01	1.0000	1.0	0.06%	78.2	0.11%
4	IRF8(IRF)/BMDM-IRF8-ChIP-Seq(GSE77884)/Homer	GRAASTGAAAST	1e0	-1.569e-01	1.0000	40.0	2.21%	1899.7	2.58%
4	HOXA2(Homeobox)/mES-Hoxa2-ChIP-Seq(Donaldson_et_al.)/Homer	GYCATCMATCAT	1e0	-1.525e-01	1.0000	19.0	1.05%	964.3	1.31%
4	GATA(Zf),IR4/iTreg-Gata3-ChIP-Seq(GSE20898)/Homer	NAGATWNBNATCTNN	1e0	-1.461e-01	1.0000	12.0	0.66%	644.8	0.88%
4	NFkB-p50,p52(RHD)/Monocyte-p50-ChIP-Chip(Schreiber_et_al.)/Homer	GGGGGAATCCCC	1e0	-1.419e-01	1.0000	3.0	0.17%	200.9	0.27%
4	VDR(NR),DR3/GM10855-VDR+vitD-ChIP-Seq(GSE22484)/Homer	ARAGGTCANWGAGTTCANNN	1e0	-1.407e-01	1.0000	26.0	1.44%	1292.7	1.76%
4	E2A(bHLH),near_PU.1/Bcell-PU.1-ChIP-Seq(GSE21512)/Homer	NVCACCTGBN	1e0	-1.386e-01	1.0000	133.0	7.36%	5930.6	8.06%
4	MNT(bHLH)/HepG2-MNT-ChIP-Seq(Encode)/Homer	DGCACACGTG	1e0	-1.312e-01	1.0000	179.0	9.91%	7894.0	10.73%
4	ISRE(IRF)/ThioMac-LPS-Expression(GSE23622)/Homer	AGTTTCASTTTC	1e0	-1.292e-01	1.0000	7.0	0.39%	413.9	0.56%
4	HRE(HSF)/Striatum-HSF1-ChIP-Seq(GSE38000)/Homer	TTCTAGAABNTTCTA	1e0	-1.278e-01	1.0000	10.0	0.55%	561.8	0.76%
4	RAR:RXR(NR),DR0/ES-RAR-ChIP-Seq(GSE56893)/Homer	AGGTCAAGGTCA	1e0	-1.240e-01	1.0000	11.0	0.61%	612.5	0.83%
4	EWS:ERG-fusion(ETS)/CADO_ES1-EWS:ERG-ChIP-Seq(SRA014231)/Homer	ATTTCCTGTN	1e0	-1.202e-01	1.0000	84.0	4.65%	3867.8	5.26%
4	IRF1(IRF)/PBMC-IRF1-ChIP-Seq(GSE43036)/Homer	GAAAGTGAAAGT	1e0	-1.144e-01	1.0000	18.0	1.00%	951.2	1.29%
4	CREB5(bZIP)/LNCaP-CREB5.V5-ChIP-Seq(GSE137775)/Homer	VVATGACGTCAT	1e0	-1.115e-01	1.0000	161.0	8.91%	7180.9	9.76%
4	E2F7(E2F)/Hela-E2F7-ChIP-Seq(GSE32673)/Homer	VDTTTCCCGCCA	1e0	-1.112e-01	1.0000	11.0	0.61%	623.0	0.85%
4	IRF2(IRF)/Erythroblas-IRF2-ChIP-Seq(GSE36985)/Homer	GAAASYGAAASY	1e0	-1.111e-01	1.0000	14.0	0.78%	766.7	1.04%
4	ZNF341(Zf)/EBV-ZNF341-ChIP-Seq(GSE113194)/Homer	GGAACAGCCG	1e0	-1.086e-01	1.0000	58.0	3.21%	2755.3	3.74%
4	ZBTB33(Zf)/GM12878-ZBTB33-ChIP-Seq(GSE32465)/Homer	GGVTCTCGCGAGAAC	1e0	-1.086e-01	1.0000	3.0	0.17%	215.9	0.29%
4	Snail1(Zf)/LS174T-SNAIL1.HA-ChIP-Seq(GSE127183)/Homer	TRCACCTGCY	1e0	-1.033e-01	1.0000	80.0	4.43%	3726.2	5.06%
4	SCL(bHLH)/HPC7-Scl-ChIP-Seq(GSE13511)/Homer	AVCAGCTG	1e0	-1.027e-01	1.0000	533.0	29.51%	22735.5	30.89%
4	MafF(bZIP)/HepG2-MafF-ChIP-Seq(GSE31477)/Homer	HWWGTCAGCAWWTTT	1e0	-9.989e-02	1.0000	51.0	2.82%	2461.6	3.34%
4	HOXA1(Homeobox)/mES-Hoxa1-ChIP-Seq(SRP084292)/Homer	TGATKGATGR	1e0	-9.881e-02	1.0000	56.0	3.10%	2684.1	3.65%
4	ZNF382(Zf)/HEK293-ZNF382.GFP-ChIP-Seq(GSE58341)/Homer	GNCTGTASTRNTGBCTCHTT	1e0	-9.579e-02	1.0000	2.0	0.11%	163.8	0.22%
4	HOXB13(Homeobox)/ProstateTumor-HOXB13-ChIP-Seq(GSE56288)/Homer	TTTTATKRGG	1e0	-9.527e-02	1.0000	240.0	13.29%	10567.7	14.36%
4	SF1(NR)/H295R-Nr5a1-ChIP-Seq(GSE44220)/Homer	CAAGGHCANV	1e0	-9.209e-02	1.0000	68.0	3.77%	3225.4	4.38%
4	FOXP1(Forkhead)/H9-FOXP1-ChIP-Seq(GSE31006)/Homer	NYYTGTTTACHN	1e0	-8.720e-02	1.0000	184.0	10.19%	8227.2	11.18%
4	PRDM9(Zf)/Testis-DMC1-ChIP-Seq(GSE35498)/Homer	ADGGYAGYAGCATCT	1e0	-8.655e-02	1.0000	33.0	1.83%	1676.7	2.28%
4	OCT:OCT(POU,Homeobox,IR1)/NPC-Brn2-ChIP-Seq(GSE35496)/Homer	ATGAATWATTCATGA	1e0	-8.614e-02	1.0000	11.0	0.61%	645.2	0.88%
4	ZEB2(Zf)/SNU398-ZEB2-ChIP-Seq(GSE103048)/Homer	GNMCAGGTGTGC	1e0	-8.178e-02	1.0000	94.0	5.20%	4384.4	5.96%
4	Brachyury(T-box)/Mesoendoderm-Brachyury-ChIP-exo(GSE54963)/Homer	ANTTMRCASBNNNGTGYKAAN	1e0	-8.009e-02	1.0000	64.0	3.54%	3075.1	4.18%
4	ZNF519(Zf)/HEK293-ZNF519.GFP-ChIP-Seq(GSE58341)/Homer	GAGSCCGAGC	1e0	-7.953e-02	1.0000	2.0	0.11%	172.2	0.23%
4	Mef2c(MADS)/GM12878-Mef2c-ChIP-Seq(GSE32465)/Homer	DCYAAAAATAGM	1e0	-7.451e-02	1.0000	70.0	3.88%	3353.2	4.56%
4	NeuroD1(bHLH)/Islet-NeuroD1-ChIP-Seq(GSE30298)/Homer	GCCATCTGTT	1e0	-7.407e-02	1.0000	69.0	3.82%	3310.5	4.50%
4	Slug(Zf)/Mesoderm-Snai2-ChIP-Seq(GSE61475)/Homer	SNGCACCTGCHS	1e0	-7.362e-02	1.0000	40.0	2.21%	2017.3	2.74%
4	IRF4(IRF)/GM12878-IRF4-ChIP-Seq(GSE32465)/Homer	ACTGAAACCA	1e0	-7.340e-02	1.0000	82.0	4.54%	3883.3	5.28%
4	BATF(bZIP)/Th17-BATF-ChIP-Seq(GSE39756)/Homer	DATGASTCAT	1e0	-6.995e-02	1.0000	101.0	5.59%	4722.4	6.42%
4	Bach2(bZIP)/OCILy7-Bach2-ChIP-Seq(GSE44420)/Homer	TGCTGAGTCA	1e0	-6.168e-02	1.0000	16.0	0.89%	921.5	1.25%
4	ZBTB12(Zf)/HEK293-ZBTB12.GFP-ChIP-Seq(GSE58341)/Homer	NGNTCTAGAACCNGV	1e0	-6.168e-02	1.0000	16.0	0.89%	922.0	1.25%
4	RORg(NR)/Liver-Rorc-ChIP-Seq(GSE101115)/Homer	WAABTAGGTCAV	1e0	-6.085e-02	1.0000	20.0	1.11%	1115.4	1.52%
4	Atf7(bZIP)/3T3L1-Atf7-ChIP-Seq(GSE56872)/Homer	NGRTGACGTCAY	1e0	-5.988e-02	1.0000	172.0	9.52%	7820.0	10.63%
4	NeuroG2(bHLH)/Fibroblast-NeuroG2-ChIP-Seq(GSE75910)/Homer	ACCATCTGTT	1e0	-5.527e-02	1.0000	177.0	9.80%	8054.4	10.94%
4	Jun-AP1(bZIP)/K562-cJun-ChIP-Seq(GSE31477)/Homer	GATGASTCATCN	1e0	-5.473e-02	1.0000	22.0	1.22%	1222.9	1.66%
4	Nr5a2(NR)/mES-Nr5a2-ChIP-Seq(GSE19019)/Homer	BTCAAGGTCA	1e0	-5.417e-02	1.0000	57.0	3.16%	2831.7	3.85%
4	E2F(E2F)/Hela-CellCycle-Expression/Homer	TTSGCGCGAAAA	1e0	-5.401e-02	1.0000	8.0	0.44%	531.2	0.72%
4	Six4(Homeobox)/MCF7-SIX4-ChIP-Seq(Encode)/Homer	TGWAAYCTGABACCB	1e0	-5.264e-02	1.0000	6.0	0.33%	426.7	0.58%
4	Bcl11a(Zf)/HSPC-BCL11A-ChIP-Seq(GSE104676)/Homer	TYTGACCASWRG	1e0	-5.214e-02	1.0000	75.0	4.15%	3640.7	4.95%
4	Twist(bHLH)/HMLE-TWIST1-ChIP-Seq(Chang_et_al)/Homer	VCAKCTGGNNNCCAGMTGBN	1e0	-4.679e-02	1.0000	4.0	0.22%	321.3	0.44%
4	ZNF189(Zf)/HEK293-ZNF189.GFP-ChIP-Seq(GSE58341)/Homer	TGGAACAGMA	1e0	-4.675e-02	1.0000	65.0	3.60%	3214.0	4.37%
4	c-Myc(bHLH)/mES-cMyc-ChIP-Seq(GSE11431)/Homer	VVCCACGTGG	1e0	-3.849e-02	1.0000	36.0	1.99%	1923.7	2.61%
4	ZEB1(Zf)/PDAC-ZEB1-ChIP-Seq(GSE64557)/Homer	VCAGGTRDRY	1e0	-3.831e-02	1.0000	203.0	11.24%	9263.7	12.59%
4	OCT:OCT-short(POU,Homeobox)/NPC-OCT6-ChIP-Seq(GSE43916)/Homer	ATGCATWATGCATRW	1e0	-3.739e-02	1.0000	249.0	13.79%	11231.6	15.26%
4	Tgif2(Homeobox)/mES-Tgif2-ChIP-Seq(GSE55404)/Homer	TGTCANYT	1e0	-3.336e-02	1.0000	901.0	49.89%	38290.4	52.03%
4	Reverb(NR),DR2/RAW-Reverba.biotin-ChIP-Seq(GSE45914)/Homer	GTRGGTCASTGGGTCA	1e0	-3.322e-02	1.0000	8.0	0.44%	567.3	0.77%
4	Ascl1(bHLH)/NeuralTubes-Ascl1-ChIP-Seq(GSE55840)/Homer	NNVVCAGCTGBN	1e0	-3.214e-02	1.0000	121.0	6.70%	5760.6	7.83%
4	HIF-1b(HLH)/T47D-HIF1b-ChIP-Seq(GSE59937)/Homer	RTACGTGC	1e0	-3.197e-02	1.0000	253.0	14.01%	11445.9	15.55%
4	CDX4(Homeobox)/ZebrafishEmbryos-Cdx4.Myc-ChIP-Seq(GSE48254)/Homer	NGYCATAAAWCH	1e0	-3.165e-02	1.0000	197.0	10.91%	9055.1	12.30%
4	IRF:BATF(IRF:bZIP)/pDC-Irf8-ChIP-Seq(GSE66899)/Homer	CTTTCANTATGACTV	1e0	-3.052e-02	1.0000	21.0	1.16%	1236.9	1.68%
4	Fosl2(bZIP)/3T3L1-Fosl2-ChIP-Seq(GSE56872)/Homer	NATGASTCABNN	1e0	-2.656e-02	1.0000	35.0	1.94%	1923.5	2.61%
4	Twist2(bHLH)/Myoblast-Twist2.Ty1-ChIP-Seq(GSE127998)/Homer	MCAGCTGBYH	1e0	-2.594e-02	1.0000	188.0	10.41%	8717.7	11.85%
4	Myf5(bHLH)/GM-Myf5-ChIP-Seq(GSE24852)/Homer	BAACAGCTGT	1e0	-2.530e-02	1.0000	75.0	4.15%	3766.5	5.12%
4	Ascl2(bHLH)/ESC-Ascl2-ChIP-Seq(GSE97712)/Homer	SSRGCAGCTGCH	1e0	-2.500e-02	1.0000	94.0	5.20%	4618.1	6.27%
4	Pbx3(Homeobox)/GM12878-PBX3-ChIP-Seq(GSE32465)/Homer	SCTGTCAMTCAN	1e0	-2.468e-02	1.0000	44.0	2.44%	2354.3	3.20%
4	Pit1+1bp(Homeobox)/GCrat-Pit1-ChIP-Seq(GSE58009)/Homer	ATGCATAATTCA	1e0	-2.323e-02	1.0000	116.0	6.42%	5606.9	7.62%
4	Atf3(bZIP)/GBM-ATF3-ChIP-Seq(GSE33912)/Homer	DATGASTCATHN	1e0	-2.232e-02	1.0000	101.0	5.59%	4950.6	6.73%
4	RORgt(NR)/EL4-RORgt.Flag-ChIP-Seq(GSE56019)/Homer	AAYTAGGTCA	1e0	-2.194e-02	1.0000	27.0	1.50%	1563.6	2.12%
4	RORgt(NR)/EL4-RORgt.Flag-ChIP-Seq(GSE56019)/Homer	AAYTAGGTCA	1e0	-2.194e-02	1.0000	27.0	1.50%	1563.6	2.12%
4	SPDEF(ETS)/VCaP-SPDEF-ChIP-Seq(SRA014231)/Homer	ASWTCCTGBT	1e0	-2.194e-02	1.0000	103.0	5.70%	5042.0	6.85%
4	EWS:FLI1-fusion(ETS)/SK_N_MC-EWS:FLI1-ChIP-Seq(SRA014231)/Homer	VACAGGAAAT	1e0	-2.160e-02	1.0000	58.0	3.21%	3019.7	4.10%
4	HNF6(Homeobox)/Liver-Hnf6-ChIP-Seq(ERP000394)/Homer	NTATYGATCH	1e0	-1.993e-02	1.0000	247.0	13.68%	11316.9	15.38%
4	HIF2a(bHLH)/785_O-HIF2a-ChIP-Seq(GSE34871)/Homer	GCACGTACCC	1e0	-1.987e-02	1.0000	77.0	4.26%	3896.7	5.29%
4	GABPA(ETS)/Jurkat-GABPa-ChIP-Seq(GSE17954)/Homer	RACCGGAAGT	1e0	-1.942e-02	1.0000	95.0	5.26%	4708.8	6.40%
4	E2F1(E2F)/Hela-E2F1-ChIP-Seq(GSE22478)/Homer	CWGGCGGGAA	1e0	-1.839e-02	1.0000	12.0	0.66%	826.3	1.12%
4	PU.1:IRF8(ETS:IRF)/pDC-Irf8-ChIP-Seq(GSE66899)/Homer	GGAAGTGAAAST	1e0	-1.770e-02	1.0000	15.0	0.83%	986.4	1.34%
4	Pitx1:Ebox(Homeobox,bHLH)/Hindlimb-Pitx1-ChIP-Seq(GSE41591)/Homer	YTAATTRAWWCCAGATGT	1e0	-1.569e-02	1.0000	27.0	1.50%	1599.1	2.17%
4	DMRT1(DM)/Testis-DMRT1-ChIP-Seq(GSE64892)/Homer	TWGHWACAWTGTWDC	1e0	-1.467e-02	1.0000	70.0	3.88%	3626.1	4.93%
4	Stat3+il21(Stat)/CD4-Stat3-ChIP-Seq(GSE19198)/Homer	SVYTTCCNGGAARB	1e0	-1.414e-02	1.0000	50.0	2.77%	2708.9	3.68%
4	BHLHA15(bHLH)/NIH3T3-BHLHB8.HA-ChIP-Seq(GSE119782)/Homer	NAMCAGCTGK	1e0	-1.286e-02	1.0000	130.0	7.20%	6339.8	8.61%
4	Stat3(Stat)/mES-Stat3-ChIP-Seq(GSE11431)/Homer	CTTCCGGGAA	1e0	-1.227e-02	1.0000	29.0	1.61%	1723.6	2.34%
4	TEAD(TEA)/Fibroblast-PU.1-ChIP-Seq(Unpublished)/Homer	YCWGGAATGY	1e0	-1.194e-02	1.0000	98.0	5.43%	4927.4	6.70%
4	JunB(bZIP)/DendriticCells-Junb-ChIP-Seq(GSE36099)/Homer	RATGASTCAT	1e0	-1.159e-02	1.0000	76.0	4.21%	3936.8	5.35%
4	Nr5a2(NR)/Pancreas-LRH1-ChIP-Seq(GSE34295)/Homer	BTCAAGGTCA	1e0	-1.122e-02	1.0000	91.0	5.04%	4622.5	6.28%
4	Max(bHLH)/K562-Max-ChIP-Seq(GSE31477)/Homer	RCCACGTGGYYN	1e0	-1.110e-02	1.0000	82.0	4.54%	4217.0	5.73%
4	Fra2(bZIP)/Striatum-Fra2-ChIP-Seq(GSE43429)/Homer	GGATGACTCATC	1e0	-1.032e-02	1.0000	61.0	3.38%	3263.4	4.43%
4	Fos(bZIP)/TSC-Fos-ChIP-Seq(GSE110950)/Homer	NDATGASTCAYN	1e0	-1.022e-02	1.0000	95.0	5.26%	4818.1	6.55%
4	PRDM10(Zf)/HEK293-PRDM10.eGFP-ChIP-Seq(Encode)/Homer	TGGTACATTCCA	1e0	-1.017e-02	1.0000	57.0	3.16%	3079.6	4.18%
4	n-Myc(bHLH)/mES-nMyc-ChIP-Seq(GSE11431)/Homer	VRCCACGTGG	1e0	-9.935e-03	1.0000	67.0	3.71%	3546.8	4.82%
4	TEAD3(TEA)/HepG2-TEAD3-ChIP-Seq(Encode)/Homer	TRCATTCCAG	1e0	-9.201e-03	1.0000	195.0	10.80%	9257.1	12.58%
4	Atoh1(bHLH)/Cerebellum-Atoh1-ChIP-Seq(GSE22111)/Homer	VNRVCAGCTGGY	1e0	-9.107e-03	1.0000	84.0	4.65%	4338.7	5.90%
4	HIF-1a(bHLH)/MCF7-HIF1a-ChIP-Seq(GSE28352)/Homer	TACGTGCV	1e0	-8.548e-03	1.0000	49.0	2.71%	2726.6	3.70%
4	TEAD1(TEAD)/HepG2-TEAD1-ChIP-Seq(Encode)/Homer	CYRCATTCCA	1e0	-8.272e-03	1.0000	138.0	7.64%	6778.0	9.21%
4	Etv2(ETS)/ES-ER71-ChIP-Seq(GSE59402)/Homer	NNAYTTCCTGHN	1e0	-8.230e-03	1.0000	80.0	4.43%	4171.2	5.67%
4	E2F4(E2F)/K562-E2F4-ChIP-Seq(GSE31477)/Homer	GGCGGGAAAH	1e0	-8.230e-03	1.0000	44.0	2.44%	2493.6	3.39%
4	Elk1(ETS)/Hela-Elk1-ChIP-Seq(GSE31477)/Homer	HACTTCCGGY	1e0	-7.367e-03	1.0000	74.0	4.10%	3913.0	5.32%
4	Olig2(bHLH)/Neuron-Olig2-ChIP-Seq(GSE30882)/Homer	RCCATMTGTT	1e0	-7.246e-03	1.0000	265.0	14.67%	12338.2	16.76%
4	Cux2(Homeobox)/Liver-Cux2-ChIP-Seq(GSE35985)/Homer	HNRAATCAAT	1e0	-6.894e-03	1.0000	194.0	10.74%	9275.7	12.60%
4	Hoxc9(Homeobox)/Ainv15-Hoxc9-ChIP-Seq(GSE21812)/Homer	GGCCATAAATCA	1e0	-6.402e-03	1.0000	108.0	5.98%	5482.6	7.45%
4	ETV4(ETS)/HepG2-ETV4-ChIP-Seq(ENCODE)/Homer	ACCGGAAGTG	1e0	-5.722e-03	1.0000	113.0	6.26%	5726.8	7.78%
4	ERG(ETS)/VCaP-ERG-ChIP-Seq(GSE14097)/Homer	ACAGGAAGTG	1e0	-5.046e-03	1.0000	137.0	7.59%	6824.0	9.27%
4	NF1(CTF)/LNCAP-NF1-ChIP-Seq(Unpublished)/Homer	CYTGGCABNSTGCCAR	1e0	-4.974e-03	1.0000	23.0	1.27%	1511.9	2.05%
4	ETS1(ETS)/Jurkat-ETS1-ChIP-Seq(GSE17954)/Homer	ACAGGAAGTG	1e0	-4.954e-03	1.0000	97.0	5.37%	5026.0	6.83%
4	ETS(ETS)/Promoter/Homer	AACCGGAAGT	1e0	-4.877e-03	1.0000	37.0	2.05%	2214.0	3.01%
4	HEB(bHLH)/mES-Heb-ChIP-Seq(GSE53233)/Homer	VCAGCTGBNN	1e0	-4.750e-03	1.0000	162.0	8.97%	7944.5	10.79%
4	RAR:RXR(NR),DR5/ES-RAR-ChIP-Seq(GSE56893)/Homer	RGGTCADNNAGAGGTCAV	1e0	-4.520e-03	1.0000	2.0	0.11%	307.3	0.42%
4	DMRT6(DM)/Testis-DMRT6-ChIP-Seq(GSE60440)/Homer	YDGHTACAWTGTADC	1e0	-4.251e-03	1.0000	51.0	2.82%	2908.0	3.95%
4	OCT:OCT(POU,Homeobox)/NPC-OCT6-ChIP-Seq(GSE43916)/Homer	YATGCATATRCATRT	1e0	-3.943e-03	1.0000	23.0	1.27%	1532.3	2.08%
4	NPAS2(bHLH)/Liver-NPAS2-ChIP-Seq(GSE39860)/Homer	KCCACGTGAC	1e0	-2.884e-03	1.0000	157.0	8.69%	7814.2	10.62%
4	Tcf21(bHLH)/ArterySmoothMuscle-Tcf21-ChIP-Seq(GSE61369)/Homer	NAACAGCTGG	1e0	-2.847e-03	1.0000	81.0	4.49%	4371.0	5.94%
4	AP-1(bZIP)/ThioMac-PU.1-ChIP-Seq(GSE21512)/Homer	VTGACTCATC	1e0	-2.627e-03	1.0000	104.0	5.76%	5442.4	7.39%
4	Fra1(bZIP)/BT549-Fra1-ChIP-Seq(GSE46166)/Homer	NNATGASTCATH	1e0	-2.522e-03	1.0000	78.0	4.32%	4248.3	5.77%
4	c-Myc(bHLH)/LNCAP-cMyc-ChIP-Seq(Unpublished)/Homer	VCCACGTG	1e0	-2.503e-03	1.0000	55.0	3.05%	3162.8	4.30%
4	c-Jun-CRE(bZIP)/K562-cJun-ChIP-Seq(GSE31477)/Homer	ATGACGTCATCY	1e0	-2.176e-03	1.0000	81.0	4.49%	4408.9	5.99%
4	RORa(NR)/Liver-Rora-ChIP-Seq(GSE101115)/Homer	AAWCTAGGTCARDNN	1e0	-1.945e-03	1.0000	18.0	1.00%	1327.1	1.80%
4	PBX2(Homeobox)/K562-PBX2-ChIP-Seq(Encode)/Homer	RTGATTKATRGN	1e0	-1.717e-03	1.0000	209.0	11.57%	10210.8	13.87%
4	ELF1(ETS)/Jurkat-ELF1-ChIP-Seq(SRA014231)/Homer	AVCCGGAAGT	1e0	-1.701e-03	1.0000	50.0	2.77%	2966.0	4.03%
4	Atf2(bZIP)/3T3L1-Atf2-ChIP-Seq(GSE56872)/Homer	NRRTGACGTCAT	1e0	-1.685e-03	1.0000	97.0	5.37%	5186.1	7.05%
4	E2A(bHLH)/proBcell-E2A-ChIP-Seq(GSE21978)/Homer	DNRCAGCTGY	1e0	-1.532e-03	1.0000	113.0	6.26%	5935.4	8.06%
4	ELF3(ETS)/PDAC-ELF3-ChIP-Seq(GSE64557)/Homer	ANCAGGAAGT	1e0	-1.220e-03	1.0000	59.0	3.27%	3439.9	4.67%
4	OCT4-SOX2-TCF-NANOG(POU,Homeobox,HMG)/mES-Oct4-ChIP-Seq(GSE11431)/Homer	ATTTGCATAACAATG	1e0	-1.216e-03	1.0000	160.0	8.86%	8098.5	11.00%
4	TEAD2(TEA)/Py2T-Tead2-ChIP-Seq(GSE55709)/Homer	CCWGGAATGY	1e0	-1.041e-03	1.0000	56.0	3.10%	3312.1	4.50%
4	Tcf12(bHLH)/GM12878-Tcf12-ChIP-Seq(GSE32465)/Homer	VCAGCTGYTG	1e0	-1.021e-03	1.0000	68.0	3.77%	3892.8	5.29%
4	Ptf1a(bHLH)/Panc1-Ptf1a-ChIP-Seq(GSE47459)/Homer	ACAGCTGTTN	1e0	-9.870e-04	1.0000	278.0	15.39%	13334.4	18.12%
4	OCT:OCT(POU,Homeobox)/NPC-Brn1-ChIP-Seq(GSE35496)/Homer	ATGAATATTCATGAG	1e0	-8.380e-04	1.0000	3.0	0.17%	465.9	0.63%
4	bHLHE40(bHLH)/HepG2-BHLHE40-ChIP-Seq(GSE31477)/Homer	KCACGTGMCN	1e0	-7.140e-04	1.0000	39.0	2.16%	2510.9	3.41%
4	MyoD(bHLH)/Myotube-MyoD-ChIP-Seq(GSE21614)/Homer	RRCAGCTGYTSY	1e0	-6.780e-04	1.0000	48.0	2.66%	2966.6	4.03%
4	ELF5(ETS)/T47D-ELF5-ChIP-Seq(GSE30407)/Homer	ACVAGGAAGT	1e0	-6.160e-04	1.0000	66.0	3.65%	3856.3	5.24%
4	ERRg(NR)/Kidney-ESRRG-ChIP-Seq(GSE104905)/Homer	GTGACCTTGRVN	1e0	-6.160e-04	1.0000	153.0	8.47%	7894.3	10.73%
4	TEAD4(TEA)/Tropoblast-Tead4-ChIP-Seq(GSE37350)/Homer	CCWGGAATGY	1e0	-6.070e-04	1.0000	98.0	5.43%	5374.7	7.30%
4	USF1(bHLH)/GM12878-Usf1-ChIP-Seq(GSE32465)/Homer	SGTCACGTGR	1e0	-5.290e-04	1.0000	67.0	3.71%	3922.3	5.33%
4	LXRE(NR),DR4/RAW-LXRb.biotin-ChIP-Seq(GSE21512)/Homer	RGGTTACTANAGGTCA	1e0	-5.290e-04	1.0000	6.0	0.33%	704.8	0.96%
4	Brn2(POU,Homeobox)/NPC-Brn2-ChIP-Seq(GSE35496)/Homer	ATGAATATTC	1e0	-5.140e-04	1.0000	35.0	1.94%	2337.2	3.18%
4	MyoG(bHLH)/C2C12-MyoG-ChIP-Seq(GSE36024)/Homer	AACAGCTG	1e0	-5.110e-04	1.0000	97.0	5.37%	5350.5	7.27%
4	Elf4(ETS)/BMDM-Elf4-ChIP-Seq(GSE88699)/Homer	ACTTCCKGKT	1e0	-4.700e-04	1.0000	82.0	4.54%	4654.1	6.32%
4	Ap4(bHLH)/AML-Tfap4-ChIP-Seq(GSE45738)/Homer	NAHCAGCTGD	1e0	-4.650e-04	1.0000	111.0	6.15%	6015.3	8.17%
4	THRa(NR)/C17.2-THRa-ChIP-Seq(GSE38347)/Homer	GGTCANYTGAGGWCA	1e0	-4.540e-04	1.0000	30.0	1.66%	2088.7	2.84%
4	EHF(ETS)/LoVo-EHF-ChIP-Seq(GSE49402)/Homer	AVCAGGAAGT	1e0	-3.420e-04	1.0000	111.0	6.15%	6057.7	8.23%
4	Fli1(ETS)/CD8-FLI-ChIP-Seq(GSE20898)/Homer	NRYTTCCGGH	1e0	-3.270e-04	1.0000	123.0	6.81%	6619.6	8.99%
4	Pit1(Homeobox)/GCrat-Pit1-ChIP-Seq(GSE58009)/Homer	ATGMATATDC	1e0	-2.950e-04	1.0000	322.0	17.83%	15483.8	21.04%
4	ETV1(ETS)/GIST48-ETV1-ChIP-Seq(GSE22441)/Homer	AACCGGAAGT	1e0	-2.750e-04	1.0000	127.0	7.03%	6828.3	9.28%
4	Elk4(ETS)/Hela-Elk4-ChIP-Seq(GSE31477)/Homer	NRYTTCCGGY	1e0	-2.560e-04	1.0000	81.0	4.49%	4680.3	6.36%
4	NPAS(bHLH)/Liver-NPAS-ChIP-Seq(GSE39860)/Homer	NVCACGTG	1e0	-2.510e-04	1.0000	288.0	15.95%	14035.2	19.07%
4	CLOCK(bHLH)/Liver-Clock-ChIP-Seq(GSE39860)/Homer	GHCACGTG	1e0	-2.270e-04	1.0000	83.0	4.60%	4790.3	6.51%
4	NRF1(NRF)/MCF7-NRF1-ChIP-Seq(Unpublished)/Homer	CTGCGCATGCGC	1e0	-2.140e-04	1.0000	8.0	0.44%	888.8	1.21%
4	Esrrb(NR)/mES-Esrrb-ChIP-Seq(GSE11431)/Homer	KTGACCTTGA	1e0	-1.890e-04	1.0000	137.0	7.59%	7342.6	9.98%
4	BMAL1(bHLH)/Liver-Bmal1-ChIP-Seq(GSE39860)/Homer	GNCACGTG	1e0	-1.600e-04	1.0000	317.0	17.55%	15382.4	20.90%
4	HNF4a(NR),DR1/HepG2-HNF4a-ChIP-Seq(GSE25021)/Homer	CARRGKBCAAAGTYCA	1e0	-1.440e-04	1.0000	73.0	4.04%	4361.8	5.93%
4	Nur77(NR)/K562-NR4A1-ChIP-Seq(GSE31363)/Homer	TGACCTTTNCNT	1e0	-1.370e-04	1.0000	65.0	3.60%	3975.4	5.40%
4	NFY(CCAAT)/Promoter/Homer	RGCCAATSRG	1e0	-7.800e-05	1.0000	210.0	11.63%	10787.3	14.66%
4	E-box(bHLH)/Promoter/Homer	SSGGTCACGTGA	1e0	-5.500e-05	1.0000	9.0	0.50%	1032.5	1.40%
4	NRF(NRF)/Promoter/Homer	STGCGCATGCGC	1e0	-5.100e-05	1.0000	11.0	0.61%	1167.6	1.59%
4	ZNF143|STAF(Zf)/CUTLL-ZNF143-ChIP-Seq(GSE29600)/Homer	ATTTCCCAGVAKSCY	1e0	-4.200e-05	1.0000	14.0	0.78%	1367.4	1.86%
4	Usf2(bHLH)/C2C12-Usf2-ChIP-Seq(GSE36030)/Homer	GTCACGTGGT	1e0	-1.800e-05	1.0000	55.0	3.05%	3674.9	4.99%
4	CRE(bZIP)/Promoter/Homer	CSGTGACGTCAC	1e0	-1.500e-05	1.0000	52.0	2.88%	3536.9	4.81%
4	Erra(NR)/HepG2-Erra-ChIP-Seq(GSE31477)/Homer	CAAAGGTCAG	1e0	-8.000e-06	1.0000	287.0	15.89%	14571.8	19.80%
4	Eomes(T-box)/H9-Eomes-ChIP-Seq(GSE26097)/Homer	ATTAACACCT	1e0	-8.000e-06	1.0000	486.0	26.91%	23216.0	31.54%
4	TFE3(bHLH)/MEF-TFE3-ChIP-Seq(GSE75757)/Homer	GTCACGTGACYV	1e0	-6.000e-06	1.0000	20.0	1.11%	1860.2	2.53%
4	RARa(NR)/K562-RARa-ChIP-Seq(Encode)/Homer	TTGAMCTTTG	1e0	-6.000e-06	1.0000	512.0	28.35%	24381.4	33.13%
4	bHLHE41(bHLH)/proB-Bhlhe41-ChIP-Seq(GSE93764)/Homer	KCACGTGMCN	1e0	-3.000e-06	1.0000	143.0	7.92%	8151.0	11.08%
4	Oct6(POU,Homeobox)/NPC-Pou3f1-ChIP-Seq(GSE35496)/Homer	WATGCAAATGAG	1e0	-2.000e-06	1.0000	222.0	12.29%	11889.6	16.15%
4	Tbr1(T-box)/Cortex-Tbr1-ChIP-Seq(GSE71384)/Homer	AAGGTGTKAA	1e0	-2.000e-06	1.0000	356.0	19.71%	17864.9	24.27%
4	Tbx5(T-box)/HL1-Tbx5.biotin-ChIP-Seq(GSE21529)/Homer	AGGTGTCA	1e0	-2.000e-06	1.0000	534.0	29.57%	25533.3	34.69%
4	JunD(bZIP)/K562-JunD-ChIP-Seq/Homer	ATGACGTCATCN	1e0	-2.000e-06	1.0000	27.0	1.50%	2361.0	3.21%
4	COUP-TFII(NR)/Artia-Nr2f2-ChIP-Seq(GSE46497)/Homer	AGRGGTCA	1e0	-0.000e+00	1.0000	292.0	16.17%	15232.4	20.70%
4	Brn1(POU,Homeobox)/NPC-Brn1-ChIP-Seq(GSE35496)/Homer	TATGCWAATBAV	1e0	-0.000e+00	1.0000	195.0	10.80%	10849.0	14.74%
4	YY1(Zf)/Promoter/Homer	CAAGATGGCGGC	1e0	-0.000e+00	1.0000	10.0	0.55%	1445.1	1.96%
4	THRb(NR)/Liver-NR1A2-ChIP-Seq(GSE52613)/Homer	TRAGGTCA	1e0	-0.000e+00	1.0000	597.0	33.06%	28670.1	38.96%
4	MITF(bHLH)/MastCells-MITF-ChIP-Seq(GSE48085)/Homer	RTCATGTGAC	1e0	-0.000e+00	1.0000	130.0	7.20%	7932.3	10.78%
4	Tbet(T-box)/CD8-Tbet-ChIP-Seq(GSE33802)/Homer	AGGTGTGAAM	1e0	-0.000e+00	1.0000	275.0	15.23%	14730.3	20.01%
4	Oct4(POU,Homeobox)/mES-Oct4-ChIP-Seq(GSE11431)/Homer	ATTTGCATAW	1e0	-0.000e+00	1.0000	246.0	13.62%	13525.0	18.38%
4	THRb(NR)/HepG2-THRb.Flag-ChIP-Seq(Encode)/Homer	GGTCACCTGAGGTCA	1e0	-0.000e+00	1.0000	24.0	1.33%	2498.0	3.39%
4	COUP-TFII(NR)/K562-NR2F1-ChIP-Seq(Encode)/Homer	GKBCARAGGTCA	1e0	-0.000e+00	1.0000	230.0	12.74%	12903.3	17.53%
4	Tbx21(T-box)/GM12878-TBX21-ChIP-Seq(Encode)/Homer	AGGTGTGAAA	1e0	-0.000e+00	1.0000	223.0	12.35%	12687.0	17.24%
4	Oct2(POU,Homeobox)/Bcell-Oct2-ChIP-Seq(GSE21512)/Homer	ATATGCAAAT	1e0	-0.000e+00	1.0000	144.0	7.97%	8977.6	12.20%
4	Oct11(POU,Homeobox)/NCIH1048-POU2F3-ChIP-seq(GSE115123)/Homer	GATTTGCATA	1e0	-0.000e+00	1.0000	182.0	10.08%	10956.8	14.89%
4	PPARa(NR),DR1/Liver-Ppara-ChIP-Seq(GSE47954)/Homer	VNAGGKCAAAGGTCA	1e0	-0.000e+00	1.0000	122.0	6.76%	8195.4	11.14%
4	EAR2(NR)/K562-NR2F6-ChIP-Seq(Encode)/Homer	NRBCARRGGTCA	1e0	-0.000e+00	1.0000	199.0	11.02%	12050.8	16.37%
4	BORIS(Zf)/K562-CTCFL-ChIP-Seq(GSE32465)/Homer	CNNBRGCGCCCCCTGSTGGC	1e0	-0.000e+00	1.0000	3.0	0.17%	1316.4	1.79%
4	Tbx6(T-box)/ESC-Tbx6-ChIP-Seq(GSE93524)/Homer	DAGGTGTBAA	1e0	-0.000e+00	1.0000	199.0	11.02%	12394.0	16.84%
4	TR4(NR),DR1/Hela-TR4-ChIP-Seq(GSE24685)/Homer	GAGGTCAAAGGTCA	1e0	-0.000e+00	1.0000	23.0	1.27%	2997.3	4.07%
4	PPARE(NR),DR1/3T3L1-Pparg-ChIP-Seq(GSE13511)/Homer	TGACCTTTGCCCCA	1e0	-0.000e+00	1.0000	88.0	4.87%	6844.2	9.30%
4	CTCF(Zf)/CD4+-CTCF-ChIP-Seq(Barski_et_al.)/Homer	AYAGTGCCMYCTRGTGGCCA	1e0	-0.000e+00	1.0000	2.0	0.11%	1373.5	1.87%
4	RXR(NR),DR1/3T3L1-RXR-ChIP-Seq(GSE13511)/Homer	TAGGGCAAAGGTCA	1e0	-0.000e+00	1.0000	89.0	4.93%	7109.1	9.66%
4	EBNA1(EBV-virus)/Raji-EBNA1-ChIP-Seq(GSE30709)/Homer	GGYAGCAYDTGCTDCCCNNN	1e0	0.000e+00	1.0000	0.0	0.00%	31.9	0.04%
4	GFY-Staf(?,Zf)/Promoter/Homer	RACTACAATTCCCAGAAKGC	1e0	0.000e+00	1.0000	0.0	0.00%	102.6	0.14%
4	REST-NRSF(Zf)/Jurkat-NRSF-ChIP-Seq/Homer	GGMGCTGTCCATGGTGCTGA	1e0	0.000e+00	1.0000	0.0	0.00%	9.1	0.01%
4	Ronin(THAP)/ES-Thap11-ChIP-Seq(GSE51522)/Homer	RACTACAACTCCCAGVAKGC	1e0	0.000e+00	1.0000	0.0	0.00%	11.7	0.02%
4	T1ISRE(IRF)/ThioMac-Ifnb-Expression/Homer	ACTTTCGTTTCT	1e0	0.000e+00	1.0000	0.0	0.00%	77.6	0.11%
4	ZFP3(Zf)/HEK293-ZFP3.GFP-ChIP-Seq(GSE58341)/Homer	GGGTTTTGAAGGATGARTAGGAGTT	1e0	0.000e+00	1.0000	0.0	0.00%	0.8	0.00%
4	ZNF16(Zf)/HEK293-ZNF16.GFP-ChIP-Seq(GSE58341)/Homer	MACCTTCYATGGCTCCCTAKTGCCY	1e0	0.000e+00	1.0000	0.0	0.00%	10.0	0.01%
4	ZNF528(Zf)/HEK293-ZNF528.GFP-ChIP-Seq(GSE58341)/Homer	AGAAATGACTTCCCT	1e0	0.000e+00	1.0000	0.0	0.00%	22.0	0.03%
5	NFIL3(bZIP)/HepG2-NFIL3-ChIP-Seq(Encode)/Homer	VTTACGTAAYNNNNN	1e-76	-1.766e+02	0.0000	1600.0	42.93%	21108.1	28.61%
5	HLF(bZIP)/HSC-HLF.Flag-ChIP-Seq(GSE69817)/Homer	RTTATGYAAB	1e-60	-1.386e+02	0.0000	1566.0	42.02%	21644.0	29.34%
5	Sox21(HMG)/ESC-SOX21-ChIP-Seq(GSE110505)/Homer	BCCWTTGTBYKV	1e-36	-8.446e+01	0.0000	2051.0	55.03%	32914.4	44.61%
5	p63(p53)/Keratinocyte-p63-ChIP-Seq(GSE17611)/Homer	NNDRCATGYCYNRRCATGYH	1e-36	-8.357e+01	0.0000	401.0	10.76%	4024.3	5.45%
5	Sox3(HMG)/NPC-Sox3-ChIP-Seq(GSE33059)/Homer	CCWTTGTY	1e-35	-8.102e+01	0.0000	2173.0	58.30%	35490.8	48.11%
5	p53(p53)/Saos-p53-ChIP-Seq(GSE15780)/Homer	RRCATGYCYRGRCATGYYYN	1e-31	-7.195e+01	0.0000	239.0	6.41%	2023.7	2.74%
5	p53(p53)/Saos-p53-ChIP-Seq/Homer	RRCATGYCYRGRCATGYYYN	1e-31	-7.195e+01	0.0000	239.0	6.41%	2023.7	2.74%
5	Sox10(HMG)/SciaticNerve-Sox3-ChIP-Seq(GSE35132)/Homer	CCWTTGTYYB	1e-26	-6.063e+01	0.0000	1844.0	49.48%	30080.6	40.77%
5	Atf1(bZIP)/K562-ATF1-ChIP-Seq(GSE31477)/Homer	GATGACGTCA	1e-25	-5.897e+01	0.0000	968.0	25.97%	13948.5	18.91%
5	Sox15(HMG)/CPA-Sox15-ChIP-Seq(GSE62909)/Homer	RAACAATGGN	1e-23	-5.509e+01	0.0000	1525.0	40.92%	24293.2	32.93%
5	Sox6(HMG)/Myotubes-Sox6-ChIP-Seq(GSE32627)/Homer	CCATTGTTNY	1e-23	-5.373e+01	0.0000	2043.0	54.82%	34364.1	46.58%
5	CREB5(bZIP)/LNCaP-CREB5.V5-ChIP-Seq(GSE137775)/Homer	VVATGACGTCAT	1e-19	-4.470e+01	0.0000	627.0	16.82%	8660.3	11.74%
5	Sox17(HMG)/Endoderm-Sox17-ChIP-Seq(GSE61475)/Homer	CCATTGTTYB	1e-18	-4.369e+01	0.0000	1330.0	35.69%	21284.9	28.85%
5	p73(p53)/Trachea-p73-ChIP-Seq(PRJNA310161)/Homer	NRRRCAWGTCCDGRCATGYY	1e-17	-4.082e+01	0.0000	124.0	3.33%	1008.3	1.37%
5	Sox2(HMG)/mES-Sox2-ChIP-Seq(GSE11431)/Homer	BCCATTGTTC	1e-17	-4.014e+01	0.0000	1386.0	37.19%	22548.0	30.56%
5	NF1(CTF)/LNCAP-NF1-ChIP-Seq(Unpublished)/Homer	CYTGGCABNSTGCCAR	1e-14	-3.309e+01	0.0000	123.0	3.30%	1109.2	1.50%
5	Atf7(bZIP)/3T3L1-Atf7-ChIP-Seq(GSE56872)/Homer	NGRTGACGTCAY	1e-13	-3.155e+01	0.0000	596.0	15.99%	8705.2	11.80%
5	Sox4(HMG)/proB-Sox4-ChIP-Seq(GSE50066)/Homer	YCTTTGTTCC	1e-12	-2.931e+01	0.0000	945.0	25.36%	15062.9	20.42%
5	CRX(Homeobox)/Retina-Crx-ChIP-Seq(GSE20012)/Homer	GCTAATCC	1e-12	-2.900e+01	0.0000	1132.0	30.37%	18533.4	25.12%
5	Atf4(bZIP)/MEF-Atf4-ChIP-Seq(GSE35681)/Homer	MTGATGCAAT	1e-11	-2.699e+01	0.0000	446.0	11.97%	6343.3	8.60%
5	FXR(NR),IR1/Liver-FXR-ChIP-Seq(Chong_et_al.)/Homer	AGGTCANTGACCTB	1e-10	-2.319e+01	0.0000	227.0	6.09%	2875.8	3.90%
5	Sox7(HMG)/ESC-Sox7-ChIP-Seq(GSE133899)/Homer	VVRRAACAATGG	1e-9	-2.162e+01	0.0000	604.0	16.21%	9386.3	12.72%
5	GSC(Homeobox)/FrogEmbryos-GSC-ChIP-Seq(DRA000576)/Homer	RGGATTAR	1e-9	-2.150e+01	0.0000	700.0	18.78%	11119.7	15.07%
5	Pitx1(Homeobox)/Chicken-Pitx1-ChIP-Seq(GSE38910)/Homer	TAATCCCN	1e-8	-1.935e+01	0.0000	1883.0	50.52%	33783.4	45.79%
5	Otx2(Homeobox)/EpiLC-Otx2-ChIP-Seq(GSE56098)/Homer	NYTAATCCYB	1e-7	-1.824e+01	0.0000	439.0	11.78%	6668.7	9.04%
5	CEBP(bZIP)/ThioMac-CEBPb-ChIP-Seq(GSE21512)/Homer	ATTGCGCAAC	1e-7	-1.762e+01	0.0000	804.0	21.57%	13304.8	18.03%
5	Atf2(bZIP)/3T3L1-Atf2-ChIP-Seq(GSE56872)/Homer	NRRTGACGTCAT	1e-7	-1.644e+01	0.0000	381.0	10.22%	5757.0	7.80%
5	Chop(bZIP)/MEF-Chop-ChIP-Seq(GSE35681)/Homer	ATTGCATCAT	1e-7	-1.620e+01	0.0000	287.0	7.70%	4147.0	5.62%
5	PAX6(Paired,Homeobox)/Forebrain-Pax6-ChIP-Seq(GSE66961)/Homer	NGTGTTCAVTSAAGCGKAAA	1e-6	-1.518e+01	0.0000	77.0	2.07%	809.7	1.10%
5	Tlx?(NR)/NPC-H3K4me1-ChIP-Seq(GSE16256)/Homer	CTGGCAGSCTGCCA	1e-6	-1.495e+01	0.0000	91.0	2.44%	1019.0	1.38%
5	Ets1-distal(ETS)/CD4+-PolII-ChIP-Seq(Barski_et_al.)/Homer	MACAGGAAGT	1e-5	-1.173e+01	0.0001	118.0	3.17%	1530.2	2.07%
5	EWS:FLI1-fusion(ETS)/SK_N_MC-EWS:FLI1-ChIP-Seq(SRA014231)/Homer	VACAGGAAAT	1e-4	-1.145e+01	0.0001	188.0	5.04%	2697.1	3.66%
5	Sox9(HMG)/Limb-SOX9-ChIP-Seq(GSE73225)/Homer	AGGVNCCTTTGT	1e-4	-1.123e+01	0.0002	705.0	18.92%	12034.3	16.31%
5	ERG(ETS)/VCaP-ERG-ChIP-Seq(GSE14097)/Homer	ACAGGAAGTG	1e-4	-1.114e+01	0.0002	379.0	10.17%	6061.8	8.22%
5	PAX5(Paired,Homeobox)/GM12878-PAX5-ChIP-Seq(GSE32465)/Homer	GCAGCCAAGCRTGACH	1e-4	-1.090e+01	0.0002	137.0	3.68%	1870.6	2.54%
5	c-Jun-CRE(bZIP)/K562-cJun-ChIP-Seq(GSE31477)/Homer	ATGACGTCATCY	1e-4	-1.058e+01	0.0003	310.0	8.32%	4868.7	6.60%
5	Tcfcp2l1(CP2)/mES-Tcfcp2l1-ChIP-Seq(GSE11431)/Homer	NRAACCRGTTYRAACCRGYT	1e-4	-9.943e+00	0.0006	46.0	1.23%	479.6	0.65%
5	Hnf6b(Homeobox)/LNCaP-Hnf6b-ChIP-Seq(GSE106305)/Homer	TATTGAYY	1e-3	-8.795e+00	0.0018	1058.0	28.39%	19005.2	25.76%
5	CEBP:CEBP(bZIP)/MEF-Chop-ChIP-Seq(GSE35681)/Homer	NTNATGCAAYMNNHTGMAAY	1e-3	-8.686e+00	0.0019	127.0	3.41%	1800.8	2.44%
5	ETV4(ETS)/HepG2-ETV4-ChIP-Seq(ENCODE)/Homer	ACCGGAAGTG	1e-3	-8.290e+00	0.0028	320.0	8.59%	5216.8	7.07%
5	Elk1(ETS)/Hela-Elk1-ChIP-Seq(GSE31477)/Homer	HACTTCCGGY	1e-3	-7.892e+00	0.0040	228.0	6.12%	3596.5	4.87%
5	Nkx6.1(Homeobox)/Islet-Nkx6.1-ChIP-Seq(GSE40975)/Homer	GKTAATGR	1e-3	-7.868e+00	0.0040	2185.0	58.63%	41227.6	55.88%
5	Elk4(ETS)/Hela-Elk4-ChIP-Seq(GSE31477)/Homer	NRYTTCCGGY	1e-3	-7.864e+00	0.0040	276.0	7.41%	4456.5	6.04%
5	ETV1(ETS)/GIST48-ETV1-ChIP-Seq(GSE22441)/Homer	AACCGGAAGT	1e-3	-7.818e+00	0.0040	370.0	9.93%	6166.1	8.36%
5	Fli1(ETS)/CD8-FLI-ChIP-Seq(GSE20898)/Homer	NRYTTCCGGH	1e-3	-7.606e+00	0.0049	366.0	9.82%	6112.1	8.28%
5	GABPA(ETS)/Jurkat-GABPa-ChIP-Seq(GSE17954)/Homer	RACCGGAAGT	1e-3	-7.081e+00	0.0080	257.0	6.90%	4175.7	5.66%
5	LEF1(HMG)/H1-LEF1-ChIP-Seq(GSE64758)/Homer	CCTTTGATST	1e-3	-7.001e+00	0.0085	473.0	12.69%	8150.3	11.05%
5	NFAT(RHD)/Jurkat-NFATC1-ChIP-Seq(Jolma_et_al.)/Homer	ATTTTCCATT	1e-2	-6.854e+00	0.0097	395.0	10.60%	6718.8	9.11%
5	Prop1(Homeobox)/GHFT1-PROP1.biotin-ChIP-Seq(GSE77302)/Homer	NTAATBNAATTA	1e-2	-6.807e+00	0.0099	576.0	15.45%	10101.6	13.69%
5	Etv2(ETS)/ES-ER71-ChIP-Seq(GSE59402)/Homer	NNAYTTCCTGHN	1e-2	-6.787e+00	0.0099	231.0	6.20%	3730.8	5.06%
5	Rfx2(HTH)/LoVo-RFX2-ChIP-Seq(GSE49402)/Homer	GTTGCCATGGCAACM	1e-2	-6.540e+00	0.0125	74.0	1.99%	1012.5	1.37%
5	Oct4:Sox17(POU,Homeobox,HMG)/F9-Sox17-ChIP-Seq(GSE44553)/Homer	CCATTGTATGCAAAT	1e-2	-6.534e+00	0.0125	292.0	7.83%	4856.2	6.58%
5	Pax8(Paired,Homeobox)/Thyroid-Pax8-ChIP-Seq(GSE26938)/Homer	GTCATGCHTGRCTGS	1e-2	-6.174e+00	0.0173	70.0	1.88%	961.4	1.30%
5	ZNF692(Zf)/HEK293-ZNF692.GFP-ChIP-Seq(GSE58341)/Homer	GTGGGCCCCA	1e-2	-6.080e+00	0.0187	11.0	0.30%	77.8	0.11%
5	HIF-1a(bHLH)/MCF7-HIF1a-ChIP-Seq(GSE28352)/Homer	TACGTGCV	1e-2	-5.850e+00	0.0230	186.0	4.99%	2994.2	4.06%
5	Smad3(MAD)/NPC-Smad3-ChIP-Seq(GSE36673)/Homer	TWGTCTGV	1e-2	-5.850e+00	0.0230	989.0	26.54%	18120.1	24.56%
5	TRPS1(Zf)/MCF7-TRPS1-ChIP-Seq(GSE107013)/Homer	AGATAAGANN	1e-2	-5.778e+00	0.0239	1129.0	30.29%	20840.4	28.25%
5	RFX(HTH)/K562-RFX3-ChIP-Seq(SRA012198)/Homer	CGGTTGCCATGGCAAC	1e-2	-5.560e+00	0.0292	67.0	1.80%	937.5	1.27%
5	SPDEF(ETS)/VCaP-SPDEF-ChIP-Seq(SRA014231)/Homer	ASWTCCTGBT	1e-2	-5.555e+00	0.0292	279.0	7.49%	4709.5	6.38%
5	EWS:ERG-fusion(ETS)/CADO_ES1-EWS:ERG-ChIP-Seq(SRA014231)/Homer	ATTTCCTGTN	1e-2	-5.154e+00	0.0424	210.0	5.63%	3484.1	4.72%
5	IRF4(IRF)/GM12878-IRF4-ChIP-Seq(GSE32465)/Homer	ACTGAAACCA	1e-2	-5.136e+00	0.0424	221.0	5.93%	3686.7	5.00%
5	Zfp281(Zf)/ES-Zfp281-ChIP-Seq(GSE81042)/Homer	CCCCTCCCCCAC	1e-2	-5.127e+00	0.0424	14.0	0.38%	126.3	0.17%
5	AR-halfsite(NR)/LNCaP-AR-ChIP-Seq(GSE27824)/Homer	CCAGGAACAG	1e-2	-4.891e+00	0.0525	1100.0	29.51%	20442.6	27.71%
5	DLX2(Homeobox)/BasalGanglia-Dlx2-ChIP-seq(GSE124936)/Homer	NNNTAATTAS	1e-2	-4.867e+00	0.0529	1428.0	38.31%	26844.0	36.39%
5	AP-2alpha(AP2)/Hela-AP2alpha-ChIP-Seq(GSE31477)/Homer	ATGCCCTGAGGC	1e-2	-4.760e+00	0.0580	77.0	2.07%	1144.2	1.55%
5	Lhx2(Homeobox)/HFSC-Lhx2-ChIP-Seq(GSE48068)/Homer	TAATTAGN	1e-2	-4.703e+00	0.0605	1049.0	28.15%	19489.1	26.42%
5	X-box(HTH)/NPC-H3K4me1-ChIP-Seq(GSE16256)/Homer	GGTTGCCATGGCAA	1e-2	-4.683e+00	0.0608	81.0	2.17%	1217.5	1.65%
5	Bcl11a(Zf)/HSPC-BCL11A-ChIP-Seq(GSE104676)/Homer	TYTGACCASWRG	1e-2	-4.650e+00	0.0619	184.0	4.94%	3055.3	4.14%
5	ZNF317(Zf)/HEK293-ZNF317.GFP-ChIP-Seq(GSE58341)/Homer	GTCWGCTGTYYCTCT	1e-1	-4.497e+00	0.0710	35.0	0.94%	454.6	0.62%
5	GATA3(Zf),DR8/iTreg-Gata3-ChIP-Seq(GSE20898)/Homer	AGATSTNDNNDSAGATAASN	1e-1	-4.386e+00	0.0782	37.0	0.99%	491.0	0.67%
5	Hoxd10(Homeobox)/ChickenMSG-Hoxd10.Flag-ChIP-Seq(GSE86088)/Homer	GGCMATGAAA	1e-1	-4.303e+00	0.0838	759.0	20.36%	13961.0	18.92%
5	HNF6(Homeobox)/Liver-Hnf6-ChIP-Seq(ERP000394)/Homer	NTATYGATCH	1e-1	-4.192e+00	0.0924	662.0	17.76%	12116.8	16.42%
5	Cdx2(Homeobox)/mES-Cdx2-ChIP-Seq(GSE14586)/Homer	GYMATAAAAH	1e-1	-4.135e+00	0.0964	483.0	12.96%	8706.5	11.80%
5	Smad2(MAD)/ES-SMAD2-ChIP-Seq(GSE29422)/Homer	CTGTCTGG	1e-1	-3.897e+00	0.1207	475.0	12.74%	8591.6	11.65%
5	AP-2gamma(AP2)/MCF7-TFAP2C-ChIP-Seq(GSE21234)/Homer	SCCTSAGGSCAW	1e-1	-3.862e+00	0.1234	100.0	2.68%	1602.1	2.17%
5	CEBP:AP1(bZIP)/ThioMac-CEBPb-ChIP-Seq(GSE21512)/Homer	DRTGTTGCAA	1e-1	-3.859e+00	0.1234	653.0	17.52%	12003.6	16.27%
5	ZNF711(Zf)/SHSY5Y-ZNF711-ChIP-Seq(GSE20673)/Homer	AGGCCTAG	1e-1	-3.652e+00	0.1483	205.0	5.50%	3538.3	4.80%
5	GATA3(Zf)/iTreg-Gata3-ChIP-Seq(GSE20898)/Homer	AGATAASR	1e-1	-3.552e+00	0.1617	855.0	22.94%	15964.9	21.64%
5	THRb(NR)/Liver-NR1A2-ChIP-Seq(GSE52613)/Homer	TRAGGTCA	1e-1	-3.537e+00	0.1620	1406.0	37.72%	26719.1	36.22%
5	Cux2(Homeobox)/Liver-Cux2-ChIP-Seq(GSE35985)/Homer	HNRAATCAAT	1e-1	-3.427e+00	0.1786	546.0	14.65%	10028.4	13.59%
5	Hoxd12(Homeobox)/ChickenMSG-Hoxd12.Flag-ChIP-Seq(GSE86088)/Homer	HDGYAATGAAAN	1e-1	-3.396e+00	0.1820	1272.0	34.13%	24128.0	32.70%
5	IRF2(IRF)/Erythroblas-IRF2-ChIP-Seq(GSE36985)/Homer	GAAASYGAAASY	1e-1	-3.262e+00	0.2056	44.0	1.18%	654.2	0.89%
5	IRF3(IRF)/BMDM-Irf3-ChIP-Seq(GSE67343)/Homer	AGTTTCAKTTTC	1e-1	-3.182e+00	0.2199	104.0	2.79%	1726.8	2.34%
5	CHR(?)/Hela-CellCycle-Expression/Homer	SRGTTTCAAA	1e-1	-3.155e+00	0.2234	404.0	10.84%	7359.7	9.98%
5	Tcf3(HMG)/mES-Tcf3-ChIP-Seq(GSE11724)/Homer	ASWTCAAAGG	1e-1	-3.103e+00	0.2325	168.0	4.51%	2911.3	3.95%
5	EAR2(NR)/K562-NR2F6-ChIP-Seq(Encode)/Homer	NRBCARRGGTCA	1e-1	-3.084e+00	0.2341	586.0	15.72%	10863.4	14.72%
5	IRF1(IRF)/PBMC-IRF1-ChIP-Seq(GSE43036)/Homer	GAAAGTGAAAGT	1e-1	-3.046e+00	0.2405	51.0	1.37%	787.1	1.07%
5	DLX1(Homeobox)/BasalGanglia-Dlx1-ChIP-seq(GSE124936)/Homer	NSNNTAATTA	1e-1	-3.034e+00	0.2405	1267.0	34.00%	24125.0	32.70%
5	DLX5(Homeobox)/BasalGanglia-Dlx5-ChIP-seq(GSE124936)/Homer	SSTAATTA	1e-1	-3.002e+00	0.2457	899.0	24.12%	16946.0	22.97%
5	Rfx1(HTH)/NPC-H3K4me1-ChIP-Seq(GSE16256)/Homer	KGTTGCCATGGCAA	1e-1	-2.925e+00	0.2625	96.0	2.58%	1602.4	2.17%
5	Tcf7(HMG)/GM12878-TCF7-ChIP-Seq(Encode)/Homer	CTTTGATGTGSB	1e-1	-2.922e+00	0.2625	202.0	5.42%	3567.6	4.84%
5	PU.1:IRF8(ETS:IRF)/pDC-Irf8-ChIP-Seq(GSE66899)/Homer	GGAAGTGAAAST	1e-1	-2.808e+00	0.2885	51.0	1.37%	801.8	1.09%
5	LHX9(Homeobox)/Hct116-LHX9.V5-ChIP-Seq(GSE116822)/Homer	NGCTAATTAG	1e-1	-2.765e+00	0.2981	1163.0	31.20%	22162.1	30.04%
5	Phox2a(Homeobox)/Neuron-Phox2a-ChIP-Seq(GSE31456)/Homer	YTAATYNRATTA	1e-1	-2.723e+00	0.3074	333.0	8.93%	6077.5	8.24%
5	Unknown(Homeobox)/Limb-p300-ChIP-Seq/Homer	SSCMATWAAA	1e-1	-2.718e+00	0.3074	386.0	10.36%	7091.9	9.61%
5	Arnt:Ahr(bHLH)/MCF7-Arnt-ChIP-Seq(Lo_et_al.)/Homer	TBGCACGCAA	1e-1	-2.711e+00	0.3074	384.0	10.30%	7054.2	9.56%
5	COUP-TFII(NR)/Artia-Nr2f2-ChIP-Seq(GSE46497)/Homer	AGRGGTCA	1e-1	-2.697e+00	0.3074	739.0	19.83%	13909.5	18.85%
5	En1(Homeobox)/SUM149-EN1-ChIP-Seq(GSE120957)/Homer	NDCTAATTAS	1e-1	-2.675e+00	0.3095	1596.0	42.82%	30698.9	41.61%
5	Hoxb4(Homeobox)/ES-Hoxb4-ChIP-Seq(GSE34014)/Homer	TGATTRATGGCY	1e-1	-2.667e+00	0.3095	133.0	3.57%	2308.6	3.13%
5	ETS1(ETS)/Jurkat-ETS1-ChIP-Seq(GSE17954)/Homer	ACAGGAAGTG	1e-1	-2.648e+00	0.3116	250.0	6.71%	4510.2	6.11%
5	ERE(NR),IR3/MCF7-ERa-ChIP-Seq(Unpublished)/Homer	VAGGTCACNSTGACC	1e-1	-2.636e+00	0.3122	82.0	2.20%	1371.6	1.86%
5	Reverb(NR),DR2/RAW-Reverba.biotin-ChIP-Seq(GSE45914)/Homer	GTRGGTCASTGGGTCA	1e-1	-2.631e+00	0.3122	30.0	0.80%	444.8	0.60%
5	Hoxa9(Homeobox)/ChickenMSG-Hoxa9.Flag-ChIP-Seq(GSE86088)/Homer	RGCAATNAAA	1e-1	-2.609e+00	0.3145	1722.0	46.20%	33205.8	45.01%
5	ZNF675(Zf)/HEK293-ZNF675.GFP-ChIP-Seq(GSE58341)/Homer	ARGAGGMCAAAATGW	1e-1	-2.602e+00	0.3145	43.0	1.15%	672.8	0.91%
5	RUNX1(Runt)/Jurkat-RUNX1-ChIP-Seq(GSE29180)/Homer	AAACCACARM	1e-1	-2.510e+00	0.3404	318.0	8.53%	5827.5	7.90%
5	HIF-1b(HLH)/T47D-HIF1b-ChIP-Seq(GSE59937)/Homer	RTACGTGC	1e-1	-2.491e+00	0.3437	661.0	17.74%	12445.2	16.87%
5	IRF8(IRF)/BMDM-IRF8-ChIP-Seq(GSE77884)/Homer	GRAASTGAAAST	1e-1	-2.455e+00	0.3530	96.0	2.58%	1644.9	2.23%
5	TATA-Box(TBP)/Promoter/Homer	CCTTTTAWAGSC	1e-1	-2.426e+00	0.3600	482.0	12.93%	8995.1	12.19%
5	JunD(bZIP)/K562-JunD-ChIP-Seq/Homer	ATGACGTCATCN	1e-1	-2.387e+00	0.3710	149.0	4.00%	2639.3	3.58%
5	Zac1(Zf)/Neuro2A-Plagl1-ChIP-Seq(GSE75942)/Homer	HAWGRGGCCM	1e-1	-2.367e+00	0.3749	375.0	10.06%	6946.9	9.42%
5	GFY-Staf(?,Zf)/Promoter/Homer	RACTACAATTCCCAGAAKGC	1e-1	-2.359e+00	0.3749	7.0	0.19%	76.1	0.10%
5	Rfx5(HTH)/GM12878-Rfx5-ChIP-Seq(GSE31477)/Homer	SCCTAGCAACAG	1e0	-2.281e+00	0.4016	124.0	3.33%	2183.4	2.96%
5	CRE(bZIP)/Promoter/Homer	CSGTGACGTCAC	1e0	-2.228e+00	0.4194	208.0	5.58%	3776.4	5.12%
5	EBF(EBF)/proBcell-EBF-ChIP-Seq(GSE21978)/Homer	DGTCCCYRGGGA	1e0	-2.149e+00	0.4500	19.0	0.51%	277.3	0.38%
5	GRHL2(CP2)/HBE-GRHL2-ChIP-Seq(GSE46194)/Homer	AAACYKGTTWDACMRGTTTB	1e0	-2.122e+00	0.4586	123.0	3.30%	2183.9	2.96%
5	ZFX(Zf)/mES-Zfx-ChIP-Seq(GSE11431)/Homer	AGGCCTRG	1e0	-2.093e+00	0.4676	131.0	3.51%	2337.5	3.17%
5	bZIP:IRF(bZIP,IRF)/Th17-BatF-ChIP-Seq(GSE39756)/Homer	NAGTTTCABTHTGACTNW	1e0	-2.085e+00	0.4676	200.0	5.37%	3646.3	4.94%
5	p53(p53)/mES-cMyc-ChIP-Seq(GSE11431)/Homer	ACATGCCCGGGCAT	1e0	-2.051e+00	0.4797	4.0	0.11%	38.2	0.05%
5	Zfp57(Zf)/H1-ZFP57.HA-ChIP-Seq(GSE115387)/Homer	NANTGCSGCA	1e0	-2.014e+00	0.4933	108.0	2.90%	1914.8	2.60%
5	RARa(NR)/K562-RARa-ChIP-Seq(Encode)/Homer	TTGAMCTTTG	1e0	-1.985e+00	0.5036	1189.0	31.90%	22916.0	31.06%
5	Hoxa11(Homeobox)/ChickenMSG-Hoxa11.Flag-ChIP-Seq(GSE86088)/Homer	TTTTATGGCM	1e0	-1.970e+00	0.5073	1427.0	38.29%	27604.9	37.42%
5	Erra(NR)/HepG2-Erra-ChIP-Seq(GSE31477)/Homer	CAAAGGTCAG	1e0	-1.947e+00	0.5147	678.0	18.19%	12920.6	17.51%
5	Npas4(bHLH)/Neuron-Npas4-ChIP-Seq(GSE127793)/Homer	NHRTCACGACDN	1e0	-1.914e+00	0.5276	471.0	12.64%	8901.4	12.07%
5	ZNF416(Zf)/HEK293-ZNF416.GFP-ChIP-Seq(GSE58341)/Homer	WDNCTGGGCA	1e0	-1.911e+00	0.5276	155.0	4.16%	2816.5	3.82%
5	ZNF528(Zf)/HEK293-ZNF528.GFP-ChIP-Seq(GSE58341)/Homer	AGAAATGACTTCCCT	1e0	-1.843e+00	0.5573	2.0	0.05%	14.6	0.02%
5	Esrrb(NR)/mES-Esrrb-ChIP-Seq(GSE11431)/Homer	KTGACCTTGA	1e0	-1.841e+00	0.5573	353.0	9.47%	6632.3	8.99%
5	GFY(?)/Promoter/Homer	ACTACAATTCCC	1e0	-1.841e+00	0.5573	12.0	0.32%	170.6	0.23%
5	Phox2b(Homeobox)/CLBGA-PHOX2B-ChIP-Seq(GSE90683)/Homer	TTAATTNAATTA	1e0	-1.797e+00	0.5697	204.0	5.47%	3770.2	5.11%
5	CDX4(Homeobox)/ZebrafishEmbryos-Cdx4.Myc-ChIP-Seq(GSE48254)/Homer	NGYCATAAAWCH	1e0	-1.761e+00	0.5864	533.0	14.30%	10147.4	13.75%
5	RUNX(Runt)/HPC7-Runx1-ChIP-Seq(GSE22178)/Homer	SAAACCACAG	1e0	-1.720e+00	0.6058	247.0	6.63%	4611.8	6.25%
5	NF1:FOXA1(CTF,Forkhead)/LNCAP-FOXA1-ChIP-Seq(GSE27824)/Homer	WNTGTTTRYTTTGGCA	1e0	-1.701e+00	0.6129	28.0	0.75%	459.4	0.62%
5	REST-NRSF(Zf)/Jurkat-NRSF-ChIP-Seq/Homer	GGMGCTGTCCATGGTGCTGA	1e0	-1.698e+00	0.6129	1.0	0.03%	4.1	0.01%
5	Smad4(MAD)/ESC-SMAD4-ChIP-Seq(GSE29422)/Homer	VBSYGTCTGG	1e0	-1.678e+00	0.6179	476.0	12.77%	9060.1	12.28%
5	Hoxd11(Homeobox)/ChickenMSG-Hoxd11.Flag-ChIP-Seq(GSE86088)/Homer	VGCCATAAAA	1e0	-1.671e+00	0.6179	1375.0	36.89%	26694.1	36.18%
5	COUP-TFII(NR)/K562-NR2F1-ChIP-Seq(Encode)/Homer	GKBCARAGGTCA	1e0	-1.648e+00	0.6273	606.0	16.26%	11604.8	15.73%
5	MafB(bZIP)/BMM-Mafb-ChIP-Seq(GSE75722)/Homer	WNTGCTGASTCAGCANWTTY	1e0	-1.647e+00	0.6273	112.0	3.01%	2036.1	2.76%
5	Gata6(Zf)/HUG1N-GATA6-ChIP-Seq(GSE51936)/Homer	YCTTATCTBN	1e0	-1.645e+00	0.6273	463.0	12.42%	8816.9	11.95%
5	HIF2a(bHLH)/785_O-HIF2a-ChIP-Seq(GSE34871)/Homer	GCACGTACCC	1e0	-1.628e+00	0.6273	228.0	6.12%	4263.2	5.78%
5	Gata4(Zf)/Heart-Gata4-ChIP-Seq(GSE35151)/Homer	NBWGATAAGR	1e0	-1.596e+00	0.6419	528.0	14.17%	10097.1	13.69%
5	FOXM1(Forkhead)/MCF7-FOXM1-ChIP-Seq(GSE72977)/Homer	TRTTTACTTW	1e0	-1.583e+00	0.6455	855.0	22.94%	16501.6	22.37%
5	ZSCAN22(Zf)/HEK293-ZSCAN22.GFP-ChIP-Seq(GSE58341)/Homer	SMCAGTCWGAKGGAGGAGGC	1e0	-1.571e+00	0.6487	3.0	0.08%	31.4	0.04%
5	Hoxa10(Homeobox)/ChickenMSG-Hoxa10.Flag-ChIP-Seq(GSE86088)/Homer	GGYAATGAAA	1e0	-1.550e+00	0.6579	412.0	11.05%	7849.5	10.64%
5	RAR:RXR(NR),DR5/ES-RAR-ChIP-Seq(GSE56893)/Homer	RGGTCADNNAGAGGTCAV	1e0	-1.548e+00	0.6579	16.0	0.43%	252.6	0.34%
5	IRF:BATF(IRF:bZIP)/pDC-Irf8-ChIP-Seq(GSE66899)/Homer	CTTTCANTATGACTV	1e0	-1.524e+00	0.6656	64.0	1.72%	1142.7	1.55%
5	WT1(Zf)/Kidney-WT1-ChIP-Seq(GSE90016)/Homer	MCTCCCMCRCAB	1e0	-1.508e+00	0.6718	45.0	1.21%	787.9	1.07%
5	HIC1(Zf)/Treg-ZBTB29-ChIP-Seq(GSE99889)/Homer	TGCCAGCB	1e0	-1.496e+00	0.6749	459.0	12.32%	8780.1	11.90%
5	PRDM1(Zf)/Hela-PRDM1-ChIP-Seq(GSE31477)/Homer	ACTTTCACTTTC	1e0	-1.490e+00	0.6749	196.0	5.26%	3673.1	4.98%
5	Mouse_Recombination_Hotspot(Zf)/Testis-DMC1-ChIP-Seq(GSE24438)/Homer	ACTYKNATTCGTGNTACTTC	1e0	-1.488e+00	0.6749	16.0	0.43%	255.6	0.35%
5	JunB(bZIP)/DendriticCells-Junb-ChIP-Seq(GSE36099)/Homer	RATGASTCAT	1e0	-1.478e+00	0.6749	217.0	5.82%	4081.3	5.53%
5	ETS:E-box(ETS,bHLH)/HPC7-Scl-ChIP-Seq(GSE22178)/Homer	AGGAARCAGCTG	1e0	-1.440e+00	0.6947	12.0	0.32%	186.9	0.25%
5	Hnf1(Homeobox)/Liver-Foxa2-Chip-Seq(GSE25694)/Homer	GGTTAAWCATTAA	1e0	-1.426e+00	0.7003	85.0	2.28%	1552.7	2.10%
5	Zic(Zf)/Cerebellum-ZIC1.2-ChIP-Seq(GSE60731)/Homer	CCTGCTGAGH	1e0	-1.420e+00	0.7003	184.0	4.94%	3455.1	4.68%
5	NFAT:AP1(RHD,bZIP)/Jurkat-NFATC1-ChIP-Seq(Jolma_et_al.)/Homer	SARTGGAAAAWRTGAGTCAB	1e0	-1.409e+00	0.7030	46.0	1.23%	815.6	1.11%
5	Hoxd13(Homeobox)/ChickenMSG-Hoxd13.Flag-ChIP-Seq(GSE86088)/Homer	NCYAATAAAA	1e0	-1.390e+00	0.7118	961.0	25.78%	18658.2	25.29%
5	Nur77(NR)/K562-NR4A1-ChIP-Seq(GSE31363)/Homer	TGACCTTTNCNT	1e0	-1.364e+00	0.7256	195.0	5.23%	3680.0	4.99%
5	Barx1(Homeobox)/Stomach-Barx1.3xFlag-ChIP-Seq(GSE69483)/Homer	AAACMATTAN	1e0	-1.348e+00	0.7329	398.0	10.68%	7633.2	10.35%
5	Hoxa13(Homeobox)/ChickenMSG-Hoxa13.Flag-ChIP-Seq(GSE86088)/Homer	CYHATAAAAN	1e0	-1.337e+00	0.7357	1432.0	38.42%	27964.1	37.90%
5	OCT:OCT-short(POU,Homeobox)/NPC-OCT6-ChIP-Seq(GSE43916)/Homer	ATGCATWATGCATRW	1e0	-1.315e+00	0.7475	743.0	19.94%	14403.9	19.52%
5	Bach2(bZIP)/OCILy7-Bach2-ChIP-Seq(GSE44420)/Homer	TGCTGAGTCA	1e0	-1.260e+00	0.7853	47.0	1.26%	849.9	1.15%
5	Gata2(Zf)/K562-GATA2-ChIP-Seq(GSE18829)/Homer	BBCTTATCTS	1e0	-1.251e+00	0.7868	299.0	8.02%	5728.9	7.77%
5	PSE(SNAPc)/K562-mStart-Seq/Homer	WAVTCACCMTAASYDAAAAG	1e0	-1.248e+00	0.7868	240.0	6.44%	4579.5	6.21%
5	Pax7(Paired,Homeobox),long/Myoblast-Pax7-ChIP-Seq(GSE25064)/Homer	TAATCHGATTAC	1e0	-1.220e+00	0.8017	32.0	0.86%	569.7	0.77%
5	Six2(Homeobox)/NephronProgenitor-Six2-ChIP-Seq(GSE39837)/Homer	GWAAYHTGAKMC	1e0	-1.218e+00	0.8017	427.0	11.46%	8240.3	11.17%
5	Lhx1(Homeobox)/EmbryoCarcinoma-Lhx1-ChIP-Seq(GSE70957)/Homer	NNYTAATTAR	1e0	-1.216e+00	0.8017	1023.0	27.45%	19954.1	27.05%
5	Elf4(ETS)/BMDM-Elf4-ChIP-Seq(GSE88699)/Homer	ACTTCCKGKT	1e0	-1.205e+00	0.8017	216.0	5.80%	4122.1	5.59%
5	HRE(HSF)/HepG2-HSF1-ChIP-Seq(GSE31477)/Homer	BSTTCTRGAABVTTCYAGAA	1e0	-1.203e+00	0.8017	16.0	0.43%	271.2	0.37%
5	PRDM15(Zf)/ESC-Prdm15-ChIP-Seq(GSE73694)/Homer	YCCDNTCCAGGTTTT	1e0	-1.164e+00	0.8226	212.0	5.69%	4054.3	5.50%
5	MafA(bZIP)/Islet-MafA-ChIP-Seq(GSE30298)/Homer	TGCTGACTCA	1e0	-1.163e+00	0.8226	201.0	5.39%	3840.7	5.21%
5	VDR(NR),DR3/GM10855-VDR+vitD-ChIP-Seq(GSE22484)/Homer	ARAGGTCANWGAGTTCANNN	1e0	-1.152e+00	0.8226	61.0	1.64%	1129.0	1.53%
5	FoxD3(forkhead)/ZebrafishEmbryo-Foxd3.biotin-ChIP-seq(GSE106676)/Homer	TGTTTAYTTAGC	1e0	-1.146e+00	0.8226	588.0	15.78%	11424.5	15.49%
5	Twist(bHLH)/HMLE-TWIST1-ChIP-Seq(Chang_et_al)/Homer	VCAKCTGGNNNCCAGMTGBN	1e0	-1.145e+00	0.8226	18.0	0.48%	312.3	0.42%
5	PAX5(Paired,Homeobox),condensed/GM12878-PAX5-ChIP-Seq(GSE32465)/Homer	GTCACGCTCSCTGM	1e0	-1.143e+00	0.8226	35.0	0.94%	633.6	0.86%
5	Znf263(Zf)/K562-Znf263-ChIP-Seq(GSE31477)/Homer	CVGTSCTCCC	1e0	-1.134e+00	0.8226	141.0	3.78%	2680.0	3.63%
5	ZNF264(Zf)/HEK293-ZNF264.GFP-ChIP-Seq(GSE58341)/Homer	RGGGCACTAACY	1e0	-1.093e+00	0.8473	186.0	4.99%	3564.4	4.83%
5	ZNF382(Zf)/HEK293-ZNF382.GFP-ChIP-Seq(GSE58341)/Homer	GNCTGTASTRNTGBCTCHTT	1e0	-1.074e+00	0.8592	9.0	0.24%	149.8	0.20%
5	ELF1(ETS)/Jurkat-ELF1-ChIP-Seq(SRA014231)/Homer	AVCCGGAAGT	1e0	-1.057e+00	0.8691	139.0	3.73%	2656.4	3.60%
5	Lhx3(Homeobox)/Neuron-Lhx3-ChIP-Seq(GSE31456)/Homer	ADBTAATTAR	1e0	-1.054e+00	0.8691	1437.0	38.56%	28208.0	38.23%
5	GATA(Zf),IR3/iTreg-Gata3-ChIP-Seq(GSE20898)/Homer	NNNNNBAGATAWYATCTVHN	1e0	-1.043e+00	0.8709	76.0	2.04%	1435.0	1.95%
5	Rfx6(HTH)/Min6b1-Rfx6.HA-ChIP-Seq(GSE62844)/Homer	TGTTKCCTAGCAACM	1e0	-1.036e+00	0.8719	210.0	5.63%	4047.2	5.49%
5	PGR(NR)/EndoStromal-PGR-ChIP-Seq(GSE69539)/Homer	AAGAACATWHTGTTC	1e0	-1.028e+00	0.8741	133.0	3.57%	2545.6	3.45%
5	ZNF322(Zf)/HEK293-ZNF322.GFP-ChIP-Seq(GSE58341)/Homer	GAGCCTGGTACTGWGCCTGR	1e0	-1.021e+00	0.8755	16.0	0.43%	283.4	0.38%
5	Pax7(Paired,Homeobox)/Myoblast-Pax7-ChIP-Seq(GSE25064)/Homer	TAATCAATTA	1e0	-1.016e+00	0.8755	105.0	2.82%	2002.9	2.71%
5	PU.1(ETS)/ThioMac-PU.1-ChIP-Seq(GSE21512)/Homer	AGAGGAAGTG	1e0	-9.929e-01	0.8908	85.0	2.28%	1617.4	2.19%
5	Nkx2.5(Homeobox)/HL1-Nkx2.5.biotin-ChIP-Seq(GSE21529)/Homer	RRSCACTYAA	1e0	-9.462e-01	0.9283	657.0	17.63%	12867.5	17.44%
5	Dlx3(Homeobox)/Kerainocytes-Dlx3-ChIP-Seq(GSE89884)/Homer	NDGTAATTAC	1e0	-9.338e-01	0.9349	739.0	19.83%	14490.6	19.64%
5	ZNF16(Zf)/HEK293-ZNF16.GFP-ChIP-Seq(GSE58341)/Homer	MACCTTCYATGGCTCCCTAKTGCCY	1e0	-9.248e-01	0.9383	1.0	0.03%	10.3	0.01%
5	CUX1(Homeobox)/K562-CUX1-ChIP-Seq(GSE92882)/Homer	TATCGATNAN	1e0	-9.242e-01	0.9383	790.0	21.20%	15501.2	21.01%
5	Gata1(Zf)/K562-GATA1-ChIP-Seq(GSE18829)/Homer	SAGATAAGRV	1e0	-9.093e-01	0.9427	249.0	6.68%	4848.5	6.57%
5	Egr1(Zf)/K562-Egr1-ChIP-Seq(GSE32465)/Homer	TGCGTGGGYG	1e0	-9.036e-01	0.9431	70.0	1.88%	1340.1	1.82%
5	FOXA1:AR(Forkhead,NR)/LNCAP-AR-ChIP-Seq(GSE27824)/Homer	AGTAAACAAAAAAGAACAND	1e0	-9.016e-01	0.9431	40.0	1.07%	756.2	1.03%
5	MYNN(Zf)/HEK293-MYNN.eGFP-ChIP-Seq(Encode)/Homer	TTCAAAWTAAAAGTC	1e0	-8.921e-01	0.9440	99.0	2.66%	1909.8	2.59%
5	ZBTB18(Zf)/HEK293-ZBTB18.GFP-ChIP-Seq(GSE58341)/Homer	AACATCTGGA	1e0	-8.843e-01	0.9465	98.0	2.63%	1891.2	2.56%
5	BATF(bZIP)/Th17-BATF-ChIP-Seq(GSE39756)/Homer	DATGASTCAT	1e0	-8.396e-01	0.9846	250.0	6.71%	4890.2	6.63%
5	NF1-halfsite(CTF)/LNCaP-NF1-ChIP-Seq(Unpublished)/Homer	YTGCCAAG	1e0	-8.357e-01	0.9846	452.0	12.13%	8874.2	12.03%
5	ELF3(ETS)/PDAC-ELF3-ChIP-Seq(GSE64557)/Homer	ANCAGGAAGT	1e0	-8.278e-01	0.9861	162.0	4.35%	3161.9	4.29%
5	Atoh1(bHLH)/Cerebellum-Atoh1-ChIP-Seq(GSE22111)/Homer	VNRVCAGCTGGY	1e0	-8.211e-01	0.9876	210.0	5.63%	4108.4	5.57%
5	Sp1(Zf)/Promoter/Homer	GGCCCCGCCCCC	1e0	-8.206e-01	0.9876	9.0	0.24%	163.7	0.22%
5	KLF6(Zf)/PDAC-KLF6-ChIP-Seq(GSE64557)/Homer	MKGGGYGTGGCC	1e0	-8.191e-01	0.9876	126.0	3.38%	2455.4	3.33%
5	Fox:Ebox(Forkhead,bHLH)/Panc1-Foxa2-ChIP-Seq(GSE47459)/Homer	NNNVCTGWGYAAACASN	1e0	-8.162e-01	0.9876	728.0	19.53%	14333.4	19.43%
5	GATA(Zf),IR4/iTreg-Gata3-ChIP-Seq(GSE20898)/Homer	NAGATWNBNATCTNN	1e0	-8.063e-01	0.9876	39.0	1.05%	749.9	1.02%
5	Pdx1(Homeobox)/Islet-Pdx1-ChIP-Seq(SRA008281)/Homer	YCATYAATCA	1e0	-7.794e-01	1.0000	626.0	16.80%	12337.6	16.72%
5	HOXA2(Homeobox)/mES-Hoxa2-ChIP-Seq(Donaldson_et_al.)/Homer	GYCATCMATCAT	1e0	-7.598e-01	1.0000	56.0	1.50%	1090.7	1.48%
5	Zfp809(Zf)/ES-Zfp809-ChIP-Seq(GSE70799)/Homer	GGGGCTYGKCTGGGA	1e0	-7.295e-01	1.0000	9.0	0.24%	169.4	0.23%
5	ERRg(NR)/Kidney-ESRRG-ChIP-Seq(GSE104905)/Homer	GTGACCTTGRVN	1e0	-7.109e-01	1.0000	360.0	9.66%	7111.3	9.64%
5	Isl1(Homeobox)/Neuron-Isl1-ChIP-Seq(GSE31456)/Homer	CTAATKGV	1e0	-7.049e-01	1.0000	1141.0	30.61%	22569.4	30.59%
5	NFkB-p65-Rel(RHD)/ThioMac-LPS-Expression(GSE23622)/Homer	GGAAATTCCC	1e0	-6.943e-01	1.0000	16.0	0.43%	310.9	0.42%
5	Fra1(bZIP)/BT549-Fra1-ChIP-Seq(GSE46166)/Homer	NNATGASTCATH	1e0	-6.635e-01	1.0000	234.0	6.28%	4636.4	6.28%
5	PRDM14(Zf)/H1-PRDM14-ChIP-Seq(GSE22767)/Homer	RGGTCTCTAACY	1e0	-6.601e-01	1.0000	56.0	1.50%	1108.5	1.50%
5	Egr2(Zf)/Thymocytes-Egr2-ChIP-Seq(GSE34254)/Homer	NGCGTGGGCGGR	1e0	-6.552e-01	1.0000	15.0	0.40%	294.1	0.40%
5	Mef2a(MADS)/HL1-Mef2a.biotin-ChIP-Seq(GSE21529)/Homer	CYAAAAATAG	1e0	-6.534e-01	1.0000	176.0	4.72%	3490.6	4.73%
5	TCFL2(HMG)/K562-TCF7L2-ChIP-Seq(GSE29196)/Homer	ACWTCAAAGG	1e0	-6.507e-01	1.0000	47.0	1.26%	931.7	1.26%
5	EHF(ETS)/LoVo-EHF-ChIP-Seq(GSE49402)/Homer	AVCAGGAAGT	1e0	-6.434e-01	1.0000	279.0	7.49%	5536.2	7.50%
5	NeuroD1(bHLH)/Islet-NeuroD1-ChIP-Seq(GSE30298)/Homer	GCCATCTGTT	1e0	-6.175e-01	1.0000	156.0	4.19%	3105.4	4.21%
5	SpiB(ETS)/OCILY3-SPIB-ChIP-Seq(GSE56857)/Homer	AAAGRGGAAGTG	1e0	-6.126e-01	1.0000	45.0	1.21%	898.1	1.22%
5	Fosl2(bZIP)/3T3L1-Fosl2-ChIP-Seq(GSE56872)/Homer	NATGASTCABNN	1e0	-6.029e-01	1.0000	99.0	2.66%	1976.2	2.68%
5	EBF2(EBF)/BrownAdipose-EBF2-ChIP-Seq(GSE97114)/Homer	NABTCCCWDGGGAVH	1e0	-5.688e-01	1.0000	85.0	2.28%	1706.2	2.31%
5	PU.1-IRF(ETS:IRF)/Bcell-PU.1-ChIP-Seq(GSE21512)/Homer	MGGAAGTGAAAC	1e0	-5.493e-01	1.0000	268.0	7.19%	5359.8	7.27%
5	NFkB-p65(RHD)/GM12787-p65-ChIP-Seq(GSE19485)/Homer	WGGGGATTTCCC	1e0	-5.460e-01	1.0000	77.0	2.07%	1552.5	2.10%
5	Pit1(Homeobox)/GCrat-Pit1-ChIP-Seq(GSE58009)/Homer	ATGMATATDC	1e0	-5.422e-01	1.0000	1021.0	27.39%	20313.3	27.53%
5	Nr5a2(NR)/Pancreas-LRH1-ChIP-Seq(GSE34295)/Homer	BTCAAGGTCA	1e0	-5.392e-01	1.0000	206.0	5.53%	4129.8	5.60%
5	Tbx20(T-box)/Heart-Tbx20-ChIP-Seq(GSE29636)/Homer	GGTGYTGACAGS	1e0	-5.382e-01	1.0000	116.0	3.11%	2334.2	3.16%
5	PAX3:FKHR-fusion(Paired,Homeobox)/Rh4-PAX3:FKHR-ChIP-Seq(GSE19063)/Homer	ACCRTGACTAATTNN	1e0	-5.288e-01	1.0000	156.0	4.19%	3136.5	4.25%
5	DMRT6(DM)/Testis-DMRT6-ChIP-Seq(GSE60440)/Homer	YDGHTACAWTGTADC	1e0	-5.257e-01	1.0000	160.0	4.29%	3217.6	4.36%
5	MYB(HTH)/ERMYB-Myb-ChIPSeq(GSE22095)/Homer	GGCVGTTR	1e0	-5.232e-01	1.0000	994.0	26.67%	19793.2	26.83%
5	DMRT1(DM)/Testis-DMRT1-ChIP-Seq(GSE64892)/Homer	TWGHWACAWTGTWDC	1e0	-5.208e-01	1.0000	201.0	5.39%	4037.3	5.47%
5	TEAD3(TEA)/HepG2-TEAD3-ChIP-Seq(Encode)/Homer	TRCATTCCAG	1e0	-5.153e-01	1.0000	497.0	13.34%	9932.5	13.46%
5	Pitx1:Ebox(Homeobox,bHLH)/Hindlimb-Pitx1-ChIP-Seq(GSE41591)/Homer	YTAATTRAWWCCAGATGT	1e0	-5.145e-01	1.0000	90.0	2.41%	1821.8	2.47%
5	Jun-AP1(bZIP)/K562-cJun-ChIP-Seq(GSE31477)/Homer	GATGASTCATCN	1e0	-5.142e-01	1.0000	60.0	1.61%	1219.4	1.65%
5	Srebp2(bHLH)/HepG2-Srebp2-ChIP-Seq(GSE31477)/Homer	CGGTCACSCCAC	1e0	-5.110e-01	1.0000	27.0	0.72%	554.9	0.75%
5	Unknown-ESC-element(?)/mES-Nanog-ChIP-Seq(GSE11724)/Homer	CACAGCAGGGGG	1e0	-5.012e-01	1.0000	59.0	1.58%	1202.1	1.63%
5	ETS(ETS)/Promoter/Homer	AACCGGAAGT	1e0	-4.859e-01	1.0000	96.0	2.58%	1950.1	2.64%
5	AP-1(bZIP)/ThioMac-PU.1-ChIP-Seq(GSE21512)/Homer	VTGACTCATC	1e0	-4.766e-01	1.0000	279.0	7.49%	5614.3	7.61%
5	Olig2(bHLH)/Neuron-Olig2-ChIP-Seq(GSE30882)/Homer	RCCATMTGTT	1e0	-4.671e-01	1.0000	620.0	16.64%	12411.8	16.82%
5	CTCF-SatelliteElement(Zf?)/CD4+-CTCF-ChIP-Seq(Barski_et_al.)/Homer	TGCAGTTCCMVNWRTGGCCA	1e0	-4.504e-01	1.0000	3.0	0.08%	65.9	0.09%
5	Fra2(bZIP)/Striatum-Fra2-ChIP-Seq(GSE43429)/Homer	GGATGACTCATC	1e0	-4.420e-01	1.0000	167.0	4.48%	3391.1	4.60%
5	Mef2c(MADS)/GM12878-Mef2c-ChIP-Seq(GSE32465)/Homer	DCYAAAAATAGM	1e0	-4.402e-01	1.0000	195.0	5.23%	3953.3	5.36%
5	Tcf12(bHLH)/GM12878-Tcf12-ChIP-Seq(GSE32465)/Homer	VCAGCTGYTG	1e0	-4.148e-01	1.0000	165.0	4.43%	3363.1	4.56%
5	ZNF652/HepG2-ZNF652.Flag-ChIP-Seq(Encode)/Homer	TTAACCCTTTVNKKN	1e0	-4.126e-01	1.0000	110.0	2.95%	2257.2	3.06%
5	Pit1+1bp(Homeobox)/GCrat-Pit1-ChIP-Seq(GSE58009)/Homer	ATGCATAATTCA	1e0	-4.073e-01	1.0000	376.0	10.09%	7592.4	10.29%
5	HOXB13(Homeobox)/ProstateTumor-HOXB13-ChIP-Seq(GSE56288)/Homer	TTTTATKRGG	1e0	-3.867e-01	1.0000	551.0	14.78%	11101.0	15.05%
5	EBNA1(EBV-virus)/Raji-EBNA1-ChIP-Seq(GSE30709)/Homer	GGYAGCAYDTGCTDCCCNNN	1e0	-3.752e-01	1.0000	1.0	0.03%	23.3	0.03%
5	Atf3(bZIP)/GBM-ATF3-ChIP-Seq(GSE33912)/Homer	DATGASTCATHN	1e0	-3.727e-01	1.0000	252.0	6.76%	5132.5	6.96%
5	PR(NR)/T47D-PR-ChIP-Seq(GSE31130)/Homer	VAGRACAKNCTGTBC	1e0	-3.709e-01	1.0000	819.0	21.97%	16453.7	22.30%
5	GRE(NR),IR3/RAW264.7-GRE-ChIP-Seq(Unpublished)/Homer	VAGRACAKWCTGTYC	1e0	-3.636e-01	1.0000	87.0	2.33%	1811.0	2.45%
5	Pax7(Paired,Homeobox),longest/Myoblast-Pax7-ChIP-Seq(GSE25064)/Homer	NTAATTDGCYAATTANNWWD	1e0	-3.506e-01	1.0000	22.0	0.59%	480.6	0.65%
5	TEAD1(TEAD)/HepG2-TEAD1-ChIP-Seq(Encode)/Homer	CYRCATTCCA	1e0	-3.193e-01	1.0000	346.0	9.28%	7055.4	9.56%
5	ZNF189(Zf)/HEK293-ZNF189.GFP-ChIP-Seq(GSE58341)/Homer	TGGAACAGMA	1e0	-3.085e-01	1.0000	138.0	3.70%	2870.1	3.89%
5	ZNF7(Zf)/HepG2-ZNF7.Flag-ChIP-Seq(Encode)/Homer	CTGCCWVCTTTTRTA	1e0	-3.073e-01	1.0000	257.0	6.90%	5275.4	7.15%
5	OCT:OCT(POU,Homeobox,IR1)/NPC-Brn2-ChIP-Seq(GSE35496)/Homer	ATGAATWATTCATGA	1e0	-2.935e-01	1.0000	44.0	1.18%	953.0	1.29%
5	RUNX2(Runt)/PCa-RUNX2-ChIP-Seq(GSE33889)/Homer	NWAACCACADNN	1e0	-2.916e-01	1.0000	282.0	7.57%	5790.6	7.85%
5	ZNF136(Zf)/HEK293-ZNF136.GFP-ChIP-Seq(GSE58341)/Homer	YTKGATAHAGTATTCTWGGTNGGCA	1e0	-2.876e-01	1.0000	38.0	1.02%	830.1	1.13%
5	Hoxc9(Homeobox)/Ainv15-Hoxc9-ChIP-Seq(GSE21812)/Homer	GGCCATAAATCA	1e0	-2.871e-01	1.0000	301.0	8.08%	6176.7	8.37%
5	MyoD(bHLH)/Myotube-MyoD-ChIP-Seq(GSE21614)/Homer	RRCAGCTGYTSY	1e0	-2.843e-01	1.0000	126.0	3.38%	2639.8	3.58%
5	Mef2d(MADS)/Retina-Mef2d-ChIP-Seq(GSE61391)/Homer	GCTATTTTTAGC	1e0	-2.766e-01	1.0000	97.0	2.60%	2051.6	2.78%
5	RAR:RXR(NR),DR0/ES-RAR-ChIP-Seq(GSE56893)/Homer	AGGTCAAGGTCA	1e0	-2.713e-01	1.0000	23.0	0.62%	519.9	0.70%
5	ZNF165(Zf)/WHIM12-ZNF165-ChIP-Seq(GSE65937)/Homer	AAGGKGRCGCAGGCA	1e0	-2.639e-01	1.0000	3.0	0.08%	80.4	0.11%
5	ISRE(IRF)/ThioMac-LPS-Expression(GSE23622)/Homer	AGTTTCASTTTC	1e0	-2.587e-01	1.0000	16.0	0.43%	372.1	0.50%
5	STAT4(Stat)/CD4-Stat4-ChIP-Seq(GSE22104)/Homer	NYTTCCWGGAAR	1e0	-2.534e-01	1.0000	215.0	5.77%	4466.6	6.05%
5	T1ISRE(IRF)/ThioMac-Ifnb-Expression/Homer	ACTTTCGTTTCT	1e0	-2.456e-01	1.0000	3.0	0.08%	82.4	0.11%
5	Klf4(Zf)/mES-Klf4-ChIP-Seq(GSE11431)/Homer	GCCACACCCA	1e0	-2.446e-01	1.0000	43.0	1.15%	949.1	1.29%
5	HRE(HSF)/Striatum-HSF1-ChIP-Seq(GSE38000)/Homer	TTCTAGAABNTTCTA	1e0	-2.417e-01	1.0000	21.0	0.56%	484.7	0.66%
5	EKLF(Zf)/Erythrocyte-Klf1-ChIP-Seq(GSE20478)/Homer	NWGGGTGTGGCY	1e0	-2.384e-01	1.0000	26.0	0.70%	592.7	0.80%
5	LXRE(NR),DR4/RAW-LXRb.biotin-ChIP-Seq(GSE21512)/Homer	RGGTTACTANAGGTCA	1e0	-2.351e-01	1.0000	26.0	0.70%	593.6	0.80%
5	MafF(bZIP)/HepG2-MafF-ChIP-Seq(GSE31477)/Homer	HWWGTCAGCAWWTTT	1e0	-2.324e-01	1.0000	134.0	3.60%	2833.3	3.84%
5	Six1(Homeobox)/Myoblast-Six1-ChIP-Chip(GSE20150)/Homer	GKVTCADRTTWC	1e0	-2.308e-01	1.0000	104.0	2.79%	2219.4	3.01%
5	c-Myc(bHLH)/mES-cMyc-ChIP-Seq(GSE11431)/Homer	VVCCACGTGG	1e0	-2.263e-01	1.0000	88.0	2.36%	1892.1	2.56%
5	SF1(NR)/H295R-Nr5a1-ChIP-Seq(GSE44220)/Homer	CAAGGHCANV	1e0	-2.263e-01	1.0000	134.0	3.60%	2837.8	3.85%
5	Slug(Zf)/Mesoderm-Snai2-ChIP-Seq(GSE61475)/Homer	SNGCACCTGCHS	1e0	-2.190e-01	1.0000	82.0	2.20%	1772.3	2.40%
5	PBX1(Homeobox)/MCF7-PBX1-ChIP-Seq(GSE28007)/Homer	GSCTGTCACTCA	1e0	-2.135e-01	1.0000	21.0	0.56%	492.7	0.67%
5	Maz(Zf)/HepG2-Maz-ChIP-Seq(GSE31477)/Homer	GGGGGGGG	1e0	-2.093e-01	1.0000	71.0	1.91%	1549.3	2.10%
5	RUNX-AML(Runt)/CD4+-PolII-ChIP-Seq(Barski_et_al.)/Homer	GCTGTGGTTW	1e0	-1.991e-01	1.0000	207.0	5.55%	4348.4	5.89%
5	Bapx1(Homeobox)/VertebralCol-Bapx1-ChIP-Seq(GSE36672)/Homer	TTRAGTGSYK	1e0	-1.974e-01	1.0000	722.0	19.37%	14726.6	19.96%
5	ZNF415(Zf)/HEK293-ZNF415.GFP-ChIP-Seq(GSE58341)/Homer	GRTGMTRGAGCC	1e0	-1.952e-01	1.0000	43.0	1.15%	969.3	1.31%
5	HOXA1(Homeobox)/mES-Hoxa1-ChIP-Seq(SRP084292)/Homer	TGATKGATGR	1e0	-1.928e-01	1.0000	146.0	3.92%	3107.7	4.21%
5	Nanog(Homeobox)/mES-Nanog-ChIP-Seq(GSE11724)/Homer	RGCCATTAAC	1e0	-1.878e-01	1.0000	2259.0	60.61%	45265.5	61.36%
5	KLF10(Zf)/HEK293-KLF10.GFP-ChIP-Seq(GSE58341)/Homer	GGGGGTGTGTCC	1e0	-1.866e-01	1.0000	81.0	2.17%	1771.0	2.40%
5	PRDM9(Zf)/Testis-DMC1-ChIP-Seq(GSE35498)/Homer	ADGGYAGYAGCATCT	1e0	-1.846e-01	1.0000	68.0	1.82%	1500.8	2.03%
5	PPARE(NR),DR1/3T3L1-Pparg-ChIP-Seq(GSE13511)/Homer	TGACCTTTGCCCCA	1e0	-1.824e-01	1.0000	275.0	7.38%	5747.6	7.79%
5	ETS:RUNX(ETS,Runt)/Jurkat-RUNX1-ChIP-Seq(GSE17954)/Homer	RCAGGATGTGGT	1e0	-1.818e-01	1.0000	6.0	0.16%	164.4	0.22%
5	BHLHA15(bHLH)/NIH3T3-BHLHB8.HA-ChIP-Seq(GSE119782)/Homer	NAMCAGCTGK	1e0	-1.802e-01	1.0000	301.0	8.08%	6277.8	8.51%
5	NFE2L2(bZIP)/HepG2-NFE2L2-ChIP-Seq(Encode)/Homer	AWWWTGCTGAGTCAT	1e0	-1.766e-01	1.0000	20.0	0.54%	482.4	0.65%
5	Zic3(Zf)/mES-Zic3-ChIP-Seq(GSE37889)/Homer	GGCCYCCTGCTGDGH	1e0	-1.685e-01	1.0000	36.0	0.97%	832.1	1.13%
5	OCT4-SOX2-TCF-NANOG(POU,Homeobox,HMG)/mES-Oct4-ChIP-Seq(GSE11431)/Homer	ATTTGCATAACAATG	1e0	-1.582e-01	1.0000	491.0	13.17%	10147.3	13.75%
5	GATA:SCL(Zf,bHLH)/Ter119-SCL-ChIP-Seq(GSE18720)/Homer	CRGCTGBNGNSNNSAGATAA	1e0	-1.548e-01	1.0000	25.0	0.67%	600.0	0.81%
5	Ascl1(bHLH)/NeuralTubes-Ascl1-ChIP-Seq(GSE55840)/Homer	NNVVCAGCTGBN	1e0	-1.525e-01	1.0000	246.0	6.60%	5191.7	7.04%
5	Bach1(bZIP)/K562-Bach1-ChIP-Seq(GSE31477)/Homer	AWWNTGCTGAGTCAT	1e0	-1.486e-01	1.0000	16.0	0.43%	403.3	0.55%
5	MafK(bZIP)/C2C12-MafK-ChIP-Seq(GSE36030)/Homer	GCTGASTCAGCA	1e0	-1.474e-01	1.0000	27.0	0.72%	647.9	0.88%
5	OCT:OCT(POU,Homeobox)/NPC-Brn1-ChIP-Seq(GSE35496)/Homer	ATGAATATTCATGAG	1e0	-1.449e-01	1.0000	28.0	0.75%	670.6	0.91%
5	Snail1(Zf)/LS174T-SNAIL1.HA-ChIP-Seq(GSE127183)/Homer	TRCACCTGCY	1e0	-1.429e-01	1.0000	154.0	4.13%	3316.4	4.50%
5	GRE(NR),IR3/A549-GR-ChIP-Seq(GSE32465)/Homer	NRGVACABNVTGTYCY	1e0	-1.381e-01	1.0000	34.0	0.91%	804.4	1.09%
5	Tcf21(bHLH)/ArterySmoothMuscle-Tcf21-ChIP-Seq(GSE61369)/Homer	NAACAGCTGG	1e0	-1.344e-01	1.0000	184.0	4.94%	3943.5	5.35%
5	EBF1(EBF)/Near-E2A-ChIP-Seq(GSE21512)/Homer	GTCCCCWGGGGA	1e0	-1.341e-01	1.0000	58.0	1.56%	1321.5	1.79%
5	Bcl6(Zf)/Liver-Bcl6-ChIP-Seq(GSE31578)/Homer	NNNCTTTCCAGGAAA	1e0	-1.288e-01	1.0000	197.0	5.29%	4217.6	5.72%
5	Fos(bZIP)/TSC-Fos-ChIP-Seq(GSE110950)/Homer	NDATGASTCAYN	1e0	-1.276e-01	1.0000	246.0	6.60%	5223.9	7.08%
5	GATA3(Zf),DR4/iTreg-Gata3-ChIP-Seq(GSE20898)/Homer	AGATGKDGAGATAAG	1e0	-1.259e-01	1.0000	33.0	0.89%	789.6	1.07%
5	ZKSCAN1(Zf)/HepG2-ZKSCAN1-ChIP-Seq(Encode)/Homer	GCACAYAGTAGGKCY	1e0	-1.246e-01	1.0000	2.0	0.05%	73.3	0.10%
5	TEAD(TEA)/Fibroblast-PU.1-ChIP-Seq(Unpublished)/Homer	YCWGGAATGY	1e0	-1.229e-01	1.0000	249.0	6.68%	5291.3	7.17%
5	DUX4(Homeobox)/Myoblasts-DUX4.V5-ChIP-Seq(GSE75791)/Homer	NWTAAYCYAATCAWN	1e0	-1.177e-01	1.0000	30.0	0.80%	728.0	0.99%
5	RARg(NR)/ES-RARg-ChIP-Seq(GSE30538)/Homer	AGGTCAAGGTCA	1e0	-1.125e-01	1.0000	5.0	0.13%	156.8	0.21%
5	TEAD4(TEA)/Tropoblast-Tead4-ChIP-Seq(GSE37350)/Homer	CCWGGAATGY	1e0	-1.122e-01	1.0000	262.0	7.03%	5573.5	7.55%
5	RXR(NR),DR1/3T3L1-RXR-ChIP-Seq(GSE13511)/Homer	TAGGGCAAAGGTCA	1e0	-1.061e-01	1.0000	277.0	7.43%	5890.9	7.98%
5	KLF5(Zf)/LoVo-KLF5-ChIP-Seq(GSE49402)/Homer	DGGGYGKGGC	1e0	-1.018e-01	1.0000	135.0	3.62%	2969.9	4.03%
5	CArG(MADS)/PUER-Srf-ChIP-Seq(Sullivan_et_al.)/Homer	CCATATATGGNM	1e0	-1.015e-01	1.0000	100.0	2.68%	2237.9	3.03%
5	LRF(Zf)/Erythroblasts-ZBTB7A-ChIP-Seq(GSE74977)/Homer	AAGACCCYYN	1e0	-1.001e-01	1.0000	147.0	3.94%	3221.6	4.37%
5	Nkx3.1(Homeobox)/LNCaP-Nkx3.1-ChIP-Seq(GSE28264)/Homer	AAGCACTTAA	1e0	-9.683e-02	1.0000	735.0	19.72%	15186.9	20.59%
5	ZNF669(Zf)/HEK293-ZNF669.GFP-ChIP-Seq(GSE58341)/Homer	GARTGGTCATCGCCC	1e0	-9.619e-02	1.0000	13.0	0.35%	357.0	0.48%
5	NF-E2(bZIP)/K562-NFE2-ChIP-Seq(GSE31477)/Homer	GATGACTCAGCA	1e0	-9.589e-02	1.0000	10.0	0.27%	285.4	0.39%
5	ARE(NR)/LNCAP-AR-ChIP-Seq(GSE27824)/Homer	RGRACASNSTGTYCYB	1e0	-9.140e-02	1.0000	50.0	1.34%	1183.7	1.60%
5	Srebp1a(bHLH)/HepG2-Srebp1a-ChIP-Seq(GSE31477)/Homer	RTCACSCCAY	1e0	-8.954e-02	1.0000	49.0	1.31%	1163.4	1.58%
5	GLIS3(Zf)/Thyroid-Glis3.GFP-ChIP-Seq(GSE103297)/Homer	CTCCCTGGGAGGCCN	1e0	-8.908e-02	1.0000	94.0	2.52%	2125.8	2.88%
5	ZBTB12(Zf)/HEK293-ZBTB12.GFP-ChIP-Seq(GSE58341)/Homer	NGNTCTAGAACCNGV	1e0	-8.761e-02	1.0000	31.0	0.83%	770.2	1.04%
5	HEB(bHLH)/mES-Heb-ChIP-Seq(GSE53233)/Homer	VCAGCTGBNN	1e0	-8.516e-02	1.0000	337.0	9.04%	7157.3	9.70%
5	GLI3(Zf)/Limb-GLI3-ChIP-Chip(GSE11077)/Homer	CGTGGGTGGTCC	1e0	-8.444e-02	1.0000	9.0	0.24%	266.1	0.36%
5	OCT:OCT(POU,Homeobox)/NPC-OCT6-ChIP-Seq(GSE43916)/Homer	YATGCATATRCATRT	1e0	-8.131e-02	1.0000	117.0	3.14%	2620.3	3.55%
5	TCF4(bHLH)/SHSY5Y-TCF4-ChIP-Seq(GSE96915)/Homer	SMCATCTGKH	1e0	-7.805e-02	1.0000	341.0	9.15%	7255.7	9.83%
5	NeuroG2(bHLH)/Fibroblast-NeuroG2-ChIP-Seq(GSE75910)/Homer	ACCATCTGTT	1e0	-7.765e-02	1.0000	369.0	9.90%	7829.0	10.61%
5	Pbx3(Homeobox)/GM12878-PBX3-ChIP-Seq(GSE32465)/Homer	SCTGTCAMTCAN	1e0	-7.380e-02	1.0000	94.0	2.52%	2145.5	2.91%
5	Nrf2(bZIP)/Lymphoblast-Nrf2-ChIP-Seq(GSE37589)/Homer	HTGCTGAGTCAT	1e0	-7.287e-02	1.0000	8.0	0.21%	247.3	0.34%
5	PPARa(NR),DR1/Liver-Ppara-ChIP-Seq(GSE47954)/Homer	VNAGGKCAAAGGTCA	1e0	-7.269e-02	1.0000	326.0	8.75%	6962.0	9.44%
5	ELF5(ETS)/T47D-ELF5-ChIP-Seq(GSE30407)/Homer	ACVAGGAAGT	1e0	-7.108e-02	1.0000	162.0	4.35%	3580.0	4.85%
5	AMYB(HTH)/Testes-AMYB-ChIP-Seq(GSE44588)/Homer	TGGCAGTTGG	1e0	-6.926e-02	1.0000	743.0	19.94%	15432.3	20.92%
5	ZNF467(Zf)/HEK293-ZNF467.GFP-ChIP-Seq(GSE58341)/Homer	TGGGGAAGGGCM	1e0	-6.618e-02	1.0000	41.0	1.10%	1011.0	1.37%
5	Zic2(Zf)/ESC-Zic2-ChIP-Seq(SRP197560)/Homer	CHCAGCRGGRGG	1e0	-6.491e-02	1.0000	30.0	0.80%	767.5	1.04%
5	STAT6(Stat)/CD4-Stat6-ChIP-Seq(GSE22104)/Homer	ABTTCYYRRGAA	1e0	-6.209e-02	1.0000	158.0	4.24%	3513.5	4.76%
5	Tbox:Smad(T-box,MAD)/ESCd5-Smad2_3-ChIP-Seq(GSE29422)/Homer	AGGTGHCAGACA	1e0	-6.201e-02	1.0000	44.0	1.18%	1082.8	1.47%
5	BMYB(HTH)/Hela-BMYB-ChIP-Seq(GSE27030)/Homer	NHAACBGYYV	1e0	-6.106e-02	1.0000	813.0	21.81%	16873.7	22.87%
5	Tgif2(Homeobox)/mES-Tgif2-ChIP-Seq(GSE55404)/Homer	TGTCANYT	1e0	-5.958e-02	1.0000	1895.0	50.85%	38451.9	52.12%
5	HINFP(Zf)/K562-HINFP.eGFP-ChIP-Seq(Encode)/Homer	TWVGGTCCGC	1e0	-5.942e-02	1.0000	38.0	1.02%	952.6	1.29%
5	Myf5(bHLH)/GM-Myf5-ChIP-Seq(GSE24852)/Homer	BAACAGCTGT	1e0	-5.702e-02	1.0000	152.0	4.08%	3398.1	4.61%
5	STAT6(Stat)/Macrophage-Stat6-ChIP-Seq(GSE38377)/Homer	TTCCKNAGAA	1e0	-5.701e-02	1.0000	144.0	3.86%	3230.5	4.38%
5	Foxh1(Forkhead)/hESC-FOXH1-ChIP-Seq(GSE29422)/Homer	NNTGTGGATTSS	1e0	-5.607e-02	1.0000	389.0	10.44%	8298.8	11.25%
5	ZNF768(Zf)/Rajj-ZNF768-ChIP-Seq(GSE111879)/Homer	RHHCAGAGAGGB	1e0	-5.481e-02	1.0000	1.0	0.03%	58.4	0.08%
5	Nkx2.2(Homeobox)/NPC-Nkx2.2-ChIP-Seq(GSE61673)/Homer	BTBRAGTGSN	1e0	-5.301e-02	1.0000	496.0	13.31%	10492.3	14.22%
5	E2F4(E2F)/K562-E2F4-ChIP-Seq(GSE31477)/Homer	GGCGGGAAAH	1e0	-5.229e-02	1.0000	99.0	2.66%	2287.6	3.10%
5	Duxbl(Homeobox)/NIH3T3-Duxbl.HA-ChIP-Seq(GSE119782)/Homer	TAAYCYAATCAA	1e0	-5.090e-02	1.0000	49.0	1.31%	1207.3	1.64%
5	GFX(?)/Promoter/Homer	ATTCTCGCGAGA	1e0	-4.684e-02	1.0000	4.0	0.11%	156.5	0.21%
5	Mef2b(MADS)/HEK293-Mef2b.V5-ChIP-Seq(GSE67450)/Homer	GCTATTTTTGGM	1e0	-4.555e-02	1.0000	351.0	9.42%	7556.7	10.24%
5	Klf9(Zf)/GBM-Klf9-ChIP-Seq(GSE62211)/Homer	GCCACRCCCACY	1e0	-4.404e-02	1.0000	28.0	0.75%	745.9	1.01%
5	SCRT1(Zf)/HEK293-SCRT1.eGFP-ChIP-Seq(Encode)/Homer	GCAACAGGTG	1e0	-4.343e-02	1.0000	117.0	3.14%	2690.4	3.65%
5	KLF14(Zf)/HEK293-KLF14.GFP-ChIP-Seq(GSE58341)/Homer	RGKGGGCGKGGC	1e0	-4.312e-02	1.0000	152.0	4.08%	3432.4	4.65%
5	Nr5a2(NR)/mES-Nr5a2-ChIP-Seq(GSE19019)/Homer	BTCAAGGTCA	1e0	-4.127e-02	1.0000	107.0	2.87%	2482.3	3.36%
5	HNF1b(Homeobox)/PDAC-HNF1B-ChIP-Seq(GSE64557)/Homer	GTTAATNATTAA	1e0	-4.077e-02	1.0000	109.0	2.92%	2526.5	3.42%
5	Brn2(POU,Homeobox)/NPC-Brn2-ChIP-Seq(GSE35496)/Homer	ATGAATATTC	1e0	-3.842e-02	1.0000	147.0	3.94%	3340.6	4.53%
5	NFkB-p50,p52(RHD)/Monocyte-p50-ChIP-Chip(Schreiber_et_al.)/Homer	GGGGGAATCCCC	1e0	-3.666e-02	1.0000	4.0	0.11%	163.1	0.22%
5	KLF1(Zf)/HUDEP2-KLF1-CutnRun(GSE136251)/Homer	VDGGGYGGGGCY	1e0	-3.545e-02	1.0000	69.0	1.85%	1675.9	2.27%
5	ZBTB33(Zf)/GM12878-ZBTB33-ChIP-Seq(GSE32465)/Homer	GGVTCTCGCGAGAAC	1e0	-3.439e-02	1.0000	6.0	0.16%	221.6	0.30%
5	Ascl2(bHLH)/ESC-Ascl2-ChIP-Seq(GSE97712)/Homer	SSRGCAGCTGCH	1e0	-3.283e-02	1.0000	184.0	4.94%	4139.6	5.61%
5	Tgif1(Homeobox)/mES-Tgif1-ChIP-Seq(GSE55404)/Homer	YTGWCADY	1e0	-3.205e-02	1.0000	1896.0	50.87%	38643.3	52.38%
5	STAT5(Stat)/mCD4+-Stat5-ChIP-Seq(GSE12346)/Homer	RTTTCTNAGAAA	1e0	-3.175e-02	1.0000	51.0	1.37%	1286.7	1.74%
5	E2F6(E2F)/Hela-E2F6-ChIP-Seq(GSE31477)/Homer	GGCGGGAARN	1e0	-3.132e-02	1.0000	39.0	1.05%	1017.4	1.38%
5	Six4(Homeobox)/MCF7-SIX4-ChIP-Seq(Encode)/Homer	TGWAAYCTGABACCB	1e0	-2.950e-02	1.0000	12.0	0.32%	383.1	0.52%
5	TEAD2(TEA)/Py2T-Tead2-ChIP-Seq(GSE55709)/Homer	CCWGGAATGY	1e0	-2.864e-02	1.0000	150.0	4.02%	3437.2	4.66%
5	Sp5(Zf)/mES-Sp5.Flag-ChIP-Seq(GSE72989)/Homer	RGKGGGCGGAGC	1e0	-2.840e-02	1.0000	58.0	1.56%	1450.7	1.97%
5	Gli2(Zf)/GM2-Gli2-ChIP-Chip(GSE112702)/Homer	YSTGGGTGGTCT	1e0	-2.775e-02	1.0000	16.0	0.43%	485.9	0.66%
5	Hand2(bHLH)/Mesoderm-Hand2-ChIP-Seq(GSE61475)/Homer	TGACANARRCCAGRC	1e0	-2.703e-02	1.0000	68.0	1.82%	1675.6	2.27%
5	FOXA1(Forkhead)/MCF7-FOXA1-ChIP-Seq(GSE26831)/Homer	WAAGTAAACA	1e0	-2.309e-02	1.0000	832.0	22.32%	17482.0	23.70%
5	THRb(NR)/HepG2-THRb.Flag-ChIP-Seq(Encode)/Homer	GGTCACCTGAGGTCA	1e0	-2.212e-02	1.0000	82.0	2.20%	1999.5	2.71%
5	Oct2(POU,Homeobox)/Bcell-Oct2-ChIP-Seq(GSE21512)/Homer	ATATGCAAAT	1e0	-2.164e-02	1.0000	547.0	14.68%	11705.6	15.87%
5	SCL(bHLH)/HPC7-Scl-ChIP-Seq(GSE13511)/Homer	AVCAGCTG	1e0	-1.929e-02	1.0000	1027.0	27.56%	21452.9	29.08%
5	Twist2(bHLH)/Myoblast-Twist2.Ty1-ChIP-Seq(GSE127998)/Homer	MCAGCTGBYH	1e0	-1.905e-02	1.0000	407.0	10.92%	8854.5	12.00%
5	HNF4a(NR),DR1/HepG2-HNF4a-ChIP-Seq(GSE25021)/Homer	CARRGKBCAAAGTYCA	1e0	-1.857e-02	1.0000	165.0	4.43%	3804.1	5.16%
5	ZNF519(Zf)/HEK293-ZNF519.GFP-ChIP-Seq(GSE58341)/Homer	GAGSCCGAGC	1e0	-1.844e-02	1.0000	3.0	0.08%	151.2	0.20%
5	Sp2(Zf)/HEK293-Sp2.eGFP-ChIP-Seq(Encode)/Homer	YGGCCCCGCCCC	1e0	-1.716e-02	1.0000	120.0	3.22%	2848.2	3.86%
5	ZNF41(Zf)/HEK293-ZNF41.GFP-ChIP-Seq(GSE58341)/Homer	CCTCATGGTGYCYTWYTCCCTTGTG	1e0	-1.653e-02	1.0000	2.0	0.05%	120.4	0.16%
5	E-box(bHLH)/Promoter/Homer	SSGGTCACGTGA	1e0	-1.646e-02	1.0000	40.0	1.07%	1080.9	1.47%
5	Stat3+il21(Stat)/CD4-Stat3-ChIP-Seq(GSE19198)/Homer	SVYTTCCNGGAARB	1e0	-1.483e-02	1.0000	100.0	2.68%	2427.3	3.29%
5	STAT1(Stat)/HelaS3-STAT1-ChIP-Seq(GSE12782)/Homer	NATTTCCNGGAAAT	1e0	-1.222e-02	1.0000	41.0	1.10%	1121.5	1.52%
5	bHLHE41(bHLH)/proB-Bhlhe41-ChIP-Seq(GSE93764)/Homer	KCACGTGMCN	1e0	-1.121e-02	1.0000	389.0	10.44%	8564.6	11.61%
5	E2A(bHLH)/proBcell-E2A-ChIP-Seq(GSE21978)/Homer	DNRCAGCTGY	1e0	-1.058e-02	1.0000	230.0	6.17%	5247.6	7.11%
5	KLF3(Zf)/MEF-Klf3-ChIP-Seq(GSE44748)/Homer	NRGCCCCRCCCHBNN	1e0	-1.037e-02	1.0000	32.0	0.86%	919.6	1.25%
5	E2F(E2F)/Hela-CellCycle-Expression/Homer	TTSGCGCGAAAA	1e0	-1.034e-02	1.0000	14.0	0.38%	476.6	0.65%
5	PRDM10(Zf)/HEK293-PRDM10.eGFP-ChIP-Seq(Encode)/Homer	TGGTACATTCCA	1e0	-9.491e-03	1.0000	114.0	3.06%	2772.8	3.76%
5	Meis1(Homeobox)/MastCells-Meis1-ChIP-Seq(GSE48085)/Homer	VGCTGWCAVB	1e0	-9.459e-03	1.0000	710.0	19.05%	15183.7	20.58%
5	Oct6(POU,Homeobox)/NPC-Pou3f1-ChIP-Seq(GSE35496)/Homer	WATGCAAATGAG	1e0	-9.062e-03	1.0000	700.0	18.78%	14987.9	20.32%
5	Nkx2.1(Homeobox)/LungAC-Nkx2.1-ChIP-Seq(GSE43252)/Homer	RSCACTYRAG	1e0	-9.007e-03	1.0000	782.0	20.98%	16657.6	22.58%
5	FOXA1(Forkhead)/LNCAP-FOXA1-ChIP-Seq(GSE27824)/Homer	WAAGTAAACA	1e0	-8.989e-03	1.0000	1008.0	27.05%	21232.4	28.78%
5	n-Myc(bHLH)/mES-nMyc-ChIP-Seq(GSE11431)/Homer	VRCCACGTGG	1e0	-8.641e-03	1.0000	157.0	4.21%	3713.8	5.03%
5	Foxa3(Forkhead)/Liver-Foxa3-ChIP-Seq(GSE77670)/Homer	BSNTGTTTACWYWGN	1e0	-7.886e-03	1.0000	324.0	8.69%	7260.3	9.84%
5	RBPJ:Ebox(?,bHLH)/Panc1-Rbpj1-ChIP-Seq(GSE47459)/Homer	GGGRAARRGRMCAGMTG	1e0	-6.924e-03	1.0000	18.0	0.48%	596.0	0.81%
5	Rbpj1(?)/Panc1-Rbpj1-ChIP-Seq(GSE47459)/Homer	HTTTCCCASG	1e0	-5.549e-03	1.0000	250.0	6.71%	5746.9	7.79%
5	RORg(NR)/Liver-Rorc-ChIP-Seq(GSE101115)/Homer	WAABTAGGTCAV	1e0	-4.636e-03	1.0000	37.0	0.99%	1081.4	1.47%
5	RORgt(NR)/EL4-RORgt.Flag-ChIP-Seq(GSE56019)/Homer	AAYTAGGTCA	1e0	-4.314e-03	1.0000	57.0	1.53%	1555.4	2.11%
5	RORgt(NR)/EL4-RORgt.Flag-ChIP-Seq(GSE56019)/Homer	AAYTAGGTCA	1e0	-4.314e-03	1.0000	57.0	1.53%	1555.4	2.11%
5	Gfi1b(Zf)/HPC7-Gfi1b-ChIP-Seq(GSE22178)/Homer	MAATCACTGC	1e0	-3.938e-03	1.0000	194.0	5.21%	4588.8	6.22%
5	RORa(NR)/Liver-Rora-ChIP-Seq(GSE101115)/Homer	AAWCTAGGTCARDNN	1e0	-3.105e-03	1.0000	46.0	1.23%	1317.5	1.79%
5	MyoG(bHLH)/C2C12-MyoG-ChIP-Seq(GSE36024)/Homer	AACAGCTG	1e0	-3.040e-03	1.0000	198.0	5.31%	4700.0	6.37%
5	MITF(bHLH)/MastCells-MITF-ChIP-Seq(GSE48085)/Homer	RTCATGTGAC	1e0	-2.986e-03	1.0000	364.0	9.77%	8224.3	11.15%
5	Ap4(bHLH)/AML-Tfap4-ChIP-Seq(GSE45738)/Homer	NAHCAGCTGD	1e0	-2.525e-03	1.0000	232.0	6.22%	5449.9	7.39%
5	Brachyury(T-box)/Mesoendoderm-Brachyury-ChIP-exo(GSE54963)/Homer	ANTTMRCASBNNNGTGYKAAN	1e0	-2.393e-03	1.0000	119.0	3.19%	2997.6	4.06%
5	Foxa2(Forkhead)/Liver-Foxa2-ChIP-Seq(GSE25694)/Homer	CYTGTTTACWYW	1e0	-1.869e-03	1.0000	754.0	20.23%	16357.8	22.17%
5	ZEB2(Zf)/SNU398-ZEB2-ChIP-Seq(GSE103048)/Homer	GNMCAGGTGTGC	1e0	-1.842e-03	1.0000	161.0	4.32%	3944.8	5.35%
5	Pknox1(Homeobox)/ES-Prep1-ChIP-Seq(GSE63282)/Homer	SCTGTCAVTCAV	1e0	-1.612e-03	1.0000	83.0	2.23%	2216.5	3.00%
5	Foxo1(Forkhead)/RAW-Foxo1-ChIP-Seq(Fan_et_al.)/Homer	CTGTTTAC	1e0	-1.424e-03	1.0000	954.0	25.60%	20477.6	27.76%
5	Oct4(POU,Homeobox)/mES-Oct4-ChIP-Seq(GSE11431)/Homer	ATTTGCATAW	1e0	-1.266e-03	1.0000	795.0	21.33%	17257.9	23.39%
5	Oct11(POU,Homeobox)/NCIH1048-POU2F3-ChIP-seq(GSE115123)/Homer	GATTTGCATA	1e0	-1.229e-03	1.0000	645.0	17.31%	14183.7	19.23%
5	E2F3(E2F)/MEF-E2F3-ChIP-Seq(GSE71376)/Homer	BTKGGCGGGAAA	1e0	-1.158e-03	1.0000	52.0	1.40%	1514.8	2.05%
5	NPAS(bHLH)/Liver-NPAS-ChIP-Seq(GSE39860)/Homer	NVCACGTG	1e0	-1.083e-03	1.0000	678.0	18.19%	14881.1	20.17%
5	PBX2(Homeobox)/K562-PBX2-ChIP-Seq(Encode)/Homer	RTGATTKATRGN	1e0	-1.046e-03	1.0000	535.0	14.35%	11930.4	16.17%
5	THRa(NR)/C17.2-THRa-ChIP-Seq(GSE38347)/Homer	GGTCANYTGAGGWCA	1e0	-1.028e-03	1.0000	63.0	1.69%	1781.0	2.41%
5	Brn1(POU,Homeobox)/NPC-Brn1-ChIP-Seq(GSE35496)/Homer	TATGCWAATBAV	1e0	-9.160e-04	1.0000	629.0	16.88%	13895.4	18.83%
5	Stat3(Stat)/mES-Stat3-ChIP-Seq(GSE11431)/Homer	CTTCCGGGAA	1e0	-8.770e-04	1.0000	53.0	1.42%	1553.3	2.11%
5	NRF(NRF)/Promoter/Homer	STGCGCATGCGC	1e0	-8.510e-04	1.0000	39.0	1.05%	1215.5	1.65%
5	ZEB1(Zf)/PDAC-ZEB1-ChIP-Seq(GSE64557)/Homer	VCAGGTRDRY	1e0	-6.230e-04	1.0000	380.0	10.20%	8749.0	11.86%
5	c-Myc(bHLH)/LNCAP-cMyc-ChIP-Seq(Unpublished)/Homer	VCCACGTG	1e0	-5.550e-04	1.0000	136.0	3.65%	3489.9	4.73%
5	E2F7(E2F)/Hela-E2F7-ChIP-Seq(GSE32673)/Homer	VDTTTCCCGCCA	1e0	-5.090e-04	1.0000	14.0	0.38%	586.0	0.79%
5	E2F1(E2F)/Hela-E2F1-ChIP-Seq(GSE22478)/Homer	CWGGCGGGAA	1e0	-4.640e-04	1.0000	20.0	0.54%	755.0	1.02%
5	ZNF341(Zf)/EBV-ZNF341-ChIP-Seq(GSE113194)/Homer	GGAACAGCCG	1e0	-3.980e-04	1.0000	86.0	2.31%	2375.8	3.22%
5	TR4(NR),DR1/Hela-TR4-ChIP-Seq(GSE24685)/Homer	GAGGTCAAAGGTCA	1e0	-2.870e-04	1.0000	89.0	2.39%	2465.5	3.34%
5	FOXP1(Forkhead)/H9-FOXP1-ChIP-Seq(GSE31006)/Homer	NYYTGTTTACHN	1e0	-2.540e-04	1.0000	374.0	10.03%	8722.0	11.82%
5	Max(bHLH)/K562-Max-ChIP-Seq(GSE31477)/Homer	RCCACGTGGYYN	1e0	-2.450e-04	1.0000	177.0	4.75%	4465.9	6.05%
5	Ptf1a(bHLH)/Panc1-Ptf1a-ChIP-Seq(GSE47459)/Homer	ACAGCTGTTN	1e0	-2.350e-04	1.0000	552.0	14.81%	12476.5	16.91%
5	Foxf1(Forkhead)/Lung-Foxf1-ChIP-Seq(GSE77951)/Homer	WWATRTAAACAN	1e0	-2.320e-04	1.0000	745.0	19.99%	16479.0	22.34%
5	ZNF143|STAF(Zf)/CUTLL-ZNF143-ChIP-Seq(GSE29600)/Homer	ATTTCCCAGVAKSCY	1e0	-2.190e-04	1.0000	35.0	0.94%	1177.6	1.60%
5	bHLHE40(bHLH)/HepG2-BHLHE40-ChIP-Seq(GSE31477)/Homer	KCACGTGMCN	1e0	-2.050e-04	1.0000	103.0	2.76%	2810.3	3.81%
5	NRF1(NRF)/MCF7-NRF1-ChIP-Seq(Unpublished)/Homer	CTGCGCATGCGC	1e0	-1.720e-04	1.0000	25.0	0.67%	926.8	1.26%
5	FoxL2(Forkhead)/Ovary-FoxL2-ChIP-Seq(GSE60858)/Homer	WWTRTAAACAVG	1e0	-1.020e-04	1.0000	737.0	19.77%	16422.0	22.26%
5	FOXK1(Forkhead)/HEK293-FOXK1-ChIP-Seq(GSE51673)/Homer	NVWTGTTTAC	1e0	-6.400e-05	1.0000	898.0	24.09%	19795.9	26.83%
5	E2A(bHLH),near_PU.1/Bcell-PU.1-ChIP-Seq(GSE21512)/Homer	NVCACCTGBN	1e0	-4.100e-05	1.0000	209.0	5.61%	5316.9	7.21%
5	Foxo3(Forkhead)/U2OS-Foxo3-ChIP-Seq(E-MTAB-2701)/Homer	DGTAAACA	1e0	-3.200e-05	1.0000	676.0	18.14%	15299.2	20.74%
5	MNT(bHLH)/HepG2-MNT-ChIP-Seq(Encode)/Homer	DGCACACGTG	1e0	-3.200e-05	1.0000	355.0	9.53%	8522.3	11.55%
5	FOXK2(Forkhead)/U2OS-FOXK2-ChIP-Seq(E-MTAB-2204)/Homer	SCHTGTTTACAT	1e0	-1.200e-05	1.0000	510.0	13.68%	11926.4	16.17%
5	NPAS2(bHLH)/Liver-NPAS2-ChIP-Seq(GSE39860)/Homer	KCCACGTGAC	1e0	-8.000e-06	1.0000	335.0	8.99%	8215.5	11.14%
5	BMAL1(bHLH)/Liver-Bmal1-ChIP-Seq(GSE39860)/Homer	GNCACGTG	1e0	-8.000e-06	1.0000	718.0	19.26%	16335.6	22.14%
5	Usf2(bHLH)/C2C12-Usf2-ChIP-Seq(GSE36030)/Homer	GTCACGTGGT	1e0	-2.000e-06	1.0000	146.0	3.92%	4083.0	5.53%
5	USF1(bHLH)/GM12878-Usf1-ChIP-Seq(GSE32465)/Homer	SGTCACGTGR	1e0	-1.000e-06	1.0000	154.0	4.13%	4347.3	5.89%
5	TFE3(bHLH)/MEF-TFE3-ChIP-Seq(GSE75757)/Homer	GTCACGTGACYV	1e0	-0.000e+00	1.0000	62.0	1.66%	2184.4	2.96%
5	CLOCK(bHLH)/Liver-Clock-ChIP-Seq(GSE39860)/Homer	GHCACGTG	1e0	-0.000e+00	1.0000	190.0	5.10%	5275.6	7.15%
5	NFY(CCAAT)/Promoter/Homer	RGCCAATSRG	1e0	-0.000e+00	1.0000	403.0	10.81%	10483.3	14.21%
5	YY1(Zf)/Promoter/Homer	CAAGATGGCGGC	1e0	-0.000e+00	1.0000	24.0	0.64%	1363.7	1.85%
5	CTCF(Zf)/CD4+-CTCF-ChIP-Seq(Barski_et_al.)/Homer	AYAGTGCCMYCTRGTGGCCA	1e0	-0.000e+00	1.0000	10.0	0.27%	922.8	1.25%
5	BORIS(Zf)/K562-CTCFL-ChIP-Seq(GSE32465)/Homer	CNNBRGCGCCCCCTGSTGGC	1e0	-0.000e+00	1.0000	6.0	0.16%	875.0	1.19%
5	DUX(Homeobox)/C2C12-Dux-ChIP-Seq(GSE87279)/Homer	BCWGATTCAATCAAN	1e0	0.000e+00	1.0000	0.0	0.00%	41.9	0.06%
5	Eomes(T-box)/H9-Eomes-ChIP-Seq(GSE26097)/Homer	ATTAACACCT	1e0	0.000e+00	1.0000	769.0	20.63%	22799.3	30.90%
5	Ronin(THAP)/ES-Thap11-ChIP-Seq(GSE51522)/Homer	RACTACAACTCCCAGVAKGC	1e0	0.000e+00	1.0000	0.0	0.00%	8.8	0.01%
5	Tbet(T-box)/CD8-Tbet-ChIP-Seq(GSE33802)/Homer	AGGTGTGAAM	1e0	0.000e+00	1.0000	409.0	10.97%	14459.9	19.60%
5	Tbr1(T-box)/Cortex-Tbr1-ChIP-Seq(GSE71384)/Homer	AAGGTGTKAA	1e0	0.000e+00	1.0000	535.0	14.35%	17414.9	23.61%
5	Tbx21(T-box)/GM12878-TBX21-ChIP-Seq(Encode)/Homer	AGGTGTGAAA	1e0	0.000e+00	1.0000	284.0	7.62%	11843.0	16.05%
5	Tbx5(T-box)/HL1-Tbx5.biotin-ChIP-Seq(GSE21529)/Homer	AGGTGTCA	1e0	0.000e+00	1.0000	881.0	23.64%	23744.3	32.18%
5	Tbx6(T-box)/ESC-Tbx6-ChIP-Seq(GSE93524)/Homer	DAGGTGTBAA	1e0	0.000e+00	1.0000	269.0	7.22%	11338.8	15.37%
5	ZFP3(Zf)/HEK293-ZFP3.GFP-ChIP-Seq(GSE58341)/Homer	GGGTTTTGAAGGATGARTAGGAGTT	1e0	0.000e+00	1.0000	0.0	0.00%	0.6	0.00%
6	Cux2(Homeobox)/Liver-Cux2-ChIP-Seq(GSE35985)/Homer	HNRAATCAAT	1e-150	-3.473e+02	0.0000	1196.0	27.42%	9616.4	12.57%
6	HNF6(Homeobox)/Liver-Hnf6-ChIP-Seq(ERP000394)/Homer	NTATYGATCH	1e-143	-3.315e+02	0.0000	1349.0	30.93%	11810.5	15.44%
6	CUX1(Homeobox)/K562-CUX1-ChIP-Seq(GSE92882)/Homer	TATCGATNAN	1e-78	-1.815e+02	0.0000	1366.0	31.32%	14769.7	19.31%
6	TEAD1(TEAD)/HepG2-TEAD1-ChIP-Seq(Encode)/Homer	CYRCATTCCA	1e-78	-1.804e+02	0.0000	756.0	17.34%	6437.8	8.42%
6	Hnf6b(Homeobox)/LNCaP-Hnf6b-ChIP-Seq(GSE106305)/Homer	TATTGAYY	1e-75	-1.745e+02	0.0000	1581.0	36.25%	18160.9	23.75%
6	TEAD4(TEA)/Tropoblast-Tead4-ChIP-Seq(GSE37350)/Homer	CCWGGAATGY	1e-73	-1.692e+02	0.0000	632.0	14.49%	5078.3	6.64%
6	TEAD3(TEA)/HepG2-TEAD3-ChIP-Seq(Encode)/Homer	TRCATTCCAG	1e-72	-1.674e+02	0.0000	946.0	21.69%	9134.7	11.94%
6	TEAD(TEA)/Fibroblast-PU.1-ChIP-Seq(Unpublished)/Homer	YCWGGAATGY	1e-64	-1.480e+02	0.0000	567.0	13.00%	4593.1	6.01%
6	TEAD2(TEA)/Py2T-Tead2-ChIP-Seq(GSE55709)/Homer	CCWGGAATGY	1e-45	-1.045e+02	0.0000	384.0	8.81%	3026.9	3.96%
6	NFIL3(bZIP)/HepG2-NFIL3-ChIP-Seq(Encode)/Homer	VTTACGTAAYNNNNN	1e-34	-7.969e+01	0.0000	1492.0	34.21%	19708.4	25.77%
6	AP-2alpha(AP2)/Hela-AP2alpha-ChIP-Seq(GSE31477)/Homer	ATGCCCTGAGGC	1e-29	-6.857e+01	0.0000	194.0	4.45%	1332.1	1.74%
6	AP-2gamma(AP2)/MCF7-TFAP2C-ChIP-Seq(GSE21234)/Homer	SCCTSAGGSCAW	1e-23	-5.449e+01	0.0000	229.0	5.25%	1915.3	2.50%
6	HLF(bZIP)/HSC-HLF.Flag-ChIP-Seq(GSE69817)/Homer	RTTATGYAAB	1e-22	-5.279e+01	0.0000	1430.0	32.79%	19885.7	26.00%
6	Atf1(bZIP)/K562-ATF1-ChIP-Seq(GSE31477)/Homer	GATGACGTCA	1e-18	-4.280e+01	0.0000	1036.0	23.76%	14030.9	18.35%
6	NF1(CTF)/LNCAP-NF1-ChIP-Seq(Unpublished)/Homer	CYTGGCABNSTGCCAR	1e-15	-3.640e+01	0.0000	156.0	3.58%	1323.0	1.73%
6	Pitx1(Homeobox)/Chicken-Pitx1-ChIP-Seq(GSE38910)/Homer	TAATCCCN	1e-14	-3.441e+01	0.0000	2223.0	50.97%	34398.8	44.98%
6	PAX5(Paired,Homeobox)/GM12878-PAX5-ChIP-Seq(GSE32465)/Homer	GCAGCCAAGCRTGACH	1e-11	-2.569e+01	0.0000	198.0	4.54%	2075.1	2.71%
6	Tlx?(NR)/NPC-H3K4me1-ChIP-Seq(GSE16256)/Homer	CTGGCAGSCTGCCA	1e-11	-2.541e+01	0.0000	130.0	2.98%	1192.0	1.56%
6	Sox3(HMG)/NPC-Sox3-ChIP-Seq(GSE33059)/Homer	CCWTTGTY	1e-10	-2.470e+01	0.0000	2209.0	50.65%	34908.6	45.64%
6	Sox21(HMG)/ESC-SOX21-ChIP-Seq(GSE110505)/Homer	BCCWTTGTBYKV	1e-10	-2.349e+01	0.0000	2070.0	47.47%	32595.4	42.62%
6	p63(p53)/Keratinocyte-p63-ChIP-Seq(GSE17611)/Homer	NNDRCATGYCYNRRCATGYH	1e-10	-2.334e+01	0.0000	313.0	7.18%	3772.1	4.93%
6	CREB5(bZIP)/LNCaP-CREB5.V5-ChIP-Seq(GSE137775)/Homer	VVATGACGTCAT	1e-8	-2.052e+01	0.0000	614.0	14.08%	8511.2	11.13%
6	Atf7(bZIP)/3T3L1-Atf7-ChIP-Seq(GSE56872)/Homer	NGRTGACGTCAY	1e-8	-1.987e+01	0.0000	644.0	14.77%	9025.9	11.80%
6	CEBP(bZIP)/ThioMac-CEBPb-ChIP-Seq(GSE21512)/Homer	ATTGCGCAAC	1e-7	-1.835e+01	0.0000	864.0	19.81%	12675.9	16.57%
6	p53(p53)/Saos-p53-ChIP-Seq(GSE15780)/Homer	RRCATGYCYRGRCATGYYYN	1e-7	-1.827e+01	0.0000	165.0	3.78%	1819.9	2.38%
6	p53(p53)/Saos-p53-ChIP-Seq/Homer	RRCATGYCYRGRCATGYYYN	1e-7	-1.827e+01	0.0000	165.0	3.78%	1819.9	2.38%
6	CRX(Homeobox)/Retina-Crx-ChIP-Seq(GSE20012)/Homer	GCTAATCC	1e-7	-1.800e+01	0.0000	1253.0	28.73%	19145.2	25.03%
6	Sox6(HMG)/Myotubes-Sox6-ChIP-Seq(GSE32627)/Homer	CCATTGTTNY	1e-6	-1.602e+01	0.0000	2076.0	47.60%	33414.9	43.69%
6	PAX6(Paired,Homeobox)/Forebrain-Pax6-ChIP-Seq(GSE66961)/Homer	NGTGTTCAVTSAAGCGKAAA	1e-6	-1.486e+01	0.0000	88.0	2.02%	864.6	1.13%
6	p73(p53)/Trachea-p73-ChIP-Seq(PRJNA310161)/Homer	NRRRCAWGTCCDGRCATGYY	1e-6	-1.382e+01	0.0000	89.0	2.04%	900.7	1.18%
6	Sox10(HMG)/SciaticNerve-Sox3-ChIP-Seq(GSE35132)/Homer	CCWTTGTYYB	1e-5	-1.297e+01	0.0000	1850.0	42.42%	29836.1	39.01%
6	Pax8(Paired,Homeobox)/Thyroid-Pax8-ChIP-Seq(GSE26938)/Homer	GTCATGCHTGRCTGS	1e-5	-1.268e+01	0.0000	101.0	2.32%	1090.8	1.43%
6	Otx2(Homeobox)/EpiLC-Otx2-ChIP-Seq(GSE56098)/Homer	NYTAATCCYB	1e-5	-1.240e+01	0.0001	481.0	11.03%	6903.4	9.03%
6	Nrf2(bZIP)/Lymphoblast-Nrf2-ChIP-Seq(GSE37589)/Homer	HTGCTGAGTCAT	1e-4	-1.019e+01	0.0005	29.0	0.66%	217.4	0.28%
6	NFE2L2(bZIP)/HepG2-NFE2L2-ChIP-Seq(Encode)/Homer	AWWWTGCTGAGTCAT	1e-4	-1.003e+01	0.0006	45.0	1.03%	410.2	0.54%
6	Atf2(bZIP)/3T3L1-Atf2-ChIP-Seq(GSE56872)/Homer	NRRTGACGTCAT	1e-3	-8.698e+00	0.0020	415.0	9.52%	6114.4	7.99%
6	Fox:Ebox(Forkhead,bHLH)/Panc1-Foxa2-ChIP-Seq(GSE47459)/Homer	NNNVCTGWGYAAACASN	1e-3	-8.675e+00	0.0020	871.0	19.97%	13656.7	17.86%
6	Nkx6.1(Homeobox)/Islet-Nkx6.1-ChIP-Seq(GSE40975)/Homer	GKTAATGR	1e-3	-8.310e+00	0.0028	2380.0	54.57%	39715.3	51.93%
6	Sox7(HMG)/ESC-Sox7-ChIP-Seq(GSE133899)/Homer	VVRRAACAATGG	1e-3	-8.181e+00	0.0032	597.0	13.69%	9141.8	11.95%
6	c-Jun-CRE(bZIP)/K562-cJun-ChIP-Seq(GSE31477)/Homer	ATGACGTCATCY	1e-3	-8.056e+00	0.0035	354.0	8.12%	5179.7	6.77%
6	GSC(Homeobox)/FrogEmbryos-GSC-ChIP-Seq(DRA000576)/Homer	RGGATTAR	1e-3	-8.041e+00	0.0035	731.0	16.76%	11383.9	14.88%
6	CRE(bZIP)/Promoter/Homer	CSGTGACGTCAC	1e-3	-7.914e+00	0.0038	294.0	6.74%	4227.7	5.53%
6	Atf4(bZIP)/MEF-Atf4-ChIP-Seq(GSE35681)/Homer	MTGATGCAAT	1e-3	-7.733e+00	0.0045	405.0	9.29%	6031.3	7.89%
6	Sox17(HMG)/Endoderm-Sox17-ChIP-Seq(GSE61475)/Homer	CCATTGTTYB	1e-3	-7.618e+00	0.0049	1264.0	28.98%	20456.6	26.75%
6	ZEB1(Zf)/PDAC-ZEB1-ChIP-Seq(GSE64557)/Homer	VCAGGTRDRY	1e-3	-7.242e+00	0.0070	610.0	13.99%	9454.8	12.36%
6	p53(p53)/mES-cMyc-ChIP-Seq(GSE11431)/Homer	ACATGCCCGGGCAT	1e-3	-7.015e+00	0.0086	8.0	0.18%	34.9	0.05%
6	Sox2(HMG)/mES-Sox2-ChIP-Seq(GSE11431)/Homer	BCCATTGTTC	1e-2	-6.806e+00	0.0104	1349.0	30.93%	22034.2	28.81%
6	Sox4(HMG)/proB-Sox4-ChIP-Seq(GSE50066)/Homer	YCTTTGTTCC	1e-2	-6.610e+00	0.0123	934.0	21.42%	14978.3	19.58%
6	NF-E2(bZIP)/K562-NFE2-ChIP-Seq(GSE31477)/Homer	GATGACTCAGCA	1e-2	-6.606e+00	0.0123	28.0	0.64%	259.2	0.34%
6	Sox15(HMG)/CPA-Sox15-ChIP-Seq(GSE62909)/Homer	RAACAATGGN	1e-2	-6.496e+00	0.0133	1444.0	33.11%	23718.4	31.01%
6	Foxa2(Forkhead)/Liver-Foxa2-ChIP-Seq(GSE25694)/Homer	CYTGTTTACWYW	1e-2	-5.999e+00	0.0214	948.0	21.74%	15303.1	20.01%
6	FOXM1(Forkhead)/MCF7-FOXM1-ChIP-Seq(GSE72977)/Homer	TRTTTACTTW	1e-2	-5.853e+00	0.0243	965.0	22.13%	15614.3	20.42%
6	RUNX1(Runt)/Jurkat-RUNX1-ChIP-Seq(GSE29180)/Homer	AAACCACARM	1e-2	-5.677e+00	0.0284	406.0	9.31%	6239.1	8.16%
6	RUNX(Runt)/HPC7-Runx1-ChIP-Seq(GSE22178)/Homer	SAAACCACAG	1e-2	-5.463e+00	0.0346	326.0	7.48%	4944.3	6.46%
6	Hand2(bHLH)/Mesoderm-Hand2-ChIP-Seq(GSE61475)/Homer	TGACANARRCCAGRC	1e-2	-5.460e+00	0.0346	123.0	2.82%	1685.0	2.20%
6	Bach1(bZIP)/K562-Bach1-ChIP-Seq(GSE31477)/Homer	AWWNTGCTGAGTCAT	1e-2	-5.446e+00	0.0346	33.0	0.76%	349.1	0.46%
6	Hoxb4(Homeobox)/ES-Hoxb4-ChIP-Seq(GSE34014)/Homer	TGATTRATGGCY	1e-2	-5.436e+00	0.0346	157.0	3.60%	2219.9	2.90%
6	EBF2(EBF)/BrownAdipose-EBF2-ChIP-Seq(GSE97114)/Homer	NABTCCCWDGGGAVH	1e-2	-5.187e+00	0.0424	139.0	3.19%	1951.0	2.55%
6	FOXA1(Forkhead)/MCF7-FOXA1-ChIP-Seq(GSE26831)/Homer	WAAGTAAACA	1e-2	-4.856e+00	0.0580	986.0	22.61%	16132.8	21.09%
6	PBX2(Homeobox)/K562-PBX2-ChIP-Seq(Encode)/Homer	RTGATTKATRGN	1e-2	-4.850e+00	0.0580	694.0	15.91%	11164.9	14.60%
6	Pax7(Paired,Homeobox)/Myoblast-Pax7-ChIP-Seq(GSE25064)/Homer	TAATCAATTA	1e-2	-4.629e+00	0.0705	122.0	2.80%	1718.8	2.25%
6	FoxD3(forkhead)/ZebrafishEmbryo-Foxd3.biotin-ChIP-seq(GSE106676)/Homer	TGTTTAYTTAGC	1e-2	-4.613e+00	0.0705	668.0	15.32%	10759.1	14.07%
6	Pit1+1bp(Homeobox)/GCrat-Pit1-ChIP-Seq(GSE58009)/Homer	ATGCATAATTCA	1e-1	-4.458e+00	0.0809	414.0	9.49%	6508.3	8.51%
6	DLX1(Homeobox)/BasalGanglia-Dlx1-ChIP-seq(GSE124936)/Homer	NSNNTAATTA	1e-1	-4.411e+00	0.0835	1377.0	31.58%	22941.0	30.00%
6	Foxh1(Forkhead)/hESC-FOXH1-ChIP-Seq(GSE29422)/Homer	NNTGTGGATTSS	1e-1	-4.173e+00	0.1042	498.0	11.42%	7953.8	10.40%
6	HIC1(Zf)/Treg-ZBTB29-ChIP-Seq(GSE99889)/Homer	TGCCAGCB	1e-1	-4.011e+00	0.1208	623.0	14.29%	10089.7	13.19%
6	FOXA1(Forkhead)/LNCAP-FOXA1-ChIP-Seq(GSE27824)/Homer	WAAGTAAACA	1e-1	-3.941e+00	0.1276	1190.0	27.29%	19808.4	25.90%
6	Sox9(HMG)/Limb-SOX9-ChIP-Seq(GSE73225)/Homer	AGGVNCCTTTGT	1e-1	-3.919e+00	0.1285	731.0	16.76%	11940.1	15.61%
6	FOXP1(Forkhead)/H9-FOXP1-ChIP-Seq(GSE31006)/Homer	NYYTGTTTACHN	1e-1	-3.847e+00	0.1362	510.0	11.69%	8202.4	10.72%
6	HOXA1(Homeobox)/mES-Hoxa1-ChIP-Seq(SRP084292)/Homer	TGATKGATGR	1e-1	-3.623e+00	0.1679	191.0	4.38%	2906.3	3.80%
6	CEBP:AP1(bZIP)/ThioMac-CEBPb-ChIP-Seq(GSE21512)/Homer	DRTGTTGCAA	1e-1	-3.575e+00	0.1737	702.0	16.10%	11506.5	15.05%
6	Chop(bZIP)/MEF-Chop-ChIP-Seq(GSE35681)/Homer	ATTGCATCAT	1e-1	-3.523e+00	0.1803	261.0	5.98%	4071.5	5.32%
6	ZNF136(Zf)/HEK293-ZNF136.GFP-ChIP-Seq(GSE58341)/Homer	YTKGATAHAGTATTCTWGGTNGGCA	1e-1	-3.476e+00	0.1865	53.0	1.22%	707.5	0.93%
6	GATA(Zf),IR3/iTreg-Gata3-ChIP-Seq(GSE20898)/Homer	NNNNNBAGATAWYATCTVHN	1e-1	-3.402e+00	0.1980	98.0	2.25%	1417.1	1.85%
6	Hoxc9(Homeobox)/Ainv15-Hoxc9-ChIP-Seq(GSE21812)/Homer	GGCCATAAATCA	1e-1	-3.259e+00	0.2253	364.0	8.35%	5826.4	7.62%
6	Nkx2.5(Homeobox)/HL1-Nkx2.5.biotin-ChIP-Seq(GSE21529)/Homer	RRSCACTYAA	1e-1	-3.244e+00	0.2259	834.0	19.12%	13828.4	18.08%
6	DLX5(Homeobox)/BasalGanglia-Dlx5-ChIP-seq(GSE124936)/Homer	SSTAATTA	1e-1	-3.124e+00	0.2513	943.0	21.62%	15727.5	20.56%
6	ZBTB18(Zf)/HEK293-ZBTB18.GFP-ChIP-Seq(GSE58341)/Homer	AACATCTGGA	1e-1	-3.016e+00	0.2764	135.0	3.10%	2045.8	2.67%
6	Hoxa10(Homeobox)/ChickenMSG-Hoxa10.Flag-ChIP-Seq(GSE86088)/Homer	GGYAATGAAA	1e-1	-3.010e+00	0.2764	458.0	10.50%	7452.5	9.74%
6	Zfp809(Zf)/ES-Zfp809-ChIP-Seq(GSE70799)/Homer	GGGGCTYGKCTGGGA	1e-1	-2.892e+00	0.3052	18.0	0.41%	207.5	0.27%
6	Nkx3.1(Homeobox)/LNCaP-Nkx3.1-ChIP-Seq(GSE28264)/Homer	AAGCACTTAA	1e-1	-2.690e+00	0.3689	943.0	21.62%	15827.6	20.70%
6	GRE(NR),IR3/A549-GR-ChIP-Seq(GSE32465)/Homer	NRGVACABNVTGTYCY	1e-1	-2.673e+00	0.3704	55.0	1.26%	780.8	1.02%
6	RUNX2(Runt)/PCa-RUNX2-ChIP-Seq(GSE33889)/Homer	NWAACCACADNN	1e-1	-2.596e+00	0.3952	376.0	8.62%	6129.1	8.01%
6	HOXA2(Homeobox)/mES-Hoxa2-ChIP-Seq(Donaldson_et_al.)/Homer	GYCATCMATCAT	1e-1	-2.581e+00	0.3964	71.0	1.63%	1041.3	1.36%
6	GRE(NR),IR3/RAW264.7-GRE-ChIP-Seq(Unpublished)/Homer	VAGRACAKWCTGTYC	1e-1	-2.565e+00	0.3983	113.0	2.59%	1725.4	2.26%
6	ZEB2(Zf)/SNU398-ZEB2-ChIP-Seq(GSE103048)/Homer	GNMCAGGTGTGC	1e-1	-2.468e+00	0.4337	273.0	6.26%	4407.0	5.76%
6	MafA(bZIP)/Islet-MafA-ChIP-Seq(GSE30298)/Homer	TGCTGACTCA	1e-1	-2.451e+00	0.4358	254.0	5.82%	4088.0	5.35%
6	Tcfcp2l1(CP2)/mES-Tcfcp2l1-ChIP-Seq(GSE11431)/Homer	NRAACCRGTTYRAACCRGYT	1e-1	-2.403e+00	0.4521	39.0	0.89%	543.2	0.71%
6	Tcf7(HMG)/GM12878-TCF7-ChIP-Seq(Encode)/Homer	CTTTGATGTGSB	1e-1	-2.375e+00	0.4597	227.0	5.21%	3644.3	4.77%
6	Hoxd12(Homeobox)/ChickenMSG-Hoxd12.Flag-ChIP-Seq(GSE86088)/Homer	HDGYAATGAAAN	1e-1	-2.352e+00	0.4652	1354.0	31.05%	23040.6	30.13%
6	Rfx1(HTH)/NPC-H3K4me1-ChIP-Seq(GSE16256)/Homer	KGTTGCCATGGCAA	1e0	-2.292e+00	0.4888	116.0	2.66%	1800.3	2.35%
6	Ronin(THAP)/ES-Thap11-ChIP-Seq(GSE51522)/Homer	RACTACAACTCCCAGVAKGC	1e0	-2.188e+00	0.5365	2.0	0.05%	10.6	0.01%
6	JunD(bZIP)/K562-JunD-ChIP-Seq/Homer	ATGACGTCATCN	1e0	-2.165e+00	0.5429	179.0	4.10%	2865.6	3.75%
6	OCT:OCT-short(POU,Homeobox)/NPC-OCT6-ChIP-Seq(GSE43916)/Homer	ATGCATWATGCATRW	1e0	-2.088e+00	0.5801	771.0	17.68%	13009.2	17.01%
6	PRDM14(Zf)/H1-PRDM14-ChIP-Seq(GSE22767)/Homer	RGGTCTCTAACY	1e0	-2.002e+00	0.6256	76.0	1.74%	1167.7	1.53%
6	Slug(Zf)/Mesoderm-Snai2-ChIP-Seq(GSE61475)/Homer	SNGCACCTGCHS	1e0	-1.962e+00	0.6441	127.0	2.91%	2018.2	2.64%
6	ZNF669(Zf)/HEK293-ZNF669.GFP-ChIP-Seq(GSE58341)/Homer	GARTGGTCATCGCCC	1e0	-1.895e+00	0.6816	29.0	0.66%	412.7	0.54%
6	AR-halfsite(NR)/LNCaP-AR-ChIP-Seq(GSE27824)/Homer	CCAGGAACAG	1e0	-1.797e+00	0.7441	1272.0	29.17%	21791.3	28.49%
6	Mouse_Recombination_Hotspot(Zf)/Testis-DMC1-ChIP-Seq(GSE24438)/Homer	ACTYKNATTCGTGNTACTTC	1e0	-1.783e+00	0.7469	19.0	0.44%	260.4	0.34%
6	TATA-Box(TBP)/Promoter/Homer	CCTTTTAWAGSC	1e0	-1.781e+00	0.7469	534.0	12.24%	8998.3	11.77%
6	Oct4:Sox17(POU,Homeobox,HMG)/F9-Sox17-ChIP-Seq(GSE44553)/Homer	CCATTGTATGCAAAT	1e0	-1.759e+00	0.7501	260.0	5.96%	4299.3	5.62%
6	ARE(NR)/LNCAP-AR-ChIP-Seq(GSE27824)/Homer	RGRACASNSTGTYCYB	1e0	-1.759e+00	0.7501	76.0	1.74%	1189.3	1.56%
6	RBPJ:Ebox(?,bHLH)/Panc1-Rbpj1-ChIP-Seq(GSE47459)/Homer	GGGRAARRGRMCAGMTG	1e0	-1.753e+00	0.7501	43.0	0.99%	646.3	0.85%
6	Pdx1(Homeobox)/Islet-Pdx1-ChIP-Seq(SRA008281)/Homer	YCATYAATCA	1e0	-1.730e+00	0.7501	686.0	15.73%	11637.4	15.22%
6	MafB(bZIP)/BMM-Mafb-ChIP-Seq(GSE75722)/Homer	WNTGCTGASTCAGCANWTTY	1e0	-1.723e+00	0.7501	126.0	2.89%	2030.5	2.65%
6	EBF(EBF)/proBcell-EBF-ChIP-Seq(GSE21978)/Homer	DGTCCCYRGGGA	1e0	-1.715e+00	0.7501	24.0	0.55%	342.8	0.45%
6	STAT6(Stat)/Macrophage-Stat6-ChIP-Seq(GSE38377)/Homer	TTCCKNAGAA	1e0	-1.697e+00	0.7533	195.0	4.47%	3202.7	4.19%
6	DLX2(Homeobox)/BasalGanglia-Dlx2-ChIP-seq(GSE124936)/Homer	NNNTAATTAS	1e0	-1.656e+00	0.7778	1486.0	34.07%	25575.0	33.44%
6	RUNX-AML(Runt)/CD4+-PolII-ChIP-Seq(Barski_et_al.)/Homer	GCTGTGGTTW	1e0	-1.650e+00	0.7778	279.0	6.40%	4644.9	6.07%
6	Rfx6(HTH)/Min6b1-Rfx6.HA-ChIP-Seq(GSE62844)/Homer	TGTTKCCTAGCAACM	1e0	-1.638e+00	0.7778	267.0	6.12%	4441.6	5.81%
6	Dlx3(Homeobox)/Kerainocytes-Dlx3-ChIP-Seq(GSE89884)/Homer	NDGTAATTAC	1e0	-1.625e+00	0.7802	770.0	17.66%	13123.2	17.16%
6	Tcf3(HMG)/mES-Tcf3-ChIP-Seq(GSE11724)/Homer	ASWTCAAAGG	1e0	-1.540e+00	0.8426	181.0	4.15%	2989.7	3.91%
6	HRE(HSF)/Striatum-HSF1-ChIP-Seq(GSE38000)/Homer	TTCTAGAABNTTCTA	1e0	-1.532e+00	0.8426	33.0	0.76%	498.1	0.65%
6	Foxa3(Forkhead)/Liver-Foxa3-ChIP-Seq(GSE77670)/Homer	BSNTGTTTACWYWGN	1e0	-1.527e+00	0.8426	395.0	9.06%	6664.9	8.71%
6	PRDM1(Zf)/Hela-PRDM1-ChIP-Seq(GSE31477)/Homer	ACTTTCACTTTC	1e0	-1.523e+00	0.8426	228.0	5.23%	3795.9	4.96%
6	MYB(HTH)/ERMYB-Myb-ChIPSeq(GSE22095)/Homer	GGCVGTTR	1e0	-1.502e+00	0.8447	1195.0	27.40%	20557.6	26.88%
6	E2A(bHLH),near_PU.1/Bcell-PU.1-ChIP-Seq(GSE21512)/Homer	NVCACCTGBN	1e0	-1.491e+00	0.8466	354.0	8.12%	5967.0	7.80%
6	Egr1(Zf)/K562-Egr1-ChIP-Seq(GSE32465)/Homer	TGCGTGGGYG	1e0	-1.461e+00	0.8648	100.0	2.29%	1624.2	2.12%
6	Cdx2(Homeobox)/mES-Cdx2-ChIP-Seq(GSE14586)/Homer	GYMATAAAAH	1e0	-1.450e+00	0.8673	468.0	10.73%	7944.8	10.39%
6	ZBTB33(Zf)/GM12878-ZBTB33-ChIP-Seq(GSE32465)/Homer	GGVTCTCGCGAGAAC	1e0	-1.446e+00	0.8673	20.0	0.46%	292.6	0.38%
6	Foxo1(Forkhead)/RAW-Foxo1-ChIP-Seq(Fan_et_al.)/Homer	CTGTTTAC	1e0	-1.445e+00	0.8673	1167.0	26.76%	20091.9	26.27%
6	FOXK2(Forkhead)/U2OS-FOXK2-ChIP-Seq(E-MTAB-2204)/Homer	SCHTGTTTACAT	1e0	-1.430e+00	0.8673	663.0	15.20%	11328.6	14.81%
6	GLI3(Zf)/Limb-GLI3-ChIP-Chip(GSE11077)/Homer	CGTGGGTGGTCC	1e0	-1.412e+00	0.8714	21.0	0.48%	310.8	0.41%
6	Bcl6(Zf)/Liver-Bcl6-ChIP-Seq(GSE31578)/Homer	NNNCTTTCCAGGAAA	1e0	-1.361e+00	0.9095	268.0	6.15%	4514.2	5.90%
6	STAT6(Stat)/CD4-Stat6-ChIP-Seq(GSE22104)/Homer	ABTTCYYRRGAA	1e0	-1.356e+00	0.9095	205.0	4.70%	3432.8	4.49%
6	Gata2(Zf)/K562-GATA2-ChIP-Seq(GSE18829)/Homer	BBCTTATCTS	1e0	-1.345e+00	0.9103	346.0	7.93%	5863.8	7.67%
6	ZNF41(Zf)/HEK293-ZNF41.GFP-ChIP-Seq(GSE58341)/Homer	CCTCATGGTGYCYTWYTCCCTTGTG	1e0	-1.339e+00	0.9103	8.0	0.18%	106.6	0.14%
6	Snail1(Zf)/LS174T-SNAIL1.HA-ChIP-Seq(GSE127183)/Homer	TRCACCTGCY	1e0	-1.334e+00	0.9103	221.0	5.07%	3711.0	4.85%
6	Isl1(Homeobox)/Neuron-Isl1-ChIP-Seq(GSE31456)/Homer	CTAATKGV	1e0	-1.332e+00	0.9103	1264.0	28.98%	21829.6	28.54%
6	TCFL2(HMG)/K562-TCF7L2-ChIP-Seq(GSE29196)/Homer	ACWTCAAAGG	1e0	-1.331e+00	0.9103	59.0	1.35%	947.9	1.24%
6	LEF1(HMG)/H1-LEF1-ChIP-Seq(GSE64758)/Homer	CCTTTGATST	1e0	-1.330e+00	0.9103	483.0	11.08%	8237.7	10.77%
6	Egr2(Zf)/Thymocytes-Egr2-ChIP-Seq(GSE34254)/Homer	NGCGTGGGCGGR	1e0	-1.311e+00	0.9103	24.0	0.55%	365.7	0.48%
6	BATF(bZIP)/Th17-BATF-ChIP-Seq(GSE39756)/Homer	DATGASTCAT	1e0	-1.284e+00	0.9158	284.0	6.51%	4807.1	6.29%
6	ZNF322(Zf)/HEK293-ZNF322.GFP-ChIP-Seq(GSE58341)/Homer	GAGCCTGGTACTGWGCCTGR	1e0	-1.257e+00	0.9344	23.0	0.53%	352.8	0.46%
6	AP-1(bZIP)/ThioMac-PU.1-ChIP-Seq(GSE21512)/Homer	VTGACTCATC	1e0	-1.247e+00	0.9368	327.0	7.50%	5559.1	7.27%
6	PAX3:FKHR-fusion(Paired,Homeobox)/Rh4-PAX3:FKHR-ChIP-Seq(GSE19063)/Homer	ACCRTGACTAATTNN	1e0	-1.236e+00	0.9396	179.0	4.10%	3008.4	3.93%
6	Rbpj1(?)/Panc1-Rbpj1-ChIP-Seq(GSE47459)/Homer	HTTTCCCASG	1e0	-1.225e+00	0.9433	361.0	8.28%	6153.7	8.05%
6	Mef2a(MADS)/HL1-Mef2a.biotin-ChIP-Seq(GSE21529)/Homer	CYAAAAATAG	1e0	-1.167e+00	0.9925	202.0	4.63%	3419.0	4.47%
6	RORa(NR)/Liver-Rora-ChIP-Seq(GSE101115)/Homer	AAWCTAGGTCARDNN	1e0	-1.153e+00	0.9997	80.0	1.83%	1324.3	1.73%
6	AMYB(HTH)/Testes-AMYB-ChIP-Seq(GSE44588)/Homer	TGGCAGTTGG	1e0	-1.151e+00	0.9997	933.0	21.39%	16129.3	21.09%
6	EBF1(EBF)/Near-E2A-ChIP-Seq(GSE21512)/Homer	GTCCCCWGGGGA	1e0	-1.143e+00	0.9997	96.0	2.20%	1599.4	2.09%
6	GATA3(Zf),DR8/iTreg-Gata3-ChIP-Seq(GSE20898)/Homer	AGATSTNDNNDSAGATAASN	1e0	-1.121e+00	1.0000	33.0	0.76%	529.4	0.69%
6	NF1:FOXA1(CTF,Forkhead)/LNCAP-FOXA1-ChIP-Seq(GSE27824)/Homer	WNTGTTTRYTTTGGCA	1e0	-1.092e+00	1.0000	29.0	0.66%	464.1	0.61%
6	Bcl11a(Zf)/HSPC-BCL11A-ChIP-Seq(GSE104676)/Homer	TYTGACCASWRG	1e0	-1.089e+00	1.0000	203.0	4.65%	3452.4	4.51%
6	TCF4(bHLH)/SHSY5Y-TCF4-ChIP-Seq(GSE96915)/Homer	SMCATCTGKH	1e0	-1.080e+00	1.0000	444.0	10.18%	7636.0	9.98%
6	GFY(?)/Promoter/Homer	ACTACAATTCCC	1e0	-1.069e+00	1.0000	13.0	0.30%	198.9	0.26%
6	GLIS3(Zf)/Thyroid-Glis3.GFP-ChIP-Seq(GSE103297)/Homer	CTCCCTGGGAGGCCN	1e0	-1.027e+00	1.0000	158.0	3.62%	2687.7	3.51%
6	Srebp2(bHLH)/HepG2-Srebp2-ChIP-Seq(GSE31477)/Homer	CGGTCACSCCAC	1e0	-1.021e+00	1.0000	39.0	0.89%	640.6	0.84%
6	Hoxd10(Homeobox)/ChickenMSG-Hoxd10.Flag-ChIP-Seq(GSE86088)/Homer	GGCMATGAAA	1e0	-1.017e+00	1.0000	785.0	18.00%	13603.7	17.79%
6	DUX4(Homeobox)/Myoblasts-DUX4.V5-ChIP-Seq(GSE75791)/Homer	NWTAAYCYAATCAWN	1e0	-1.011e+00	1.0000	39.0	0.89%	641.6	0.84%
6	NF1-halfsite(CTF)/LNCaP-NF1-ChIP-Seq(Unpublished)/Homer	YTGCCAAG	1e0	-1.009e+00	1.0000	572.0	13.12%	9890.5	12.93%
6	HRE(HSF)/HepG2-HSF1-ChIP-Seq(GSE31477)/Homer	BSTTCTRGAABVTTCYAGAA	1e0	-1.008e+00	1.0000	19.0	0.44%	302.8	0.40%
6	CDX4(Homeobox)/ZebrafishEmbryos-Cdx4.Myc-ChIP-Seq(GSE48254)/Homer	NGYCATAAAWCH	1e0	-9.836e-01	1.0000	564.0	12.93%	9760.6	12.76%
6	CTCF-SatelliteElement(Zf?)/CD4+-CTCF-ChIP-Seq(Barski_et_al.)/Homer	TGCAGTTCCMVNWRTGGCCA	1e0	-9.659e-01	1.0000	5.0	0.11%	71.2	0.09%
6	ZNF711(Zf)/SHSY5Y-ZNF711-ChIP-Seq(GSE20673)/Homer	AGGCCTAG	1e0	-9.343e-01	1.0000	249.0	5.71%	4288.6	5.61%
6	Arnt:Ahr(bHLH)/MCF7-Arnt-ChIP-Seq(Lo_et_al.)/Homer	TBGCACGCAA	1e0	-9.295e-01	1.0000	444.0	10.18%	7687.6	10.05%
6	Gli2(Zf)/GM2-Gli2-ChIP-Chip(GSE112702)/Homer	YSTGGGTGGTCT	1e0	-9.271e-01	1.0000	34.0	0.78%	564.2	0.74%
6	SCRT1(Zf)/HEK293-SCRT1.eGFP-ChIP-Seq(Encode)/Homer	GCAACAGGTG	1e0	-9.241e-01	1.0000	167.0	3.83%	2865.5	3.75%
6	Npas4(bHLH)/Neuron-Npas4-ChIP-Seq(GSE127793)/Homer	NHRTCACGACDN	1e0	-9.167e-01	1.0000	594.0	13.62%	10310.9	13.48%
6	ISRE(IRF)/ThioMac-LPS-Expression(GSE23622)/Homer	AGTTTCASTTTC	1e0	-9.130e-01	1.0000	22.0	0.50%	360.8	0.47%
6	NeuroD1(bHLH)/Islet-NeuroD1-ChIP-Seq(GSE30298)/Homer	GCCATCTGTT	1e0	-8.993e-01	1.0000	196.0	4.49%	3375.7	4.41%
6	Atf3(bZIP)/GBM-ATF3-ChIP-Seq(GSE33912)/Homer	DATGASTCATHN	1e0	-8.933e-01	1.0000	293.0	6.72%	5066.4	6.62%
6	Pax7(Paired,Homeobox),long/Myoblast-Pax7-ChIP-Seq(GSE25064)/Homer	TAATCHGATTAC	1e0	-8.906e-01	1.0000	30.0	0.69%	499.4	0.65%
6	FOXK1(Forkhead)/HEK293-FOXK1-ChIP-Seq(GSE51673)/Homer	NVWTGTTTAC	1e0	-8.819e-01	1.0000	1081.0	24.79%	18842.6	24.64%
6	Ascl1(bHLH)/NeuralTubes-Ascl1-ChIP-Seq(GSE55840)/Homer	NNVVCAGCTGBN	1e0	-8.797e-01	1.0000	338.0	7.75%	5855.1	7.66%
6	T1ISRE(IRF)/ThioMac-Ifnb-Expression/Homer	ACTTTCGTTTCT	1e0	-8.742e-01	1.0000	6.0	0.14%	91.2	0.12%
6	Unknown(Homeobox)/Limb-p300-ChIP-Seq/Homer	SSCMATWAAA	1e0	-8.689e-01	1.0000	394.0	9.03%	6836.8	8.94%
6	HNF1b(Homeobox)/PDAC-HNF1B-ChIP-Seq(GSE64557)/Homer	GTTAATNATTAA	1e0	-8.540e-01	1.0000	127.0	2.91%	2185.4	2.86%
6	Prop1(Homeobox)/GHFT1-PROP1.biotin-ChIP-Seq(GSE77302)/Homer	NTAATBNAATTA	1e0	-8.529e-01	1.0000	528.0	12.11%	9183.7	12.01%
6	PRDM15(Zf)/ESC-Prdm15-ChIP-Seq(GSE73694)/Homer	YCCDNTCCAGGTTTT	1e0	-8.466e-01	1.0000	261.0	5.98%	4522.0	5.91%
6	Lhx3(Homeobox)/Neuron-Lhx3-ChIP-Seq(GSE31456)/Homer	ADBTAATTAR	1e0	-8.331e-01	1.0000	1539.0	35.29%	26892.0	35.16%
6	Foxo3(Forkhead)/U2OS-Foxo3-ChIP-Seq(E-MTAB-2701)/Homer	DGTAAACA	1e0	-8.328e-01	1.0000	825.0	18.92%	14387.4	18.81%
6	PAX5(Paired,Homeobox),condensed/GM12878-PAX5-ChIP-Seq(GSE32465)/Homer	GTCACGCTCSCTGM	1e0	-8.221e-01	1.0000	43.0	0.99%	731.9	0.96%
6	Nkx2.2(Homeobox)/NPC-Nkx2.2-ChIP-Seq(GSE61673)/Homer	BTBRAGTGSN	1e0	-7.780e-01	1.0000	659.0	15.11%	11508.9	15.05%
6	Fos(bZIP)/TSC-Fos-ChIP-Seq(GSE110950)/Homer	NDATGASTCAYN	1e0	-7.372e-01	1.0000	290.0	6.65%	5064.6	6.62%
6	GRHL2(CP2)/HBE-GRHL2-ChIP-Seq(GSE46194)/Homer	AAACYKGTTWDACMRGTTTB	1e0	-7.318e-01	1.0000	131.0	3.00%	2282.8	2.98%
6	ZNF768(Zf)/Rajj-ZNF768-ChIP-Seq(GSE111879)/Homer	RHHCAGAGAGGB	1e0	-7.273e-01	1.0000	4.0	0.09%	63.1	0.08%
6	NFkB-p65(RHD)/GM12787-p65-ChIP-Seq(GSE19485)/Homer	WGGGGATTTCCC	1e0	-7.156e-01	1.0000	104.0	2.38%	1813.3	2.37%
6	Stat3(Stat)/mES-Stat3-ChIP-Seq(GSE11431)/Homer	CTTCCGGGAA	1e0	-7.130e-01	1.0000	101.0	2.32%	1761.7	2.30%
6	EKLF(Zf)/Erythrocyte-Klf1-ChIP-Seq(GSE20478)/Homer	NWGGGTGTGGCY	1e0	-7.122e-01	1.0000	36.0	0.83%	623.8	0.82%
6	En1(Homeobox)/SUM149-EN1-ChIP-Seq(GSE120957)/Homer	NDCTAATTAS	1e0	-6.825e-01	1.0000	1691.0	38.78%	29655.6	38.78%
6	Fra1(bZIP)/BT549-Fra1-ChIP-Seq(GSE46166)/Homer	NNATGASTCATH	1e0	-6.653e-01	1.0000	256.0	5.87%	4493.8	5.88%
6	NFAT(RHD)/Jurkat-NFATC1-ChIP-Seq(Jolma_et_al.)/Homer	ATTTTCCATT	1e0	-6.649e-01	1.0000	399.0	9.15%	7003.7	9.16%
6	Bach2(bZIP)/OCILy7-Bach2-ChIP-Seq(GSE44420)/Homer	TGCTGAGTCA	1e0	-6.620e-01	1.0000	52.0	1.19%	911.1	1.19%
6	Rfx5(HTH)/GM12878-Rfx5-ChIP-Seq(GSE31477)/Homer	SCCTAGCAACAG	1e0	-6.571e-01	1.0000	139.0	3.19%	2441.9	3.19%
6	RFX(HTH)/K562-RFX3-ChIP-Seq(SRA012198)/Homer	CGGTTGCCATGGCAAC	1e0	-6.554e-01	1.0000	62.0	1.42%	1088.1	1.42%
6	FOXA1:AR(Forkhead,NR)/LNCAP-AR-ChIP-Seq(GSE27824)/Homer	AGTAAACAAAAAAGAACAND	1e0	-6.436e-01	1.0000	39.0	0.89%	686.0	0.90%
6	Gata1(Zf)/K562-GATA1-ChIP-Seq(GSE18829)/Homer	SAGATAAGRV	1e0	-6.417e-01	1.0000	287.0	6.58%	5046.2	6.60%
6	Srebp1a(bHLH)/HepG2-Srebp1a-ChIP-Seq(GSE31477)/Homer	RTCACSCCAY	1e0	-6.372e-01	1.0000	73.0	1.67%	1285.7	1.68%
6	OCT:OCT(POU,Homeobox,IR1)/NPC-Brn2-ChIP-Seq(GSE35496)/Homer	ATGAATWATTCATGA	1e0	-6.144e-01	1.0000	46.0	1.05%	813.5	1.06%
6	JunB(bZIP)/DendriticCells-Junb-ChIP-Seq(GSE36099)/Homer	RATGASTCAT	1e0	-6.090e-01	1.0000	230.0	5.27%	4056.7	5.30%
6	Gfi1b(Zf)/HPC7-Gfi1b-ChIP-Seq(GSE22178)/Homer	MAATCACTGC	1e0	-6.018e-01	1.0000	276.0	6.33%	4868.4	6.37%
6	Reverb(NR),DR2/RAW-Reverba.biotin-ChIP-Seq(GSE45914)/Homer	GTRGGTCASTGGGTCA	1e0	-5.869e-01	1.0000	29.0	0.66%	516.1	0.67%
6	Tgif2(Homeobox)/mES-Tgif2-ChIP-Seq(GSE55404)/Homer	TGTCANYT	1e0	-5.705e-01	1.0000	2192.0	50.26%	38528.4	50.38%
6	HIF-1b(HLH)/T47D-HIF1b-ChIP-Seq(GSE59937)/Homer	RTACGTGC	1e0	-5.644e-01	1.0000	759.0	17.40%	13380.2	17.49%
6	HINFP(Zf)/K562-HINFP.eGFP-ChIP-Seq(Encode)/Homer	TWVGGTCCGC	1e0	-5.642e-01	1.0000	70.0	1.61%	1247.6	1.63%
6	ZNF675(Zf)/HEK293-ZNF675.GFP-ChIP-Seq(GSE58341)/Homer	ARGAGGMCAAAATGW	1e0	-5.557e-01	1.0000	41.0	0.94%	734.3	0.96%
6	Foxf1(Forkhead)/Lung-Foxf1-ChIP-Seq(GSE77951)/Homer	WWATRTAAACAN	1e0	-5.549e-01	1.0000	870.0	19.95%	15337.2	20.05%
6	GATA3(Zf)/iTreg-Gata3-ChIP-Seq(GSE20898)/Homer	AGATAASR	1e0	-5.488e-01	1.0000	908.0	20.82%	16009.9	20.93%
6	NFAT:AP1(RHD,bZIP)/Jurkat-NFATC1-ChIP-Seq(Jolma_et_al.)/Homer	SARTGGAAAAWRTGAGTCAB	1e0	-5.253e-01	1.0000	48.0	1.10%	865.0	1.13%
6	PSE(SNAPc)/K562-mStart-Seq/Homer	WAVTCACCMTAASYDAAAAG	1e0	-5.244e-01	1.0000	247.0	5.66%	4388.5	5.74%
6	MafF(bZIP)/HepG2-MafF-ChIP-Seq(GSE31477)/Homer	HWWGTCAGCAWWTTT	1e0	-5.220e-01	1.0000	152.0	3.49%	2710.8	3.54%
6	WT1(Zf)/Kidney-WT1-ChIP-Seq(GSE90016)/Homer	MCTCCCMCRCAB	1e0	-4.945e-01	1.0000	55.0	1.26%	995.7	1.30%
6	FXR(NR),IR1/Liver-FXR-ChIP-Seq(Chong_et_al.)/Homer	AGGTCANTGACCTB	1e0	-4.929e-01	1.0000	176.0	4.04%	3145.3	4.11%
6	IRF1(IRF)/PBMC-IRF1-ChIP-Seq(GSE43036)/Homer	GAAAGTGAAAGT	1e0	-4.895e-01	1.0000	47.0	1.08%	853.4	1.12%
6	THRa(NR)/C17.2-THRa-ChIP-Seq(GSE38347)/Homer	GGTCANYTGAGGWCA	1e0	-4.865e-01	1.0000	112.0	2.57%	2012.4	2.63%
6	Gata6(Zf)/HUG1N-GATA6-ChIP-Seq(GSE51936)/Homer	YCTTATCTBN	1e0	-4.865e-01	1.0000	503.0	11.53%	8923.4	11.67%
6	Rfx2(HTH)/LoVo-RFX2-ChIP-Seq(GSE49402)/Homer	GTTGCCATGGCAACM	1e0	-4.749e-01	1.0000	65.0	1.49%	1178.6	1.54%
6	THRb(NR)/Liver-NR1A2-ChIP-Seq(GSE52613)/Homer	TRAGGTCA	1e0	-4.692e-01	1.0000	1603.0	36.76%	28283.1	36.98%
6	FoxL2(Forkhead)/Ovary-FoxL2-ChIP-Seq(GSE60858)/Homer	WWTRTAAACAVG	1e0	-4.661e-01	1.0000	863.0	19.79%	15278.3	19.98%
6	Bapx1(Homeobox)/VertebralCol-Bapx1-ChIP-Seq(GSE36672)/Homer	TTRAGTGSYK	1e0	-4.571e-01	1.0000	888.0	20.36%	15725.8	20.56%
6	Mef2d(MADS)/Retina-Mef2d-ChIP-Seq(GSE61391)/Homer	GCTATTTTTAGC	1e0	-4.570e-01	1.0000	107.0	2.45%	1932.3	2.53%
6	E2A(bHLH)/proBcell-E2A-ChIP-Seq(GSE21978)/Homer	DNRCAGCTGY	1e0	-4.458e-01	1.0000	332.0	7.61%	5927.6	7.75%
6	GATA3(Zf),DR4/iTreg-Gata3-ChIP-Seq(GSE20898)/Homer	AGATGKDGAGATAAG	1e0	-4.451e-01	1.0000	42.0	0.96%	772.0	1.01%
6	DUX(Homeobox)/C2C12-Dux-ChIP-Seq(GSE87279)/Homer	BCWGATTCAATCAAN	1e0	-4.288e-01	1.0000	2.0	0.05%	39.3	0.05%
6	Hoxd13(Homeobox)/ChickenMSG-Hoxd13.Flag-ChIP-Seq(GSE86088)/Homer	NCYAATAAAA	1e0	-4.265e-01	1.0000	1007.0	23.09%	17845.2	23.33%
6	Barx1(Homeobox)/Stomach-Barx1.3xFlag-ChIP-Seq(GSE69483)/Homer	AAACMATTAN	1e0	-4.089e-01	1.0000	394.0	9.03%	7045.2	9.21%
6	Phox2b(Homeobox)/CLBGA-PHOX2B-ChIP-Seq(GSE90683)/Homer	TTAATTNAATTA	1e0	-4.016e-01	1.0000	187.0	4.29%	3377.6	4.42%
6	ERE(NR),IR3/MCF7-ERa-ChIP-Seq(Unpublished)/Homer	VAGGTCACNSTGACC	1e0	-3.981e-01	1.0000	81.0	1.86%	1485.1	1.94%
6	ZFX(Zf)/mES-Zfx-ChIP-Seq(GSE11431)/Homer	AGGCCTRG	1e0	-3.795e-01	1.0000	149.0	3.42%	2709.9	3.54%
6	ETS:RUNX(ETS,Runt)/Jurkat-RUNX1-ChIP-Seq(GSE17954)/Homer	RCAGGATGTGGT	1e0	-3.790e-01	1.0000	10.0	0.23%	197.9	0.26%
6	Zfp57(Zf)/H1-ZFP57.HA-ChIP-Seq(GSE115387)/Homer	NANTGCSGCA	1e0	-3.743e-01	1.0000	134.0	3.07%	2443.6	3.20%
6	Phox2a(Homeobox)/Neuron-Phox2a-ChIP-Seq(GSE31456)/Homer	YTAATYNRATTA	1e0	-3.740e-01	1.0000	307.0	7.04%	5524.2	7.22%
6	PGR(NR)/EndoStromal-PGR-ChIP-Seq(GSE69539)/Homer	AAGAACATWHTGTTC	1e0	-3.682e-01	1.0000	128.0	2.94%	2338.8	3.06%
6	ZNF416(Zf)/HEK293-ZNF416.GFP-ChIP-Seq(GSE58341)/Homer	WDNCTGGGCA	1e0	-3.668e-01	1.0000	180.0	4.13%	3268.2	4.27%
6	GATA:SCL(Zf,bHLH)/Ter119-SCL-ChIP-Seq(GSE18720)/Homer	CRGCTGBNGNSNNSAGATAA	1e0	-3.650e-01	1.0000	33.0	0.76%	625.1	0.82%
6	IRF2(IRF)/Erythroblas-IRF2-ChIP-Seq(GSE36985)/Homer	GAAASYGAAASY	1e0	-3.623e-01	1.0000	38.0	0.87%	717.5	0.94%
6	MyoG(bHLH)/C2C12-MyoG-ChIP-Seq(GSE36024)/Homer	AACAGCTG	1e0	-3.609e-01	1.0000	293.0	6.72%	5283.1	6.91%
6	CHR(?)/Hela-CellCycle-Expression/Homer	SRGTTTCAAA	1e0	-3.541e-01	1.0000	403.0	9.24%	7240.8	9.47%
6	MYNN(Zf)/HEK293-MYNN.eGFP-ChIP-Seq(Encode)/Homer	TTCAAAWTAAAAGTC	1e0	-3.511e-01	1.0000	102.0	2.34%	1878.6	2.46%
6	RAR:RXR(NR),DR0/ES-RAR-ChIP-Seq(GSE56893)/Homer	AGGTCAAGGTCA	1e0	-3.456e-01	1.0000	30.0	0.69%	574.3	0.75%
6	Gata4(Zf)/Heart-Gata4-ChIP-Seq(GSE35151)/Homer	NBWGATAAGR	1e0	-3.425e-01	1.0000	573.0	13.14%	10260.7	13.42%
6	ZNF165(Zf)/WHIM12-ZNF165-ChIP-Seq(GSE65937)/Homer	AAGGKGRCGCAGGCA	1e0	-3.377e-01	1.0000	5.0	0.11%	105.2	0.14%
6	bZIP:IRF(bZIP,IRF)/Th17-BatF-ChIP-Seq(GSE39756)/Homer	NAGTTTCABTHTGACTNW	1e0	-3.364e-01	1.0000	193.0	4.43%	3515.7	4.60%
6	Hoxa9(Homeobox)/ChickenMSG-Hoxa9.Flag-ChIP-Seq(GSE86088)/Homer	RGCAATNAAA	1e0	-3.235e-01	1.0000	1847.0	42.35%	32723.6	42.79%
6	Lhx2(Homeobox)/HFSC-Lhx2-ChIP-Seq(GSE48068)/Homer	TAATTAGN	1e0	-3.228e-01	1.0000	1027.0	23.55%	18297.8	23.92%
6	Fosl2(bZIP)/3T3L1-Fosl2-ChIP-Seq(GSE56872)/Homer	NATGASTCABNN	1e0	-3.226e-01	1.0000	107.0	2.45%	1979.9	2.59%
6	PU.1:IRF8(ETS:IRF)/pDC-Irf8-ChIP-Seq(GSE66899)/Homer	GGAAGTGAAAST	1e0	-3.201e-01	1.0000	47.0	1.08%	892.7	1.17%
6	ZNF692(Zf)/HEK293-ZNF692.GFP-ChIP-Seq(GSE58341)/Homer	GTGGGCCCCA	1e0	-3.168e-01	1.0000	5.0	0.11%	107.5	0.14%
6	OCT:OCT(POU,Homeobox)/NPC-OCT6-ChIP-Seq(GSE43916)/Homer	YATGCATATRCATRT	1e0	-3.154e-01	1.0000	110.0	2.52%	2036.1	2.66%
6	ZNF467(Zf)/HEK293-ZNF467.GFP-ChIP-Seq(GSE58341)/Homer	TGGGGAAGGGCM	1e0	-3.129e-01	1.0000	68.0	1.56%	1277.1	1.67%
6	PR(NR)/T47D-PR-ChIP-Seq(GSE31130)/Homer	VAGRACAKNCTGTBC	1e0	-3.099e-01	1.0000	926.0	21.23%	16529.9	21.61%
6	Meis1(Homeobox)/MastCells-Meis1-ChIP-Seq(GSE48085)/Homer	VGCTGWCAVB	1e0	-3.080e-01	1.0000	894.0	20.50%	15966.5	20.88%
6	LHX9(Homeobox)/Hct116-LHX9.V5-ChIP-Seq(GSE116822)/Homer	NGCTAATTAG	1e0	-3.020e-01	1.0000	1184.0	27.15%	21088.4	27.57%
6	Zic2(Zf)/ESC-Zic2-ChIP-Seq(SRP197560)/Homer	CHCAGCRGGRGG	1e0	-3.012e-01	1.0000	49.0	1.12%	934.0	1.22%
6	HOXB13(Homeobox)/ProstateTumor-HOXB13-ChIP-Seq(GSE56288)/Homer	TTTTATKRGG	1e0	-2.923e-01	1.0000	608.0	13.94%	10924.3	14.28%
6	Tgif1(Homeobox)/mES-Tgif1-ChIP-Seq(GSE55404)/Homer	YTGWCADY	1e0	-2.871e-01	1.0000	2171.0	49.78%	38456.9	50.28%
6	MafK(bZIP)/C2C12-MafK-ChIP-Seq(GSE36030)/Homer	GCTGASTCAGCA	1e0	-2.854e-01	1.0000	36.0	0.83%	699.4	0.91%
6	ZNF7(Zf)/HepG2-ZNF7.Flag-ChIP-Seq(Encode)/Homer	CTGCCWVCTTTTRTA	1e0	-2.850e-01	1.0000	278.0	6.37%	5064.9	6.62%
6	Stat3+il21(Stat)/CD4-Stat3-ChIP-Seq(GSE19198)/Homer	SVYTTCCNGGAARB	1e0	-2.822e-01	1.0000	144.0	3.30%	2664.2	3.48%
6	PRDM10(Zf)/HEK293-PRDM10.eGFP-ChIP-Seq(Encode)/Homer	TGGTACATTCCA	1e0	-2.765e-01	1.0000	166.0	3.81%	3063.8	4.01%
6	STAT5(Stat)/mCD4+-Stat5-ChIP-Seq(GSE12346)/Homer	RTTTCTNAGAAA	1e0	-2.758e-01	1.0000	68.0	1.56%	1290.9	1.69%
6	Pknox1(Homeobox)/ES-Prep1-ChIP-Seq(GSE63282)/Homer	SCTGTCAVTCAV	1e0	-2.749e-01	1.0000	126.0	2.89%	2343.2	3.06%
6	DMRT6(DM)/Testis-DMRT6-ChIP-Seq(GSE60440)/Homer	YDGHTACAWTGTADC	1e0	-2.694e-01	1.0000	159.0	3.65%	2941.6	3.85%
6	Atoh1(bHLH)/Cerebellum-Atoh1-ChIP-Seq(GSE22111)/Homer	VNRVCAGCTGGY	1e0	-2.687e-01	1.0000	246.0	5.64%	4503.8	5.89%
6	Hoxd11(Homeobox)/ChickenMSG-Hoxd11.Flag-ChIP-Seq(GSE86088)/Homer	VGCCATAAAA	1e0	-2.644e-01	1.0000	1473.0	33.78%	26226.0	34.29%
6	Fra2(bZIP)/Striatum-Fra2-ChIP-Seq(GSE43429)/Homer	GGATGACTCATC	1e0	-2.622e-01	1.0000	184.0	4.22%	3395.7	4.44%
6	HIF-1a(bHLH)/MCF7-HIF1a-ChIP-Seq(GSE28352)/Homer	TACGTGCV	1e0	-2.493e-01	1.0000	181.0	4.15%	3349.5	4.38%
6	DMRT1(DM)/Testis-DMRT1-ChIP-Seq(GSE64892)/Homer	TWGHWACAWTGTWDC	1e0	-2.476e-01	1.0000	199.0	4.56%	3674.0	4.80%
6	ZNF652/HepG2-ZNF652.Flag-ChIP-Seq(Encode)/Homer	TTAACCCTTTVNKKN	1e0	-2.465e-01	1.0000	121.0	2.77%	2267.4	2.96%
6	ZBTB12(Zf)/HEK293-ZBTB12.GFP-ChIP-Seq(GSE58341)/Homer	NGNTCTAGAACCNGV	1e0	-2.412e-01	1.0000	43.0	0.99%	842.2	1.10%
6	ZNF317(Zf)/HEK293-ZNF317.GFP-ChIP-Seq(GSE58341)/Homer	GTCWGCTGTYYCTCT	1e0	-2.257e-01	1.0000	26.0	0.60%	529.0	0.69%
6	Mef2c(MADS)/GM12878-Mef2c-ChIP-Seq(GSE32465)/Homer	DCYAAAAATAGM	1e0	-2.257e-01	1.0000	200.0	4.59%	3707.1	4.85%
6	BMYB(HTH)/Hela-BMYB-ChIP-Seq(GSE27030)/Homer	NHAACBGYYV	1e0	-2.154e-01	1.0000	981.0	22.49%	17617.0	23.03%
6	GFX(?)/Promoter/Homer	ATTCTCGCGAGA	1e0	-2.093e-01	1.0000	9.0	0.21%	202.2	0.26%
6	Maz(Zf)/HepG2-Maz-ChIP-Seq(GSE31477)/Homer	GGGGGGGG	1e0	-2.073e-01	1.0000	108.0	2.48%	2052.8	2.68%
6	ZNF189(Zf)/HEK293-ZNF189.GFP-ChIP-Seq(GSE58341)/Homer	TGGAACAGMA	1e0	-1.949e-01	1.0000	167.0	3.83%	3133.1	4.10%
6	Nkx2.1(Homeobox)/LungAC-Nkx2.1-ChIP-Seq(GSE43252)/Homer	RSCACTYRAG	1e0	-1.946e-01	1.0000	991.0	22.72%	17825.5	23.31%
6	ETS:E-box(ETS,bHLH)/HPC7-Scl-ChIP-Seq(GSE22178)/Homer	AGGAARCAGCTG	1e0	-1.937e-01	1.0000	9.0	0.21%	205.2	0.27%
6	KLF10(Zf)/HEK293-KLF10.GFP-ChIP-Seq(GSE58341)/Homer	GGGGGTGTGTCC	1e0	-1.884e-01	1.0000	104.0	2.38%	1990.1	2.60%
6	Twist(bHLH)/HMLE-TWIST1-ChIP-Seq(Chang_et_al)/Homer	VCAKCTGGNNNCCAGMTGBN	1e0	-1.868e-01	1.0000	16.0	0.37%	346.7	0.45%
6	ZKSCAN1(Zf)/HepG2-ZKSCAN1-ChIP-Seq(Encode)/Homer	GCACAYAGTAGGKCY	1e0	-1.823e-01	1.0000	3.0	0.07%	80.4	0.11%
6	STAT4(Stat)/CD4-Stat4-ChIP-Seq(GSE22104)/Homer	NYTTCCWGGAAR	1e0	-1.805e-01	1.0000	253.0	5.80%	4700.0	6.15%
6	MyoD(bHLH)/Myotube-MyoD-ChIP-Seq(GSE21614)/Homer	RRCAGCTGYTSY	1e0	-1.782e-01	1.0000	157.0	3.60%	2964.7	3.88%
6	Ptf1a(bHLH)/Panc1-Ptf1a-ChIP-Seq(GSE47459)/Homer	ACAGCTGTTN	1e0	-1.736e-01	1.0000	752.0	17.24%	13621.5	17.81%
6	NPAS2(bHLH)/Liver-NPAS2-ChIP-Seq(GSE39860)/Homer	KCCACGTGAC	1e0	-1.718e-01	1.0000	469.0	10.75%	8583.5	11.22%
6	LRF(Zf)/Erythroblasts-ZBTB7A-ChIP-Seq(GSE74977)/Homer	AAGACCCYYN	1e0	-1.705e-01	1.0000	213.0	4.88%	3986.6	5.21%
6	HEB(bHLH)/mES-Heb-ChIP-Seq(GSE53233)/Homer	VCAGCTGBNN	1e0	-1.635e-01	1.0000	440.0	10.09%	8075.1	10.56%
6	Hoxa11(Homeobox)/ChickenMSG-Hoxa11.Flag-ChIP-Seq(GSE86088)/Homer	TTTTATGGCM	1e0	-1.624e-01	1.0000	1506.0	34.53%	26976.6	35.27%
6	Duxbl(Homeobox)/NIH3T3-Duxbl.HA-ChIP-Seq(GSE119782)/Homer	TAAYCYAATCAA	1e0	-1.554e-01	1.0000	59.0	1.35%	1177.1	1.54%
6	Tbox:Smad(T-box,MAD)/ESCd5-Smad2_3-ChIP-Seq(GSE29422)/Homer	AGGTGHCAGACA	1e0	-1.536e-01	1.0000	59.0	1.35%	1178.8	1.54%
6	Jun-AP1(bZIP)/K562-cJun-ChIP-Seq(GSE31477)/Homer	GATGASTCATCN	1e0	-1.486e-01	1.0000	62.0	1.42%	1237.7	1.62%
6	Lhx1(Homeobox)/EmbryoCarcinoma-Lhx1-ChIP-Seq(GSE70957)/Homer	NNYTAATTAR	1e0	-1.461e-01	1.0000	1031.0	23.64%	18618.2	24.34%
6	PRDM9(Zf)/Testis-DMC1-ChIP-Seq(GSE35498)/Homer	ADGGYAGYAGCATCT	1e0	-1.454e-01	1.0000	84.0	1.93%	1649.8	2.16%
6	HNF4a(NR),DR1/HepG2-HNF4a-ChIP-Seq(GSE25021)/Homer	CARRGKBCAAAGTYCA	1e0	-1.440e-01	1.0000	214.0	4.91%	4030.9	5.27%
6	X-box(HTH)/NPC-H3K4me1-ChIP-Seq(GSE16256)/Homer	GGTTGCCATGGCAA	1e0	-1.440e-01	1.0000	68.0	1.56%	1352.1	1.77%
6	IRF8(IRF)/BMDM-IRF8-ChIP-Seq(GSE77884)/Homer	GRAASTGAAAST	1e0	-1.348e-01	1.0000	92.0	2.11%	1805.8	2.36%
6	Hoxa13(Homeobox)/ChickenMSG-Hoxa13.Flag-ChIP-Seq(GSE86088)/Homer	CYHATAAAAN	1e0	-1.333e-01	1.0000	1513.0	34.69%	27163.8	35.52%
6	THRb(NR)/HepG2-THRb.Flag-ChIP-Seq(Encode)/Homer	GGTCACCTGAGGTCA	1e0	-1.326e-01	1.0000	122.0	2.80%	2361.8	3.09%
6	Myf5(bHLH)/GM-Myf5-ChIP-Seq(GSE24852)/Homer	BAACAGCTGT	1e0	-1.205e-01	1.0000	198.0	4.54%	3765.6	4.92%
6	Six2(Homeobox)/NephronProgenitor-Six2-ChIP-Seq(GSE39837)/Homer	GWAAYHTGAKMC	1e0	-1.182e-01	1.0000	457.0	10.48%	8447.1	11.04%
6	ZNF382(Zf)/HEK293-ZNF382.GFP-ChIP-Seq(GSE58341)/Homer	GNCTGTASTRNTGBCTCHTT	1e0	-1.182e-01	1.0000	6.0	0.14%	159.3	0.21%
6	PU.1-IRF(ETS:IRF)/Bcell-PU.1-ChIP-Seq(GSE21512)/Homer	MGGAAGTGAAAC	1e0	-1.135e-01	1.0000	309.0	7.09%	5789.2	7.57%
6	KLF6(Zf)/PDAC-KLF6-ChIP-Seq(GSE64557)/Homer	MKGGGYGTGGCC	1e0	-1.127e-01	1.0000	149.0	3.42%	2877.8	3.76%
6	Tcf12(bHLH)/GM12878-Tcf12-ChIP-Seq(GSE32465)/Homer	VCAGCTGYTG	1e0	-1.122e-01	1.0000	202.0	4.63%	3848.7	5.03%
6	E-box(bHLH)/Promoter/Homer	SSGGTCACGTGA	1e0	-1.119e-01	1.0000	62.0	1.42%	1261.1	1.65%
6	Pax7(Paired,Homeobox),longest/Myoblast-Pax7-ChIP-Seq(GSE25064)/Homer	NTAATTDGCYAATTANNWWD	1e0	-1.091e-01	1.0000	18.0	0.41%	412.5	0.54%
6	ZNF264(Zf)/HEK293-ZNF264.GFP-ChIP-Seq(GSE58341)/Homer	RGGGCACTAACY	1e0	-1.088e-01	1.0000	209.0	4.79%	3980.9	5.21%
6	Tbx20(T-box)/Heart-Tbx20-ChIP-Seq(GSE29636)/Homer	GGTGYTGACAGS	1e0	-1.087e-01	1.0000	123.0	2.82%	2402.8	3.14%
6	Zic(Zf)/Cerebellum-ZIC1.2-ChIP-Seq(GSE60731)/Homer	CCTGCTGAGH	1e0	-1.050e-01	1.0000	205.0	4.70%	3912.6	5.12%
6	CEBP:CEBP(bZIP)/MEF-Chop-ChIP-Seq(GSE35681)/Homer	NTNATGCAAYMNNHTGMAAY	1e0	-1.038e-01	1.0000	89.0	2.04%	1775.1	2.32%
6	RORgt(NR)/EL4-RORgt.Flag-ChIP-Seq(GSE56019)/Homer	AAYTAGGTCA	1e0	-9.675e-02	1.0000	79.0	1.81%	1594.1	2.08%
6	RORgt(NR)/EL4-RORgt.Flag-ChIP-Seq(GSE56019)/Homer	AAYTAGGTCA	1e0	-9.675e-02	1.0000	79.0	1.81%	1594.1	2.08%
6	STAT1(Stat)/HelaS3-STAT1-ChIP-Seq(GSE12782)/Homer	NATTTCCNGGAAAT	1e0	-9.523e-02	1.0000	56.0	1.28%	1160.6	1.52%
6	NFkB-p65-Rel(RHD)/ThioMac-LPS-Expression(GSE23622)/Homer	GGAAATTCCC	1e0	-9.143e-02	1.0000	15.0	0.34%	359.7	0.47%
6	Ascl2(bHLH)/ESC-Ascl2-ChIP-Seq(GSE97712)/Homer	SSRGCAGCTGCH	1e0	-8.890e-02	1.0000	246.0	5.64%	4684.4	6.13%
6	Nr5a2(NR)/mES-Nr5a2-ChIP-Seq(GSE19019)/Homer	BTCAAGGTCA	1e0	-8.552e-02	1.0000	135.0	3.10%	2651.5	3.47%
6	Tcf21(bHLH)/ArterySmoothMuscle-Tcf21-ChIP-Seq(GSE61369)/Homer	NAACAGCTGG	1e0	-8.417e-02	1.0000	227.0	5.21%	4345.5	5.68%
6	IRF3(IRF)/BMDM-Irf3-ChIP-Seq(GSE67343)/Homer	AGTTTCAKTTTC	1e0	-8.354e-02	1.0000	91.0	2.09%	1833.8	2.40%
6	NFkB-p50,p52(RHD)/Monocyte-p50-ChIP-Chip(Schreiber_et_al.)/Homer	GGGGGAATCCCC	1e0	-8.172e-02	1.0000	8.0	0.18%	215.3	0.28%
6	Six1(Homeobox)/Myoblast-Six1-ChIP-Chip(GSE20150)/Homer	GKVTCADRTTWC	1e0	-8.031e-02	1.0000	112.0	2.57%	2230.5	2.92%
6	ZSCAN22(Zf)/HEK293-ZSCAN22.GFP-ChIP-Seq(GSE58341)/Homer	SMCAGTCWGAKGGAGGAGGC	1e0	-7.989e-02	1.0000	1.0	0.02%	45.4	0.06%
6	KLF3(Zf)/MEF-Klf3-ChIP-Seq(GSE44748)/Homer	NRGCCCCRCCCHBNN	1e0	-7.769e-02	1.0000	50.0	1.15%	1060.7	1.39%
6	Six4(Homeobox)/MCF7-SIX4-ChIP-Seq(Encode)/Homer	TGWAAYCTGABACCB	1e0	-7.676e-02	1.0000	17.0	0.39%	409.0	0.53%
6	RORg(NR)/Liver-Rorc-ChIP-Seq(GSE101115)/Homer	WAABTAGGTCAV	1e0	-7.641e-02	1.0000	53.0	1.22%	1119.3	1.46%
6	NeuroG2(bHLH)/Fibroblast-NeuroG2-ChIP-Seq(GSE75910)/Homer	ACCATCTGTT	1e0	-7.365e-02	1.0000	441.0	10.11%	8250.1	10.79%
6	KLF5(Zf)/LoVo-KLF5-ChIP-Seq(GSE49402)/Homer	DGGGYGKGGC	1e0	-7.113e-02	1.0000	179.0	4.10%	3486.6	4.56%
6	PBX1(Homeobox)/MCF7-PBX1-ChIP-Seq(GSE28007)/Homer	GSCTGTCACTCA	1e0	-7.045e-02	1.0000	25.0	0.57%	576.0	0.75%
6	ZNF519(Zf)/HEK293-ZNF519.GFP-ChIP-Seq(GSE58341)/Homer	GAGSCCGAGC	1e0	-6.957e-02	1.0000	7.0	0.16%	199.0	0.26%
6	BHLHA15(bHLH)/NIH3T3-BHLHB8.HA-ChIP-Seq(GSE119782)/Homer	NAMCAGCTGK	1e0	-6.850e-02	1.0000	350.0	8.03%	6616.2	8.65%
6	Zic3(Zf)/mES-Zic3-ChIP-Seq(GSE37889)/Homer	GGCCYCCTGCTGDGH	1e0	-6.661e-02	1.0000	48.0	1.10%	1032.5	1.35%
6	GATA(Zf),IR4/iTreg-Gata3-ChIP-Seq(GSE20898)/Homer	NAGATWNBNATCTNN	1e0	-6.533e-02	1.0000	33.0	0.76%	739.1	0.97%
6	Pit1(Homeobox)/GCrat-Pit1-ChIP-Seq(GSE58009)/Homer	ATGMATATDC	1e0	-6.435e-02	1.0000	1009.0	23.14%	18445.6	24.12%
6	VDR(NR),DR3/GM10855-VDR+vitD-ChIP-Seq(GSE22484)/Homer	ARAGGTCANWGAGTTCANNN	1e0	-6.142e-02	1.0000	57.0	1.31%	1212.8	1.59%
6	Klf9(Zf)/GBM-Klf9-ChIP-Seq(GSE62211)/Homer	GCCACRCCCACY	1e0	-6.043e-02	1.0000	40.0	0.92%	883.0	1.15%
6	Pbx3(Homeobox)/GM12878-PBX3-ChIP-Seq(GSE32465)/Homer	SCTGTCAMTCAN	1e0	-6.035e-02	1.0000	114.0	2.61%	2296.5	3.00%
6	Pitx1:Ebox(Homeobox,bHLH)/Hindlimb-Pitx1-ChIP-Seq(GSE41591)/Homer	YTAATTRAWWCCAGATGT	1e0	-6.032e-02	1.0000	82.0	1.88%	1692.5	2.21%
6	RARa(NR)/K562-RARa-ChIP-Seq(Encode)/Homer	TTGAMCTTTG	1e0	-6.022e-02	1.0000	1321.0	30.29%	23999.6	31.38%
6	HIF2a(bHLH)/785_O-HIF2a-ChIP-Seq(GSE34871)/Homer	GCACGTACCC	1e0	-5.952e-02	1.0000	246.0	5.64%	4741.5	6.20%
6	LXRE(NR),DR4/RAW-LXRb.biotin-ChIP-Seq(GSE21512)/Homer	RGGTTACTANAGGTCA	1e0	-5.895e-02	1.0000	30.0	0.69%	685.8	0.90%
6	IRF:BATF(IRF:bZIP)/pDC-Irf8-ChIP-Seq(GSE66899)/Homer	CTTTCANTATGACTV	1e0	-5.820e-02	1.0000	52.0	1.19%	1119.7	1.46%
6	KLF1(Zf)/HUDEP2-KLF1-CutnRun(GSE136251)/Homer	VDGGGYGGGGCY	1e0	-5.780e-02	1.0000	97.0	2.22%	1980.5	2.59%
6	Mef2b(MADS)/HEK293-Mef2b.V5-ChIP-Seq(GSE67450)/Homer	GCTATTTTTGGM	1e0	-5.537e-02	1.0000	384.0	8.81%	7268.9	9.50%
6	Klf4(Zf)/mES-Klf4-ChIP-Seq(GSE11431)/Homer	GCCACACCCA	1e0	-5.374e-02	1.0000	49.0	1.12%	1066.4	1.39%
6	Smad2(MAD)/ES-SMAD2-ChIP-Seq(GSE29422)/Homer	CTGTCTGG	1e0	-5.099e-02	1.0000	520.0	11.92%	9743.2	12.74%
6	Ets1-distal(ETS)/CD4+-PolII-ChIP-Seq(Barski_et_al.)/Homer	MACAGGAAGT	1e0	-4.911e-02	1.0000	80.0	1.83%	1671.6	2.19%
6	Twist2(bHLH)/Myoblast-Twist2.Ty1-ChIP-Seq(GSE127998)/Homer	MCAGCTGBYH	1e0	-3.807e-02	1.0000	493.0	11.30%	9307.8	12.17%
6	RARg(NR)/ES-RARg-ChIP-Seq(GSE30538)/Homer	AGGTCAAGGTCA	1e0	-3.611e-02	1.0000	5.0	0.11%	170.0	0.22%
6	NPAS(bHLH)/Liver-NPAS-ChIP-Seq(GSE39860)/Homer	NVCACGTG	1e0	-3.408e-02	1.0000	824.0	18.89%	15286.7	19.99%
6	OCT:OCT(POU,Homeobox)/NPC-Brn1-ChIP-Seq(GSE35496)/Homer	ATGAATATTCATGAG	1e0	-3.362e-02	1.0000	25.0	0.57%	612.6	0.80%
6	EWS:ERG-fusion(ETS)/CADO_ES1-EWS:ERG-ChIP-Seq(SRA014231)/Homer	ATTTCCTGTN	1e0	-3.189e-02	1.0000	190.0	4.36%	3784.3	4.95%
6	Max(bHLH)/K562-Max-ChIP-Seq(GSE31477)/Homer	RCCACGTGGYYN	1e0	-2.986e-02	1.0000	244.0	5.60%	4794.2	6.27%
6	Hnf1(Homeobox)/Liver-Foxa2-Chip-Seq(GSE25694)/Homer	GGTTAAWCATTAA	1e0	-2.743e-02	1.0000	69.0	1.58%	1503.8	1.97%
6	Unknown-ESC-element(?)/mES-Nanog-ChIP-Seq(GSE11724)/Homer	CACAGCAGGGGG	1e0	-2.596e-02	1.0000	64.0	1.47%	1409.7	1.84%
6	GFY-Staf(?,Zf)/Promoter/Homer	RACTACAATTCCCAGAAKGC	1e0	-2.371e-02	1.0000	2.0	0.05%	99.9	0.13%
6	Znf263(Zf)/K562-Znf263-ChIP-Seq(GSE31477)/Homer	CVGTSCTCCC	1e0	-2.202e-02	1.0000	160.0	3.67%	3261.2	4.26%
6	Smad4(MAD)/ESC-SMAD4-ChIP-Seq(GSE29422)/Homer	VBSYGTCTGG	1e0	-2.183e-02	1.0000	537.0	12.31%	10198.7	13.34%
6	c-Myc(bHLH)/mES-cMyc-ChIP-Seq(GSE11431)/Homer	VVCCACGTGG	1e0	-2.159e-02	1.0000	102.0	2.34%	2160.7	2.83%
6	CArG(MADS)/PUER-Srf-ChIP-Seq(Sullivan_et_al.)/Homer	CCATATATGGNM	1e0	-1.993e-02	1.0000	109.0	2.50%	2301.9	3.01%
6	Brachyury(T-box)/Mesoendoderm-Brachyury-ChIP-exo(GSE54963)/Homer	ANTTMRCASBNNNGTGYKAAN	1e0	-1.700e-02	1.0000	145.0	3.32%	3002.6	3.93%
6	COUP-TFII(NR)/Artia-Nr2f2-ChIP-Seq(GSE46497)/Homer	AGRGGTCA	1e0	-1.653e-02	1.0000	807.0	18.50%	15122.5	19.77%
6	Nr5a2(NR)/Pancreas-LRH1-ChIP-Seq(GSE34295)/Homer	BTCAAGGTCA	1e0	-1.494e-02	1.0000	219.0	5.02%	4409.4	5.77%
6	Sp1(Zf)/Promoter/Homer	GGCCCCGCCCCC	1e0	-1.242e-02	1.0000	6.0	0.14%	224.4	0.29%
6	Erra(NR)/HepG2-Erra-ChIP-Seq(GSE31477)/Homer	CAAAGGTCAG	1e0	-1.189e-02	1.0000	745.0	17.08%	14064.9	18.39%
6	Sp2(Zf)/HEK293-Sp2.eGFP-ChIP-Seq(Encode)/Homer	YGGCCCCGCCCC	1e0	-1.101e-02	1.0000	169.0	3.88%	3498.7	4.57%
6	PPARa(NR),DR1/Liver-Ppara-ChIP-Seq(GSE47954)/Homer	VNAGGKCAAAGGTCA	1e0	-1.050e-02	1.0000	388.0	8.90%	7585.0	9.92%
6	E2F4(E2F)/K562-E2F4-ChIP-Seq(GSE31477)/Homer	GGCGGGAAAH	1e0	-1.017e-02	1.0000	138.0	3.16%	2914.0	3.81%
6	RAR:RXR(NR),DR5/ES-RAR-ChIP-Seq(GSE56893)/Homer	RGGTCADNNAGAGGTCAV	1e0	-9.679e-03	1.0000	9.0	0.21%	306.2	0.40%
6	Nanog(Homeobox)/mES-Nanog-ChIP-Seq(GSE11724)/Homer	RGCCATTAAC	1e0	-8.478e-03	1.0000	2540.0	58.24%	45894.5	60.01%
6	SpiB(ETS)/OCILY3-SPIB-ChIP-Seq(GSE56857)/Homer	AAAGRGGAAGTG	1e0	-7.456e-03	1.0000	41.0	0.94%	1019.9	1.33%
6	TRPS1(Zf)/MCF7-TRPS1-ChIP-Seq(GSE107013)/Homer	AGATAAGANN	1e0	-7.282e-03	1.0000	1116.0	25.59%	20816.6	27.22%
6	Zfp281(Zf)/ES-Zfp281-ChIP-Seq(GSE81042)/Homer	CCCCTCCCCCAC	1e0	-6.869e-03	1.0000	4.0	0.09%	185.7	0.24%
6	Smad3(MAD)/NPC-Smad3-ChIP-Seq(GSE36673)/Homer	TWGTCTGV	1e0	-6.266e-03	1.0000	1037.0	23.78%	19429.4	25.40%
6	SF1(NR)/H295R-Nr5a1-ChIP-Seq(GSE44220)/Homer	CAAGGHCANV	1e0	-6.113e-03	1.0000	144.0	3.30%	3072.1	4.02%
6	MNT(bHLH)/HepG2-MNT-ChIP-Seq(Encode)/Homer	DGCACACGTG	1e0	-5.871e-03	1.0000	439.0	10.07%	8600.8	11.25%
6	ERRg(NR)/Kidney-ESRRG-ChIP-Seq(GSE104905)/Homer	GTGACCTTGRVN	1e0	-5.698e-03	1.0000	390.0	8.94%	7700.5	10.07%
6	EWS:FLI1-fusion(ETS)/SK_N_MC-EWS:FLI1-ChIP-Seq(SRA014231)/Homer	VACAGGAAAT	1e0	-5.190e-03	1.0000	146.0	3.35%	3124.2	4.08%
6	PU.1(ETS)/ThioMac-PU.1-ChIP-Seq(GSE21512)/Homer	AGAGGAAGTG	1e0	-5.125e-03	1.0000	79.0	1.81%	1813.0	2.37%
6	Ap4(bHLH)/AML-Tfap4-ChIP-Seq(GSE45738)/Homer	NAHCAGCTGD	1e0	-5.011e-03	1.0000	300.0	6.88%	6043.9	7.90%
6	RXR(NR),DR1/3T3L1-RXR-ChIP-Seq(GSE13511)/Homer	TAGGGCAAAGGTCA	1e0	-4.721e-03	1.0000	328.0	7.52%	6572.8	8.59%
6	SCL(bHLH)/HPC7-Scl-ChIP-Seq(GSE13511)/Homer	AVCAGCTG	1e0	-4.669e-03	1.0000	1243.0	28.50%	23167.7	30.29%
6	BMAL1(bHLH)/Liver-Bmal1-ChIP-Seq(GSE39860)/Homer	GNCACGTG	1e0	-4.298e-03	1.0000	883.0	20.25%	16725.4	21.87%
6	c-Myc(bHLH)/LNCAP-cMyc-ChIP-Seq(Unpublished)/Homer	VCCACGTG	1e0	-3.334e-03	1.0000	187.0	4.29%	3949.1	5.16%
6	E2F6(E2F)/Hela-E2F6-ChIP-Seq(GSE31477)/Homer	GGCGGGAARN	1e0	-2.953e-03	1.0000	53.0	1.22%	1316.2	1.72%
6	Brn2(POU,Homeobox)/NPC-Brn2-ChIP-Seq(GSE35496)/Homer	ATGAATATTC	1e0	-2.275e-03	1.0000	134.0	3.07%	2955.6	3.86%
6	ZNF415(Zf)/HEK293-ZNF415.GFP-ChIP-Seq(GSE58341)/Homer	GRTGMTRGAGCC	1e0	-1.808e-03	1.0000	44.0	1.01%	1151.2	1.51%
6	COUP-TFII(NR)/K562-NR2F1-ChIP-Seq(Encode)/Homer	GKBCARAGGTCA	1e0	-1.724e-03	1.0000	649.0	14.88%	12615.2	16.49%
6	bHLHE40(bHLH)/HepG2-BHLHE40-ChIP-Seq(GSE31477)/Homer	KCACGTGMCN	1e0	-1.677e-03	1.0000	142.0	3.26%	3134.8	4.10%
6	PPARE(NR),DR1/3T3L1-Pparg-ChIP-Seq(GSE13511)/Homer	TGACCTTTGCCCCA	1e0	-1.630e-03	1.0000	309.0	7.09%	6330.5	8.28%
6	Olig2(bHLH)/Neuron-Olig2-ChIP-Seq(GSE30882)/Homer	RCCATMTGTT	1e0	-1.188e-03	1.0000	660.0	15.13%	12866.4	16.82%
6	Esrrb(NR)/mES-Esrrb-ChIP-Seq(GSE11431)/Homer	KTGACCTTGA	1e0	-1.167e-03	1.0000	352.0	8.07%	7172.2	9.38%
6	ELF5(ETS)/T47D-ELF5-ChIP-Seq(GSE30407)/Homer	ACVAGGAAGT	1e0	-1.153e-03	1.0000	182.0	4.17%	3941.9	5.15%
6	Oct2(POU,Homeobox)/Bcell-Oct2-ChIP-Seq(GSE21512)/Homer	ATATGCAAAT	1e0	-1.016e-03	1.0000	523.0	11.99%	10368.7	13.56%
6	ETV1(ETS)/GIST48-ETV1-ChIP-Seq(GSE22441)/Homer	AACCGGAAGT	1e0	-9.640e-04	1.0000	346.0	7.93%	7079.8	9.26%
6	Zac1(Zf)/Neuro2A-Plagl1-ChIP-Seq(GSE75942)/Homer	HAWGRGGCCM	1e0	-9.530e-04	1.0000	402.0	9.22%	8129.1	10.63%
6	Elk1(ETS)/Hela-Elk1-ChIP-Seq(GSE31477)/Homer	HACTTCCGGY	1e0	-8.490e-04	1.0000	201.0	4.61%	4333.4	5.67%
6	ELF1(ETS)/Jurkat-ELF1-ChIP-Seq(SRA014231)/Homer	AVCCGGAAGT	1e0	-7.480e-04	1.0000	145.0	3.32%	3251.4	4.25%
6	Oct4(POU,Homeobox)/mES-Oct4-ChIP-Seq(GSE11431)/Homer	ATTTGCATAW	1e0	-5.890e-04	1.0000	786.0	18.02%	15260.6	19.95%
6	IRF4(IRF)/GM12878-IRF4-ChIP-Seq(GSE32465)/Homer	ACTGAAACCA	1e0	-4.410e-04	1.0000	175.0	4.01%	3878.7	5.07%
6	ERG(ETS)/VCaP-ERG-ChIP-Seq(GSE14097)/Homer	ACAGGAAGTG	1e0	-4.090e-04	1.0000	331.0	7.59%	6880.4	9.00%
6	E2F3(E2F)/MEF-E2F3-ChIP-Seq(GSE71376)/Homer	BTKGGCGGGAAA	1e0	-3.820e-04	1.0000	80.0	1.83%	1984.5	2.59%
6	n-Myc(bHLH)/mES-nMyc-ChIP-Seq(GSE11431)/Homer	VRCCACGTGG	1e0	-3.420e-04	1.0000	192.0	4.40%	4229.9	5.53%
6	Fli1(ETS)/CD8-FLI-ChIP-Seq(GSE20898)/Homer	NRYTTCCGGH	1e0	-2.850e-04	1.0000	343.0	7.87%	7141.2	9.34%
6	E2F(E2F)/Hela-CellCycle-Expression/Homer	TTSGCGCGAAAA	1e0	-2.340e-04	1.0000	17.0	0.39%	617.7	0.81%
6	CLOCK(bHLH)/Liver-Clock-ChIP-Seq(GSE39860)/Homer	GHCACGTG	1e0	-2.300e-04	1.0000	260.0	5.96%	5577.7	7.29%
6	ZNF143|STAF(Zf)/CUTLL-ZNF143-ChIP-Seq(GSE29600)/Homer	ATTTCCCAGVAKSCY	1e0	-2.250e-04	1.0000	52.0	1.19%	1418.7	1.85%
6	EAR2(NR)/K562-NR2F6-ChIP-Seq(Encode)/Homer	NRBCARRGGTCA	1e0	-2.220e-04	1.0000	596.0	13.67%	11894.9	15.55%
6	bHLHE41(bHLH)/proB-Bhlhe41-ChIP-Seq(GSE93764)/Homer	KCACGTGMCN	1e0	-1.730e-04	1.0000	467.0	10.71%	9523.8	12.45%
6	ELF3(ETS)/PDAC-ELF3-ChIP-Seq(GSE64557)/Homer	ANCAGGAAGT	1e0	-1.510e-04	1.0000	151.0	3.46%	3478.3	4.55%
6	KLF14(Zf)/HEK293-KLF14.GFP-ChIP-Seq(GSE58341)/Homer	RGKGGGCGKGGC	1e0	-1.490e-04	1.0000	189.0	4.33%	4231.1	5.53%
6	Usf2(bHLH)/C2C12-Usf2-ChIP-Seq(GSE36030)/Homer	GTCACGTGGT	1e0	-1.070e-04	1.0000	193.0	4.43%	4333.3	5.67%
6	MITF(bHLH)/MastCells-MITF-ChIP-Seq(GSE48085)/Homer	RTCATGTGAC	1e0	-6.800e-05	1.0000	421.0	9.65%	8750.8	11.44%
6	ETV4(ETS)/HepG2-ETV4-ChIP-Seq(ENCODE)/Homer	ACCGGAAGTG	1e0	-6.700e-05	1.0000	285.0	6.54%	6158.1	8.05%
6	Oct11(POU,Homeobox)/NCIH1048-POU2F3-ChIP-seq(GSE115123)/Homer	GATTTGCATA	1e0	-6.400e-05	1.0000	626.0	14.35%	12587.1	16.46%
6	NRF1(NRF)/MCF7-NRF1-ChIP-Seq(Unpublished)/Homer	CTGCGCATGCGC	1e0	-6.200e-05	1.0000	40.0	0.92%	1205.8	1.58%
6	Etv2(ETS)/ES-ER71-ChIP-Seq(GSE59402)/Homer	NNAYTTCCTGHN	1e0	-5.100e-05	1.0000	187.0	4.29%	4266.1	5.58%
6	SPDEF(ETS)/VCaP-SPDEF-ChIP-Seq(SRA014231)/Homer	ASWTCCTGBT	1e0	-4.500e-05	1.0000	238.0	5.46%	5277.4	6.90%
6	E2F1(E2F)/Hela-E2F1-ChIP-Seq(GSE22478)/Homer	CWGGCGGGAA	1e0	-4.200e-05	1.0000	29.0	0.66%	964.7	1.26%
6	Sp5(Zf)/mES-Sp5.Flag-ChIP-Seq(GSE72989)/Homer	RGKGGGCGGAGC	1e0	-3.800e-05	1.0000	69.0	1.58%	1866.2	2.44%
6	Elk4(ETS)/Hela-Elk4-ChIP-Seq(GSE31477)/Homer	NRYTTCCGGY	1e0	-3.200e-05	1.0000	239.0	5.48%	5321.9	6.96%
6	GABPA(ETS)/Jurkat-GABPa-ChIP-Seq(GSE17954)/Homer	RACCGGAAGT	1e0	-2.700e-05	1.0000	217.0	4.98%	4902.0	6.41%
6	ETS(ETS)/Promoter/Homer	AACCGGAAGT	1e0	-1.100e-05	1.0000	90.0	2.06%	2375.7	3.11%
6	E2F7(E2F)/Hela-E2F7-ChIP-Seq(GSE32673)/Homer	VDTTTCCCGCCA	1e0	-8.000e-06	1.0000	18.0	0.41%	741.7	0.97%
6	TR4(NR),DR1/Hela-TR4-ChIP-Seq(GSE24685)/Homer	GAGGTCAAAGGTCA	1e0	-4.000e-06	1.0000	107.0	2.45%	2784.8	3.64%
6	Elf4(ETS)/BMDM-Elf4-ChIP-Seq(GSE88699)/Homer	ACTTCCKGKT	1e0	-2.000e-06	1.0000	203.0	4.65%	4789.6	6.26%
6	USF1(bHLH)/GM12878-Usf1-ChIP-Seq(GSE32465)/Homer	SGTCACGTGR	1e0	-1.000e-06	1.0000	196.0	4.49%	4675.5	6.11%
6	ZNF341(Zf)/EBV-ZNF341-ChIP-Seq(GSE113194)/Homer	GGAACAGCCG	1e0	-1.000e-06	1.0000	102.0	2.34%	2730.6	3.57%
6	EHF(ETS)/LoVo-EHF-ChIP-Seq(GSE49402)/Homer	AVCAGGAAGT	1e0	-1.000e-06	1.0000	273.0	6.26%	6225.2	8.14%
6	TFE3(bHLH)/MEF-TFE3-ChIP-Seq(GSE75757)/Homer	GTCACGTGACYV	1e0	-1.000e-06	1.0000	82.0	1.88%	2319.4	3.03%
6	NRF(NRF)/Promoter/Homer	STGCGCATGCGC	1e0	-0.000e+00	1.0000	47.0	1.08%	1567.6	2.05%
6	ETS1(ETS)/Jurkat-ETS1-ChIP-Seq(GSE17954)/Homer	ACAGGAAGTG	1e0	-0.000e+00	1.0000	216.0	4.95%	5216.7	6.82%
6	Nur77(NR)/K562-NR4A1-ChIP-Seq(GSE31363)/Homer	TGACCTTTNCNT	1e0	-0.000e+00	1.0000	145.0	3.32%	3910.8	5.11%
6	Brn1(POU,Homeobox)/NPC-Brn1-ChIP-Seq(GSE35496)/Homer	TATGCWAATBAV	1e0	-0.000e+00	1.0000	571.0	13.09%	12397.3	16.21%
6	OCT4-SOX2-TCF-NANOG(POU,Homeobox,HMG)/mES-Oct4-ChIP-Seq(GSE11431)/Homer	ATTTGCATAACAATG	1e0	-0.000e+00	1.0000	390.0	8.94%	8930.1	11.68%
6	Oct6(POU,Homeobox)/NPC-Pou3f1-ChIP-Seq(GSE35496)/Homer	WATGCAAATGAG	1e0	-0.000e+00	1.0000	619.0	14.19%	13404.6	17.53%
6	NFY(CCAAT)/Promoter/Homer	RGCCAATSRG	1e0	-0.000e+00	1.0000	490.0	11.24%	11408.5	14.92%
6	CTCF(Zf)/CD4+-CTCF-ChIP-Seq(Barski_et_al.)/Homer	AYAGTGCCMYCTRGTGGCCA	1e0	-0.000e+00	1.0000	16.0	0.37%	1171.4	1.53%
6	YY1(Zf)/Promoter/Homer	CAAGATGGCGGC	1e0	-0.000e+00	1.0000	32.0	0.73%	1737.5	2.27%
6	BORIS(Zf)/K562-CTCFL-ChIP-Seq(GSE32465)/Homer	CNNBRGCGCCCCCTGSTGGC	1e0	0.000e+00	1.0000	12.0	0.28%	1156.5	1.51%
6	EBNA1(EBV-virus)/Raji-EBNA1-ChIP-Seq(GSE30709)/Homer	GGYAGCAYDTGCTDCCCNNN	1e0	0.000e+00	1.0000	0.0	0.00%	31.4	0.04%
6	Eomes(T-box)/H9-Eomes-ChIP-Seq(GSE26097)/Homer	ATTAACACCT	1e0	0.000e+00	1.0000	848.0	19.45%	22923.9	29.97%
6	REST-NRSF(Zf)/Jurkat-NRSF-ChIP-Seq/Homer	GGMGCTGTCCATGGTGCTGA	1e0	0.000e+00	1.0000	0.0	0.00%	8.6	0.01%
6	Tbet(T-box)/CD8-Tbet-ChIP-Seq(GSE33802)/Homer	AGGTGTGAAM	1e0	0.000e+00	1.0000	510.0	11.69%	14325.0	18.73%
6	Tbr1(T-box)/Cortex-Tbr1-ChIP-Seq(GSE71384)/Homer	AAGGTGTKAA	1e0	0.000e+00	1.0000	619.0	14.19%	17476.4	22.85%
6	Tbx21(T-box)/GM12878-TBX21-ChIP-Seq(Encode)/Homer	AGGTGTGAAA	1e0	0.000e+00	1.0000	360.0	8.25%	11962.2	15.64%
6	Tbx5(T-box)/HL1-Tbx5.biotin-ChIP-Seq(GSE21529)/Homer	AGGTGTCA	1e0	0.000e+00	1.0000	1123.0	25.75%	25048.0	32.75%
6	Tbx6(T-box)/ESC-Tbx6-ChIP-Seq(GSE93524)/Homer	DAGGTGTBAA	1e0	0.000e+00	1.0000	294.0	6.74%	11875.9	15.53%
6	ZFP3(Zf)/HEK293-ZFP3.GFP-ChIP-Seq(GSE58341)/Homer	GGGTTTTGAAGGATGARTAGGAGTT	1e0	0.000e+00	1.0000	0.0	0.00%	1.2	0.00%
6	ZNF16(Zf)/HEK293-ZNF16.GFP-ChIP-Seq(GSE58341)/Homer	MACCTTCYATGGCTCCCTAKTGCCY	1e0	0.000e+00	1.0000	0.0	0.00%	10.5	0.01%
6	ZNF528(Zf)/HEK293-ZNF528.GFP-ChIP-Seq(GSE58341)/Homer	AGAAATGACTTCCCT	1e0	0.000e+00	1.0000	0.0	0.00%	20.3	0.03%
