>CCCCGAGAGCTG	18-CCCCGAGAGCTG,BestGuess:MyoG(bHLH)/C2C12-MyoG-ChIP-Seq(GSE36024)/Homer(0.687)	10.333208	-19.769492	0	T:5.0(0.57%),B:2.6(0.01%),P:1e-8
0.032	0.715	0.110	0.143
0.093	0.682	0.064	0.161
0.159	0.602	0.160	0.079
0.077	0.782	0.048	0.093
0.143	0.143	0.635	0.079
0.777	0.048	0.111	0.064
0.144	0.127	0.668	0.061
0.888	0.032	0.016	0.064
0.064	0.111	0.761	0.064
0.064	0.777	0.032	0.127
0.096	0.032	0.032	0.840
0.032	0.045	0.875	0.048
