>TAGGTTAAACMT	19-TAGGTTAAACMT,BestGuess:Tbet(T-box)/CD8-Tbet-ChIP-Seq(GSE33802)/Homer(0.617)	7.757602	-18.163422	0	T:19.0(2.16%),B:146.8(0.42%),P:1e-7
0.041	0.240	0.259	0.460
0.703	0.027	0.224	0.046
0.346	0.044	0.538	0.072
0.029	0.046	0.595	0.330
0.220	0.208	0.021	0.551
0.035	0.184	0.264	0.517
0.524	0.144	0.090	0.242
0.467	0.164	0.163	0.206
0.916	0.027	0.025	0.032
0.228	0.499	0.012	0.261
0.261	0.390	0.140	0.209
0.291	0.021	0.030	0.658
