>AGAGAAAGAGAT	21-ATCTCTTTCTCT	9.053708	-14.404212	0	T:43.0(4.89%),B:732.9(2.11%),P:1e-6
0.893	0.053	0.001	0.053
0.106	0.054	0.797	0.043
0.946	0.052	0.001	0.001
0.026	0.044	0.824	0.106
0.840	0.053	0.106	0.001
0.644	0.001	0.249	0.106
0.946	0.001	0.001	0.052
0.038	0.027	0.829	0.106
0.892	0.001	0.001	0.106
0.143	0.054	0.712	0.091
0.731	0.001	0.180	0.088
0.141	0.046	0.100	0.713
