>CAAAATAGAACA	14-CAAAATAGAACA,BestGuess:MEF2C/MA0497.1/Jaspar(0.697)	8.720656	-22.710119	0	T:60.0(6.83%),B:938.4(2.70%),P:1e-9
0.120	0.744	0.084	0.052
0.892	0.046	0.046	0.016
0.851	0.091	0.039	0.019
0.868	0.047	0.062	0.023
0.869	0.023	0.052	0.056
0.066	0.121	0.038	0.775
0.696	0.033	0.175	0.096
0.061	0.056	0.792	0.091
0.859	0.104	0.024	0.013
0.874	0.023	0.088	0.015
0.046	0.896	0.024	0.034
0.890	0.040	0.024	0.046
