>CAGCTCTCGGGG	18-CCCCGAGAGCTG	10.333208	-19.769492	0	T:5.0(0.57%),B:2.6(0.01%),P:1e-8
0.048	0.875	0.045	0.032
0.840	0.032	0.032	0.096
0.127	0.032	0.777	0.064
0.064	0.761	0.111	0.064
0.064	0.016	0.032	0.888
0.061	0.668	0.127	0.144
0.064	0.111	0.048	0.777
0.079	0.635	0.143	0.143
0.093	0.048	0.782	0.077
0.079	0.160	0.602	0.159
0.161	0.064	0.682	0.093
0.143	0.110	0.715	0.032
