>GTGTGCGTCCAC	1-GTGGACGCACAC	10.248732	-29.627355	0	T:19.0(2.16%),B:73.9(0.21%),P:1e-12
0.001	0.001	0.894	0.104
0.001	0.104	0.001	0.894
0.001	0.104	0.894	0.001
0.001	0.104	0.001	0.894
0.104	0.001	0.894	0.001
0.001	0.920	0.001	0.078
0.109	0.001	0.889	0.001
0.005	0.209	0.001	0.785
0.115	0.601	0.105	0.179
0.104	0.785	0.110	0.001
0.729	0.001	0.269	0.001
0.001	0.823	0.116	0.060
