>TTCTCAGCAACT	3-TTCTCAGCAACT,BestGuess:Stat6/MA0520.1/Jaspar(0.731)	9.191030	-29.237581	0	T:34.0(3.87%),B:281.1(0.81%),P:1e-12
0.098	0.001	0.067	0.834
0.001	0.065	0.098	0.836
0.033	0.816	0.067	0.084
0.096	0.033	0.065	0.806
0.098	0.836	0.065	0.001
0.804	0.130	0.065	0.001
0.023	0.079	0.800	0.098
0.045	0.694	0.098	0.163
0.966	0.032	0.001	0.001
0.910	0.001	0.088	0.001
0.066	0.835	0.001	0.098
0.033	0.033	0.065	0.869
