>ATCTCTTTCTCT	21-ATCTCTTTCTCT,BestGuess:PRDM1/MA0508.3/Jaspar(0.819)	9.053708	-14.404212	0	T:43.0(4.89%),B:732.9(2.11%),P:1e-6
0.713	0.100	0.046	0.141
0.088	0.180	0.001	0.731
0.091	0.712	0.054	0.143
0.106	0.001	0.001	0.892
0.106	0.829	0.027	0.038
0.052	0.001	0.001	0.946
0.106	0.249	0.001	0.644
0.001	0.106	0.053	0.840
0.106	0.824	0.044	0.026
0.001	0.001	0.052	0.946
0.043	0.797	0.054	0.106
0.053	0.001	0.053	0.893
