>CAACTCCCCCTT	9-AAGGGGGAGTTG	9.025358	-26.290530	0	T:23.0(2.62%),B:139.8(0.40%),P:1e-11
0.104	0.740	0.052	0.104
0.736	0.156	0.104	0.004
0.895	0.001	0.052	0.052
0.001	0.844	0.052	0.103
0.052	0.052	0.001	0.895
0.001	0.792	0.052	0.155
0.052	0.895	0.052	0.001
0.004	0.840	0.104	0.052
0.103	0.793	0.001	0.103
0.001	0.844	0.052	0.103
0.001	0.103	0.052	0.844
0.004	0.052	0.052	0.892
