>TGTTCTATTTTG	14-CAAAATAGAACA	8.720656	-22.710119	0	T:60.0(6.83%),B:938.4(2.70%),P:1e-9
0.046	0.024	0.040	0.890
0.034	0.024	0.896	0.046
0.015	0.088	0.023	0.874
0.013	0.024	0.104	0.859
0.091	0.792	0.056	0.061
0.096	0.175	0.033	0.696
0.775	0.038	0.121	0.066
0.056	0.052	0.023	0.869
0.023	0.062	0.047	0.868
0.019	0.039	0.091	0.851
0.016	0.046	0.046	0.892
0.052	0.084	0.744	0.120
