>AAGGGGGAGTTG	9-AAGGGGGAGTTG,BestGuess:PB0058.1_Sfpi1_1/Jaspar(0.693)	9.025358	-26.290530	0	T:23.0(2.62%),B:139.8(0.40%),P:1e-11
0.892	0.052	0.052	0.004
0.844	0.052	0.103	0.001
0.103	0.052	0.844	0.001
0.103	0.001	0.793	0.103
0.052	0.104	0.840	0.004
0.001	0.052	0.895	0.052
0.155	0.052	0.792	0.001
0.895	0.001	0.052	0.052
0.103	0.052	0.844	0.001
0.052	0.052	0.001	0.895
0.004	0.104	0.156	0.736
0.104	0.052	0.740	0.104
