>TATATATATATA	1-TATATATATATA,BestGuess:PB0198.1_Zfp128_2/Jaspar(0.788)	11.805840	-77.387846	0	T:32.0(2.13%),B:56.3(0.08%),P:1e-33
0.037	0.198	0.182	0.583
0.885	0.032	0.032	0.051
0.041	0.189	0.173	0.597
0.898	0.028	0.024	0.050
0.023	0.188	0.190	0.599
0.913	0.029	0.016	0.042
0.024	0.177	0.177	0.622
0.902	0.026	0.019	0.053
0.019	0.182	0.171	0.628
0.896	0.041	0.023	0.040
0.042	0.187	0.171	0.600
0.879	0.045	0.034	0.042
