>AATTTCAGGAAA	4-TTTCCTGAAATT	7.717804	-65.728980	0	T:262.0(17.47%),B:5920.1(8.40%),P:1e-28
0.794	0.034	0.001	0.171
0.835	0.001	0.035	0.129
0.131	0.001	0.001	0.867
0.034	0.109	0.034	0.823
0.001	0.001	0.095	0.903
0.001	0.585	0.231	0.183
0.707	0.121	0.001	0.171
0.152	0.138	0.444	0.266
0.137	0.212	0.566	0.085
0.965	0.033	0.001	0.001
0.828	0.034	0.059	0.079
0.895	0.068	0.001	0.036
