>WTTTTWWTTTTT	2-WTTTTWWTTTTT	6.072147	-73.073853	0	T:506.0(33.73%),B:14503.6(20.59%),P:1e-31
0.350	0.066	0.142	0.441
0.234	0.093	0.102	0.571
0.234	0.105	0.096	0.565
0.206	0.147	0.121	0.526
0.294	0.112	0.119	0.475
0.335	0.119	0.118	0.428
0.456	0.102	0.095	0.347
0.305	0.110	0.062	0.523
0.271	0.073	0.051	0.605
0.204	0.053	0.029	0.714
0.154	0.099	0.111	0.636
0.241	0.147	0.159	0.454
