>GTCAGGTTTGAC	12-GTCAAACCTGAC	10.393298	-23.658433	0	T:21.0(1.40%),B:154.4(0.22%),P:1e-10
0.001	0.052	0.792	0.155
0.052	0.001	0.104	0.843
0.104	0.843	0.001	0.052
0.791	0.001	0.001	0.207
0.051	0.001	0.947	0.001
0.207	0.001	0.688	0.104
0.001	0.001	0.103	0.895
0.001	0.001	0.051	0.947
0.001	0.104	0.104	0.791
0.052	0.208	0.636	0.104
0.947	0.051	0.001	0.001
0.103	0.895	0.001	0.001
