>TTTCCTGAAATT	4-TTTCCTGAAATT,BestGuess:PB0162.1_Sfpi1_2/Jaspar(0.717)	7.717804	-65.728980	0	T:262.0(17.47%),B:5920.1(8.40%),P:1e-28
0.036	0.001	0.068	0.895
0.079	0.059	0.034	0.828
0.001	0.001	0.033	0.965
0.085	0.566	0.212	0.137
0.266	0.444	0.138	0.152
0.171	0.001	0.121	0.707
0.183	0.231	0.585	0.001
0.903	0.095	0.001	0.001
0.823	0.034	0.109	0.034
0.867	0.001	0.001	0.131
0.129	0.035	0.001	0.835
0.171	0.001	0.034	0.794
