>GGGGGGGGGGGG	6-GGGGGGGGGGGG	7.193782	-31.625889	0	T:49.0(3.27%),B:617.1(0.88%),P:1e-13
0.112	0.089	0.637	0.162
0.101	0.070	0.686	0.143
0.120	0.092	0.656	0.132
0.134	0.111	0.637	0.118
0.144	0.109	0.664	0.083
0.137	0.076	0.720	0.067
0.144	0.069	0.697	0.090
0.132	0.058	0.701	0.109
0.124	0.057	0.705	0.114
0.123	0.091	0.684	0.102
0.164	0.097	0.618	0.121
0.123	0.147	0.596	0.134
