>GTCAAACCTGAC	12-GTCAAACCTGAC,BestGuess:SIX2/MA1119.1/Jaspar(0.720)	10.393298	-23.658433	0	T:21.0(1.40%),B:154.4(0.22%),P:1e-10
0.001	0.001	0.895	0.103
0.001	0.001	0.051	0.947
0.104	0.636	0.208	0.052
0.791	0.104	0.104	0.001
0.947	0.051	0.001	0.001
0.895	0.103	0.001	0.001
0.104	0.688	0.001	0.207
0.001	0.947	0.001	0.051
0.207	0.001	0.001	0.791
0.052	0.001	0.843	0.104
0.843	0.104	0.001	0.052
0.155	0.792	0.052	0.001
