>TCAAAAATTTTG	3-TCAAAAATTTTG	6.222106	-72.307951	0	T:528.0(35.20%),B:15421.4(21.89%),P:1e-31
0.141	0.119	0.125	0.615
0.156	0.536	0.191	0.117
0.594	0.116	0.129	0.161
0.611	0.127	0.112	0.150
0.784	0.095	0.109	0.012
0.721	0.117	0.077	0.085
0.748	0.028	0.035	0.189
0.155	0.121	0.103	0.621
0.119	0.080	0.079	0.722
0.086	0.007	0.101	0.806
0.072	0.099	0.107	0.722
0.154	0.171	0.521	0.154
