>GTCTCTATTGAA	11-GTCTCTATTGAA	9.502352	-28.165765	0	T:55.0(3.05%),B:718.6(0.98%),P:1e-12
0.085	0.058	0.798	0.059
0.092	0.057	0.027	0.824
0.083	0.811	0.058	0.048
0.052	0.035	0.038	0.875
0.033	0.802	0.101	0.064
0.085	0.048	0.019	0.848
0.812	0.065	0.018	0.105
0.076	0.019	0.019	0.886
0.050	0.001	0.053	0.896
0.039	0.089	0.841	0.031
0.763	0.038	0.074	0.125
0.848	0.071	0.024	0.057
