>TGAGCTATTGTG	10-TGAGCTATTGTG	9.408278	-28.823121	0	T:63.0(3.49%),B:886.4(1.20%),P:1e-12
0.028	0.032	0.051	0.889
0.078	0.131	0.743	0.048
0.857	0.049	0.032	0.062
0.121	0.087	0.761	0.031
0.064	0.772	0.081	0.083
0.058	0.078	0.065	0.799
0.800	0.079	0.088	0.033
0.039	0.098	0.039	0.824
0.019	0.001	0.019	0.961
0.078	0.033	0.834	0.055
0.001	0.001	0.018	0.980
0.037	0.033	0.783	0.147
