>GCTCTTTTGTTT	15-GCTCTTTTGTTT	8.610388	-22.307777	0	T:166.0(9.19%),B:4058.1(5.51%),P:1e-9
0.065	0.069	0.774	0.092
0.037	0.786	0.089	0.088
0.061	0.060	0.042	0.837
0.036	0.776	0.060	0.128
0.101	0.032	0.044	0.823
0.065	0.071	0.051	0.813
0.046	0.026	0.030	0.898
0.038	0.015	0.024	0.923
0.048	0.109	0.788	0.055
0.060	0.041	0.062	0.837
0.052	0.059	0.008	0.881
0.032	0.055	0.043	0.870
