>TAAAACAAACAC	8-GTGTTTGTTTTA	9.230110	-31.340331	0	T:138.0(7.64%),B:2789.9(3.79%),P:1e-13
0.080	0.094	0.062	0.764
0.752	0.068	0.105	0.075
0.881	0.040	0.039	0.040
0.843	0.042	0.065	0.050
0.849	0.033	0.099	0.019
0.080	0.781	0.066	0.073
0.935	0.015	0.024	0.026
0.907	0.027	0.047	0.019
0.918	0.020	0.021	0.041
0.063	0.785	0.080	0.072
0.846	0.045	0.038	0.071
0.092	0.744	0.083	0.081
