>GTGTTTGTTTTA	8-GTGTTTGTTTTA,BestGuess:FOXE1/MA1487.1/Jaspar(0.802)	9.230110	-31.340331	0	T:138.0(7.64%),B:2789.9(3.79%),P:1e-13
0.081	0.083	0.744	0.092
0.071	0.038	0.045	0.846
0.072	0.080	0.785	0.063
0.041	0.021	0.020	0.918
0.019	0.047	0.027	0.907
0.026	0.024	0.015	0.935
0.073	0.066	0.781	0.080
0.019	0.099	0.033	0.849
0.050	0.065	0.042	0.843
0.040	0.039	0.040	0.881
0.075	0.105	0.068	0.752
0.764	0.062	0.094	0.080
