>TTACGTAAGACC	12-TTACGTAAGACC,BestGuess:DBP/MA0639.1/Jaspar(0.854)	9.508220	-26.566141	0	T:53.0(2.93%),B:704.3(0.96%),P:1e-11
0.028	0.001	0.053	0.918
0.027	0.001	0.027	0.945
0.945	0.027	0.027	0.001
0.054	0.813	0.027	0.106
0.092	0.054	0.800	0.054
0.075	0.053	0.001	0.871
0.892	0.054	0.027	0.027
0.927	0.001	0.053	0.019
0.088	0.102	0.692	0.118
0.832	0.019	0.032	0.117
0.119	0.727	0.071	0.083
0.217	0.643	0.094	0.046
