>TAATCCCCTTTT	3-TAATCCCCTTTT	6.543148	-37.156063	0	T:376.0(20.82%),B:10078.4(13.69%),P:1e-16
0.109	0.084	0.051	0.756
0.753	0.066	0.079	0.102
0.802	0.065	0.065	0.068
0.107	0.065	0.058	0.770
0.093	0.726	0.079	0.102
0.106	0.720	0.072	0.102
0.126	0.673	0.089	0.112
0.086	0.708	0.063	0.143
0.057	0.081	0.052	0.810
0.071	0.106	0.063	0.760
0.063	0.074	0.102	0.761
0.071	0.092	0.077	0.760
