>AGAATGAATGCC	2-GGCATTCATTCT	7.212253	-40.367713	0	T:268.0(14.84%),B:6327.8(8.60%),P:1e-17
0.704	0.085	0.086	0.125
0.116	0.150	0.580	0.154
0.778	0.082	0.046	0.094
0.741	0.113	0.063	0.083
0.156	0.011	0.032	0.801
0.177	0.126	0.683	0.014
0.844	0.099	0.043	0.014
0.825	0.102	0.024	0.049
0.089	0.001	0.059	0.851
0.043	0.047	0.884	0.026
0.131	0.629	0.144	0.096
0.160	0.681	0.041	0.118
