>TTCCCTTTCATT	9-TTCCCTTTCATT	8.802992	-29.025598	0	T:122.0(6.76%),B:2420.8(3.29%),P:1e-12
0.084	0.037	0.081	0.798
0.077	0.061	0.084	0.778
0.045	0.795	0.087	0.073
0.063	0.786	0.072	0.079
0.080	0.849	0.011	0.060
0.060	0.041	0.031	0.868
0.046	0.034	0.039	0.881
0.015	0.045	0.023	0.917
0.034	0.863	0.032	0.071
0.886	0.031	0.005	0.078
0.124	0.031	0.059	0.786
0.048	0.086	0.070	0.796
