>ACAATGGCCATG	19-ACAATGGCCATG	7.577846	-19.163325	0	T:243.0(13.46%),B:6831.7(9.28%),P:1e-8
0.815	0.056	0.001	0.128
0.054	0.786	0.056	0.104
0.906	0.026	0.007	0.061
0.789	0.067	0.040	0.104
0.092	0.061	0.006	0.841
0.112	0.044	0.747	0.097
0.168	0.066	0.696	0.070
0.172	0.621	0.082	0.125
0.102	0.641	0.115	0.142
0.697	0.090	0.128	0.085
0.134	0.082	0.001	0.783
0.099	0.107	0.659	0.135
