>TCGTAACTTCTC	15-GAGAAGTTACGA	9.515876	-22.925295	0	T:29.0(1.92%),B:149.3(0.44%),P:1e-9
0.137	0.036	0.073	0.754
0.072	0.753	0.037	0.138
0.136	0.001	0.755	0.108
0.129	0.001	0.108	0.762
0.784	0.072	0.072	0.072
0.854	0.072	0.073	0.001
0.036	0.892	0.036	0.036
0.036	0.001	0.036	0.927
0.001	0.071	0.001	0.927
0.036	0.790	0.108	0.066
0.001	0.071	0.001	0.927
0.036	0.891	0.037	0.036
