>GTTCACAGTGTA	21-GTTCACAGTGTA	9.663155	-16.266830	0	T:27.0(1.79%),B:179.5(0.53%),P:1e-7
0.051	0.051	0.897	0.001
0.206	0.001	0.001	0.792
0.001	0.103	0.103	0.793
0.051	0.947	0.001	0.001
0.897	0.001	0.051	0.051
0.001	0.842	0.001	0.156
0.845	0.001	0.103	0.051
0.051	0.103	0.845	0.001
0.051	0.051	0.001	0.897
0.051	0.155	0.793	0.001
0.001	0.207	0.051	0.741
0.740	0.052	0.104	0.104
