>CCAGCACTTTCC	8-GGAAAGTGCTGG	9.367359	-27.175142	0	T:37.0(2.45%),B:201.5(0.59%),P:1e-11
0.085	0.745	0.032	0.138
0.064	0.871	0.064	0.001
0.872	0.032	0.032	0.064
0.065	0.064	0.722	0.149
0.032	0.903	0.001	0.064
0.903	0.032	0.001	0.064
0.032	0.786	0.117	0.065
0.001	0.001	0.031	0.967
0.032	0.033	0.032	0.903
0.001	0.033	0.127	0.839
0.033	0.754	0.128	0.085
0.096	0.743	0.064	0.097
