>GGAAAGTGCTGG	8-GGAAAGTGCTGG,BestGuess:MAFF/MA0495.3/Jaspar(0.671)	9.367359	-27.175142	0	T:37.0(2.45%),B:201.5(0.59%),P:1e-11
0.097	0.064	0.743	0.096
0.085	0.128	0.754	0.033
0.839	0.127	0.033	0.001
0.903	0.032	0.033	0.032
0.967	0.031	0.001	0.001
0.065	0.117	0.786	0.032
0.064	0.001	0.032	0.903
0.064	0.001	0.903	0.032
0.149	0.722	0.064	0.065
0.064	0.032	0.032	0.872
0.001	0.064	0.871	0.064
0.138	0.032	0.745	0.085
