>NGGGGAWTTCCC	3-NGGGGAWTTCCC,BestGuess:NFkB-p65(RHD)/GM12787-p65-ChIP-Seq(GSE19485)/Homer(0.957)	8.142078	-33.153144	0	T:65.0(4.30%),B:467.3(1.38%),P:1e-14
0.254	0.266	0.209	0.270
0.136	0.033	0.557	0.274
0.001	0.032	0.871	0.096
0.016	0.016	0.952	0.016
0.282	0.033	0.653	0.032
0.826	0.045	0.049	0.080
0.464	0.033	0.016	0.488
0.033	0.016	0.068	0.883
0.064	0.065	0.016	0.855
0.064	0.864	0.016	0.056
0.048	0.839	0.032	0.081
0.065	0.880	0.016	0.039
