>GTGGTGTTGCCA	9-GTGGTGTTGCCA,BestGuess:PB0117.1_Eomes_2/Jaspar(0.661)	9.839037	-27.036654	0	T:33.0(2.18%),B:162.3(0.48%),P:1e-11
0.001	0.001	0.947	0.051
0.066	0.001	0.066	0.867
0.132	0.066	0.736	0.066
0.132	0.001	0.683	0.184
0.065	0.001	0.001	0.933
0.066	0.001	0.867	0.066
0.001	0.001	0.065	0.933
0.001	0.066	0.132	0.801
0.066	0.066	0.867	0.001
0.001	0.856	0.001	0.142
0.066	0.801	0.132	0.001
0.724	0.143	0.132	0.001
