>GACCTGCG	1-GACCTGCG	7.270672	-14.016571	0	T:21.0(9.29%),B:936.2(2.64%),P:1e-6	Tpos:95.9,Tstd:51.6,Bpos:94.7,Bstd:55.7,StrandBias:-0.7,Multiplicity:1.30
0.031	0.001	0.941	0.027
0.954	0.001	0.001	0.044
0.001	0.725	0.244	0.030
0.079	0.837	0.001	0.083
0.001	0.052	0.001	0.946
0.001	0.036	0.938	0.025
0.058	0.828	0.001	0.113
0.001	0.001	0.997	0.001
>ATAATTCC	2-ATAATTCC	5.275770	-9.506280	0	T:82.0(36.28%),B:8765.1(24.74%),P:1e-4	Tpos:87.0,Tstd:54.7,Bpos:96.1,Bstd:59.6,StrandBias:0.0,Multiplicity:1.34
0.760	0.057	0.058	0.125
0.166	0.093	0.051	0.690
0.808	0.083	0.032	0.077
0.742	0.132	0.044	0.082
0.054	0.060	0.096	0.790
0.060	0.086	0.126	0.728
0.105	0.770	0.060	0.065
0.054	0.723	0.064	0.159
>NGTCAATN	3-NGTCAATN	5.020074	-8.917064	0	T:23.0(10.18%),B:1524.9(4.30%),P:1e-3	Tpos:91.2,Tstd:58.6,Bpos:97.4,Bstd:60.4,StrandBias:-0.7,Multiplicity:1.26
0.276	0.215	0.311	0.197
0.116	0.143	0.629	0.112
0.163	0.148	0.146	0.543
0.119	0.608	0.144	0.129
0.475	0.203	0.122	0.200
0.530	0.148	0.149	0.173
0.152	0.104	0.142	0.602
0.239	0.191	0.304	0.266
>TGCCTAGG	4-TGCCTAGG	9.343198	-8.140845	0	T:6.0(2.65%),B:138.9(0.39%),P:1e-3	Tpos:55.8,Tstd:23.8,Bpos:88.7,Bstd:53.5,StrandBias:-0.3,Multiplicity:1.00
0.001	0.001	0.001	0.997
0.001	0.001	0.997	0.001
0.191	0.807	0.001	0.001
0.001	0.997	0.001	0.001
0.001	0.001	0.001	0.997
0.997	0.001	0.001	0.001
0.001	0.001	0.997	0.001
0.001	0.001	0.929	0.069
>GGGGGGGG	5-GGGGGGGG	7.459899	-2.402211	0	T:7.0(3.10%),B:598.7(1.69%),P:1e-1	Tpos:54.2,Tstd:35.3,Bpos:55.8,Bstd:49.3,StrandBias:1.0,Multiplicity:1.43
0.018	0.029	0.952	0.001
0.001	0.001	0.966	0.032
0.001	0.001	0.974	0.024
0.001	0.034	0.870	0.095
0.001	0.037	0.925	0.037
0.001	0.038	0.960	0.001
0.001	0.001	0.997	0.001
0.001	0.001	0.983	0.015
