>ATGGTTCGGA	1-ATGGTTCGGA	10.473002	-29.384017	0	T:11.0(4.87%),B:56.5(0.16%),P:1e-12	Tpos:86.6,Tstd:48.5,Bpos:113.8,Bstd:55.2,StrandBias:-0.3,Multiplicity:1.00
0.909	0.001	0.001	0.089
0.001	0.001	0.001	0.997
0.001	0.001	0.997	0.001
0.001	0.001	0.997	0.001
0.001	0.115	0.001	0.883
0.233	0.001	0.170	0.596
0.001	0.997	0.001	0.001
0.090	0.001	0.835	0.074
0.001	0.001	0.875	0.123
0.997	0.001	0.001	0.001
>ATTGACCTCG	2-ATTGACCTCG	7.677966	-26.155752	0	T:34.0(15.04%),B:1303.8(3.68%),P:1e-11	Tpos:95.6,Tstd:58.9,Bpos:100.2,Bstd:57.7,StrandBias:-0.2,Multiplicity:1.15
0.842	0.001	0.115	0.042
0.056	0.290	0.001	0.653
0.001	0.001	0.152	0.846
0.109	0.122	0.558	0.211
0.586	0.088	0.001	0.325
0.001	0.997	0.001	0.001
0.001	0.713	0.285	0.001
0.299	0.108	0.001	0.592
0.271	0.727	0.001	0.001
0.094	0.001	0.567	0.338
>AGCTCCAATT	3-AGCTCCAATT	8.937900	-24.896400	0	T:13.0(5.75%),B:143.2(0.40%),P:1e-10	Tpos:94.9,Tstd:58.1,Bpos:94.3,Bstd:60.0,StrandBias:-0.4,Multiplicity:1.08
0.774	0.124	0.001	0.101
0.001	0.001	0.997	0.001
0.001	0.911	0.001	0.087
0.111	0.111	0.001	0.777
0.073	0.825	0.101	0.001
0.001	0.874	0.001	0.124
0.997	0.001	0.001	0.001
0.997	0.001	0.001	0.001
0.001	0.001	0.001	0.997
0.080	0.001	0.001	0.918
>TGGGTTCGAG	4-TGGGTTCGAG	10.715368	-22.692595	0	T:9.0(3.98%),B:55.2(0.16%),P:1e-9	Tpos:95.2,Tstd:34.7,Bpos:89.1,Bstd:52.3,StrandBias:1.0,Multiplicity:1.00
0.001	0.001	0.001	0.997
0.001	0.001	0.997	0.001
0.001	0.001	0.861	0.137
0.001	0.119	0.879	0.001
0.151	0.001	0.001	0.847
0.001	0.001	0.001	0.997
0.109	0.797	0.093	0.001
0.001	0.001	0.861	0.137
0.997	0.001	0.001	0.001
0.001	0.151	0.847	0.001
>AAAATGCCAG	5-AAAATGCCAG	9.833195	-21.719530	0	T:20.0(8.85%),B:532.4(1.50%),P:1e-9	Tpos:108.8,Tstd:60.6,Bpos:104.2,Bstd:55.0,StrandBias:0.1,Multiplicity:1.05
0.907	0.001	0.091	0.001
0.997	0.001	0.001	0.001
0.997	0.001	0.001	0.001
0.853	0.001	0.085	0.061
0.001	0.001	0.001	0.997
0.001	0.001	0.936	0.062
0.098	0.772	0.129	0.001
0.057	0.853	0.001	0.089
0.836	0.001	0.094	0.069
0.045	0.001	0.900	0.054
>TTGTTTBATA	6-TTGTTTBATA	9.509599	-20.543189	0	T:19.0(8.41%),B:510.4(1.44%),P:1e-8	Tpos:114.9,Tstd:53.3,Bpos:94.8,Bstd:57.7,StrandBias:0.8,Multiplicity:1.16
0.001	0.009	0.001	0.989
0.001	0.001	0.001	0.997
0.140	0.001	0.858	0.001
0.001	0.001	0.001	0.997
0.001	0.125	0.289	0.585
0.288	0.202	0.001	0.509
0.001	0.274	0.423	0.303
0.710	0.001	0.288	0.001
0.001	0.001	0.001	0.997
0.651	0.017	0.230	0.102
>CTCGCGAGTT	7-CTCGCGAGTT	11.068310	-19.694888	0	T:8.0(3.54%),B:53.7(0.15%),P:1e-8	Tpos:109.6,Tstd:36.5,Bpos:92.3,Bstd:54.0,StrandBias:0.3,Multiplicity:1.00
0.001	0.997	0.001	0.001
0.001	0.124	0.001	0.874
0.001	0.997	0.001	0.001
0.001	0.001	0.997	0.001
0.143	0.855	0.001	0.001
0.001	0.001	0.997	0.001
0.866	0.001	0.001	0.132
0.001	0.001	0.997	0.001
0.320	0.001	0.001	0.678
0.001	0.001	0.001	0.997
>AGCAATATGT	8-AGCAATATGT	9.862108	-18.277734	0	T:13.0(5.75%),B:249.9(0.71%),P:1e-7	Tpos:94.6,Tstd:66.7,Bpos:91.6,Bstd:59.3,StrandBias:1.1,Multiplicity:1.23
0.997	0.001	0.001	0.001
0.001	0.001	0.927	0.071
0.001	0.897	0.101	0.001
0.904	0.001	0.001	0.094
0.702	0.001	0.001	0.296
0.049	0.001	0.001	0.949
0.819	0.001	0.001	0.179
0.001	0.001	0.001	0.997
0.001	0.078	0.872	0.049
0.001	0.001	0.001	0.997
>CTCATCGATC	9-CTCATCGATC	10.458283	-18.262338	0	T:10.0(4.42%),B:125.4(0.35%),P:1e-7	Tpos:108.9,Tstd:47.0,Bpos:102.4,Bstd:55.4,StrandBias:-0.8,Multiplicity:1.10
0.084	0.914	0.001	0.001
0.001	0.001	0.001	0.997
0.001	0.997	0.001	0.001
0.883	0.001	0.001	0.115
0.001	0.001	0.001	0.997
0.001	0.748	0.139	0.112
0.085	0.074	0.840	0.001
0.839	0.001	0.159	0.001
0.001	0.001	0.001	0.997
0.001	0.897	0.101	0.001
>CTGTGCCTAG	10-CTGTGCCTAG	12.087202	-17.743450	0	T:5.0(2.21%),B:12.7(0.04%),P:1e-7	Tpos:63.3,Tstd:35.5,Bpos:82.3,Bstd:55.9,StrandBias:0.0,Multiplicity:1.20
0.001	0.997	0.001	0.001
0.001	0.001	0.001	0.997
0.001	0.001	0.997	0.001
0.001	0.001	0.001	0.997
0.001	0.001	0.997	0.001
0.001	0.997	0.001	0.001
0.001	0.997	0.001	0.001
0.001	0.001	0.001	0.997
0.997	0.001	0.001	0.001
0.174	0.001	0.824	0.001
>ATGATATACT	11-ATGATATACT	9.914805	-17.489680	0	T:15.0(6.64%),B:372.4(1.05%),P:1e-7	Tpos:58.4,Tstd:43.3,Bpos:92.2,Bstd:59.8,StrandBias:1.1,Multiplicity:1.07
0.997	0.001	0.001	0.001
0.001	0.001	0.100	0.898
0.075	0.088	0.836	0.001
0.997	0.001	0.001	0.001
0.050	0.001	0.001	0.948
0.818	0.001	0.088	0.093
0.065	0.001	0.001	0.933
0.901	0.097	0.001	0.001
0.060	0.805	0.080	0.055
0.064	0.001	0.001	0.934
>GGAACTAAGC	12-GGAACTAAGC	11.543139	-16.973971	0	T:3.0(1.33%),B:0.7(0.00%),P:1e-7	Tpos:126.0,Tstd:79.8,Bpos:81.0,Bstd:0.0,StrandBias:10.0,Multiplicity:1.00
0.001	0.001	0.884	0.114
0.083	0.071	0.845	0.001
0.928	0.001	0.001	0.070
0.623	0.214	0.084	0.079
0.001	0.997	0.001	0.001
0.001	0.074	0.189	0.736
0.600	0.001	0.398	0.001
0.805	0.001	0.193	0.001
0.001	0.189	0.695	0.115
0.074	0.924	0.001	0.001
>ATVATCTTTA	13-ATVATCTTTA	8.772476	-14.989822	0	T:9.0(3.98%),B:136.4(0.38%),P:1e-6	Tpos:82.2,Tstd:48.5,Bpos:98.7,Bstd:59.4,StrandBias:0.3,Multiplicity:1.00
0.640	0.001	0.026	0.333
0.083	0.088	0.038	0.791
0.250	0.280	0.387	0.083
0.513	0.193	0.293	0.001
0.063	0.058	0.277	0.602
0.065	0.832	0.076	0.027
0.145	0.001	0.177	0.677
0.384	0.001	0.058	0.557
0.098	0.038	0.032	0.832
0.847	0.064	0.029	0.060
>AGTTAAGTGT	14-AGTTAAGTGT	10.806912	-14.930827	0	T:7.0(3.10%),B:67.4(0.19%),P:1e-6	Tpos:65.2,Tstd:49.3,Bpos:90.3,Bstd:61.3,StrandBias:0.0,Multiplicity:1.14
0.997	0.001	0.001	0.001
0.001	0.001	0.916	0.082
0.081	0.126	0.001	0.792
0.001	0.001	0.001	0.997
0.997	0.001	0.001	0.001
0.997	0.001	0.001	0.001
0.187	0.083	0.615	0.115
0.001	0.001	0.001	0.997
0.001	0.126	0.796	0.077
0.001	0.001	0.001	0.997
>KGGGGGGGGG	15-KGGGGGGGGG	8.826647	-4.095373	0	T:6.0(2.65%),B:316.1(0.89%),P:1e-1	Tpos:49.7,Tstd:27.8,Bpos:51.9,Bstd:46.6,StrandBias:0.8,Multiplicity:1.50
0.027	0.031	0.526	0.416
0.083	0.001	0.915	0.001
0.001	0.001	0.997	0.001
0.001	0.001	0.872	0.126
0.001	0.001	0.997	0.001
0.001	0.001	0.942	0.056
0.001	0.146	0.852	0.001
0.001	0.001	0.997	0.001
0.001	0.001	0.997	0.001
0.001	0.001	0.997	0.001
>GACATTGTTACA	1-GACATTGTTACA	9.641880	-30.675324	0	T:23.0(10.18%),B:457.7(1.29%),P:1e-13	Tpos:82.3,Tstd:53.6,Bpos:95.5,Bstd:58.2,StrandBias:0.6,Multiplicity:1.00
0.311	0.035	0.653	0.001
0.634	0.001	0.054	0.311
0.238	0.653	0.001	0.108
0.740	0.001	0.201	0.058
0.245	0.001	0.001	0.753
0.108	0.001	0.302	0.589
0.001	0.108	0.805	0.086
0.240	0.001	0.001	0.758
0.001	0.050	0.295	0.654
0.997	0.001	0.001	0.001
0.053	0.945	0.001	0.001
0.997	0.001	0.001	0.001
>GCTCGCCAGGAA	2-GCTCGCCAGGAA	14.640156	-30.110848	0	T:5.0(2.21%),B:0.0(0.00%),P:1e-13	Tpos:120.4,Tstd:76.2,Bpos:0.0,Bstd:0.0,StrandBias:0.6,Multiplicity:1.00
0.001	0.001	0.749	0.249
0.001	0.997	0.001	0.001
0.001	0.001	0.001	0.997
0.001	0.997	0.001	0.001
0.001	0.001	0.997	0.001
0.249	0.749	0.001	0.001
0.001	0.749	0.001	0.249
0.997	0.001	0.001	0.001
0.001	0.001	0.997	0.001
0.001	0.001	0.997	0.001
0.997	0.001	0.001	0.001
0.997	0.001	0.001	0.001
>AATGGTTCGGAA	3-AATGGTTCGGAA	9.245845	-24.246661	0	T:14.0(6.19%),B:186.8(0.53%),P:1e-10	Tpos:94.7,Tstd:46.5,Bpos:101.0,Bstd:60.4,StrandBias:0.2,Multiplicity:1.07
0.509	0.196	0.294	0.001
0.901	0.001	0.001	0.097
0.001	0.097	0.001	0.901
0.001	0.001	0.901	0.097
0.001	0.001	0.997	0.001
0.098	0.006	0.001	0.895
0.293	0.001	0.001	0.705
0.001	0.997	0.001	0.001
0.104	0.001	0.699	0.196
0.001	0.098	0.803	0.098
0.997	0.001	0.001	0.001
0.705	0.001	0.098	0.196
>AAACTGCACAAA	4-AAACTGCACAAA	13.823706	-23.865218	0	T:8.0(3.54%),B:31.2(0.09%),P:1e-10	Tpos:95.0,Tstd:42.6,Bpos:103.5,Bstd:64.3,StrandBias:2.6,Multiplicity:1.00
0.997	0.001	0.001	0.001
0.799	0.199	0.001	0.001
0.997	0.001	0.001	0.001
0.001	0.997	0.001	0.001
0.001	0.001	0.001	0.997
0.001	0.001	0.862	0.136
0.118	0.709	0.172	0.001
0.997	0.001	0.001	0.001
0.001	0.997	0.001	0.001
0.997	0.001	0.001	0.001
0.799	0.001	0.199	0.001
0.997	0.001	0.001	0.001
>CTGTGTCAAGGC	5-CTGTGTCAAGGC	9.869147	-23.194966	0	T:5.0(2.21%),B:4.8(0.01%),P:1e-10	Tpos:53.5,Tstd:34.6,Bpos:53.9,Bstd:41.2,StrandBias:1.0,Multiplicity:1.00
0.001	0.997	0.001	0.001
0.001	0.001	0.001	0.997
0.001	0.001	0.997	0.001
0.001	0.001	0.001	0.997
0.001	0.001	0.997	0.001
0.001	0.164	0.001	0.834
0.001	0.997	0.001	0.001
0.834	0.001	0.001	0.164
0.997	0.001	0.001	0.001
0.044	0.001	0.954	0.001
0.001	0.001	0.997	0.001
0.001	0.997	0.001	0.001
>AAACGAGGTCAG	6-AAACGAGGTCAG	14.651485	-23.194966	0	T:5.0(2.21%),B:5.0(0.01%),P:1e-10	Tpos:44.0,Tstd:44.3,Bpos:130.5,Bstd:34.9,StrandBias:2.0,Multiplicity:1.00
0.997	0.001	0.001	0.001
0.997	0.001	0.001	0.001
0.997	0.001	0.001	0.001
0.001	0.997	0.001	0.001
0.001	0.001	0.997	0.001
0.997	0.001	0.001	0.001
0.001	0.258	0.740	0.001
0.001	0.001	0.997	0.001
0.001	0.001	0.001	0.997
0.001	0.997	0.001	0.001
0.740	0.258	0.001	0.001
0.001	0.001	0.740	0.258
>GCTGCCATTTTG	7-GCTGCCATTTTG	9.251796	-22.383997	0	T:29.0(12.83%),B:1111.1(3.14%),P:1e-9	Tpos:103.9,Tstd:49.6,Bpos:107.4,Bstd:46.4,StrandBias:-0.7,Multiplicity:1.11
0.001	0.048	0.894	0.057
0.060	0.805	0.048	0.087
0.098	0.175	0.001	0.726
0.042	0.001	0.896	0.061
0.001	0.620	0.188	0.191
0.109	0.889	0.001	0.001
0.774	0.123	0.001	0.102
0.001	0.052	0.001	0.946
0.048	0.001	0.088	0.863
0.061	0.001	0.001	0.937
0.001	0.061	0.001	0.937
0.001	0.134	0.722	0.143
>ASAAACTKATWC	8-ASAAACTKATWC	8.109290	-21.112223	0	T:9.0(3.98%),B:66.9(0.19%),P:1e-9	Tpos:98.8,Tstd:51.5,Bpos:103.8,Bstd:47.7,StrandBias:-0.3,Multiplicity:1.00
0.997	0.001	0.001	0.001
0.001	0.485	0.419	0.095
0.980	0.001	0.001	0.018
0.997	0.001	0.001	0.001
0.980	0.001	0.018	0.001
0.001	0.997	0.001	0.001
0.001	0.001	0.001	0.997
0.001	0.019	0.419	0.561
0.997	0.001	0.001	0.001
0.001	0.001	0.001	0.997
0.495	0.001	0.001	0.503
0.001	0.997	0.001	0.001
>AGWTTGWCAAAC	9-AGWTTGWCAAAC	10.639146	-20.323849	0	T:12.0(5.31%),B:169.6(0.48%),P:1e-8	Tpos:105.2,Tstd:56.3,Bpos:90.9,Bstd:56.6,StrandBias:-0.7,Multiplicity:1.00
0.818	0.001	0.001	0.180
0.226	0.069	0.595	0.110
0.462	0.001	0.001	0.536
0.001	0.068	0.001	0.930
0.001	0.137	0.001	0.861
0.069	0.001	0.929	0.001
0.450	0.001	0.001	0.548
0.001	0.930	0.068	0.001
0.849	0.001	0.149	0.001
0.558	0.208	0.180	0.054
0.997	0.001	0.001	0.001
0.105	0.893	0.001	0.001
>CTACAAAACAAA	10-CTACAAAACAAA	11.939452	-20.261590	0	T:10.0(4.42%),B:101.6(0.29%),P:1e-8	Tpos:110.1,Tstd:66.6,Bpos:72.8,Bstd:51.9,StrandBias:-1.4,Multiplicity:1.10
0.365	0.538	0.001	0.096
0.001	0.001	0.001	0.997
0.598	0.192	0.001	0.209
0.015	0.845	0.001	0.139
0.656	0.342	0.001	0.001
0.997	0.001	0.001	0.001
0.657	0.001	0.150	0.192
0.997	0.001	0.001	0.001
0.287	0.711	0.001	0.001
0.997	0.001	0.001	0.001
0.997	0.001	0.001	0.001
0.997	0.001	0.001	0.001
>GACAGTTHTTGC	11-GACAGTTHTTGC	12.604992	-18.925518	0	T:7.0(3.10%),B:37.4(0.11%),P:1e-8	Tpos:118.3,Tstd:44.3,Bpos:119.9,Bstd:55.5,StrandBias:0.4,Multiplicity:1.00
0.186	0.001	0.812	0.001
0.997	0.001	0.001	0.001
0.001	0.997	0.001	0.001
0.997	0.001	0.001	0.001
0.001	0.213	0.785	0.001
0.001	0.001	0.001	0.997
0.001	0.001	0.001	0.997
0.273	0.273	0.054	0.401
0.272	0.001	0.001	0.726
0.001	0.001	0.001	0.997
0.001	0.001	0.726	0.272
0.001	0.997	0.001	0.001
>YAYAGCAWTATG	12-YAYAGCAWTATG	11.110744	-18.744236	0	T:7.0(3.10%),B:38.3(0.11%),P:1e-8	Tpos:98.4,Tstd:39.4,Bpos:95.6,Bstd:54.1,StrandBias:0.0,Multiplicity:1.14
0.001	0.476	0.001	0.522
0.997	0.001	0.001	0.001
0.001	0.514	0.001	0.484
0.997	0.001	0.001	0.001
0.001	0.001	0.580	0.418
0.001	0.997	0.001	0.001
0.997	0.001	0.001	0.001
0.459	0.001	0.001	0.539
0.001	0.001	0.001	0.997
0.997	0.001	0.001	0.001
0.001	0.001	0.001	0.997
0.057	0.001	0.941	0.001
>GACTTAGTGATG	13-GACTTAGTGATG	10.128009	-18.644675	0	T:5.0(2.21%),B:10.1(0.03%),P:1e-8	Tpos:97.6,Tstd:36.5,Bpos:112.5,Bstd:40.9,StrandBias:0.6,Multiplicity:1.00
0.001	0.001	0.997	0.001
0.997	0.001	0.001	0.001
0.001	0.834	0.164	0.001
0.001	0.001	0.001	0.997
0.057	0.001	0.001	0.941
0.834	0.001	0.001	0.164
0.001	0.001	0.997	0.001
0.001	0.001	0.001	0.997
0.001	0.001	0.997	0.001
0.997	0.001	0.001	0.001
0.001	0.001	0.001	0.997
0.001	0.001	0.997	0.001
>CAGTAGTGAAAA	14-CAGTAGTGAAAA	12.524601	-18.395975	0	T:7.0(3.10%),B:40.4(0.11%),P:1e-7	Tpos:73.1,Tstd:45.0,Bpos:80.3,Bstd:54.5,StrandBias:-1.3,Multiplicity:1.00
0.001	0.997	0.001	0.001
0.744	0.001	0.001	0.254
0.001	0.001	0.997	0.001
0.001	0.254	0.001	0.744
0.813	0.001	0.001	0.185
0.001	0.001	0.997	0.001
0.001	0.001	0.001	0.997
0.001	0.001	0.997	0.001
0.997	0.001	0.001	0.001
0.695	0.001	0.254	0.050
0.744	0.001	0.001	0.254
0.997	0.001	0.001	0.001
>TTTTGTCTAAAT	15-TTTTGTCTAAAT	13.817806	-18.283838	0	T:6.0(2.65%),B:23.4(0.07%),P:1e-7	Tpos:83.4,Tstd:57.6,Bpos:66.7,Bstd:38.2,StrandBias:0.4,Multiplicity:1.17
0.001	0.001	0.001	0.997
0.001	0.001	0.128	0.870
0.001	0.001	0.001	0.997
0.001	0.001	0.001	0.997
0.001	0.001	0.863	0.135
0.001	0.001	0.001	0.997
0.001	0.863	0.001	0.135
0.001	0.001	0.001	0.997
0.997	0.001	0.001	0.001
0.800	0.001	0.198	0.001
0.800	0.001	0.001	0.198
0.001	0.001	0.001	0.997
>TATGTGATGAGG	16-TATGTGATGAGG	11.609579	-15.997042	0	T:6.0(2.65%),B:34.9(0.10%),P:1e-6	Tpos:94.3,Tstd:52.5,Bpos:100.4,Bstd:64.9,StrandBias:2.2,Multiplicity:1.83
0.001	0.001	0.290	0.708
0.997	0.001	0.001	0.001
0.150	0.001	0.001	0.848
0.001	0.001	0.997	0.001
0.150	0.001	0.001	0.848
0.001	0.001	0.997	0.001
0.735	0.151	0.113	0.001
0.001	0.001	0.130	0.868
0.385	0.001	0.613	0.001
0.990	0.001	0.001	0.008
0.001	0.312	0.547	0.140
0.150	0.001	0.848	0.001
>TTTAGCACTGCT	17-TTTAGCACTGCT	14.189166	-14.263374	0	T:4.0(1.77%),B:10.2(0.03%),P:1e-6	Tpos:89.8,Tstd:44.3,Bpos:81.0,Bstd:60.5,StrandBias:0.6,Multiplicity:1.25
0.001	0.001	0.001	0.997
0.001	0.001	0.001	0.997
0.001	0.001	0.001	0.997
0.787	0.001	0.001	0.211
0.001	0.001	0.816	0.182
0.001	0.997	0.001	0.001
0.997	0.001	0.001	0.001
0.211	0.787	0.001	0.001
0.001	0.001	0.001	0.997
0.001	0.001	0.997	0.001
0.211	0.787	0.001	0.001
0.001	0.001	0.001	0.997
>AAAAAAAAAAAA	18-AAAAAAAAAAAA	10.697582	-6.834780	0	T:13.0(5.75%),B:741.0(2.09%),P:1e-2	Tpos:93.3,Tstd:45.2,Bpos:82.5,Bstd:54.6,StrandBias:3.0,Multiplicity:1.08
0.825	0.001	0.173	0.001
0.700	0.001	0.298	0.001
0.997	0.001	0.001	0.001
0.582	0.001	0.416	0.001
0.757	0.001	0.241	0.001
0.660	0.001	0.301	0.038
0.732	0.001	0.266	0.001
0.962	0.001	0.036	0.001
0.889	0.001	0.109	0.001
0.808	0.001	0.139	0.052
0.736	0.001	0.262	0.001
0.947	0.001	0.051	0.001
>CDGGGGGGGGGG	19-CDGGGGGGGGGG	-6.302782	-6.384770	0	T:128.0(56.64%),B:16537.6(46.68%),P:1e-2	Tpos:81.6,Tstd:54.3,Bpos:94.4,Bstd:58.3,StrandBias:0.2,Multiplicity:1.35
0.313	0.651	0.035	0.001
0.338	0.001	0.318	0.342
0.312	0.001	0.682	0.005
0.002	0.001	0.996	0.001
0.001	0.001	0.686	0.312
0.001	0.001	0.997	0.001
0.001	0.001	0.686	0.312
0.001	0.001	0.971	0.027
0.001	0.001	0.997	0.001
0.001	0.001	0.997	0.001
0.312	0.001	0.686	0.001
0.001	0.029	0.969	0.001
>GACCTGCG	1-GACCTGCG	7.270672	-14.016571	0	T:21.0(9.29%),B:936.2(2.64%),P:1e-6	Tpos:95.9,Tstd:51.6,Bpos:94.7,Bstd:55.7,StrandBias:-0.7,Multiplicity:1.30
0.031	0.001	0.941	0.027
0.954	0.001	0.001	0.044
0.001	0.725	0.244	0.030
0.079	0.837	0.001	0.083
0.001	0.052	0.001	0.946
0.001	0.036	0.938	0.025
0.058	0.828	0.001	0.113
0.001	0.001	0.997	0.001
>ATAATTCC	2-ATAATTCC	5.275770	-9.506280	0	T:82.0(36.28%),B:8765.1(24.74%),P:1e-4	Tpos:87.0,Tstd:54.7,Bpos:96.1,Bstd:59.6,StrandBias:0.0,Multiplicity:1.34
0.760	0.057	0.058	0.125
0.166	0.093	0.051	0.690
0.808	0.083	0.032	0.077
0.742	0.132	0.044	0.082
0.054	0.060	0.096	0.790
0.060	0.086	0.126	0.728
0.105	0.770	0.060	0.065
0.054	0.723	0.064	0.159
>NGTCAATN	3-NGTCAATN	5.020074	-8.917064	0	T:23.0(10.18%),B:1524.9(4.30%),P:1e-3	Tpos:91.2,Tstd:58.6,Bpos:97.4,Bstd:60.4,StrandBias:-0.7,Multiplicity:1.26
0.276	0.215	0.311	0.197
0.116	0.143	0.629	0.112
0.163	0.148	0.146	0.543
0.119	0.608	0.144	0.129
0.475	0.203	0.122	0.200
0.530	0.148	0.149	0.173
0.152	0.104	0.142	0.602
0.239	0.191	0.304	0.266
>TGCCTAGG	4-TGCCTAGG	9.343198	-8.140845	0	T:6.0(2.65%),B:138.9(0.39%),P:1e-3	Tpos:55.8,Tstd:23.8,Bpos:88.7,Bstd:53.5,StrandBias:-0.3,Multiplicity:1.00
0.001	0.001	0.001	0.997
0.001	0.001	0.997	0.001
0.191	0.807	0.001	0.001
0.001	0.997	0.001	0.001
0.001	0.001	0.001	0.997
0.997	0.001	0.001	0.001
0.001	0.001	0.997	0.001
0.001	0.001	0.929	0.069
>GGGGGGGG	5-GGGGGGGG	7.459899	-2.402211	0	T:7.0(3.10%),B:598.7(1.69%),P:1e-1	Tpos:54.2,Tstd:35.3,Bpos:55.8,Bstd:49.3,StrandBias:1.0,Multiplicity:1.43
0.018	0.029	0.952	0.001
0.001	0.001	0.966	0.032
0.001	0.001	0.974	0.024
0.001	0.034	0.870	0.095
0.001	0.037	0.925	0.037
0.001	0.038	0.960	0.001
0.001	0.001	0.997	0.001
0.001	0.001	0.983	0.015
