>ATGGTTCGGA	1-ATGGTTCGGA	10.473002	-29.384017	0	T:11.0(4.87%),B:56.5(0.16%),P:1e-12	Tpos:86.6,Tstd:48.5,Bpos:113.8,Bstd:55.2,StrandBias:-0.3,Multiplicity:1.00
0.909	0.001	0.001	0.089
0.001	0.001	0.001	0.997
0.001	0.001	0.997	0.001
0.001	0.001	0.997	0.001
0.001	0.115	0.001	0.883
0.233	0.001	0.170	0.596
0.001	0.997	0.001	0.001
0.090	0.001	0.835	0.074
0.001	0.001	0.875	0.123
0.997	0.001	0.001	0.001
>ATTGACCTCG	2-ATTGACCTCG	7.677966	-26.155752	0	T:34.0(15.04%),B:1303.8(3.68%),P:1e-11	Tpos:95.6,Tstd:58.9,Bpos:100.2,Bstd:57.7,StrandBias:-0.2,Multiplicity:1.15
0.842	0.001	0.115	0.042
0.056	0.290	0.001	0.653
0.001	0.001	0.152	0.846
0.109	0.122	0.558	0.211
0.586	0.088	0.001	0.325
0.001	0.997	0.001	0.001
0.001	0.713	0.285	0.001
0.299	0.108	0.001	0.592
0.271	0.727	0.001	0.001
0.094	0.001	0.567	0.338
>AGCTCCAATT	3-AGCTCCAATT	8.937900	-24.896400	0	T:13.0(5.75%),B:143.2(0.40%),P:1e-10	Tpos:94.9,Tstd:58.1,Bpos:94.3,Bstd:60.0,StrandBias:-0.4,Multiplicity:1.08
0.774	0.124	0.001	0.101
0.001	0.001	0.997	0.001
0.001	0.911	0.001	0.087
0.111	0.111	0.001	0.777
0.073	0.825	0.101	0.001
0.001	0.874	0.001	0.124
0.997	0.001	0.001	0.001
0.997	0.001	0.001	0.001
0.001	0.001	0.001	0.997
0.080	0.001	0.001	0.918
>TGGGTTCGAG	4-TGGGTTCGAG	10.715368	-22.692595	0	T:9.0(3.98%),B:55.2(0.16%),P:1e-9	Tpos:95.2,Tstd:34.7,Bpos:89.1,Bstd:52.3,StrandBias:1.0,Multiplicity:1.00
0.001	0.001	0.001	0.997
0.001	0.001	0.997	0.001
0.001	0.001	0.861	0.137
0.001	0.119	0.879	0.001
0.151	0.001	0.001	0.847
0.001	0.001	0.001	0.997
0.109	0.797	0.093	0.001
0.001	0.001	0.861	0.137
0.997	0.001	0.001	0.001
0.001	0.151	0.847	0.001
>AAAATGCCAG	5-AAAATGCCAG	9.833195	-21.719530	0	T:20.0(8.85%),B:532.4(1.50%),P:1e-9	Tpos:108.8,Tstd:60.6,Bpos:104.2,Bstd:55.0,StrandBias:0.1,Multiplicity:1.05
0.907	0.001	0.091	0.001
0.997	0.001	0.001	0.001
0.997	0.001	0.001	0.001
0.853	0.001	0.085	0.061
0.001	0.001	0.001	0.997
0.001	0.001	0.936	0.062
0.098	0.772	0.129	0.001
0.057	0.853	0.001	0.089
0.836	0.001	0.094	0.069
0.045	0.001	0.900	0.054
>TTGTTTBATA	6-TTGTTTBATA	9.509599	-20.543189	0	T:19.0(8.41%),B:510.4(1.44%),P:1e-8	Tpos:114.9,Tstd:53.3,Bpos:94.8,Bstd:57.7,StrandBias:0.8,Multiplicity:1.16
0.001	0.009	0.001	0.989
0.001	0.001	0.001	0.997
0.140	0.001	0.858	0.001
0.001	0.001	0.001	0.997
0.001	0.125	0.289	0.585
0.288	0.202	0.001	0.509
0.001	0.274	0.423	0.303
0.710	0.001	0.288	0.001
0.001	0.001	0.001	0.997
0.651	0.017	0.230	0.102
>CTCGCGAGTT	7-CTCGCGAGTT	11.068310	-19.694888	0	T:8.0(3.54%),B:53.7(0.15%),P:1e-8	Tpos:109.6,Tstd:36.5,Bpos:92.3,Bstd:54.0,StrandBias:0.3,Multiplicity:1.00
0.001	0.997	0.001	0.001
0.001	0.124	0.001	0.874
0.001	0.997	0.001	0.001
0.001	0.001	0.997	0.001
0.143	0.855	0.001	0.001
0.001	0.001	0.997	0.001
0.866	0.001	0.001	0.132
0.001	0.001	0.997	0.001
0.320	0.001	0.001	0.678
0.001	0.001	0.001	0.997
>AGCAATATGT	8-AGCAATATGT	9.862108	-18.277734	0	T:13.0(5.75%),B:249.9(0.71%),P:1e-7	Tpos:94.6,Tstd:66.7,Bpos:91.6,Bstd:59.3,StrandBias:1.1,Multiplicity:1.23
0.997	0.001	0.001	0.001
0.001	0.001	0.927	0.071
0.001	0.897	0.101	0.001
0.904	0.001	0.001	0.094
0.702	0.001	0.001	0.296
0.049	0.001	0.001	0.949
0.819	0.001	0.001	0.179
0.001	0.001	0.001	0.997
0.001	0.078	0.872	0.049
0.001	0.001	0.001	0.997
>CTCATCGATC	9-CTCATCGATC	10.458283	-18.262338	0	T:10.0(4.42%),B:125.4(0.35%),P:1e-7	Tpos:108.9,Tstd:47.0,Bpos:102.4,Bstd:55.4,StrandBias:-0.8,Multiplicity:1.10
0.084	0.914	0.001	0.001
0.001	0.001	0.001	0.997
0.001	0.997	0.001	0.001
0.883	0.001	0.001	0.115
0.001	0.001	0.001	0.997
0.001	0.748	0.139	0.112
0.085	0.074	0.840	0.001
0.839	0.001	0.159	0.001
0.001	0.001	0.001	0.997
0.001	0.897	0.101	0.001
>CTGTGCCTAG	10-CTGTGCCTAG	12.087202	-17.743450	0	T:5.0(2.21%),B:12.7(0.04%),P:1e-7	Tpos:63.3,Tstd:35.5,Bpos:82.3,Bstd:55.9,StrandBias:0.0,Multiplicity:1.20
0.001	0.997	0.001	0.001
0.001	0.001	0.001	0.997
0.001	0.001	0.997	0.001
0.001	0.001	0.001	0.997
0.001	0.001	0.997	0.001
0.001	0.997	0.001	0.001
0.001	0.997	0.001	0.001
0.001	0.001	0.001	0.997
0.997	0.001	0.001	0.001
0.174	0.001	0.824	0.001
>ATGATATACT	11-ATGATATACT	9.914805	-17.489680	0	T:15.0(6.64%),B:372.4(1.05%),P:1e-7	Tpos:58.4,Tstd:43.3,Bpos:92.2,Bstd:59.8,StrandBias:1.1,Multiplicity:1.07
0.997	0.001	0.001	0.001
0.001	0.001	0.100	0.898
0.075	0.088	0.836	0.001
0.997	0.001	0.001	0.001
0.050	0.001	0.001	0.948
0.818	0.001	0.088	0.093
0.065	0.001	0.001	0.933
0.901	0.097	0.001	0.001
0.060	0.805	0.080	0.055
0.064	0.001	0.001	0.934
>GGAACTAAGC	12-GGAACTAAGC	11.543139	-16.973971	0	T:3.0(1.33%),B:0.7(0.00%),P:1e-7	Tpos:126.0,Tstd:79.8,Bpos:81.0,Bstd:0.0,StrandBias:10.0,Multiplicity:1.00
0.001	0.001	0.884	0.114
0.083	0.071	0.845	0.001
0.928	0.001	0.001	0.070
0.623	0.214	0.084	0.079
0.001	0.997	0.001	0.001
0.001	0.074	0.189	0.736
0.600	0.001	0.398	0.001
0.805	0.001	0.193	0.001
0.001	0.189	0.695	0.115
0.074	0.924	0.001	0.001
>ATVATCTTTA	13-ATVATCTTTA	8.772476	-14.989822	0	T:9.0(3.98%),B:136.4(0.38%),P:1e-6	Tpos:82.2,Tstd:48.5,Bpos:98.7,Bstd:59.4,StrandBias:0.3,Multiplicity:1.00
0.640	0.001	0.026	0.333
0.083	0.088	0.038	0.791
0.250	0.280	0.387	0.083
0.513	0.193	0.293	0.001
0.063	0.058	0.277	0.602
0.065	0.832	0.076	0.027
0.145	0.001	0.177	0.677
0.384	0.001	0.058	0.557
0.098	0.038	0.032	0.832
0.847	0.064	0.029	0.060
>AGTTAAGTGT	14-AGTTAAGTGT	10.806912	-14.930827	0	T:7.0(3.10%),B:67.4(0.19%),P:1e-6	Tpos:65.2,Tstd:49.3,Bpos:90.3,Bstd:61.3,StrandBias:0.0,Multiplicity:1.14
0.997	0.001	0.001	0.001
0.001	0.001	0.916	0.082
0.081	0.126	0.001	0.792
0.001	0.001	0.001	0.997
0.997	0.001	0.001	0.001
0.997	0.001	0.001	0.001
0.187	0.083	0.615	0.115
0.001	0.001	0.001	0.997
0.001	0.126	0.796	0.077
0.001	0.001	0.001	0.997
>KGGGGGGGGG	15-KGGGGGGGGG	8.826647	-4.095373	0	T:6.0(2.65%),B:316.1(0.89%),P:1e-1	Tpos:49.7,Tstd:27.8,Bpos:51.9,Bstd:46.6,StrandBias:0.8,Multiplicity:1.50
0.027	0.031	0.526	0.416
0.083	0.001	0.915	0.001
0.001	0.001	0.997	0.001
0.001	0.001	0.872	0.126
0.001	0.001	0.997	0.001
0.001	0.001	0.942	0.056
0.001	0.146	0.852	0.001
0.001	0.001	0.997	0.001
0.001	0.001	0.997	0.001
0.001	0.001	0.997	0.001
