>ACAGCTAGTGTT	5-AACACTAGCTGT	7.473152	-26.636556	0	T:77.0(6.17%),B:871.9(2.54%),P:1e-11
0.761	0.131	0.061	0.047
0.109	0.747	0.072	0.072
0.704	0.121	0.062	0.113
0.113	0.102	0.726	0.059
0.168	0.709	0.092	0.031
0.076	0.051	0.082	0.791
0.779	0.031	0.139	0.051
0.082	0.092	0.744	0.082
0.051	0.109	0.072	0.768
0.072	0.062	0.764	0.102
0.057	0.072	0.072	0.799
0.082	0.092	0.113	0.713
