>ACCACCCCCCCC	25-ACCACCCCCCCC	7.100720	-9.956126	0	T:57.0(4.57%),B:895.3(2.60%),P:1e-4
0.769	0.085	0.074	0.072
0.077	0.760	0.046	0.117
0.128	0.728	0.057	0.087
0.710	0.116	0.091	0.083
0.098	0.791	0.037	0.074
0.119	0.789	0.046	0.046
0.191	0.659	0.071	0.079
0.055	0.807	0.055	0.083
0.064	0.736	0.094	0.106
0.191	0.620	0.098	0.091
0.083	0.830	0.009	0.078
0.064	0.804	0.037	0.095
