>AACACTAGCTGT	5-AACACTAGCTGT,BestGuess:OSR1/MA1542.1/Jaspar(0.652)	7.473152	-26.636556	0	T:77.0(6.17%),B:871.9(2.54%),P:1e-11
0.713	0.113	0.092	0.082
0.799	0.072	0.072	0.057
0.102	0.764	0.062	0.072
0.768	0.072	0.109	0.051
0.082	0.744	0.092	0.082
0.051	0.139	0.031	0.779
0.791	0.082	0.051	0.076
0.031	0.092	0.709	0.168
0.059	0.726	0.102	0.113
0.113	0.062	0.121	0.704
0.072	0.072	0.747	0.109
0.047	0.061	0.131	0.761
