>ACTGCGAGCC	1-ACTGCGAGCC	10.607527	-27.199111	0	T:9.0(2.80%),B:23.7(0.07%),P:1e-11	Tpos:88.9,Tstd:37.6,Bpos:113.0,Bstd:49.8,StrandBias:0.3,Multiplicity:1.00
0.869	0.129	0.001	0.001
0.001	0.997	0.001	0.001
0.001	0.001	0.001	0.997
0.001	0.001	0.888	0.110
0.086	0.784	0.129	0.001
0.001	0.062	0.936	0.001
0.869	0.129	0.001	0.001
0.001	0.001	0.997	0.001
0.001	0.869	0.129	0.001
0.001	0.907	0.091	0.001
>GATATCATCG	2-GATATCATCG	10.130799	-26.137647	0	T:17.0(5.30%),B:191.6(0.54%),P:1e-11	Tpos:127.9,Tstd:42.9,Bpos:112.4,Bstd:54.0,StrandBias:-0.9,Multiplicity:1.00
0.070	0.001	0.928	0.001
0.835	0.093	0.001	0.071
0.001	0.001	0.001	0.997
0.892	0.001	0.106	0.001
0.062	0.001	0.001	0.936
0.085	0.803	0.111	0.001
0.854	0.001	0.088	0.057
0.001	0.001	0.068	0.930
0.001	0.954	0.001	0.044
0.001	0.077	0.921	0.001
>GGCAACAGCG	3-GGCAACAGCG	10.426184	-24.992052	0	T:13.0(4.05%),B:99.4(0.28%),P:1e-10	Tpos:92.8,Tstd:48.3,Bpos:112.0,Bstd:52.5,StrandBias:-0.2,Multiplicity:1.00
0.082	0.001	0.916	0.001
0.080	0.001	0.918	0.001
0.001	0.870	0.001	0.128
0.755	0.150	0.094	0.001
0.849	0.149	0.001	0.001
0.128	0.870	0.001	0.001
0.997	0.001	0.001	0.001
0.001	0.001	0.997	0.001
0.001	0.997	0.001	0.001
0.001	0.001	0.913	0.085
>TGGTTCAGCT	4-TGGTTCAGCT	8.650480	-24.550140	0	T:15.0(4.67%),B:153.9(0.44%),P:1e-10	Tpos:110.6,Tstd:53.6,Bpos:97.9,Bstd:56.0,StrandBias:-1.0,Multiplicity:1.00
0.151	0.001	0.228	0.620
0.112	0.312	0.494	0.082
0.050	0.222	0.581	0.147
0.222	0.001	0.044	0.733
0.026	0.060	0.001	0.913
0.030	0.589	0.049	0.332
0.702	0.249	0.001	0.048
0.094	0.074	0.787	0.045
0.201	0.662	0.118	0.019
0.059	0.001	0.068	0.872
>CCGGGTAGCT	5-CCGGGTAGCT	10.870095	-24.206259	0	T:7.0(2.18%),B:12.3(0.03%),P:1e-10	Tpos:109.2,Tstd:37.7,Bpos:68.1,Bstd:59.9,StrandBias:3.0,Multiplicity:1.29
0.095	0.831	0.001	0.073
0.001	0.997	0.001	0.001
0.001	0.001	0.997	0.001
0.124	0.124	0.751	0.001
0.001	0.001	0.875	0.123
0.001	0.001	0.001	0.997
0.903	0.095	0.001	0.001
0.001	0.001	0.997	0.001
0.001	0.997	0.001	0.001
0.001	0.001	0.095	0.903
>GAGTAACTCT	6-GAGTAACTCT	8.469169	-23.350191	0	T:15.0(4.67%),B:168.0(0.47%),P:1e-10	Tpos:93.9,Tstd:53.1,Bpos:99.4,Bstd:59.4,StrandBias:0.4,Multiplicity:1.00
0.063	0.001	0.866	0.070
0.807	0.001	0.099	0.093
0.073	0.001	0.833	0.093
0.001	0.001	0.001	0.997
0.853	0.087	0.001	0.059
0.997	0.001	0.001	0.001
0.054	0.944	0.001	0.001
0.001	0.001	0.001	0.997
0.001	0.863	0.068	0.068
0.001	0.001	0.092	0.906
>CCTGAAATTA	7-CCTGAAATTA	6.956697	-17.345680	0	T:52.0(16.20%),B:2523.8(7.13%),P:1e-7	Tpos:90.5,Tstd:57.8,Bpos:95.5,Bstd:56.0,StrandBias:-0.6,Multiplicity:1.15
0.051	0.786	0.112	0.051
0.083	0.819	0.035	0.063
0.104	0.040	0.031	0.825
0.086	0.045	0.824	0.045
0.837	0.034	0.023	0.106
0.808	0.098	0.033	0.061
0.709	0.057	0.177	0.057
0.082	0.077	0.073	0.768
0.059	0.049	0.099	0.793
0.840	0.054	0.043	0.063
>CAATTTTCCT	8-CAATTTTCCT	10.016598	-17.050622	0	T:17.0(5.30%),B:352.0(1.00%),P:1e-7	Tpos:73.9,Tstd:49.2,Bpos:104.2,Bstd:62.4,StrandBias:-0.3,Multiplicity:1.06
0.052	0.867	0.080	0.001
0.997	0.001	0.001	0.001
0.784	0.068	0.087	0.061
0.001	0.001	0.001	0.997
0.077	0.001	0.001	0.921
0.001	0.001	0.001	0.997
0.001	0.001	0.098	0.900
0.054	0.841	0.061	0.044
0.043	0.889	0.067	0.001
0.001	0.145	0.001	0.853
>TGTGGYTCTC	9-TGTGGYTCTC	10.645030	-16.891379	0	T:7.0(2.18%),B:35.8(0.10%),P:1e-7	Tpos:111.3,Tstd:46.0,Bpos:101.4,Bstd:51.6,StrandBias:0.4,Multiplicity:1.00
0.122	0.001	0.001	0.876
0.001	0.001	0.997	0.001
0.001	0.001	0.001	0.997
0.001	0.001	0.997	0.001
0.001	0.001	0.997	0.001
0.001	0.570	0.001	0.428
0.001	0.001	0.001	0.997
0.410	0.588	0.001	0.001
0.001	0.001	0.001	0.997
0.001	0.997	0.001	0.001
>CGTCGACGCT	10-CGTCGACGCT	10.318978	-16.327518	0	T:9.0(2.80%),B:81.3(0.23%),P:1e-7	Tpos:114.0,Tstd:47.1,Bpos:108.5,Bstd:70.4,StrandBias:0.0,Multiplicity:1.00
0.001	0.753	0.157	0.089
0.001	0.001	0.997	0.001
0.051	0.001	0.001	0.947
0.001	0.997	0.001	0.001
0.001	0.081	0.917	0.001
0.822	0.104	0.001	0.073
0.001	0.910	0.001	0.088
0.001	0.134	0.864	0.001
0.058	0.872	0.001	0.069
0.001	0.001	0.001	0.997
>TTTCGTTGGT	11-TTTCGTTGGT	9.571157	-15.199354	0	T:8.0(2.49%),B:67.9(0.19%),P:1e-6	Tpos:106.1,Tstd:56.2,Bpos:96.1,Bstd:58.7,StrandBias:2.8,Multiplicity:1.00
0.001	0.040	0.001	0.958
0.001	0.001	0.001	0.997
0.407	0.001	0.001	0.591
0.001	0.997	0.001	0.001
0.001	0.001	0.997	0.001
0.001	0.001	0.001	0.997
0.001	0.001	0.001	0.997
0.001	0.407	0.591	0.001
0.001	0.001	0.997	0.001
0.001	0.001	0.001	0.997
>AATACGAAAM	12-AATACGAAAM	8.481434	-14.778942	0	T:16.0(4.98%),B:367.6(1.04%),P:1e-6	Tpos:58.8,Tstd:44.3,Bpos:94.0,Bstd:56.3,StrandBias:-0.1,Multiplicity:1.31
0.965	0.002	0.001	0.032
0.619	0.001	0.024	0.356
0.022	0.001	0.356	0.621
0.698	0.001	0.273	0.028
0.121	0.877	0.001	0.001
0.096	0.290	0.585	0.029
0.518	0.196	0.078	0.208
0.581	0.052	0.304	0.063
0.550	0.126	0.133	0.191
0.553	0.445	0.001	0.001
>GGACATMTCA	13-GGACATMTCA	9.199649	-13.778834	0	T:13.0(4.05%),B:259.7(0.73%),P:1e-5	Tpos:108.4,Tstd:46.6,Bpos:103.5,Bstd:55.5,StrandBias:-0.4,Multiplicity:1.08
0.236	0.001	0.714	0.049
0.001	0.001	0.938	0.060
0.747	0.078	0.104	0.071
0.001	0.696	0.006	0.297
0.901	0.097	0.001	0.001
0.001	0.001	0.001	0.997
0.436	0.562	0.001	0.001
0.223	0.001	0.001	0.775
0.004	0.816	0.069	0.111
0.891	0.001	0.008	0.100
>CTCATCACAT	14-CTCATCACAT	10.221160	-13.106094	0	T:11.0(3.43%),B:192.4(0.54%),P:1e-5	Tpos:107.1,Tstd:48.1,Bpos:98.3,Bstd:55.8,StrandBias:-0.3,Multiplicity:1.64
0.001	0.997	0.001	0.001
0.001	0.001	0.001	0.997
0.001	0.941	0.001	0.057
0.858	0.001	0.086	0.055
0.001	0.075	0.078	0.846
0.060	0.871	0.068	0.001
0.997	0.001	0.001	0.001
0.112	0.886	0.001	0.001
0.944	0.001	0.001	0.054
0.001	0.069	0.001	0.929
>TATAGTTTCG	15-TATAGTTTCG	10.296193	-12.632549	0	T:3.0(0.93%),B:3.4(0.01%),P:1e-5	Tpos:58.0,Tstd:37.1,Bpos:56.3,Bstd:26.0,StrandBias:-10.0,Multiplicity:1.00
0.100	0.100	0.100	0.700
0.700	0.100	0.100	0.100
0.100	0.100	0.100	0.700
0.700	0.100	0.100	0.100
0.100	0.100	0.700	0.100
0.100	0.100	0.100	0.700
0.100	0.100	0.100	0.700
0.100	0.100	0.100	0.700
0.100	0.700	0.100	0.100
0.100	0.100	0.700	0.100
>GTTGCTCGAC	16-GTTGCTCGAC	10.296193	-12.632549	0	T:3.0(0.93%),B:3.4(0.01%),P:1e-5	Tpos:136.0,Tstd:21.2,Bpos:127.1,Bstd:39.8,StrandBias:10.0,Multiplicity:1.00
0.100	0.100	0.700	0.100
0.100	0.100	0.100	0.700
0.100	0.100	0.100	0.700
0.100	0.100	0.700	0.100
0.100	0.700	0.100	0.100
0.100	0.100	0.100	0.700
0.100	0.700	0.100	0.100
0.100	0.100	0.700	0.100
0.700	0.100	0.100	0.100
0.100	0.700	0.100	0.100
>TTACTGACTT	17-TTACTGACTT	10.296193	-11.709322	0	T:5.0(1.56%),B:29.5(0.08%),P:1e-5	Tpos:68.6,Tstd:67.7,Bpos:96.7,Bstd:64.2,StrandBias:2.0,Multiplicity:1.00
0.100	0.100	0.100	0.700
0.100	0.100	0.100	0.700
0.700	0.100	0.100	0.100
0.100	0.700	0.100	0.100
0.100	0.100	0.100	0.700
0.100	0.100	0.700	0.100
0.700	0.100	0.100	0.100
0.100	0.700	0.100	0.100
0.100	0.100	0.100	0.700
0.100	0.100	0.100	0.700
>CATGCATGBA	18-CATGCATGBA	7.636070	-9.419730	0	T:22.0(6.85%),B:957.9(2.71%),P:1e-4	Tpos:101.1,Tstd:45.8,Bpos:97.6,Bstd:60.0,StrandBias:-0.7,Multiplicity:1.23
0.154	0.706	0.051	0.089
0.619	0.001	0.018	0.362
0.074	0.086	0.109	0.731
0.149	0.240	0.571	0.040
0.025	0.500	0.292	0.183
0.865	0.066	0.042	0.027
0.291	0.041	0.051	0.617
0.062	0.085	0.828	0.025
0.015	0.319	0.283	0.384
0.626	0.352	0.001	0.021
