>TCGTTCGT	1-TCGTTCGT	7.044494	-21.657459	0	T:45.0(14.02%),B:1745.8(4.94%),P:1e-9	Tpos:91.2,Tstd:58.5,Bpos:103.7,Bstd:55.9,StrandBias:-0.2,Multiplicity:1.02
0.001	0.310	0.001	0.688
0.001	0.921	0.001	0.077
0.001	0.001	0.997	0.001
0.001	0.001	0.141	0.857
0.001	0.001	0.001	0.997
0.063	0.546	0.390	0.001
0.001	0.001	0.997	0.001
0.001	0.001	0.001	0.997
>GCAACCCG	2-GCAACCCG	7.883253	-11.899555	0	T:15.0(4.67%),B:408.5(1.15%),P:1e-5	Tpos:91.1,Tstd:53.4,Bpos:100.1,Bstd:59.2,StrandBias:-1.7,Multiplicity:1.40
0.001	0.048	0.937	0.014
0.001	0.811	0.001	0.187
0.813	0.001	0.023	0.163
0.997	0.001	0.001	0.001
0.113	0.816	0.070	0.001
0.001	0.838	0.160	0.001
0.001	0.724	0.274	0.001
0.001	0.001	0.662	0.336
>GATGAGGT	3-GATGAGGT	8.236954	-8.698459	0	T:9.0(2.80%),B:212.3(0.60%),P:1e-3	Tpos:116.3,Tstd:49.3,Bpos:104.8,Bstd:59.0,StrandBias:10.0,Multiplicity:1.33
0.100	0.100	0.700	0.100
0.700	0.100	0.100	0.100
0.100	0.100	0.100	0.700
0.100	0.100	0.700	0.100
0.700	0.100	0.100	0.100
0.100	0.100	0.700	0.100
0.100	0.100	0.700	0.100
0.100	0.100	0.100	0.700
>ATGCATGC	4-ATGCATGC	7.731288	-7.901676	0	T:21.0(6.54%),B:996.6(2.82%),P:1e-3	Tpos:88.7,Tstd:49.5,Bpos:94.4,Bstd:58.0,StrandBias:-0.2,Multiplicity:1.29
0.845	0.153	0.001	0.001
0.001	0.001	0.090	0.908
0.001	0.001	0.997	0.001
0.001	0.997	0.001	0.001
0.997	0.001	0.001	0.001
0.107	0.001	0.046	0.846
0.001	0.001	0.997	0.001
0.001	0.997	0.001	0.001
>KTCGTATC	5-KTCGTATC	8.235841	-7.282247	0	T:22.0(6.85%),B:1120.9(3.17%),P:1e-3	Tpos:75.7,Tstd:61.7,Bpos:97.0,Bstd:55.1,StrandBias:-1.4,Multiplicity:1.50
0.001	0.001	0.430	0.568
0.001	0.001	0.001	0.997
0.001	0.859	0.139	0.001
0.001	0.001	0.997	0.001
0.001	0.001	0.001	0.997
0.632	0.001	0.001	0.366
0.001	0.001	0.001	0.997
0.001	0.809	0.001	0.189
