>TCTTCCAAAGGC	1-TCTTCCAAAGGC	14.323862	-30.696715	0	T:6.0(1.87%),B:2.6(0.01%),P:1e-13	Tpos:103.3,Tstd:59.5,Bpos:145.9,Bstd:27.1,StrandBias:-2.3,Multiplicity:1.00
0.001	0.001	0.001	0.997
0.199	0.799	0.001	0.001
0.001	0.001	0.001	0.997
0.001	0.001	0.001	0.997
0.001	0.997	0.001	0.001
0.199	0.799	0.001	0.001
0.997	0.001	0.001	0.001
0.997	0.001	0.001	0.001
0.997	0.001	0.001	0.001
0.199	0.001	0.799	0.001
0.001	0.001	0.799	0.199
0.001	0.997	0.001	0.001
>AATTAATGAACA	2-AATTAATGAACA	12.366030	-26.256352	0	T:8.0(2.49%),B:16.4(0.05%),P:1e-11	Tpos:97.5,Tstd:49.1,Bpos:89.6,Bstd:64.2,StrandBias:0.7,Multiplicity:1.00
0.997	0.001	0.001	0.001
0.997	0.001	0.001	0.001
0.001	0.001	0.001	0.997
0.001	0.001	0.001	0.997
0.688	0.001	0.001	0.310
0.997	0.001	0.001	0.001
0.001	0.310	0.001	0.688
0.001	0.001	0.688	0.310
0.997	0.001	0.001	0.001
0.997	0.001	0.001	0.001
0.001	0.954	0.044	0.001
0.997	0.001	0.001	0.001
>ATCGTGATTGCA	3-ATCGTGATTGCA	14.257152	-24.879679	0	T:5.0(1.56%),B:2.1(0.01%),P:1e-10	Tpos:106.6,Tstd:38.3,Bpos:166.4,Bstd:17.7,StrandBias:0.6,Multiplicity:1.00
0.997	0.001	0.001	0.001
0.001	0.001	0.001	0.997
0.001	0.997	0.001	0.001
0.001	0.001	0.997	0.001
0.001	0.001	0.199	0.799
0.001	0.001	0.997	0.001
0.997	0.001	0.001	0.001
0.001	0.200	0.200	0.599
0.001	0.001	0.001	0.997
0.001	0.001	0.997	0.001
0.001	0.799	0.199	0.001
0.997	0.001	0.001	0.001
>TTTCGATTATAT	4-TTTCGATTATAT	11.510565	-23.996343	0	T:12.0(3.74%),B:85.8(0.24%),P:1e-10	Tpos:114.8,Tstd:44.7,Bpos:83.7,Bstd:50.8,StrandBias:0.5,Multiplicity:1.00
0.090	0.001	0.001	0.908
0.006	0.001	0.001	0.992
0.125	0.001	0.209	0.665
0.125	0.680	0.091	0.104
0.001	0.086	0.730	0.183
0.997	0.001	0.001	0.001
0.001	0.145	0.001	0.853
0.103	0.001	0.093	0.803
0.645	0.001	0.001	0.353
0.001	0.001	0.001	0.997
0.755	0.001	0.001	0.243
0.001	0.001	0.001	0.997
>GGGTATGTTGGT	5-GGGTATGTTGGT	13.694357	-22.859794	0	T:5.0(1.56%),B:3.3(0.01%),P:1e-9	Tpos:111.0,Tstd:38.3,Bpos:100.2,Bstd:27.5,StrandBias:0.6,Multiplicity:1.00
0.001	0.001	0.997	0.001
0.001	0.001	0.997	0.001
0.001	0.001	0.997	0.001
0.001	0.245	0.001	0.753
0.492	0.001	0.246	0.262
0.001	0.001	0.209	0.789
0.001	0.001	0.997	0.001
0.001	0.001	0.001	0.997
0.001	0.001	0.245	0.753
0.245	0.001	0.753	0.001
0.001	0.001	0.997	0.001
0.001	0.001	0.001	0.997
>GAGGGTTTTGTA	6-GAGGGTTTTGTA	14.080794	-22.424712	0	T:6.0(1.87%),B:8.2(0.02%),P:1e-9	Tpos:132.7,Tstd:38.7,Bpos:112.3,Bstd:44.9,StrandBias:1.0,Multiplicity:1.00
0.001	0.001	0.997	0.001
0.828	0.001	0.001	0.170
0.146	0.001	0.683	0.170
0.001	0.001	0.997	0.001
0.001	0.001	0.828	0.170
0.001	0.001	0.001	0.997
0.001	0.001	0.001	0.997
0.001	0.001	0.001	0.997
0.001	0.001	0.001	0.997
0.001	0.001	0.997	0.001
0.170	0.001	0.001	0.828
0.997	0.001	0.001	0.001
>CAAGTTGATCAA	7-CAAGTTGATCAA	13.885958	-22.424712	0	T:6.0(1.87%),B:8.1(0.02%),P:1e-9	Tpos:104.1,Tstd:52.5,Bpos:97.6,Bstd:39.1,StrandBias:1.3,Multiplicity:1.00
0.001	0.828	0.001	0.170
0.828	0.001	0.001	0.170
0.997	0.001	0.001	0.001
0.001	0.001	0.997	0.001
0.145	0.001	0.001	0.853
0.001	0.001	0.001	0.997
0.001	0.001	0.997	0.001
0.659	0.170	0.001	0.170
0.001	0.001	0.001	0.997
0.001	0.997	0.001	0.001
0.997	0.001	0.001	0.001
0.997	0.001	0.001	0.001
>CATVTGACATTT	8-CATVTGACATTT	10.029565	-21.484705	0	T:21.0(6.54%),B:417.2(1.18%),P:1e-9	Tpos:72.9,Tstd:46.0,Bpos:93.1,Bstd:52.3,StrandBias:-0.1,Multiplicity:1.00
0.004	0.994	0.001	0.001
0.848	0.001	0.150	0.001
0.005	0.119	0.302	0.574
0.291	0.301	0.408	0.001
0.001	0.001	0.001	0.997
0.001	0.001	0.845	0.153
0.722	0.001	0.001	0.276
0.300	0.698	0.001	0.001
0.746	0.154	0.001	0.099
0.001	0.150	0.001	0.848
0.264	0.001	0.005	0.730
0.001	0.005	0.266	0.728
>TAACATCGTTGA	9-TAACATCGTTGA	14.308162	-20.536857	0	T:6.0(1.87%),B:11.8(0.03%),P:1e-8	Tpos:105.5,Tstd:53.0,Bpos:101.9,Bstd:38.4,StrandBias:1.0,Multiplicity:1.00
0.001	0.001	0.001	0.997
0.997	0.001	0.001	0.001
0.997	0.001	0.001	0.001
0.001	0.997	0.001	0.001
0.997	0.001	0.001	0.001
0.001	0.001	0.001	0.997
0.001	0.629	0.161	0.209
0.001	0.001	0.789	0.209
0.001	0.001	0.001	0.997
0.001	0.209	0.001	0.789
0.001	0.001	0.997	0.001
0.997	0.001	0.001	0.001
>TTCCCCAGACTG	10-TTCCCCAGACTG	9.423775	-20.320542	0	T:5.0(1.56%),B:5.3(0.01%),P:1e-8	Tpos:88.4,Tstd:62.8,Bpos:94.6,Bstd:56.7,StrandBias:0.6,Multiplicity:1.00
0.001	0.001	0.001	0.997
0.001	0.001	0.001	0.997
0.001	0.997	0.001	0.001
0.001	0.997	0.001	0.001
0.001	0.997	0.001	0.001
0.001	0.997	0.001	0.001
0.824	0.001	0.001	0.174
0.001	0.001	0.840	0.158
0.824	0.001	0.174	0.001
0.001	0.997	0.001	0.001
0.001	0.001	0.001	0.997
0.001	0.001	0.840	0.158
>TTTGTMAAAGCA	11-TTTGTMAAAGCA	10.836203	-20.048197	0	T:12.0(3.74%),B:121.9(0.34%),P:1e-8	Tpos:100.5,Tstd:51.0,Bpos:87.7,Bstd:57.3,StrandBias:-1.0,Multiplicity:1.00
0.158	0.135	0.001	0.706
0.001	0.001	0.001	0.997
0.001	0.001	0.134	0.864
0.157	0.001	0.841	0.001
0.001	0.001	0.168	0.830
0.350	0.293	0.199	0.158
0.683	0.315	0.001	0.001
0.997	0.001	0.001	0.001
0.935	0.063	0.001	0.001
0.001	0.001	0.997	0.001
0.001	0.997	0.001	0.001
0.841	0.001	0.001	0.157
>ATAHRAATATGA	12-ATAHRAATATGA	7.030749	-17.445301	0	T:95.0(29.60%),B:6063.2(17.14%),P:1e-7	Tpos:74.4,Tstd:45.9,Bpos:78.5,Bstd:69.2,StrandBias:0.2,Multiplicity:1.25
0.997	0.001	0.001	0.001
0.190	0.072	0.072	0.666
0.997	0.001	0.001	0.001
0.399	0.340	0.001	0.259
0.467	0.071	0.460	0.001
0.845	0.001	0.001	0.153
0.494	0.209	0.001	0.296
0.274	0.001	0.194	0.531
0.997	0.001	0.001	0.001
0.071	0.260	0.001	0.668
0.180	0.076	0.672	0.072
0.808	0.001	0.001	0.190
>GCTGAAACAGTA	13-GCTGAAACAGTA	11.285677	-16.964963	0	T:8.0(2.49%),B:53.2(0.15%),P:1e-7	Tpos:90.5,Tstd:52.9,Bpos:106.1,Bstd:58.2,StrandBias:0.7,Multiplicity:1.00
0.164	0.001	0.834	0.001
0.001	0.529	0.305	0.165
0.165	0.001	0.165	0.669
0.001	0.164	0.834	0.001
0.834	0.001	0.001	0.164
0.834	0.001	0.001	0.164
0.997	0.001	0.001	0.001
0.001	0.834	0.001	0.164
0.997	0.001	0.001	0.001
0.001	0.001	0.997	0.001
0.001	0.001	0.001	0.997
0.694	0.165	0.001	0.140
>TGTTGTGATGGT	14-TGTTGTGATGGT	10.709983	-16.567120	0	T:10.0(3.12%),B:105.9(0.30%),P:1e-7	Tpos:108.6,Tstd:54.6,Bpos:103.1,Bstd:60.1,StrandBias:0.0,Multiplicity:1.00
0.001	0.001	0.001	0.997
0.001	0.139	0.859	0.001
0.001	0.211	0.001	0.787
0.001	0.001	0.211	0.787
0.001	0.001	0.997	0.001
0.001	0.211	0.211	0.577
0.211	0.001	0.787	0.001
0.997	0.001	0.001	0.001
0.001	0.180	0.211	0.608
0.001	0.001	0.818	0.180
0.001	0.001	0.859	0.139
0.001	0.001	0.001	0.997
>TTGGTATTTTTA	15-TTGGTATTTTTA	14.383313	-15.914913	0	T:3.0(0.93%),B:0.0(0.00%),P:1e-6	Tpos:55.0,Tstd:59.4,Bpos:0.0,Bstd:0.0,StrandBias:-1.0,Multiplicity:1.00
0.001	0.140	0.001	0.858
0.092	0.222	0.001	0.685
0.164	0.093	0.682	0.061
0.061	0.154	0.727	0.058
0.001	0.092	0.001	0.906
0.815	0.001	0.092	0.092
0.001	0.092	0.092	0.815
0.001	0.001	0.001	0.997
0.001	0.001	0.001	0.997
0.092	0.001	0.001	0.906
0.185	0.079	0.001	0.735
0.906	0.092	0.001	0.001
>ACAGACAGACAC	16-ACAGACAGACAC	10.207732	-15.705380	0	T:16.0(4.98%),B:342.3(0.97%),P:1e-6	Tpos:100.1,Tstd:57.4,Bpos:94.4,Bstd:66.3,StrandBias:0.4,Multiplicity:1.06
0.997	0.001	0.001	0.001
0.065	0.933	0.001	0.001
0.997	0.001	0.001	0.001
0.128	0.094	0.622	0.156
0.718	0.001	0.093	0.188
0.001	0.825	0.001	0.173
0.834	0.093	0.072	0.001
0.072	0.098	0.573	0.257
0.803	0.093	0.001	0.103
0.142	0.764	0.001	0.093
0.997	0.001	0.001	0.001
0.001	0.926	0.072	0.001
>TAATTTCTCATC	17-TAATTTCTCATC	12.844705	-15.271007	0	T:6.0(1.87%),B:27.4(0.08%),P:1e-6	Tpos:102.0,Tstd:54.1,Bpos:85.6,Bstd:52.6,StrandBias:10.0,Multiplicity:1.00
0.001	0.001	0.257	0.741
0.997	0.001	0.001	0.001
0.997	0.001	0.001	0.001
0.001	0.001	0.001	0.997
0.001	0.001	0.001	0.997
0.001	0.001	0.001	0.997
0.001	0.997	0.001	0.001
0.335	0.001	0.001	0.663
0.001	0.593	0.335	0.071
0.997	0.001	0.001	0.001
0.001	0.335	0.001	0.663
0.001	0.997	0.001	0.001
>AGTGTTGCTTAC	18-AGTGTTGCTTAC	10.488227	-14.882144	0	T:4.0(1.25%),B:6.8(0.02%),P:1e-6	Tpos:78.7,Tstd:57.7,Bpos:123.7,Bstd:41.3,StrandBias:1.3,Multiplicity:1.75
0.997	0.001	0.001	0.001
0.001	0.001	0.997	0.001
0.001	0.001	0.109	0.889
0.001	0.001	0.997	0.001
0.001	0.001	0.001	0.997
0.001	0.001	0.001	0.997
0.001	0.001	0.997	0.001
0.001	0.997	0.001	0.001
0.001	0.001	0.001	0.997
0.001	0.001	0.142	0.856
0.997	0.001	0.001	0.001
0.032	0.825	0.001	0.142
>AACTGTTGACAC	19-AACTGTTGACAC	10.442810	-14.049110	0	T:12.0(3.74%),B:212.0(0.60%),P:1e-6	Tpos:96.9,Tstd:50.4,Bpos:107.7,Bstd:53.6,StrandBias:0.0,Multiplicity:1.00
0.903	0.001	0.001	0.095
0.874	0.001	0.001	0.124
0.125	0.749	0.001	0.125
0.001	0.001	0.001	0.997
0.001	0.001	0.874	0.124
0.001	0.001	0.001	0.997
0.001	0.001	0.124	0.874
0.124	0.001	0.874	0.001
0.749	0.125	0.001	0.125
0.125	0.749	0.125	0.001
0.874	0.124	0.001	0.001
0.125	0.528	0.222	0.125
>GAAATCAATGAC	20-GAAATCAATGAC	11.100639	-13.728550	0	T:9.0(2.80%),B:111.8(0.32%),P:1e-5	Tpos:94.5,Tstd:46.2,Bpos:103.9,Bstd:58.5,StrandBias:-0.2,Multiplicity:1.44
0.086	0.001	0.791	0.122
0.876	0.001	0.122	0.001
0.900	0.098	0.001	0.001
0.773	0.122	0.001	0.104
0.001	0.001	0.093	0.905
0.001	0.650	0.245	0.104
0.905	0.001	0.093	0.001
0.997	0.001	0.001	0.001
0.001	0.001	0.122	0.876
0.001	0.128	0.868	0.003
0.997	0.001	0.001	0.001
0.198	0.487	0.313	0.001
>GCATGCATGCAT	21-GCATGCATGCAT	10.828164	-13.182356	0	T:8.0(2.49%),B:88.2(0.25%),P:1e-5	Tpos:83.1,Tstd:38.6,Bpos:78.0,Bstd:62.3,StrandBias:0.2,Multiplicity:1.12
0.252	0.001	0.746	0.001
0.001	0.776	0.221	0.002
0.779	0.110	0.001	0.110
0.001	0.001	0.001	0.997
0.064	0.078	0.747	0.111
0.001	0.826	0.001	0.172
0.888	0.001	0.001	0.110
0.110	0.110	0.001	0.779
0.002	0.001	0.996	0.001
0.001	0.604	0.221	0.174
0.997	0.001	0.001	0.001
0.110	0.001	0.001	0.888
>ACCCGGGTAGCT	22-ACCCGGGTAGCT	14.253956	-12.632549	0	T:3.0(0.93%),B:3.1(0.01%),P:1e-5	Tpos:100.4,Tstd:28.4,Bpos:93.8,Bstd:80.4,StrandBias:1.3,Multiplicity:1.67
0.997	0.001	0.001	0.001
0.001	0.997	0.001	0.001
0.001	0.836	0.001	0.162
0.001	0.997	0.001	0.001
0.001	0.001	0.997	0.001
0.162	0.001	0.836	0.001
0.001	0.001	0.997	0.001
0.001	0.001	0.001	0.997
0.836	0.162	0.001	0.001
0.001	0.001	0.997	0.001
0.001	0.997	0.001	0.001
0.001	0.001	0.162	0.836
>TATGTGATGAGG	23-TATGTGATGAGG	14.033273	-9.723691	0	T:3.0(0.93%),B:8.5(0.02%),P:1e-4	Tpos:101.3,Tstd:50.2,Bpos:88.1,Bstd:59.5,StrandBias:10.0,Multiplicity:3.00
0.001	0.001	0.139	0.859
0.859	0.001	0.139	0.001
0.001	0.001	0.001	0.997
0.001	0.001	0.859	0.139
0.001	0.001	0.001	0.997
0.001	0.001	0.997	0.001
0.859	0.001	0.139	0.001
0.001	0.139	0.001	0.859
0.001	0.001	0.997	0.001
0.997	0.001	0.001	0.001
0.001	0.001	0.997	0.001
0.001	0.001	0.997	0.001
