>TGACCTTTGACC	5-GGTCAAAGGTCA	8.835542	-32.381124	0	T:143.0(8.56%),B:1447.6(4.26%),P:1e-14
0.048	0.028	0.044	0.880
0.119	0.049	0.758	0.074
0.870	0.051	0.032	0.047
0.084	0.883	0.001	0.032
0.089	0.879	0.001	0.031
0.009	0.037	0.095	0.859
0.079	0.119	0.039	0.763
0.032	0.060	0.032	0.876
0.043	0.059	0.826	0.072
0.754	0.074	0.058	0.114
0.089	0.824	0.032	0.055
0.082	0.829	0.047	0.042
