>TGGTTGTCCACA	21-TGTGGACAACCA	10.251469	-16.474733	0	T:5.0(0.30%),B:2.4(0.01%),P:1e-7
0.112	0.089	0.078	0.721
0.132	0.129	0.608	0.131
0.139	0.106	0.618	0.137
0.126	0.104	0.104	0.666
0.081	0.101	0.101	0.717
0.110	0.106	0.633	0.151
0.138	0.076	0.093	0.693
0.139	0.623	0.110	0.128
0.114	0.651	0.116	0.119
0.698	0.105	0.099	0.098
0.128	0.656	0.113	0.103
0.718	0.092	0.082	0.108
