>CCTCTTTTTCAG	12-CTGAAAAAGAGG	9.933977	-25.619371	0	T:38.0(2.27%),B:202.8(0.60%),P:1e-11
0.094	0.697	0.025	0.184
0.064	0.784	0.061	0.091
0.037	0.001	0.024	0.938
0.044	0.794	0.099	0.063
0.044	0.001	0.007	0.948
0.026	0.074	0.085	0.815
0.001	0.049	0.074	0.876
0.025	0.119	0.099	0.757
0.075	0.025	0.050	0.850
0.025	0.875	0.026	0.074
0.875	0.025	0.050	0.050
0.081	0.075	0.800	0.044
