>CCAAGATGGCGG	1-CCAAGATGGCGG	9.081817	-38.676918	0	T:167.0(9.99%),B:1673.9(4.92%),P:1e-16
0.127	0.505	0.085	0.283
0.075	0.853	0.011	0.061
0.889	0.037	0.037	0.037
0.801	0.001	0.001	0.197
0.133	0.097	0.539	0.231
0.962	0.036	0.001	0.001
0.001	0.037	0.037	0.925
0.001	0.001	0.925	0.073
0.059	0.038	0.791	0.112
0.037	0.836	0.001	0.126
0.078	0.023	0.799	0.100
0.071	0.080	0.741	0.108
