>CTGAAAAAGAGG	12-CTGAAAAAGAGG,BestGuess:PRDM1/MA0508.3/Jaspar(0.629)	9.933977	-25.619371	0	T:38.0(2.27%),B:202.8(0.60%),P:1e-11
0.044	0.800	0.075	0.081
0.050	0.050	0.025	0.875
0.074	0.026	0.875	0.025
0.850	0.050	0.025	0.075
0.757	0.099	0.119	0.025
0.876	0.074	0.049	0.001
0.815	0.085	0.074	0.026
0.948	0.007	0.001	0.044
0.063	0.099	0.794	0.044
0.938	0.024	0.001	0.037
0.091	0.061	0.784	0.064
0.184	0.025	0.697	0.094
