>CGATAGGT	1-CGATAGGT	4.731847	-23.241985	0	T:87.0(6.82%),B:1096.1(3.19%),P:1e-10	Tpos:110.5,Tstd:50.1,Bpos:105.4,Bstd:55.5,StrandBias:-0.2,Multiplicity:1.01
0.001	0.997	0.001	0.001
0.001	0.001	0.997	0.001
0.997	0.001	0.001	0.001
0.001	0.001	0.001	0.997
0.640	0.160	0.199	0.001
0.001	0.001	0.589	0.409
0.001	0.001	0.997	0.001
0.001	0.001	0.015	0.983
>ACTTCCGG	2-ACTTCCGG	6.335395	-21.451375	0	T:160.0(12.54%),B:2610.5(7.59%),P:1e-9	Tpos:104.3,Tstd:51.1,Bpos:97.4,Bstd:55.5,StrandBias:0.0,Multiplicity:1.07
0.965	0.033	0.001	0.001
0.025	0.876	0.041	0.058
0.150	0.026	0.001	0.823
0.001	0.094	0.001	0.904
0.001	0.997	0.001	0.001
0.062	0.901	0.036	0.001
0.058	0.019	0.867	0.056
0.001	0.078	0.802	0.119
>GYGCACTC	3-GYGCACTC	4.868371	-20.574453	0	T:201.0(15.75%),B:3540.9(10.30%),P:1e-8	Tpos:97.0,Tstd:55.6,Bpos:93.8,Bstd:56.5,StrandBias:0.0,Multiplicity:1.15
0.183	0.069	0.556	0.192
0.037	0.421	0.151	0.391
0.132	0.139	0.622	0.107
0.116	0.689	0.100	0.095
0.479	0.224	0.110	0.188
0.157	0.504	0.178	0.161
0.198	0.128	0.129	0.545
0.195	0.507	0.253	0.045
>CGCGGTAC	4-CGCGGTAC	5.673041	-15.042040	0	T:142.0(11.13%),B:2482.9(7.22%),P:1e-6	Tpos:108.3,Tstd:56.1,Bpos:104.1,Bstd:57.7,StrandBias:-0.1,Multiplicity:1.15
0.093	0.901	0.003	0.003
0.056	0.117	0.793	0.034
0.090	0.723	0.058	0.129
0.057	0.150	0.792	0.001
0.017	0.001	0.981	0.001
0.031	0.214	0.034	0.721
0.548	0.139	0.183	0.130
0.092	0.523	0.267	0.118
>TCAGGATG	5-TCAGGATG	8.236954	-11.802464	0	T:22.0(1.72%),B:196.8(0.57%),P:1e-5	Tpos:101.0,Tstd:42.5,Bpos:104.2,Bstd:54.4,StrandBias:0.4,Multiplicity:1.00
0.100	0.100	0.100	0.700
0.100	0.700	0.100	0.100
0.700	0.100	0.100	0.100
0.100	0.100	0.700	0.100
0.100	0.100	0.700	0.100
0.700	0.100	0.100	0.100
0.100	0.100	0.100	0.700
0.100	0.100	0.700	0.100
