>TTTATATTCAAA	1-TTTATATTCAAA	8.232501	-31.983756	0	T:138.0(10.82%),B:1845.0(5.37%),P:1e-13	Tpos:82.9,Tstd:53.5,Bpos:85.7,Bstd:55.6,StrandBias:0.5,Multiplicity:1.07
0.051	0.210	0.076	0.663
0.152	0.063	0.213	0.572
0.051	0.001	0.001	0.947
0.742	0.050	0.076	0.132
0.270	0.109	0.001	0.620
0.993	0.001	0.001	0.005
0.271	0.001	0.015	0.713
0.190	0.074	0.057	0.679
0.323	0.503	0.032	0.142
0.655	0.318	0.011	0.016
0.862	0.077	0.001	0.060
0.881	0.001	0.117	0.001
>TGACCCCAAGTC	2-TGACCCCAAGTC	13.945769	-31.631366	0	T:7.0(0.55%),B:2.0(0.01%),P:1e-13	Tpos:76.9,Tstd:37.2,Bpos:121.9,Bstd:67.1,StrandBias:-0.4,Multiplicity:1.00
0.001	0.001	0.001	0.997
0.001	0.001	0.997	0.001
0.677	0.161	0.161	0.001
0.001	0.997	0.001	0.001
0.001	0.838	0.001	0.160
0.001	0.997	0.001	0.001
0.001	0.997	0.001	0.001
0.997	0.001	0.001	0.001
0.997	0.001	0.001	0.001
0.001	0.001	0.997	0.001
0.001	0.001	0.001	0.997
0.001	0.644	0.001	0.354
>TATCCAGTCACA	3-TATCCAGTCACA	13.827534	-31.498298	0	T:8.0(0.63%),B:3.0(0.01%),P:1e-13	Tpos:93.0,Tstd:51.1,Bpos:119.2,Bstd:82.2,StrandBias:1.6,Multiplicity:1.00
0.001	0.001	0.001	0.997
0.713	0.143	0.001	0.143
0.001	0.143	0.143	0.713
0.001	0.856	0.001	0.142
0.001	0.997	0.001	0.001
0.997	0.001	0.001	0.001
0.001	0.001	0.997	0.001
0.001	0.001	0.001	0.997
0.001	0.856	0.001	0.142
0.997	0.001	0.001	0.001
0.001	0.997	0.001	0.001
0.997	0.001	0.001	0.001
>AGCCGGAGGTGA	4-AGCCGGAGGTGA	9.734775	-31.377344	0	T:26.0(2.04%),B:98.7(0.29%),P:1e-13	Tpos:95.4,Tstd:52.0,Bpos:107.1,Bstd:56.0,StrandBias:1.0,Multiplicity:1.00
0.704	0.153	0.051	0.092
0.001	0.138	0.810	0.051
0.153	0.755	0.041	0.051
0.102	0.796	0.051	0.051
0.153	0.001	0.790	0.056
0.001	0.051	0.795	0.153
0.806	0.051	0.001	0.142
0.133	0.051	0.765	0.051
0.051	0.051	0.897	0.001
0.001	0.001	0.001	0.997
0.001	0.050	0.948	0.001
0.948	0.001	0.050	0.001
>ACTGCTGTACTC	5-ACTGCTGTACTC	10.821420	-29.316658	0	T:21.0(1.65%),B:65.9(0.19%),P:1e-12	Tpos:111.0,Tstd:48.8,Bpos:116.9,Bstd:53.6,StrandBias:-0.4,Multiplicity:1.00
0.748	0.120	0.001	0.131
0.001	0.997	0.001	0.001
0.120	0.001	0.120	0.759
0.001	0.001	0.878	0.120
0.001	0.997	0.001	0.001
0.001	0.001	0.001	0.997
0.130	0.001	0.868	0.001
0.241	0.275	0.001	0.482
0.878	0.001	0.001	0.120
0.001	0.638	0.120	0.241
0.001	0.001	0.001	0.997
0.001	0.748	0.120	0.131
>TAACAAATGAGG	6-TAACAAATGAGG	13.835981	-26.018601	0	T:8.0(0.63%),B:4.3(0.01%),P:1e-11	Tpos:99.0,Tstd:70.5,Bpos:61.7,Bstd:45.5,StrandBias:2.8,Multiplicity:1.00
0.001	0.001	0.001	0.997
0.997	0.001	0.001	0.001
0.997	0.001	0.001	0.001
0.001	0.852	0.001	0.146
0.997	0.001	0.001	0.001
0.997	0.001	0.001	0.001
0.997	0.001	0.001	0.001
0.264	0.147	0.001	0.588
0.001	0.001	0.997	0.001
0.852	0.001	0.146	0.001
0.146	0.001	0.852	0.001
0.001	0.001	0.997	0.001
>TGTTTTGGTCGA	7-TGTTTTGGTCGA	13.793892	-25.220420	0	T:11.0(0.86%),B:14.4(0.04%),P:1e-10	Tpos:115.7,Tstd:47.2,Bpos:108.4,Bstd:52.0,StrandBias:0.3,Multiplicity:1.00
0.001	0.001	0.001	0.997
0.001	0.001	0.894	0.104
0.001	0.001	0.001	0.997
0.104	0.001	0.001	0.894
0.104	0.001	0.001	0.894
0.001	0.001	0.001	0.997
0.001	0.001	0.997	0.001
0.001	0.104	0.894	0.001
0.104	0.001	0.001	0.894
0.001	0.997	0.001	0.001
0.001	0.104	0.894	0.001
0.997	0.001	0.001	0.001
>CTTTCAGATTTA	8-CTTTCAGATTTA	13.938324	-25.194064	0	T:9.0(0.71%),B:7.3(0.02%),P:1e-10	Tpos:89.1,Tstd:51.7,Bpos:94.1,Bstd:55.2,StrandBias:-0.3,Multiplicity:1.00
0.001	0.997	0.001	0.001
0.001	0.001	0.001	0.997
0.001	0.001	0.001	0.997
0.001	0.116	0.001	0.882
0.001	0.997	0.001	0.001
0.882	0.001	0.001	0.116
0.001	0.001	0.997	0.001
0.997	0.001	0.001	0.001
0.001	0.117	0.117	0.765
0.001	0.001	0.001	0.997
0.001	0.116	0.001	0.882
0.997	0.001	0.001	0.001
>RAKAGCGCCCTC	9-RAKAGCGCCCTC	9.415362	-24.227695	0	T:50.0(3.92%),B:453.3(1.32%),P:1e-10	Tpos:84.3,Tstd:47.4,Bpos:75.4,Bstd:46.4,StrandBias:0.4,Multiplicity:1.02
0.508	0.001	0.473	0.018
0.724	0.154	0.061	0.061
0.048	0.001	0.482	0.468
0.518	0.001	0.179	0.302
0.001	0.001	0.997	0.001
0.001	0.880	0.001	0.118
0.001	0.001	0.997	0.001
0.001	0.997	0.001	0.001
0.058	0.824	0.001	0.117
0.180	0.759	0.060	0.001
0.177	0.081	0.179	0.563
0.001	0.997	0.001	0.001
>CATGAGGGGAGT	10-CATGAGGGGAGT	8.376112	-24.125828	0	T:60.0(4.70%),B:611.7(1.78%),P:1e-10	Tpos:94.6,Tstd:59.9,Bpos:104.6,Bstd:52.2,StrandBias:0.3,Multiplicity:1.02
0.149	0.775	0.075	0.001
0.850	0.037	0.001	0.112
0.188	0.187	0.113	0.512
0.036	0.001	0.962	0.001
0.931	0.001	0.001	0.067
0.112	0.149	0.528	0.211
0.112	0.001	0.662	0.225
0.143	0.001	0.705	0.151
0.114	0.320	0.527	0.039
0.997	0.001	0.001	0.001
0.036	0.001	0.962	0.001
0.254	0.001	0.223	0.522
>TCTCRCGATACT	11-TCTCRCGATACT	12.825125	-24.025365	0	T:9.0(0.71%),B:8.8(0.03%),P:1e-10	Tpos:72.7,Tstd:51.7,Bpos:107.6,Bstd:66.2,StrandBias:-0.3,Multiplicity:1.00
0.158	0.001	0.317	0.524
0.158	0.683	0.001	0.158
0.001	0.001	0.001	0.997
0.001	0.997	0.001	0.001
0.476	0.001	0.365	0.158
0.001	0.997	0.001	0.001
0.001	0.001	0.997	0.001
0.840	0.001	0.158	0.001
0.001	0.001	0.158	0.840
0.997	0.001	0.001	0.001
0.001	0.997	0.001	0.001
0.001	0.001	0.001	0.997
>AGMGGTGATCGG	12-AGMGGTGATCGG	11.862971	-24.005600	0	T:7.0(0.55%),B:4.0(0.01%),P:1e-10	Tpos:122.0,Tstd:38.4,Bpos:149.4,Bstd:52.6,StrandBias:-0.4,Multiplicity:1.00
0.840	0.158	0.001	0.001
0.001	0.316	0.682	0.001
0.475	0.523	0.001	0.001
0.001	0.001	0.840	0.158
0.169	0.001	0.829	0.001
0.001	0.001	0.158	0.840
0.158	0.158	0.683	0.001
0.997	0.001	0.001	0.001
0.001	0.001	0.001	0.997
0.001	0.997	0.001	0.001
0.001	0.001	0.974	0.024
0.001	0.158	0.840	0.001
>CGACCCCTCGAT	13-CGACCCCTCGAT	10.460160	-22.646465	0	T:13.0(1.02%),B:29.2(0.08%),P:1e-9	Tpos:86.6,Tstd:44.7,Bpos:87.2,Bstd:51.9,StrandBias:0.2,Multiplicity:1.00
0.001	0.985	0.013	0.001
0.001	0.121	0.877	0.001
0.675	0.107	0.217	0.001
0.001	0.891	0.001	0.107
0.322	0.676	0.001	0.001
0.214	0.784	0.001	0.001
0.001	0.997	0.001	0.001
0.001	0.001	0.001	0.997
0.109	0.889	0.001	0.001
0.122	0.229	0.541	0.108
0.891	0.001	0.001	0.107
0.322	0.107	0.001	0.570
>ACCCGTGAACCC	14-ACCCGTGAACCC	14.042917	-22.258931	0	T:6.0(0.47%),B:2.7(0.01%),P:1e-9	Tpos:126.1,Tstd:53.6,Bpos:66.7,Bstd:23.1,StrandBias:-0.7,Multiplicity:1.33
0.997	0.001	0.001	0.001
0.166	0.832	0.001	0.001
0.001	0.997	0.001	0.001
0.001	0.997	0.001	0.001
0.001	0.001	0.832	0.166
0.166	0.001	0.001	0.832
0.001	0.001	0.997	0.001
0.667	0.166	0.001	0.166
0.997	0.001	0.001	0.001
0.001	0.997	0.001	0.001
0.001	0.997	0.001	0.001
0.001	0.997	0.001	0.001
>GTAGCGGATCGC	15-GTAGCGGATCGC	12.933806	-22.258931	0	T:6.0(0.47%),B:2.6(0.01%),P:1e-9	Tpos:139.2,Tstd:34.6,Bpos:96.3,Bstd:11.4,StrandBias:0.0,Multiplicity:1.00
0.001	0.001	0.997	0.001
0.001	0.001	0.001	0.997
0.799	0.199	0.001	0.001
0.001	0.001	0.997	0.001
0.001	0.799	0.001	0.199
0.001	0.001	0.799	0.199
0.001	0.199	0.799	0.001
0.997	0.001	0.001	0.001
0.001	0.001	0.001	0.997
0.001	0.997	0.001	0.001
0.001	0.001	0.997	0.001
0.001	0.997	0.001	0.001
>ACCCTCTGATCT	16-ACCCTCTGATCT	9.168558	-20.794172	0	T:26.0(2.04%),B:160.1(0.47%),P:1e-9	Tpos:105.3,Tstd:53.3,Bpos:102.2,Bstd:63.3,StrandBias:-0.7,Multiplicity:1.00
0.885	0.001	0.038	0.076
0.038	0.733	0.153	0.076
0.076	0.885	0.001	0.038
0.145	0.741	0.076	0.038
0.038	0.038	0.115	0.809
0.001	0.829	0.038	0.132
0.038	0.038	0.001	0.923
0.001	0.015	0.943	0.041
0.847	0.076	0.076	0.001
0.076	0.064	0.117	0.743
0.038	0.768	0.079	0.115
0.016	0.038	0.038	0.908
>CCGATATGCCCT	17-CCGATATGCCCT	11.908583	-19.821050	0	T:9.0(0.71%),B:13.9(0.04%),P:1e-8	Tpos:91.7,Tstd:52.4,Bpos:88.8,Bstd:62.2,StrandBias:-0.3,Multiplicity:1.00
0.001	0.997	0.001	0.001
0.001	0.997	0.001	0.001
0.316	0.001	0.682	0.001
0.997	0.001	0.001	0.001
0.001	0.316	0.001	0.682
0.682	0.316	0.001	0.001
0.001	0.001	0.158	0.840
0.001	0.001	0.840	0.158
0.174	0.651	0.001	0.174
0.001	0.840	0.158	0.001
0.001	0.840	0.001	0.158
0.001	0.001	0.001	0.997
>ACAAACACTGYC	18-ACAAACACTGYC	12.447115	-18.334679	0	T:10.0(0.78%),B:21.3(0.06%),P:1e-7	Tpos:90.2,Tstd:56.6,Bpos:103.6,Bstd:55.1,StrandBias:0.0,Multiplicity:1.00
0.766	0.232	0.001	0.001
0.001	0.997	0.001	0.001
0.997	0.001	0.001	0.001
0.997	0.001	0.001	0.001
0.997	0.001	0.001	0.001
0.001	0.997	0.001	0.001
0.766	0.001	0.001	0.232
0.001	0.766	0.232	0.001
0.001	0.001	0.232	0.766
0.001	0.001	0.997	0.001
0.001	0.477	0.045	0.477
0.001	0.997	0.001	0.001
>AAACTGTTGCTT	19-AAACTGTTGCTT	9.747640	-16.277614	0	T:28.0(2.19%),B:229.6(0.67%),P:1e-7	Tpos:90.7,Tstd:55.4,Bpos:105.2,Bstd:56.5,StrandBias:-0.8,Multiplicity:1.25
0.752	0.106	0.141	0.001
0.893	0.036	0.070	0.001
0.865	0.001	0.099	0.035
0.240	0.455	0.107	0.198
0.001	0.001	0.034	0.964
0.035	0.001	0.901	0.063
0.071	0.071	0.035	0.823
0.099	0.001	0.035	0.865
0.038	0.001	0.898	0.063
0.126	0.872	0.001	0.001
0.035	0.035	0.035	0.895
0.001	0.063	0.107	0.829
>AMGTCATGGCAA	20-AMGTCATGGCAA	10.159616	-16.188949	0	T:23.0(1.80%),B:162.0(0.47%),P:1e-7	Tpos:103.0,Tstd:49.9,Bpos:97.1,Bstd:53.3,StrandBias:0.1,Multiplicity:1.00
0.989	0.001	0.001	0.009
0.400	0.382	0.027	0.190
0.001	0.008	0.896	0.095
0.001	0.025	0.001	0.973
0.103	0.895	0.001	0.001
0.904	0.001	0.001	0.094
0.001	0.001	0.001	0.997
0.209	0.001	0.789	0.001
0.001	0.001	0.997	0.001
0.286	0.599	0.095	0.020
0.714	0.096	0.095	0.095
0.808	0.001	0.190	0.001
>TATTGACAGGCG	21-TATTGACAGGCG	14.042917	-12.052607	0	T:4.0(0.31%),B:3.5(0.01%),P:1e-5	Tpos:100.4,Tstd:32.3,Bpos:64.2,Bstd:9.8,StrandBias:-0.7,Multiplicity:2.00
0.001	0.001	0.001	0.997
0.832	0.001	0.166	0.001
0.001	0.001	0.001	0.997
0.001	0.001	0.001	0.997
0.001	0.001	0.832	0.166
0.997	0.001	0.001	0.001
0.001	0.997	0.001	0.001
0.997	0.001	0.001	0.001
0.001	0.166	0.832	0.001
0.001	0.001	0.997	0.001
0.001	0.997	0.001	0.001
0.166	0.001	0.667	0.166
>ATATATTATATA	22-ATATATTATATA	11.978967	-6.071925	0	T:9.0(0.71%),B:75.2(0.22%),P:1e-2	Tpos:87.9,Tstd:42.8,Bpos:65.7,Bstd:54.0,StrandBias:-0.2,Multiplicity:1.25
0.997	0.001	0.001	0.001
0.001	0.001	0.001	0.997
0.997	0.001	0.001	0.001
0.089	0.089	0.001	0.821
0.728	0.001	0.001	0.270
0.296	0.089	0.089	0.526
0.378	0.001	0.001	0.620
0.827	0.001	0.070	0.102
0.001	0.001	0.001	0.997
0.850	0.001	0.089	0.060
0.001	0.001	0.001	0.997
0.997	0.001	0.001	0.001
>CAGGATAGGTAA	23-CAGGATAGGTAA	-11.136432	-4.026904	0	T:885.0(69.36%),B:22887.5(66.56%),P:1e-1	Tpos:100.4,Tstd:54.3,Bpos:100.8,Bstd:56.4,StrandBias:0.3,Multiplicity:1.59
0.001	0.997	0.001	0.001
0.997	0.001	0.001	0.001
0.001	0.001	0.997	0.001
0.001	0.001	0.997	0.001
0.997	0.001	0.001	0.001
0.001	0.001	0.001	0.997
0.997	0.001	0.001	0.001
0.001	0.001	0.997	0.001
0.001	0.001	0.997	0.001
0.001	0.111	0.001	0.887
0.997	0.001	0.001	0.001
0.997	0.001	0.001	0.001
>AACCATTTCTAC	24-AACCATTTCTAC	12.355432	-3.312402	0	T:1.0(0.08%),B:0.0(0.00%),P:1e-1	Tpos:94.0,Tstd:62.2,Bpos:0.0,Bstd:0.0,StrandBias:10.0,Multiplicity:5.00
0.700	0.100	0.100	0.100
0.700	0.100	0.100	0.100
0.100	0.700	0.100	0.100
0.100	0.700	0.100	0.100
0.700	0.100	0.100	0.100
0.100	0.100	0.100	0.700
0.100	0.100	0.100	0.700
0.100	0.100	0.100	0.700
0.100	0.700	0.100	0.100
0.100	0.100	0.100	0.700
0.700	0.100	0.100	0.100
0.100	0.700	0.100	0.100
>TCAGTGGCATTG	25-TCAGTGGCATTG	12.355432	-3.312402	0	T:1.0(0.08%),B:0.6(0.00%),P:1e-1	Tpos:91.0,Tstd:49.2,Bpos:88.0,Bstd:0.0,StrandBias:10.0,Multiplicity:4.00
0.100	0.100	0.100	0.700
0.100	0.700	0.100	0.100
0.700	0.100	0.100	0.100
0.100	0.100	0.700	0.100
0.100	0.100	0.100	0.700
0.100	0.100	0.700	0.100
0.100	0.100	0.700	0.100
0.100	0.700	0.100	0.100
0.700	0.100	0.100	0.100
0.100	0.100	0.100	0.700
0.100	0.100	0.100	0.700
0.100	0.100	0.700	0.100
