>ATGCACTCGA	1-ATGCACTCGA	8.185205	-26.025037	0	T:24.0(1.88%),B:105.6(0.31%),P:1e-11	Tpos:116.5,Tstd:54.5,Bpos:101.6,Bstd:58.8,StrandBias:-0.7,Multiplicity:1.00
0.533	0.064	0.184	0.219
0.059	0.104	0.085	0.752
0.059	0.074	0.804	0.063
0.025	0.735	0.226	0.014
0.738	0.044	0.053	0.165
0.128	0.661	0.057	0.154
0.225	0.027	0.038	0.710
0.125	0.649	0.069	0.157
0.135	0.073	0.609	0.183
0.476	0.189	0.221	0.114
>TCGCGATACT	2-TCGCGATACT	10.845296	-24.440080	0	T:13.0(1.02%),B:25.7(0.07%),P:1e-10	Tpos:79.0,Tstd:58.0,Bpos:97.9,Bstd:53.5,StrandBias:-0.7,Multiplicity:1.00
0.001	0.110	0.001	0.888
0.001	0.997	0.001	0.001
0.088	0.111	0.726	0.075
0.001	0.997	0.001	0.001
0.001	0.001	0.997	0.001
0.997	0.001	0.001	0.001
0.001	0.001	0.001	0.997
0.997	0.001	0.001	0.001
0.087	0.911	0.001	0.001
0.001	0.110	0.001	0.888
>AAACTCCATA	3-AAACTCCATA	8.765982	-24.040684	0	T:52.0(4.08%),B:486.7(1.42%),P:1e-10	Tpos:90.1,Tstd:53.9,Bpos:99.5,Bstd:57.0,StrandBias:-0.3,Multiplicity:1.02
0.813	0.010	0.176	0.001
0.833	0.001	0.076	0.090
0.875	0.001	0.001	0.123
0.001	0.830	0.054	0.115
0.001	0.158	0.001	0.840
0.128	0.862	0.001	0.009
0.191	0.682	0.125	0.002
0.997	0.001	0.001	0.001
0.133	0.082	0.199	0.586
0.678	0.001	0.001	0.320
>CATATTGGAT	4-CATATTGGAT	8.801892	-23.856997	0	T:57.0(4.47%),B:567.8(1.65%),P:1e-10	Tpos:100.0,Tstd:45.7,Bpos:103.1,Bstd:53.7,StrandBias:-0.6,Multiplicity:1.02
0.093	0.771	0.085	0.051
0.728	0.270	0.001	0.001
0.001	0.004	0.001	0.994
0.764	0.111	0.001	0.124
0.089	0.001	0.123	0.787
0.001	0.117	0.001	0.881
0.057	0.001	0.867	0.075
0.001	0.030	0.721	0.248
0.850	0.055	0.001	0.094
0.114	0.271	0.001	0.614
>TATGCTAATA	5-TATGCTAATA	7.070865	-22.530298	0	T:117.0(9.17%),B:1688.8(4.91%),P:1e-9	Tpos:78.7,Tstd:53.2,Bpos:87.6,Bstd:56.2,StrandBias:-0.4,Multiplicity:1.03
0.076	0.046	0.017	0.861
0.816	0.073	0.063	0.048
0.043	0.102	0.044	0.811
0.051	0.094	0.748	0.107
0.040	0.824	0.091	0.045
0.070	0.047	0.074	0.809
0.800	0.109	0.058	0.033
0.783	0.072	0.084	0.061
0.079	0.075	0.074	0.772
0.784	0.072	0.049	0.095
>AAGATAGTAC	6-AAGATAGTAC	9.511408	-22.177527	0	T:28.0(2.19%),B:173.8(0.51%),P:1e-9	Tpos:101.4,Tstd:52.8,Bpos:100.3,Bstd:54.2,StrandBias:-0.1,Multiplicity:1.04
0.768	0.040	0.191	0.001
0.942	0.001	0.056	0.001
0.042	0.037	0.920	0.001
0.903	0.001	0.033	0.063
0.014	0.001	0.037	0.948
0.952	0.001	0.001	0.046
0.059	0.044	0.875	0.022
0.030	0.001	0.001	0.968
0.828	0.001	0.037	0.134
0.029	0.927	0.001	0.043
>GAAGGGTCAC	7-GAAGGGTCAC	8.402681	-22.052209	0	T:40.0(3.13%),B:333.8(0.97%),P:1e-9	Tpos:104.8,Tstd:53.8,Bpos:91.3,Bstd:56.1,StrandBias:0.1,Multiplicity:1.03
0.025	0.051	0.923	0.001
0.783	0.188	0.028	0.001
0.887	0.059	0.001	0.053
0.046	0.001	0.925	0.028
0.001	0.041	0.957	0.001
0.065	0.001	0.889	0.045
0.065	0.001	0.059	0.875
0.001	0.924	0.074	0.001
0.924	0.074	0.001	0.001
0.001	0.945	0.053	0.001
>ACTGTTGCTA	8-ACTGTTGCTA	7.349123	-22.003564	0	T:93.0(7.29%),B:1237.4(3.60%),P:1e-9	Tpos:103.7,Tstd:52.9,Bpos:99.6,Bstd:56.4,StrandBias:-0.7,Multiplicity:1.10
0.799	0.064	0.041	0.096
0.041	0.778	0.058	0.123
0.039	0.060	0.120	0.781
0.030	0.087	0.852	0.031
0.069	0.040	0.081	0.810
0.036	0.036	0.118	0.810
0.088	0.051	0.786	0.075
0.022	0.798	0.095	0.085
0.013	0.116	0.064	0.807
0.787	0.083	0.031	0.099
>CACTGCAGAC	9-CACTGCAGAC	10.155864	-21.919746	0	T:24.0(1.88%),B:129.9(0.38%),P:1e-9	Tpos:112.5,Tstd:58.9,Bpos:116.1,Bstd:56.1,StrandBias:-0.2,Multiplicity:1.00
0.001	0.958	0.001	0.040
0.997	0.001	0.001	0.001
0.001	0.997	0.001	0.001
0.084	0.084	0.001	0.831
0.153	0.001	0.845	0.001
0.001	0.997	0.001	0.001
0.931	0.001	0.001	0.067
0.001	0.001	0.997	0.001
0.953	0.001	0.045	0.001
0.001	0.997	0.001	0.001
>TGTTCGCACT	10-TGTTCGCACT	9.542890	-21.870638	0	T:22.0(1.72%),B:108.7(0.32%),P:1e-9	Tpos:95.0,Tstd:51.2,Bpos:87.1,Bstd:60.6,StrandBias:-0.3,Multiplicity:1.00
0.001	0.068	0.001	0.930
0.038	0.001	0.928	0.033
0.001	0.001	0.001	0.997
0.042	0.001	0.191	0.766
0.028	0.950	0.021	0.001
0.084	0.001	0.897	0.018
0.030	0.927	0.001	0.042
0.915	0.051	0.033	0.001
0.001	0.726	0.245	0.028
0.001	0.001	0.001	0.997
>CATGACGTCA	11-CATGACGTCA	8.722180	-20.831876	0	T:59.0(4.62%),B:650.6(1.89%),P:1e-9	Tpos:87.3,Tstd:48.7,Bpos:88.5,Bstd:49.3,StrandBias:-0.6,Multiplicity:1.02
0.188	0.758	0.001	0.053
0.904	0.010	0.001	0.085
0.001	0.001	0.043	0.955
0.019	0.035	0.922	0.024
0.952	0.001	0.046	0.001
0.022	0.967	0.010	0.001
0.001	0.001	0.984	0.014
0.001	0.048	0.030	0.921
0.012	0.924	0.041	0.023
0.969	0.001	0.029	0.001
>ACAGTGTGAC	12-ACAGTGTGAC	8.839138	-19.866422	0	T:45.0(3.53%),B:437.1(1.27%),P:1e-8	Tpos:94.8,Tstd:53.4,Bpos:101.8,Bstd:53.8,StrandBias:0.5,Multiplicity:1.00
0.863	0.001	0.069	0.067
0.187	0.496	0.191	0.127
0.717	0.154	0.128	0.001
0.001	0.001	0.997	0.001
0.001	0.001	0.001	0.997
0.001	0.001	0.890	0.108
0.304	0.145	0.001	0.550
0.124	0.001	0.793	0.082
0.805	0.072	0.122	0.001
0.021	0.889	0.089	0.001
>GGGAGCGACA	13-GGGAGCGACA	11.335315	-18.599169	0	T:9.0(0.71%),B:15.5(0.04%),P:1e-8	Tpos:105.0,Tstd:55.2,Bpos:105.0,Bstd:53.3,StrandBias:1.8,Multiplicity:1.00
0.001	0.001	0.997	0.001
0.001	0.001	0.997	0.001
0.001	0.001	0.997	0.001
0.861	0.137	0.001	0.001
0.001	0.001	0.997	0.001
0.001	0.997	0.001	0.001
0.001	0.001	0.997	0.001
0.997	0.001	0.001	0.001
0.001	0.779	0.110	0.110
0.861	0.001	0.001	0.137
>CCCTTTGAAC	14-CCCTTTGAAC	7.248098	-18.388491	0	T:81.0(6.35%),B:1101.3(3.20%),P:1e-7	Tpos:96.2,Tstd:52.5,Bpos:98.1,Bstd:55.5,StrandBias:0.4,Multiplicity:1.06
0.091	0.790	0.075	0.044
0.087	0.782	0.084	0.047
0.074	0.851	0.030	0.045
0.084	0.076	0.074	0.766
0.124	0.106	0.050	0.720
0.015	0.047	0.095	0.843
0.061	0.076	0.835	0.028
0.733	0.060	0.106	0.101
0.819	0.075	0.076	0.030
0.082	0.866	0.044	0.008
>GAGGGTTGTA	15-GAGGGTTGTA	10.296193	-17.860750	0	T:5.0(0.39%),B:2.8(0.01%),P:1e-7	Tpos:105.6,Tstd:59.2,Bpos:129.9,Bstd:55.9,StrandBias:-0.6,Multiplicity:1.00
0.100	0.100	0.700	0.100
0.700	0.100	0.100	0.100
0.100	0.100	0.700	0.100
0.100	0.100	0.700	0.100
0.100	0.100	0.700	0.100
0.100	0.100	0.100	0.700
0.100	0.100	0.100	0.700
0.100	0.100	0.700	0.100
0.100	0.100	0.100	0.700
0.700	0.100	0.100	0.100
>GGCGCCCTCD	16-GGCGCCCTCD	6.771476	-17.722853	0	T:121.0(9.48%),B:1924.6(5.60%),P:1e-7	Tpos:90.3,Tstd:49.5,Bpos:87.7,Bstd:51.7,StrandBias:-0.1,Multiplicity:1.23
0.155	0.001	0.660	0.184
0.081	0.015	0.885	0.019
0.078	0.772	0.001	0.149
0.151	0.032	0.758	0.059
0.001	0.997	0.001	0.001
0.049	0.786	0.012	0.153
0.214	0.716	0.031	0.039
0.282	0.019	0.112	0.587
0.081	0.738	0.001	0.180
0.252	0.097	0.364	0.287
>ACAMTAATCG	17-ACAMTAATCG	6.981702	-17.297984	0	T:107.0(8.39%),B:1650.0(4.80%),P:1e-7	Tpos:93.9,Tstd:56.1,Bpos:100.1,Bstd:56.7,StrandBias:-0.1,Multiplicity:1.04
0.906	0.016	0.077	0.001
0.010	0.932	0.046	0.012
0.639	0.106	0.039	0.216
0.471	0.365	0.155	0.008
0.008	0.046	0.257	0.689
0.686	0.055	0.058	0.201
0.824	0.053	0.089	0.034
0.001	0.010	0.141	0.848
0.227	0.492	0.018	0.263
0.001	0.074	0.869	0.056
>ACTGGCTACA	18-ACTGGCTACA	13.584873	-16.388013	0	T:4.0(0.31%),B:1.6(0.00%),P:1e-7	Tpos:91.2,Tstd:66.4,Bpos:153.3,Bstd:18.8,StrandBias:0.0,Multiplicity:1.00
0.997	0.001	0.001	0.001
0.001	0.997	0.001	0.001
0.001	0.001	0.001	0.997
0.001	0.001	0.997	0.001
0.001	0.001	0.997	0.001
0.001	0.997	0.001	0.001
0.001	0.001	0.001	0.997
0.997	0.001	0.001	0.001
0.001	0.997	0.001	0.001
0.778	0.001	0.220	0.001
>CTTCACGACC	19-CTTCACGACC	10.359633	-14.972840	0	T:14.0(1.10%),B:66.1(0.19%),P:1e-6	Tpos:104.6,Tstd:54.4,Bpos:109.4,Bstd:53.0,StrandBias:1.1,Multiplicity:1.23
0.001	0.739	0.259	0.001
0.001	0.001	0.001	0.997
0.001	0.001	0.001	0.997
0.001	0.826	0.001	0.172
0.743	0.001	0.001	0.255
0.001	0.997	0.001	0.001
0.093	0.001	0.905	0.001
0.997	0.001	0.001	0.001
0.001	0.743	0.001	0.255
0.001	0.972	0.026	0.001
>TTCTTTTCCT	20-TTCTTTTCCT	9.798454	-14.798005	0	T:45.0(3.53%),B:523.0(1.52%),P:1e-6	Tpos:97.8,Tstd:60.3,Bpos:98.6,Bstd:56.3,StrandBias:0.1,Multiplicity:1.07
0.001	0.001	0.001	0.997
0.109	0.001	0.001	0.889
0.001	0.873	0.001	0.125
0.001	0.057	0.001	0.941
0.001	0.049	0.001	0.949
0.001	0.130	0.001	0.868
0.001	0.001	0.001	0.997
0.001	0.878	0.120	0.001
0.065	0.839	0.001	0.095
0.200	0.044	0.001	0.755
>TCAGGTCACC	21-TCAGGTCACC	10.296193	-13.644964	0	T:4.0(0.31%),B:2.8(0.01%),P:1e-5	Tpos:85.5,Tstd:46.9,Bpos:33.2,Bstd:17.8,StrandBias:1.6,Multiplicity:1.00
0.100	0.100	0.100	0.700
0.100	0.700	0.100	0.100
0.700	0.100	0.100	0.100
0.100	0.100	0.700	0.100
0.100	0.100	0.700	0.100
0.100	0.100	0.100	0.700
0.100	0.700	0.100	0.100
0.700	0.100	0.100	0.100
0.100	0.700	0.100	0.100
0.100	0.700	0.100	0.100
>GTCGCATGTA	22-GTCGCATGTA	10.296193	-13.644964	0	T:4.0(0.31%),B:2.4(0.01%),P:1e-5	Tpos:120.8,Tstd:31.0,Bpos:131.9,Bstd:25.6,StrandBias:0.0,Multiplicity:1.00
0.100	0.100	0.700	0.100
0.100	0.100	0.100	0.700
0.100	0.700	0.100	0.100
0.100	0.100	0.700	0.100
0.100	0.700	0.100	0.100
0.700	0.100	0.100	0.100
0.100	0.100	0.100	0.700
0.100	0.100	0.700	0.100
0.100	0.100	0.100	0.700
0.700	0.100	0.100	0.100
>CCTTACAAGC	23-CCTTACAAGC	10.296193	-12.490470	0	T:5.0(0.39%),B:6.3(0.02%),P:1e-5	Tpos:125.0,Tstd:39.2,Bpos:81.9,Bstd:50.7,StrandBias:0.6,Multiplicity:1.00
0.100	0.700	0.100	0.100
0.100	0.700	0.100	0.100
0.100	0.100	0.100	0.700
0.100	0.100	0.100	0.700
0.700	0.100	0.100	0.100
0.100	0.700	0.100	0.100
0.700	0.100	0.100	0.100
0.700	0.100	0.100	0.100
0.100	0.100	0.700	0.100
0.100	0.700	0.100	0.100
>ATTGACRCGC	24-ATTGACRCGC	11.005576	-9.294147	0	T:8.0(0.63%),B:37.5(0.11%),P:1e-4	Tpos:99.5,Tstd:52.6,Bpos:89.7,Bstd:54.6,StrandBias:-1.4,Multiplicity:1.38
0.997	0.001	0.001	0.001
0.001	0.001	0.001	0.997
0.001	0.001	0.001	0.997
0.001	0.353	0.645	0.001
0.997	0.001	0.001	0.001
0.001	0.997	0.001	0.001
0.551	0.001	0.447	0.001
0.001	0.833	0.165	0.001
0.001	0.001	0.997	0.001
0.001	0.997	0.001	0.001
>AGGATAGGTA	25-AGGATAGGTA	11.012292	-9.208082	0	T:5.0(0.39%),B:12.6(0.04%),P:1e-3	Tpos:93.2,Tstd:62.9,Bpos:110.9,Bstd:59.7,StrandBias:2.3,Multiplicity:2.40
0.997	0.001	0.001	0.001
0.001	0.001	0.997	0.001
0.001	0.001	0.997	0.001
0.769	0.115	0.001	0.115
0.001	0.001	0.001	0.997
0.997	0.001	0.001	0.001
0.001	0.001	0.997	0.001
0.001	0.001	0.997	0.001
0.001	0.077	0.001	0.921
0.997	0.001	0.001	0.001
