>AAAAATTT	1-AAAAATTT	6.175212	-62.982838	0	T:310.0(44.67%),B:17840.4(25.43%),P:1e-27	Tpos:97.7,Tstd:54.8,Bpos:99.5,Bstd:134.0,StrandBias:0.1,Multiplicity:1.45
0.610	0.152	0.141	0.097
0.772	0.008	0.147	0.073
0.956	0.001	0.021	0.022
0.927	0.031	0.023	0.019
0.702	0.079	0.106	0.113
0.209	0.089	0.107	0.595
0.107	0.043	0.117	0.733
0.145	0.021	0.127	0.707
>ATTTTTGA	2-ATTTTTGA	5.327118	-47.081893	0	T:421.0(60.66%),B:30074.1(42.87%),P:1e-20	Tpos:100.6,Tstd:56.8,Bpos:99.7,Bstd:124.3,StrandBias:0.1,Multiplicity:1.40
0.792	0.049	0.062	0.097
0.175	0.074	0.061	0.690
0.094	0.076	0.099	0.731
0.045	0.047	0.014	0.894
0.052	0.075	0.024	0.849
0.104	0.127	0.095	0.674
0.089	0.112	0.691	0.108
0.682	0.110	0.135	0.073
>AWAWATCD	3-AWAWATCD	4.920791	-37.420416	0	T:526.0(75.79%),B:42682.9(60.85%),P:1e-16	Tpos:96.4,Tstd:56.6,Bpos:99.8,Bstd:124.2,StrandBias:-0.2,Multiplicity:1.49
0.620	0.217	0.060	0.103
0.531	0.001	0.073	0.395
0.688	0.206	0.065	0.041
0.490	0.001	0.015	0.494
0.832	0.084	0.020	0.064
0.001	0.100	0.001	0.898
0.193	0.547	0.174	0.086
0.336	0.036	0.291	0.337
>CTCAAAVT	4-CTCAAAVT	3.278301	-33.151310	0	T:311.0(44.81%),B:21532.9(30.70%),P:1e-14	Tpos:98.8,Tstd:54.5,Bpos:100.1,Bstd:102.4,StrandBias:-0.3,Multiplicity:1.20
0.001	0.997	0.001	0.001
0.001	0.001	0.001	0.997
0.001	0.632	0.321	0.046
0.997	0.001	0.001	0.001
0.672	0.001	0.326	0.001
0.997	0.001	0.001	0.001
0.341	0.289	0.333	0.038
0.279	0.001	0.001	0.719
>TTTCTGGA	5-TTTCTGGA	4.997896	-30.772954	0	T:325.0(46.83%),B:23206.3(33.08%),P:1e-13	Tpos:103.0,Tstd:57.3,Bpos:100.6,Bstd:101.5,StrandBias:0.0,Multiplicity:1.23
0.071	0.077	0.112	0.740
0.109	0.046	0.032	0.813
0.059	0.130	0.094	0.717
0.110	0.684	0.057	0.149
0.138	0.029	0.075	0.758
0.024	0.145	0.735	0.096
0.055	0.065	0.811	0.069
0.753	0.044	0.112	0.091
>AACTTATA	6-AACTTATA	6.727379	-25.189803	0	T:107.0(15.42%),B:5440.7(7.76%),P:1e-10	Tpos:96.8,Tstd:55.1,Bpos:102.7,Bstd:108.2,StrandBias:-0.2,Multiplicity:1.09
0.900	0.001	0.027	0.072
0.690	0.040	0.269	0.001
0.001	0.919	0.079	0.001
0.001	0.021	0.032	0.946
0.001	0.045	0.001	0.953
0.973	0.001	0.025	0.001
0.049	0.044	0.091	0.816
0.922	0.039	0.038	0.001
>GGGGGGGG	7-GGGGGGGG	7.200884	-24.302836	0	T:34.0(4.90%),B:866.5(1.24%),P:1e-10	Tpos:80.1,Tstd:49.1,Bpos:100.2,Bstd:72.0,StrandBias:-0.9,Multiplicity:1.32
0.066	0.112	0.821	0.001
0.009	0.009	0.981	0.001
0.025	0.005	0.969	0.001
0.017	0.001	0.981	0.001
0.022	0.001	0.976	0.001
0.033	0.017	0.949	0.001
0.001	0.019	0.968	0.012
0.025	0.026	0.857	0.092
>AAAAAAAA	8-AAAAAAAA	6.277948	-23.483744	0	T:251.0(36.17%),B:17599.8(25.09%),P:1e-10	Tpos:104.6,Tstd:53.2,Bpos:100.3,Bstd:136.6,StrandBias:-0.3,Multiplicity:1.28
0.913	0.001	0.001	0.085
0.924	0.001	0.001	0.074
0.897	0.001	0.001	0.101
0.923	0.001	0.001	0.075
0.997	0.001	0.001	0.001
0.837	0.001	0.001	0.161
0.908	0.001	0.001	0.090
0.997	0.001	0.001	0.001
>CCCAGGGC	9-CCCAGGGC	7.401112	-19.946654	0	T:36.0(5.19%),B:1136.7(1.62%),P:1e-8	Tpos:88.9,Tstd:48.3,Bpos:97.2,Bstd:65.5,StrandBias:-0.4,Multiplicity:1.03
0.001	0.997	0.001	0.001
0.098	0.805	0.053	0.044
0.040	0.892	0.001	0.067
0.867	0.062	0.001	0.070
0.228	0.001	0.770	0.001
0.001	0.001	0.997	0.001
0.152	0.001	0.799	0.048
0.001	0.997	0.001	0.001
>GGATGGGG	10-GGATGGGG	6.898544	-19.764161	0	T:62.0(8.93%),B:2739.5(3.91%),P:1e-8	Tpos:115.7,Tstd:60.2,Bpos:99.1,Bstd:78.6,StrandBias:0.5,Multiplicity:1.08
0.199	0.001	0.696	0.104
0.001	0.001	0.997	0.001
0.997	0.001	0.001	0.001
0.015	0.001	0.126	0.858
0.001	0.001	0.632	0.366
0.134	0.001	0.864	0.001
0.304	0.089	0.542	0.065
0.093	0.001	0.905	0.001
>GYGCGTGC	11-GYGCGTGC	7.286588	-13.041756	0	T:30.0(4.32%),B:1141.4(1.63%),P:1e-5	Tpos:88.8,Tstd:50.0,Bpos:99.6,Bstd:67.2,StrandBias:0.1,Multiplicity:1.32
0.004	0.001	0.994	0.001
0.001	0.564	0.001	0.434
0.001	0.001	0.709	0.289
0.158	0.596	0.245	0.001
0.001	0.001	0.997	0.001
0.320	0.001	0.102	0.577
0.001	0.053	0.738	0.208
0.001	0.972	0.001	0.026
>TAGGCCTA	12-TAGGCCTA	8.236954	-11.358455	0	T:11.0(1.59%),B:211.1(0.30%),P:1e-4	Tpos:86.8,Tstd:41.6,Bpos:96.8,Bstd:63.7,StrandBias:0.0,Multiplicity:1.00
0.100	0.100	0.100	0.700
0.700	0.100	0.100	0.100
0.100	0.100	0.700	0.100
0.100	0.100	0.700	0.100
0.100	0.700	0.100	0.100
0.100	0.700	0.100	0.100
0.100	0.100	0.100	0.700
0.700	0.100	0.100	0.100
>AACTTTAT	13-AACTTTAT	10.781882	-11.117751	0	T:23.0(3.31%),B:831.2(1.18%),P:1e-4	Tpos:115.8,Tstd:65.6,Bpos:104.8,Bstd:112.2,StrandBias:0.1,Multiplicity:1.05
0.821	0.177	0.001	0.001
0.997	0.001	0.001	0.001
0.001	0.997	0.001	0.001
0.001	0.001	0.001	0.997
0.001	0.001	0.001	0.997
0.001	0.001	0.001	0.997
0.997	0.001	0.001	0.001
0.001	0.001	0.087	0.911
>TGTTGTTG	14-TGTTGTTG	8.579414	-10.353045	0	T:53.0(7.64%),B:2954.2(4.21%),P:1e-4	Tpos:121.2,Tstd:45.6,Bpos:98.7,Bstd:83.7,StrandBias:1.0,Multiplicity:1.10
0.001	0.001	0.001	0.997
0.001	0.001	0.997	0.001
0.001	0.001	0.001	0.997
0.001	0.001	0.001	0.997
0.001	0.101	0.897	0.001
0.001	0.001	0.001	0.997
0.115	0.001	0.001	0.883
0.001	0.199	0.799	0.001
>TATATATA	15-TATATATA	8.236954	-7.739319	0	T:15.0(2.16%),B:542.7(0.77%),P:1e-3	Tpos:132.2,Tstd:43.6,Bpos:101.7,Bstd:124.9,StrandBias:0.0,Multiplicity:1.13
0.100	0.100	0.100	0.700
0.700	0.100	0.100	0.100
0.100	0.100	0.100	0.700
0.700	0.100	0.100	0.100
0.100	0.100	0.100	0.700
0.700	0.100	0.100	0.100
0.100	0.100	0.100	0.700
0.700	0.100	0.100	0.100
>GTCTGTCT	16-GTCTGTCT	8.026135	-6.189946	0	T:28.0(4.03%),B:1549.6(2.21%),P:1e-2	Tpos:100.1,Tstd:63.6,Bpos:100.2,Bstd:88.6,StrandBias:0.1,Multiplicity:1.79
0.001	0.001	0.997	0.001
0.001	0.001	0.123	0.875
0.001	0.997	0.001	0.001
0.079	0.032	0.001	0.888
0.061	0.001	0.937	0.001
0.001	0.001	0.001	0.997
0.001	0.997	0.001	0.001
0.001	0.001	0.001	0.997
>AGGGTTAG	17-AGGGTTAG	8.255912	-4.616628	0	T:8.0(1.15%),B:294.8(0.42%),P:1e-2	Tpos:129.2,Tstd:41.1,Bpos:97.5,Bstd:83.3,StrandBias:1.6,Multiplicity:2.50
0.997	0.001	0.001	0.001
0.001	0.001	0.997	0.001
0.001	0.060	0.938	0.001
0.001	0.001	0.997	0.001
0.001	0.001	0.001	0.997
0.001	0.001	0.001	0.997
0.997	0.001	0.001	0.001
0.001	0.001	0.997	0.001
>TCATCATS	18-TCATCATS	6.821327	-3.596410	0	T:53.0(7.64%),B:4073.0(5.81%),P:1e-1	Tpos:92.2,Tstd:53.7,Bpos:97.1,Bstd:102.1,StrandBias:-0.1,Multiplicity:1.13
0.021	0.097	0.069	0.813
0.075	0.546	0.359	0.020
0.784	0.162	0.024	0.030
0.115	0.046	0.110	0.729
0.114	0.567	0.318	0.001
0.769	0.048	0.138	0.045
0.018	0.088	0.081	0.813
0.020	0.557	0.422	0.001
>ATACATAC	19-ATACATAC	8.236954	-1.838425	0	T:14.0(2.02%),B:1044.3(1.49%),P:1e0	Tpos:110.7,Tstd:51.8,Bpos:100.4,Bstd:123.4,StrandBias:0.0,Multiplicity:4.36
0.700	0.100	0.100	0.100
0.100	0.100	0.100	0.700
0.700	0.100	0.100	0.100
0.100	0.700	0.100	0.100
0.700	0.100	0.100	0.100
0.100	0.100	0.100	0.700
0.700	0.100	0.100	0.100
0.100	0.700	0.100	0.100
>GTTTGTTT	20-GTTTGTTT	8.236954	-0.773345	0	T:27.0(3.89%),B:2645.4(3.77%),P:1e0	Tpos:88.0,Tstd:49.7,Bpos:99.0,Bstd:134.2,StrandBias:1.1,Multiplicity:2.09
0.100	0.100	0.700	0.100
0.100	0.100	0.100	0.700
0.100	0.100	0.100	0.700
0.100	0.100	0.100	0.700
0.100	0.100	0.700	0.100
0.100	0.100	0.100	0.700
0.100	0.100	0.100	0.700
0.100	0.100	0.100	0.700
