>AAAATTTTBH	1-AAAATTTTBH	6.553663	-60.723642	0	T:256.0(36.89%),B:13572.1(19.35%),P:1e-26	Tpos:98.1,Tstd:54.4,Bpos:100.4,Bstd:134.7,StrandBias:-0.0,Multiplicity:1.33
0.790	0.120	0.001	0.089
0.944	0.015	0.016	0.025
0.797	0.053	0.013	0.137
0.531	0.055	0.067	0.347
0.239	0.078	0.010	0.673
0.030	0.050	0.017	0.903
0.001	0.004	0.021	0.974
0.125	0.001	0.155	0.719
0.112	0.293	0.273	0.322
0.231	0.358	0.178	0.233
>TTTTRAAATT	2-TTTTRAAATT	7.021346	-51.928901	0	T:264.0(38.04%),B:15066.4(21.48%),P:1e-22	Tpos:99.3,Tstd:56.1,Bpos:99.7,Bstd:131.4,StrandBias:0.1,Multiplicity:1.25
0.110	0.001	0.046	0.843
0.001	0.148	0.125	0.726
0.144	0.001	0.001	0.854
0.087	0.317	0.112	0.484
0.409	0.014	0.457	0.121
0.874	0.124	0.001	0.001
0.997	0.001	0.001	0.001
0.869	0.018	0.001	0.112
0.269	0.100	0.001	0.630
0.196	0.001	0.022	0.781
>AAACTTATAA	3-AAACTTATAA	5.831157	-45.277050	0	T:312.0(44.96%),B:19972.4(28.47%),P:1e-19	Tpos:100.5,Tstd:56.7,Bpos:99.7,Bstd:129.8,StrandBias:-0.3,Multiplicity:1.28
0.662	0.067	0.100	0.171
0.760	0.083	0.056	0.101
0.688	0.001	0.110	0.201
0.176	0.577	0.146	0.101
0.165	0.001	0.097	0.737
0.118	0.026	0.125	0.731
0.672	0.097	0.076	0.155
0.117	0.132	0.070	0.681
0.787	0.104	0.087	0.022
0.705	0.079	0.118	0.098
>AAAAAAAAAA	4-AAAAAAAAAA	8.966219	-39.467993	0	T:114.0(16.43%),B:4809.7(6.86%),P:1e-17	Tpos:102.2,Tstd:52.0,Bpos:98.8,Bstd:145.9,StrandBias:0.2,Multiplicity:1.09
0.997	0.001	0.001	0.001
0.687	0.001	0.001	0.311
0.997	0.001	0.001	0.001
0.671	0.001	0.001	0.327
0.997	0.001	0.001	0.001
0.623	0.001	0.022	0.354
0.997	0.001	0.001	0.001
0.670	0.001	0.001	0.328
0.997	0.001	0.001	0.001
0.685	0.001	0.001	0.313
>GGGGGCTCAT	5-GGGGGCTCAT	9.925978	-36.837636	0	T:19.0(2.74%),B:124.2(0.18%),P:1e-15	Tpos:97.4,Tstd:46.2,Bpos:102.2,Bstd:70.9,StrandBias:-0.3,Multiplicity:1.12
0.001	0.001	0.997	0.001
0.001	0.001	0.997	0.001
0.001	0.001	0.997	0.001
0.001	0.066	0.932	0.001
0.001	0.001	0.997	0.001
0.217	0.410	0.217	0.157
0.001	0.001	0.001	0.997
0.001	0.901	0.001	0.097
0.997	0.001	0.001	0.001
0.001	0.001	0.109	0.889
>GCTCAAAATC	6-GCTCAAAATC	7.892535	-32.837424	0	T:71.0(10.23%),B:2501.6(3.57%),P:1e-14	Tpos:93.4,Tstd:57.6,Bpos:97.8,Bstd:93.7,StrandBias:0.0,Multiplicity:1.03
0.145	0.001	0.687	0.167
0.182	0.687	0.001	0.130
0.187	0.001	0.001	0.811
0.117	0.665	0.217	0.001
0.927	0.071	0.001	0.001
0.817	0.001	0.181	0.001
0.956	0.042	0.001	0.001
0.684	0.227	0.088	0.001
0.083	0.001	0.001	0.915
0.001	0.902	0.001	0.096
>GAACTACATG	7-GAACTACATG	8.119999	-26.959615	0	T:30.0(4.32%),B:610.3(0.87%),P:1e-11	Tpos:94.6,Tstd:63.6,Bpos:98.2,Bstd:101.4,StrandBias:-0.5,Multiplicity:1.04
0.087	0.061	0.682	0.170
0.421	0.168	0.234	0.177
0.509	0.283	0.057	0.151
0.174	0.445	0.149	0.232
0.279	0.028	0.013	0.680
0.719	0.036	0.030	0.215
0.034	0.881	0.039	0.046
0.754	0.072	0.081	0.093
0.070	0.074	0.068	0.788
0.059	0.041	0.868	0.032
>WAGTGCCGCC	8-WAGTGCCGCC	8.421699	-24.894927	0	T:23.0(3.31%),B:382.6(0.55%),P:1e-10	Tpos:101.9,Tstd:57.9,Bpos:99.4,Bstd:55.6,StrandBias:0.1,Multiplicity:1.09
0.546	0.001	0.001	0.452
0.903	0.001	0.095	0.001
0.222	0.001	0.776	0.001
0.327	0.001	0.001	0.671
0.112	0.329	0.558	0.001
0.001	0.997	0.001	0.001
0.001	0.621	0.319	0.059
0.101	0.001	0.897	0.001
0.001	0.997	0.001	0.001
0.059	0.633	0.191	0.117
>TATATATATA	9-TATATATATA	10.296193	-24.185544	0	T:12.0(1.73%),B:76.2(0.11%),P:1e-10	Tpos:131.3,Tstd:43.0,Bpos:100.2,Bstd:141.2,StrandBias:0.0,Multiplicity:1.00
0.100	0.100	0.100	0.700
0.700	0.100	0.100	0.100
0.100	0.100	0.100	0.700
0.700	0.100	0.100	0.100
0.100	0.100	0.100	0.700
0.700	0.100	0.100	0.100
0.100	0.100	0.100	0.700
0.700	0.100	0.100	0.100
0.100	0.100	0.100	0.700
0.700	0.100	0.100	0.100
>CCCCCCCCGC	10-CCCCCCCCGC	6.591664	-24.177589	0	T:47.0(6.77%),B:1550.5(2.21%),P:1e-10	Tpos:86.0,Tstd:49.9,Bpos:100.8,Bstd:69.0,StrandBias:0.8,Multiplicity:1.30
0.059	0.860	0.055	0.026
0.065	0.845	0.042	0.048
0.032	0.851	0.057	0.060
0.013	0.920	0.014	0.053
0.001	0.858	0.057	0.084
0.029	0.874	0.047	0.050
0.015	0.780	0.096	0.109
0.044	0.809	0.077	0.070
0.064	0.322	0.501	0.113
0.075	0.704	0.129	0.092
>GGTCTGTTCC	11-GGTCTGTTCC	9.023199	-23.966211	0	T:21.0(3.03%),B:328.7(0.47%),P:1e-10	Tpos:92.0,Tstd:52.1,Bpos:98.2,Bstd:71.0,StrandBias:0.1,Multiplicity:1.00
0.001	0.001	0.583	0.415
0.287	0.073	0.622	0.018
0.001	0.067	0.001	0.931
0.001	0.959	0.003	0.037
0.055	0.001	0.085	0.859
0.077	0.052	0.870	0.001
0.128	0.001	0.052	0.819
0.067	0.232	0.001	0.700
0.083	0.851	0.001	0.065
0.001	0.869	0.063	0.067
>CACATAAACG	12-CACATAAACG	9.799310	-19.295802	0	T:20.0(2.88%),B:387.6(0.55%),P:1e-8	Tpos:120.8,Tstd:53.2,Bpos:97.5,Bstd:94.4,StrandBias:1.2,Multiplicity:1.00
0.001	0.938	0.001	0.060
0.904	0.094	0.001	0.001
0.001	0.997	0.001	0.001
0.911	0.001	0.087	0.001
0.001	0.050	0.001	0.948
0.933	0.065	0.001	0.001
0.952	0.046	0.001	0.001
0.997	0.001	0.001	0.001
0.063	0.662	0.046	0.229
0.021	0.088	0.831	0.060
>GGACCATTAG	13-GGACCATTAG	11.803344	-18.825633	0	T:7.0(1.01%),B:24.2(0.03%),P:1e-8	Tpos:109.6,Tstd:51.0,Bpos:101.3,Bstd:52.2,StrandBias:-1.3,Multiplicity:1.00
0.001	0.001	0.997	0.001
0.131	0.001	0.867	0.001
0.997	0.001	0.001	0.001
0.001	0.997	0.001	0.001
0.001	0.997	0.001	0.001
0.997	0.001	0.001	0.001
0.001	0.001	0.001	0.997
0.001	0.001	0.001	0.997
0.997	0.001	0.001	0.001
0.001	0.001	0.997	0.001
>DGGRCCACCA	14-DGGRCCACCA	9.827710	-17.799735	0	T:15.0(2.16%),B:230.5(0.33%),P:1e-7	Tpos:86.9,Tstd:56.8,Bpos:100.9,Bstd:96.5,StrandBias:-0.8,Multiplicity:1.27
0.294	0.001	0.342	0.363
0.001	0.001	0.997	0.001
0.001	0.001	0.997	0.001
0.445	0.001	0.553	0.001
0.001	0.766	0.001	0.232
0.001	0.618	0.001	0.380
0.997	0.001	0.001	0.001
0.001	0.997	0.001	0.001
0.001	0.997	0.001	0.001
0.775	0.001	0.223	0.001
>CTTAAAAATA	15-CTTAAAAATA	10.133424	-17.375361	0	T:16.0(2.31%),B:274.8(0.39%),P:1e-7	Tpos:124.7,Tstd:43.6,Bpos:104.4,Bstd:97.9,StrandBias:0.0,Multiplicity:1.00
0.001	0.997	0.001	0.001
0.001	0.001	0.075	0.923
0.001	0.019	0.079	0.901
0.961	0.001	0.016	0.022
0.773	0.017	0.209	0.001
0.814	0.001	0.184	0.001
0.833	0.001	0.001	0.165
0.814	0.001	0.019	0.166
0.001	0.005	0.001	0.993
0.811	0.013	0.175	0.001
>GCAATATCAT	16-GCAATATCAT	9.280866	-15.308983	0	T:29.0(4.18%),B:963.4(1.37%),P:1e-6	Tpos:88.2,Tstd:49.6,Bpos:98.7,Bstd:115.4,StrandBias:0.0,Multiplicity:1.11
0.096	0.058	0.788	0.058
0.030	0.968	0.001	0.001
0.939	0.001	0.059	0.001
0.916	0.060	0.001	0.023
0.001	0.048	0.081	0.870
0.969	0.001	0.029	0.001
0.001	0.041	0.001	0.957
0.037	0.701	0.044	0.218
0.953	0.001	0.001	0.045
0.031	0.001	0.001	0.967
>CGCATAGACG	17-CGCATAGACG	9.150745	-14.292583	0	T:16.0(2.31%),B:346.3(0.49%),P:1e-6	Tpos:106.4,Tstd:66.2,Bpos:101.0,Bstd:65.6,StrandBias:-0.4,Multiplicity:1.31
0.165	0.833	0.001	0.001
0.001	0.112	0.886	0.001
0.001	0.584	0.001	0.414
0.997	0.001	0.001	0.001
0.001	0.001	0.001	0.997
0.812	0.001	0.001	0.186
0.118	0.095	0.653	0.134
0.833	0.001	0.165	0.001
0.001	0.690	0.308	0.001
0.316	0.010	0.673	0.001
>CGGCTYGCGC	18-CGGCTYGCGC	7.016258	-13.379686	0	T:28.0(4.03%),B:1003.8(1.43%),P:1e-5	Tpos:103.6,Tstd:55.6,Bpos:99.1,Bstd:58.6,StrandBias:0.4,Multiplicity:1.21
0.283	0.505	0.050	0.162
0.001	0.001	0.915	0.083
0.035	0.192	0.772	0.001
0.001	0.997	0.001	0.001
0.164	0.001	0.196	0.639
0.001	0.532	0.001	0.466
0.034	0.309	0.656	0.001
0.358	0.529	0.001	0.112
0.001	0.167	0.831	0.001
0.144	0.805	0.050	0.001
>CACGCACGCA	19-CACGCACGCA	11.045364	-13.284991	0	T:7.0(1.01%),B:55.2(0.08%),P:1e-5	Tpos:96.2,Tstd:35.9,Bpos:101.6,Bstd:42.5,StrandBias:0.5,Multiplicity:1.14
0.091	0.907	0.001	0.001
0.891	0.001	0.107	0.001
0.001	0.997	0.001	0.001
0.001	0.001	0.997	0.001
0.001	0.997	0.001	0.001
0.997	0.001	0.001	0.001
0.001	0.997	0.001	0.001
0.001	0.001	0.997	0.001
0.001	0.915	0.001	0.083
0.907	0.001	0.001	0.091
>ACTCGCCCGA	20-ACTCGCCCGA	11.701853	-12.932042	0	T:4.0(0.58%),B:9.3(0.01%),P:1e-5	Tpos:72.4,Tstd:40.0,Bpos:111.5,Bstd:31.2,StrandBias:-2.8,Multiplicity:2.00
0.997	0.001	0.001	0.001
0.001	0.997	0.001	0.001
0.001	0.001	0.167	0.831
0.001	0.997	0.001	0.001
0.001	0.001	0.997	0.001
0.001	0.997	0.001	0.001
0.001	0.856	0.142	0.001
0.001	0.997	0.001	0.001
0.001	0.001	0.997	0.001
0.997	0.001	0.001	0.001
>CCCCCTCCTG	21-CCCCCTCCTG	10.296193	-12.932042	0	T:4.0(0.58%),B:9.7(0.01%),P:1e-5	Tpos:96.5,Tstd:75.0,Bpos:144.4,Bstd:14.4,StrandBias:1.6,Multiplicity:1.00
0.100	0.700	0.100	0.100
0.100	0.700	0.100	0.100
0.100	0.700	0.100	0.100
0.100	0.700	0.100	0.100
0.100	0.700	0.100	0.100
0.100	0.100	0.100	0.700
0.100	0.700	0.100	0.100
0.100	0.700	0.100	0.100
0.100	0.100	0.100	0.700
0.100	0.100	0.700	0.100
>GRTGATGATG	22-GRTGATGATG	10.517562	-11.177264	0	T:12.0(1.73%),B:257.6(0.37%),P:1e-4	Tpos:92.1,Tstd:48.7,Bpos:95.2,Bstd:129.1,StrandBias:3.2,Multiplicity:1.42
0.001	0.001	0.997	0.001
0.536	0.001	0.462	0.001
0.001	0.001	0.170	0.828
0.001	0.001	0.997	0.001
0.695	0.001	0.303	0.001
0.269	0.001	0.077	0.653
0.001	0.100	0.822	0.077
0.785	0.001	0.213	0.001
0.100	0.001	0.071	0.828
0.001	0.070	0.928	0.001
>TGTTGTTGTT	23-TGTTGTTGTT	7.609186	-9.261744	0	T:30.0(4.32%),B:1401.4(2.00%),P:1e-4	Tpos:123.4,Tstd:43.3,Bpos:98.1,Bstd:82.1,StrandBias:1.7,Multiplicity:1.07
0.001	0.001	0.052	0.946
0.001	0.001	0.997	0.001
0.041	0.063	0.001	0.895
0.001	0.001	0.001	0.997
0.001	0.048	0.950	0.001
0.040	0.001	0.001	0.958
0.001	0.001	0.001	0.997
0.001	0.055	0.943	0.001
0.034	0.056	0.001	0.909
0.001	0.001	0.001	0.997
>CADACATACA	24-CADACATACA	9.127253	-8.008434	0	T:34.0(4.90%),B:1798.5(2.56%),P:1e-3	Tpos:96.3,Tstd:53.9,Bpos:105.4,Bstd:132.8,StrandBias:-0.2,Multiplicity:1.44
0.001	0.997	0.001	0.001
0.831	0.001	0.057	0.111
0.376	0.001	0.339	0.284
0.997	0.001	0.001	0.001
0.130	0.790	0.039	0.041
0.775	0.108	0.044	0.073
0.214	0.001	0.280	0.505
0.788	0.157	0.001	0.054
0.001	0.978	0.020	0.001
0.851	0.062	0.059	0.028
>TAACCCTAAC	25-TAACCCTAAC	10.296193	-5.202570	0	T:2.0(0.29%),B:11.4(0.02%),P:1e-2	Tpos:141.9,Tstd:29.5,Bpos:95.7,Bstd:47.5,StrandBias:-2.6,Multiplicity:7.00
0.100	0.100	0.100	0.700
0.700	0.100	0.100	0.100
0.700	0.100	0.100	0.100
0.100	0.700	0.100	0.100
0.100	0.700	0.100	0.100
0.100	0.700	0.100	0.100
0.100	0.100	0.100	0.700
0.700	0.100	0.100	0.100
0.700	0.100	0.100	0.100
0.100	0.700	0.100	0.100
>GAAAAAATTTAA	1-GAAAAAATTTAA	6.362961	-50.383617	0	T:318.0(45.82%),B:19895.5(28.36%),P:1e-21	Tpos:94.9,Tstd:55.7,Bpos:99.9,Bstd:133.9,StrandBias:0.0,Multiplicity:1.23
0.247	0.151	0.450	0.153
0.671	0.145	0.111	0.073
0.724	0.043	0.120	0.113
0.783	0.060	0.062	0.095
0.844	0.007	0.022	0.127
0.837	0.031	0.046	0.086
0.654	0.090	0.090	0.166
0.208	0.036	0.121	0.635
0.146	0.095	0.144	0.615
0.157	0.084	0.142	0.617
0.584	0.137	0.089	0.190
0.588	0.155	0.088	0.169
>ATTTKCWGCAAA	2-ATTTKCWGCAAA	8.990545	-42.283635	0	T:65.0(9.37%),B:1765.4(2.52%),P:1e-18	Tpos:95.0,Tstd:44.3,Bpos:102.4,Bstd:105.3,StrandBias:-0.3,Multiplicity:1.04
0.785	0.001	0.115	0.099
0.222	0.052	0.097	0.629
0.001	0.048	0.040	0.911
0.001	0.043	0.001	0.955
0.001	0.078	0.458	0.463
0.047	0.627	0.287	0.039
0.307	0.072	0.209	0.413
0.113	0.026	0.764	0.097
0.272	0.556	0.146	0.026
0.882	0.116	0.001	0.001
0.953	0.001	0.001	0.045
0.911	0.026	0.001	0.062
>AATTTTGAAATT	3-AATTTTGAAATT	6.765547	-41.434383	0	T:269.0(38.76%),B:16655.3(23.74%),P:1e-17	Tpos:100.0,Tstd:56.3,Bpos:101.3,Bstd:136.0,StrandBias:-0.2,Multiplicity:1.38
0.717	0.103	0.084	0.096
0.750	0.064	0.068	0.118
0.144	0.084	0.088	0.684
0.084	0.083	0.074	0.759
0.065	0.068	0.053	0.814
0.089	0.039	0.057	0.815
0.045	0.117	0.738	0.100
0.781	0.071	0.072	0.076
0.762	0.093	0.063	0.082
0.764	0.062	0.074	0.100
0.140	0.089	0.097	0.674
0.107	0.069	0.081	0.743
>GCAATATTTTAC	4-GCAATATTTTAC	8.677128	-39.633721	0	T:66.0(9.51%),B:1916.2(2.73%),P:1e-17	Tpos:115.7,Tstd:55.1,Bpos:99.0,Bstd:106.7,StrandBias:0.1,Multiplicity:1.06
0.413	0.001	0.585	0.001
0.144	0.803	0.001	0.052
0.913	0.001	0.001	0.085
0.809	0.088	0.001	0.102
0.104	0.371	0.001	0.524
0.730	0.178	0.001	0.091
0.079	0.001	0.001	0.919
0.149	0.187	0.001	0.663
0.102	0.001	0.001	0.896
0.188	0.082	0.176	0.554
0.551	0.001	0.052	0.396
0.078	0.832	0.089	0.001
>CTCAGGGACAGA	5-CTCAGGGACAGA	13.847241	-35.061792	0	T:10.0(1.44%),B:14.6(0.02%),P:1e-15	Tpos:88.3,Tstd:56.3,Bpos:109.6,Bstd:53.0,StrandBias:1.2,Multiplicity:1.00
0.001	0.857	0.141	0.001
0.141	0.001	0.001	0.857
0.141	0.857	0.001	0.001
0.708	0.001	0.290	0.001
0.001	0.001	0.997	0.001
0.001	0.001	0.997	0.001
0.001	0.001	0.997	0.001
0.997	0.001	0.001	0.001
0.001	0.857	0.001	0.141
0.997	0.001	0.001	0.001
0.001	0.001	0.997	0.001
0.997	0.001	0.001	0.001
>TATTTWTTTTTT	6-TATTTWTTTTTT	8.595168	-34.676480	0	T:152.0(21.90%),B:7892.5(11.25%),P:1e-15	Tpos:97.4,Tstd:52.8,Bpos:99.8,Bstd:148.7,StrandBias:-0.0,Multiplicity:1.26
0.160	0.001	0.099	0.740
0.522	0.001	0.124	0.353
0.002	0.011	0.001	0.986
0.001	0.040	0.001	0.958
0.021	0.001	0.001	0.977
0.321	0.040	0.217	0.422
0.315	0.013	0.060	0.612
0.193	0.150	0.001	0.656
0.277	0.001	0.066	0.656
0.284	0.067	0.172	0.478
0.081	0.001	0.001	0.917
0.206	0.001	0.067	0.726
>GAAAGTTTGGCA	7-GAAAGTTTGGCA	10.062839	-33.266064	0	T:25.0(3.60%),B:310.4(0.44%),P:1e-14	Tpos:100.6,Tstd:51.4,Bpos:103.4,Bstd:82.4,StrandBias:-0.1,Multiplicity:1.00
0.172	0.064	0.763	0.001
0.955	0.001	0.001	0.043
0.763	0.001	0.172	0.064
0.833	0.064	0.001	0.102
0.001	0.001	0.997	0.001
0.108	0.129	0.045	0.718
0.001	0.064	0.129	0.806
0.064	0.001	0.001	0.934
0.001	0.001	0.697	0.301
0.001	0.118	0.880	0.001
0.001	0.806	0.129	0.064
0.802	0.064	0.001	0.133
>GGGTCACCGTGC	8-GGGTCACCGTGC	11.957076	-32.474153	0	T:12.0(1.73%),B:37.0(0.05%),P:1e-14	Tpos:106.8,Tstd:43.9,Bpos:100.4,Bstd:50.5,StrandBias:-0.5,Multiplicity:1.00
0.258	0.001	0.740	0.001
0.001	0.001	0.997	0.001
0.001	0.001	0.997	0.001
0.237	0.001	0.237	0.525
0.001	0.749	0.249	0.001
0.997	0.001	0.001	0.001
0.001	0.997	0.001	0.001
0.001	0.748	0.001	0.250
0.261	0.001	0.725	0.013
0.001	0.236	0.001	0.762
0.001	0.236	0.762	0.001
0.001	0.997	0.001	0.001
>TATATATATATA	9-TATATATATATA	16.583400	-32.163095	0	T:12.0(1.73%),B:38.3(0.05%),P:1e-13	Tpos:130.8,Tstd:42.1,Bpos:105.3,Bstd:142.1,StrandBias:0.0,Multiplicity:1.00
0.001	0.003	0.001	0.995
0.997	0.001	0.001	0.001
0.001	0.001	0.001	0.997
0.992	0.006	0.001	0.001
0.001	0.001	0.001	0.997
0.994	0.004	0.001	0.001
0.001	0.001	0.001	0.997
0.993	0.005	0.001	0.001
0.001	0.001	0.001	0.997
0.995	0.003	0.001	0.001
0.001	0.001	0.001	0.997
0.997	0.001	0.001	0.001
>TCTTTMTTGACA	10-TCTTTMTTGACA	13.405524	-31.426453	0	T:9.0(1.30%),B:13.6(0.02%),P:1e-13	Tpos:110.4,Tstd:74.9,Bpos:107.1,Bstd:54.8,StrandBias:-2.8,Multiplicity:1.00
0.001	0.001	0.274	0.724
0.001	0.609	0.180	0.210
0.001	0.001	0.001	0.997
0.001	0.001	0.001	0.997
0.001	0.001	0.001	0.997
0.436	0.562	0.001	0.001
0.001	0.001	0.001	0.997
0.001	0.001	0.001	0.997
0.001	0.001	0.997	0.001
0.595	0.001	0.403	0.001
0.274	0.724	0.001	0.001
0.997	0.001	0.001	0.001
>ATTTTAAAGCTC	11-ATTTTAAAGCTC	16.434063	-27.889498	0	T:5.0(0.72%),B:1.4(0.00%),P:1e-12	Tpos:103.0,Tstd:63.6,Bpos:115.3,Bstd:53.2,StrandBias:2.0,Multiplicity:1.00
0.997	0.001	0.001	0.001
0.001	0.001	0.001	0.997
0.001	0.001	0.001	0.997
0.001	0.001	0.001	0.997
0.001	0.001	0.001	0.997
0.997	0.001	0.001	0.001
0.997	0.001	0.001	0.001
0.997	0.001	0.001	0.001
0.001	0.001	0.997	0.001
0.001	0.997	0.001	0.001
0.001	0.001	0.001	0.997
0.153	0.845	0.001	0.001
>AAATTGTAGCCC	12-AAATTGTAGCCC	13.653162	-25.530374	0	T:8.0(1.15%),B:16.2(0.02%),P:1e-11	Tpos:106.8,Tstd:56.6,Bpos:106.6,Bstd:47.7,StrandBias:0.0,Multiplicity:1.14
0.882	0.001	0.001	0.116
0.997	0.001	0.001	0.001
0.997	0.001	0.001	0.001
0.001	0.001	0.001	0.997
0.001	0.001	0.316	0.682
0.001	0.001	0.997	0.001
0.001	0.001	0.001	0.997
0.997	0.001	0.001	0.001
0.001	0.001	0.997	0.001
0.001	0.810	0.001	0.188
0.001	0.810	0.001	0.188
0.001	0.997	0.001	0.001
>AAATCATTCTAT	13-AAATCATTCTAT	13.433472	-24.793661	0	T:10.0(1.44%),B:40.2(0.06%),P:1e-10	Tpos:62.9,Tstd:42.3,Bpos:87.5,Bstd:107.9,StrandBias:0.0,Multiplicity:1.00
0.997	0.001	0.001	0.001
0.997	0.001	0.001	0.001
0.882	0.001	0.001	0.116
0.078	0.001	0.001	0.920
0.001	0.997	0.001	0.001
0.997	0.001	0.001	0.001
0.116	0.001	0.001	0.882
0.166	0.001	0.001	0.832
0.092	0.906	0.001	0.001
0.001	0.001	0.001	0.997
0.906	0.001	0.092	0.001
0.166	0.001	0.001	0.832
>CTGAATCTTTCA	14-CTGAATCTTTCA	9.880519	-24.530253	0	T:28.0(4.03%),B:588.1(0.84%),P:1e-10	Tpos:100.3,Tstd:57.2,Bpos:103.7,Bstd:120.9,StrandBias:-0.3,Multiplicity:1.07
0.189	0.651	0.135	0.025
0.106	0.001	0.077	0.816
0.038	0.077	0.884	0.001
0.750	0.068	0.039	0.143
0.896	0.001	0.001	0.102
0.049	0.001	0.077	0.873
0.085	0.715	0.059	0.141
0.049	0.118	0.039	0.794
0.038	0.001	0.001	0.960
0.017	0.001	0.060	0.922
0.096	0.865	0.038	0.001
0.879	0.043	0.077	0.001
>TGGACTTTTTGG	15-TGGACTTTTTGG	11.300470	-24.384397	0	T:17.0(2.45%),B:194.0(0.28%),P:1e-10	Tpos:96.6,Tstd:58.1,Bpos:98.3,Bstd:69.9,StrandBias:0.2,Multiplicity:1.00
0.001	0.001	0.181	0.817
0.133	0.001	0.865	0.001
0.225	0.001	0.538	0.236
0.997	0.001	0.001	0.001
0.001	0.570	0.321	0.108
0.083	0.001	0.001	0.915
0.001	0.001	0.254	0.744
0.001	0.001	0.107	0.891
0.001	0.001	0.001	0.997
0.001	0.001	0.001	0.997
0.001	0.001	0.997	0.001
0.309	0.001	0.582	0.108
>CTATAAGCTTAT	16-CTATAAGCTTAT	9.336895	-22.113917	0	T:24.0(3.46%),B:482.1(0.69%),P:1e-9	Tpos:98.2,Tstd:64.3,Bpos:103.9,Bstd:89.8,StrandBias:0.3,Multiplicity:1.00
0.072	0.636	0.160	0.132
0.241	0.041	0.001	0.717
0.704	0.041	0.132	0.123
0.001	0.064	0.001	0.934
0.815	0.103	0.041	0.041
0.958	0.001	0.001	0.040
0.002	0.082	0.915	0.001
0.001	0.929	0.001	0.069
0.081	0.001	0.001	0.917
0.041	0.041	0.147	0.771
0.958	0.040	0.001	0.001
0.078	0.127	0.041	0.754
>GGGGGGGGGGGG	17-GGGGGGGGGGGG	6.766140	-21.699486	0	T:42.0(6.05%),B:1387.6(1.98%),P:1e-9	Tpos:83.3,Tstd:47.5,Bpos:99.8,Bstd:68.1,StrandBias:-0.7,Multiplicity:1.26
0.136	0.108	0.618	0.138
0.092	0.148	0.648	0.112
0.094	0.109	0.737	0.060
0.134	0.085	0.759	0.022
0.089	0.038	0.811	0.062
0.104	0.041	0.816	0.039
0.082	0.037	0.851	0.030
0.073	0.040	0.842	0.045
0.077	0.056	0.784	0.083
0.097	0.045	0.758	0.100
0.085	0.076	0.723	0.116
0.161	0.048	0.656	0.135
>CGTGCGTGCGTG	18-CGTGCGTGCGTG	11.644030	-16.673304	0	T:7.0(1.01%),B:33.8(0.05%),P:1e-7	Tpos:74.4,Tstd:38.8,Bpos:97.4,Bstd:36.1,StrandBias:0.3,Multiplicity:1.29
0.001	0.997	0.001	0.001
0.160	0.001	0.838	0.001
0.001	0.001	0.001	0.997
0.005	0.001	0.833	0.161
0.001	0.677	0.161	0.161
0.160	0.001	0.838	0.001
0.001	0.001	0.001	0.997
0.001	0.001	0.997	0.001
0.326	0.672	0.001	0.001
0.005	0.161	0.512	0.322
0.001	0.321	0.001	0.677
0.001	0.001	0.997	0.001
>CATCATCATCAT	19-CATCATCATCAT	12.647793	-14.515046	0	T:8.0(1.15%),B:67.4(0.10%),P:1e-6	Tpos:88.7,Tstd:48.9,Bpos:104.3,Bstd:94.7,StrandBias:-2.4,Multiplicity:1.50
0.001	0.961	0.001	0.037
0.997	0.001	0.001	0.001
0.001	0.001	0.001	0.997
0.001	0.975	0.001	0.023
0.997	0.001	0.001	0.001
0.001	0.001	0.001	0.997
0.020	0.978	0.001	0.001
0.997	0.001	0.001	0.001
0.023	0.021	0.001	0.955
0.001	0.997	0.001	0.001
0.997	0.001	0.001	0.001
0.001	0.014	0.001	0.984
>TTATATTAGATT	20-TTATATTAGATT	10.145560	-12.965074	0	T:13.0(1.87%),B:254.6(0.36%),P:1e-5	Tpos:72.9,Tstd:56.6,Bpos:101.6,Bstd:97.7,StrandBias:0.5,Multiplicity:1.00
0.001	0.001	0.001	0.997
0.184	0.001	0.001	0.814
0.740	0.001	0.090	0.169
0.001	0.001	0.001	0.997
0.815	0.092	0.001	0.092
0.090	0.183	0.090	0.637
0.001	0.002	0.083	0.914
0.907	0.002	0.001	0.090
0.001	0.001	0.980	0.018
0.995	0.003	0.001	0.001
0.185	0.093	0.002	0.720
0.001	0.271	0.271	0.457
>ATCGGGCGAGTT	21-ATCGGGCGAGTT	14.859512	-9.932916	0	T:2.0(0.29%),B:1.5(0.00%),P:1e-4	Tpos:58.5,Tstd:21.8,Bpos:103.1,Bstd:19.4,StrandBias:10.0,Multiplicity:3.00
0.997	0.001	0.001	0.001
0.001	0.001	0.001	0.997
0.001	0.997	0.001	0.001
0.001	0.001	0.997	0.001
0.001	0.175	0.823	0.001
0.001	0.001	0.997	0.001
0.001	0.997	0.001	0.001
0.001	0.001	0.997	0.001
0.997	0.001	0.001	0.001
0.001	0.001	0.997	0.001
0.001	0.001	0.001	0.997
0.001	0.001	0.001	0.997
>TTGTTGTTGTTG	22-TTGTTGTTGTTG	12.980849	-8.104056	0	T:11.0(1.59%),B:306.4(0.44%),P:1e-3	Tpos:126.8,Tstd:46.5,Bpos:107.6,Bstd:76.3,StrandBias:2.5,Multiplicity:1.18
0.001	0.039	0.001	0.959
0.001	0.001	0.040	0.958
0.072	0.001	0.926	0.001
0.001	0.001	0.001	0.997
0.001	0.001	0.001	0.997
0.066	0.001	0.932	0.001
0.044	0.001	0.001	0.954
0.001	0.001	0.001	0.997
0.031	0.045	0.900	0.024
0.061	0.049	0.001	0.889
0.001	0.001	0.001	0.997
0.024	0.037	0.938	0.001
>GTCTGTCTGTCT	23-GTCTGTCTGTCT	13.452581	-7.271058	0	T:5.0(0.72%),B:69.2(0.10%),P:1e-3	Tpos:92.5,Tstd:63.9,Bpos:105.5,Bstd:73.7,StrandBias:-0.8,Multiplicity:1.60
0.001	0.044	0.954	0.001
0.001	0.001	0.001	0.997
0.001	0.954	0.044	0.001
0.001	0.080	0.001	0.918
0.001	0.050	0.948	0.001
0.001	0.001	0.001	0.997
0.001	0.997	0.001	0.001
0.001	0.001	0.001	0.997
0.001	0.043	0.898	0.058
0.001	0.001	0.001	0.997
0.001	0.919	0.079	0.001
0.001	0.001	0.001	0.997
>GTTAGGGTTAGG	24-GTTAGGGTTAGG	16.347589	-6.740283	0	T:2.0(0.29%),B:5.3(0.01%),P:1e-2	Tpos:137.5,Tstd:27.6,Bpos:97.6,Bstd:54.0,StrandBias:3.3,Multiplicity:5.50
0.001	0.001	0.997	0.001
0.001	0.001	0.001	0.997
0.001	0.001	0.001	0.997
0.997	0.001	0.001	0.001
0.001	0.001	0.997	0.001
0.001	0.001	0.997	0.001
0.001	0.001	0.997	0.001
0.001	0.001	0.001	0.997
0.001	0.001	0.001	0.997
0.997	0.001	0.001	0.001
0.001	0.001	0.997	0.001
0.223	0.001	0.775	0.001
>CATACATACATA	25-CATACATACATA	12.160867	-6.629776	0	T:8.0(1.15%),B:209.6(0.30%),P:1e-2	Tpos:124.1,Tstd:47.6,Bpos:102.9,Bstd:131.0,StrandBias:-0.2,Multiplicity:1.62
0.001	0.997	0.001	0.001
0.958	0.040	0.001	0.001
0.001	0.020	0.001	0.978
0.954	0.001	0.023	0.022
0.001	0.985	0.001	0.013
0.969	0.001	0.001	0.029
0.001	0.001	0.001	0.997
0.957	0.001	0.015	0.027
0.016	0.982	0.001	0.001
0.997	0.001	0.001	0.001
0.020	0.015	0.001	0.964
0.913	0.001	0.045	0.041
>AAAAATTT	1-AAAAATTT	6.175212	-62.982838	0	T:310.0(44.67%),B:17840.4(25.43%),P:1e-27	Tpos:97.7,Tstd:54.8,Bpos:99.5,Bstd:134.0,StrandBias:0.1,Multiplicity:1.45
0.610	0.152	0.141	0.097
0.772	0.008	0.147	0.073
0.956	0.001	0.021	0.022
0.927	0.031	0.023	0.019
0.702	0.079	0.106	0.113
0.209	0.089	0.107	0.595
0.107	0.043	0.117	0.733
0.145	0.021	0.127	0.707
>ATTTTTGA	2-ATTTTTGA	5.327118	-47.081893	0	T:421.0(60.66%),B:30074.1(42.87%),P:1e-20	Tpos:100.6,Tstd:56.8,Bpos:99.7,Bstd:124.3,StrandBias:0.1,Multiplicity:1.40
0.792	0.049	0.062	0.097
0.175	0.074	0.061	0.690
0.094	0.076	0.099	0.731
0.045	0.047	0.014	0.894
0.052	0.075	0.024	0.849
0.104	0.127	0.095	0.674
0.089	0.112	0.691	0.108
0.682	0.110	0.135	0.073
>AWAWATCD	3-AWAWATCD	4.920791	-37.420416	0	T:526.0(75.79%),B:42682.9(60.85%),P:1e-16	Tpos:96.4,Tstd:56.6,Bpos:99.8,Bstd:124.2,StrandBias:-0.2,Multiplicity:1.49
0.620	0.217	0.060	0.103
0.531	0.001	0.073	0.395
0.688	0.206	0.065	0.041
0.490	0.001	0.015	0.494
0.832	0.084	0.020	0.064
0.001	0.100	0.001	0.898
0.193	0.547	0.174	0.086
0.336	0.036	0.291	0.337
>CTCAAAVT	4-CTCAAAVT	3.278301	-33.151310	0	T:311.0(44.81%),B:21532.9(30.70%),P:1e-14	Tpos:98.8,Tstd:54.5,Bpos:100.1,Bstd:102.4,StrandBias:-0.3,Multiplicity:1.20
0.001	0.997	0.001	0.001
0.001	0.001	0.001	0.997
0.001	0.632	0.321	0.046
0.997	0.001	0.001	0.001
0.672	0.001	0.326	0.001
0.997	0.001	0.001	0.001
0.341	0.289	0.333	0.038
0.279	0.001	0.001	0.719
>TTTCTGGA	5-TTTCTGGA	4.997896	-30.772954	0	T:325.0(46.83%),B:23206.3(33.08%),P:1e-13	Tpos:103.0,Tstd:57.3,Bpos:100.6,Bstd:101.5,StrandBias:0.0,Multiplicity:1.23
0.071	0.077	0.112	0.740
0.109	0.046	0.032	0.813
0.059	0.130	0.094	0.717
0.110	0.684	0.057	0.149
0.138	0.029	0.075	0.758
0.024	0.145	0.735	0.096
0.055	0.065	0.811	0.069
0.753	0.044	0.112	0.091
>AACTTATA	6-AACTTATA	6.727379	-25.189803	0	T:107.0(15.42%),B:5440.7(7.76%),P:1e-10	Tpos:96.8,Tstd:55.1,Bpos:102.7,Bstd:108.2,StrandBias:-0.2,Multiplicity:1.09
0.900	0.001	0.027	0.072
0.690	0.040	0.269	0.001
0.001	0.919	0.079	0.001
0.001	0.021	0.032	0.946
0.001	0.045	0.001	0.953
0.973	0.001	0.025	0.001
0.049	0.044	0.091	0.816
0.922	0.039	0.038	0.001
>GGGGGGGG	7-GGGGGGGG	7.200884	-24.302836	0	T:34.0(4.90%),B:866.5(1.24%),P:1e-10	Tpos:80.1,Tstd:49.1,Bpos:100.2,Bstd:72.0,StrandBias:-0.9,Multiplicity:1.32
0.066	0.112	0.821	0.001
0.009	0.009	0.981	0.001
0.025	0.005	0.969	0.001
0.017	0.001	0.981	0.001
0.022	0.001	0.976	0.001
0.033	0.017	0.949	0.001
0.001	0.019	0.968	0.012
0.025	0.026	0.857	0.092
>AAAAAAAA	8-AAAAAAAA	6.277948	-23.483744	0	T:251.0(36.17%),B:17599.8(25.09%),P:1e-10	Tpos:104.6,Tstd:53.2,Bpos:100.3,Bstd:136.6,StrandBias:-0.3,Multiplicity:1.28
0.913	0.001	0.001	0.085
0.924	0.001	0.001	0.074
0.897	0.001	0.001	0.101
0.923	0.001	0.001	0.075
0.997	0.001	0.001	0.001
0.837	0.001	0.001	0.161
0.908	0.001	0.001	0.090
0.997	0.001	0.001	0.001
>CCCAGGGC	9-CCCAGGGC	7.401112	-19.946654	0	T:36.0(5.19%),B:1136.7(1.62%),P:1e-8	Tpos:88.9,Tstd:48.3,Bpos:97.2,Bstd:65.5,StrandBias:-0.4,Multiplicity:1.03
0.001	0.997	0.001	0.001
0.098	0.805	0.053	0.044
0.040	0.892	0.001	0.067
0.867	0.062	0.001	0.070
0.228	0.001	0.770	0.001
0.001	0.001	0.997	0.001
0.152	0.001	0.799	0.048
0.001	0.997	0.001	0.001
>GGATGGGG	10-GGATGGGG	6.898544	-19.764161	0	T:62.0(8.93%),B:2739.5(3.91%),P:1e-8	Tpos:115.7,Tstd:60.2,Bpos:99.1,Bstd:78.6,StrandBias:0.5,Multiplicity:1.08
0.199	0.001	0.696	0.104
0.001	0.001	0.997	0.001
0.997	0.001	0.001	0.001
0.015	0.001	0.126	0.858
0.001	0.001	0.632	0.366
0.134	0.001	0.864	0.001
0.304	0.089	0.542	0.065
0.093	0.001	0.905	0.001
>GYGCGTGC	11-GYGCGTGC	7.286588	-13.041756	0	T:30.0(4.32%),B:1141.4(1.63%),P:1e-5	Tpos:88.8,Tstd:50.0,Bpos:99.6,Bstd:67.2,StrandBias:0.1,Multiplicity:1.32
0.004	0.001	0.994	0.001
0.001	0.564	0.001	0.434
0.001	0.001	0.709	0.289
0.158	0.596	0.245	0.001
0.001	0.001	0.997	0.001
0.320	0.001	0.102	0.577
0.001	0.053	0.738	0.208
0.001	0.972	0.001	0.026
>TAGGCCTA	12-TAGGCCTA	8.236954	-11.358455	0	T:11.0(1.59%),B:211.1(0.30%),P:1e-4	Tpos:86.8,Tstd:41.6,Bpos:96.8,Bstd:63.7,StrandBias:0.0,Multiplicity:1.00
0.100	0.100	0.100	0.700
0.700	0.100	0.100	0.100
0.100	0.100	0.700	0.100
0.100	0.100	0.700	0.100
0.100	0.700	0.100	0.100
0.100	0.700	0.100	0.100
0.100	0.100	0.100	0.700
0.700	0.100	0.100	0.100
>AACTTTAT	13-AACTTTAT	10.781882	-11.117751	0	T:23.0(3.31%),B:831.2(1.18%),P:1e-4	Tpos:115.8,Tstd:65.6,Bpos:104.8,Bstd:112.2,StrandBias:0.1,Multiplicity:1.05
0.821	0.177	0.001	0.001
0.997	0.001	0.001	0.001
0.001	0.997	0.001	0.001
0.001	0.001	0.001	0.997
0.001	0.001	0.001	0.997
0.001	0.001	0.001	0.997
0.997	0.001	0.001	0.001
0.001	0.001	0.087	0.911
>TGTTGTTG	14-TGTTGTTG	8.579414	-10.353045	0	T:53.0(7.64%),B:2954.2(4.21%),P:1e-4	Tpos:121.2,Tstd:45.6,Bpos:98.7,Bstd:83.7,StrandBias:1.0,Multiplicity:1.10
0.001	0.001	0.001	0.997
0.001	0.001	0.997	0.001
0.001	0.001	0.001	0.997
0.001	0.001	0.001	0.997
0.001	0.101	0.897	0.001
0.001	0.001	0.001	0.997
0.115	0.001	0.001	0.883
0.001	0.199	0.799	0.001
>TATATATA	15-TATATATA	8.236954	-7.739319	0	T:15.0(2.16%),B:542.7(0.77%),P:1e-3	Tpos:132.2,Tstd:43.6,Bpos:101.7,Bstd:124.9,StrandBias:0.0,Multiplicity:1.13
0.100	0.100	0.100	0.700
0.700	0.100	0.100	0.100
0.100	0.100	0.100	0.700
0.700	0.100	0.100	0.100
0.100	0.100	0.100	0.700
0.700	0.100	0.100	0.100
0.100	0.100	0.100	0.700
0.700	0.100	0.100	0.100
>GTCTGTCT	16-GTCTGTCT	8.026135	-6.189946	0	T:28.0(4.03%),B:1549.6(2.21%),P:1e-2	Tpos:100.1,Tstd:63.6,Bpos:100.2,Bstd:88.6,StrandBias:0.1,Multiplicity:1.79
0.001	0.001	0.997	0.001
0.001	0.001	0.123	0.875
0.001	0.997	0.001	0.001
0.079	0.032	0.001	0.888
0.061	0.001	0.937	0.001
0.001	0.001	0.001	0.997
0.001	0.997	0.001	0.001
0.001	0.001	0.001	0.997
>AGGGTTAG	17-AGGGTTAG	8.255912	-4.616628	0	T:8.0(1.15%),B:294.8(0.42%),P:1e-2	Tpos:129.2,Tstd:41.1,Bpos:97.5,Bstd:83.3,StrandBias:1.6,Multiplicity:2.50
0.997	0.001	0.001	0.001
0.001	0.001	0.997	0.001
0.001	0.060	0.938	0.001
0.001	0.001	0.997	0.001
0.001	0.001	0.001	0.997
0.001	0.001	0.001	0.997
0.997	0.001	0.001	0.001
0.001	0.001	0.997	0.001
>TCATCATS	18-TCATCATS	6.821327	-3.596410	0	T:53.0(7.64%),B:4073.0(5.81%),P:1e-1	Tpos:92.2,Tstd:53.7,Bpos:97.1,Bstd:102.1,StrandBias:-0.1,Multiplicity:1.13
0.021	0.097	0.069	0.813
0.075	0.546	0.359	0.020
0.784	0.162	0.024	0.030
0.115	0.046	0.110	0.729
0.114	0.567	0.318	0.001
0.769	0.048	0.138	0.045
0.018	0.088	0.081	0.813
0.020	0.557	0.422	0.001
>ATACATAC	19-ATACATAC	8.236954	-1.838425	0	T:14.0(2.02%),B:1044.3(1.49%),P:1e0	Tpos:110.7,Tstd:51.8,Bpos:100.4,Bstd:123.4,StrandBias:0.0,Multiplicity:4.36
0.700	0.100	0.100	0.100
0.100	0.100	0.100	0.700
0.700	0.100	0.100	0.100
0.100	0.700	0.100	0.100
0.700	0.100	0.100	0.100
0.100	0.100	0.100	0.700
0.700	0.100	0.100	0.100
0.100	0.700	0.100	0.100
>GTTTGTTT	20-GTTTGTTT	8.236954	-0.773345	0	T:27.0(3.89%),B:2645.4(3.77%),P:1e0	Tpos:88.0,Tstd:49.7,Bpos:99.0,Bstd:134.2,StrandBias:1.1,Multiplicity:2.09
0.100	0.100	0.700	0.100
0.100	0.100	0.100	0.700
0.100	0.100	0.100	0.700
0.100	0.100	0.100	0.700
0.100	0.100	0.700	0.100
0.100	0.100	0.100	0.700
0.100	0.100	0.100	0.700
0.100	0.100	0.100	0.700
