>GAAAAAATTTAA	1-GAAAAAATTTAA	6.362961	-50.383617	0	T:318.0(45.82%),B:19895.5(28.36%),P:1e-21	Tpos:94.9,Tstd:55.7,Bpos:99.9,Bstd:133.9,StrandBias:0.0,Multiplicity:1.23
0.247	0.151	0.450	0.153
0.671	0.145	0.111	0.073
0.724	0.043	0.120	0.113
0.783	0.060	0.062	0.095
0.844	0.007	0.022	0.127
0.837	0.031	0.046	0.086
0.654	0.090	0.090	0.166
0.208	0.036	0.121	0.635
0.146	0.095	0.144	0.615
0.157	0.084	0.142	0.617
0.584	0.137	0.089	0.190
0.588	0.155	0.088	0.169
>ATTTKCWGCAAA	2-ATTTKCWGCAAA	8.990545	-42.283635	0	T:65.0(9.37%),B:1765.4(2.52%),P:1e-18	Tpos:95.0,Tstd:44.3,Bpos:102.4,Bstd:105.3,StrandBias:-0.3,Multiplicity:1.04
0.785	0.001	0.115	0.099
0.222	0.052	0.097	0.629
0.001	0.048	0.040	0.911
0.001	0.043	0.001	0.955
0.001	0.078	0.458	0.463
0.047	0.627	0.287	0.039
0.307	0.072	0.209	0.413
0.113	0.026	0.764	0.097
0.272	0.556	0.146	0.026
0.882	0.116	0.001	0.001
0.953	0.001	0.001	0.045
0.911	0.026	0.001	0.062
>AATTTTGAAATT	3-AATTTTGAAATT	6.765547	-41.434383	0	T:269.0(38.76%),B:16655.3(23.74%),P:1e-17	Tpos:100.0,Tstd:56.3,Bpos:101.3,Bstd:136.0,StrandBias:-0.2,Multiplicity:1.38
0.717	0.103	0.084	0.096
0.750	0.064	0.068	0.118
0.144	0.084	0.088	0.684
0.084	0.083	0.074	0.759
0.065	0.068	0.053	0.814
0.089	0.039	0.057	0.815
0.045	0.117	0.738	0.100
0.781	0.071	0.072	0.076
0.762	0.093	0.063	0.082
0.764	0.062	0.074	0.100
0.140	0.089	0.097	0.674
0.107	0.069	0.081	0.743
>GCAATATTTTAC	4-GCAATATTTTAC	8.677128	-39.633721	0	T:66.0(9.51%),B:1916.2(2.73%),P:1e-17	Tpos:115.7,Tstd:55.1,Bpos:99.0,Bstd:106.7,StrandBias:0.1,Multiplicity:1.06
0.413	0.001	0.585	0.001
0.144	0.803	0.001	0.052
0.913	0.001	0.001	0.085
0.809	0.088	0.001	0.102
0.104	0.371	0.001	0.524
0.730	0.178	0.001	0.091
0.079	0.001	0.001	0.919
0.149	0.187	0.001	0.663
0.102	0.001	0.001	0.896
0.188	0.082	0.176	0.554
0.551	0.001	0.052	0.396
0.078	0.832	0.089	0.001
>CTCAGGGACAGA	5-CTCAGGGACAGA	13.847241	-35.061792	0	T:10.0(1.44%),B:14.6(0.02%),P:1e-15	Tpos:88.3,Tstd:56.3,Bpos:109.6,Bstd:53.0,StrandBias:1.2,Multiplicity:1.00
0.001	0.857	0.141	0.001
0.141	0.001	0.001	0.857
0.141	0.857	0.001	0.001
0.708	0.001	0.290	0.001
0.001	0.001	0.997	0.001
0.001	0.001	0.997	0.001
0.001	0.001	0.997	0.001
0.997	0.001	0.001	0.001
0.001	0.857	0.001	0.141
0.997	0.001	0.001	0.001
0.001	0.001	0.997	0.001
0.997	0.001	0.001	0.001
>TATTTWTTTTTT	6-TATTTWTTTTTT	8.595168	-34.676480	0	T:152.0(21.90%),B:7892.5(11.25%),P:1e-15	Tpos:97.4,Tstd:52.8,Bpos:99.8,Bstd:148.7,StrandBias:-0.0,Multiplicity:1.26
0.160	0.001	0.099	0.740
0.522	0.001	0.124	0.353
0.002	0.011	0.001	0.986
0.001	0.040	0.001	0.958
0.021	0.001	0.001	0.977
0.321	0.040	0.217	0.422
0.315	0.013	0.060	0.612
0.193	0.150	0.001	0.656
0.277	0.001	0.066	0.656
0.284	0.067	0.172	0.478
0.081	0.001	0.001	0.917
0.206	0.001	0.067	0.726
>GAAAGTTTGGCA	7-GAAAGTTTGGCA	10.062839	-33.266064	0	T:25.0(3.60%),B:310.4(0.44%),P:1e-14	Tpos:100.6,Tstd:51.4,Bpos:103.4,Bstd:82.4,StrandBias:-0.1,Multiplicity:1.00
0.172	0.064	0.763	0.001
0.955	0.001	0.001	0.043
0.763	0.001	0.172	0.064
0.833	0.064	0.001	0.102
0.001	0.001	0.997	0.001
0.108	0.129	0.045	0.718
0.001	0.064	0.129	0.806
0.064	0.001	0.001	0.934
0.001	0.001	0.697	0.301
0.001	0.118	0.880	0.001
0.001	0.806	0.129	0.064
0.802	0.064	0.001	0.133
>GGGTCACCGTGC	8-GGGTCACCGTGC	11.957076	-32.474153	0	T:12.0(1.73%),B:37.0(0.05%),P:1e-14	Tpos:106.8,Tstd:43.9,Bpos:100.4,Bstd:50.5,StrandBias:-0.5,Multiplicity:1.00
0.258	0.001	0.740	0.001
0.001	0.001	0.997	0.001
0.001	0.001	0.997	0.001
0.237	0.001	0.237	0.525
0.001	0.749	0.249	0.001
0.997	0.001	0.001	0.001
0.001	0.997	0.001	0.001
0.001	0.748	0.001	0.250
0.261	0.001	0.725	0.013
0.001	0.236	0.001	0.762
0.001	0.236	0.762	0.001
0.001	0.997	0.001	0.001
>TATATATATATA	9-TATATATATATA	16.583400	-32.163095	0	T:12.0(1.73%),B:38.3(0.05%),P:1e-13	Tpos:130.8,Tstd:42.1,Bpos:105.3,Bstd:142.1,StrandBias:0.0,Multiplicity:1.00
0.001	0.003	0.001	0.995
0.997	0.001	0.001	0.001
0.001	0.001	0.001	0.997
0.992	0.006	0.001	0.001
0.001	0.001	0.001	0.997
0.994	0.004	0.001	0.001
0.001	0.001	0.001	0.997
0.993	0.005	0.001	0.001
0.001	0.001	0.001	0.997
0.995	0.003	0.001	0.001
0.001	0.001	0.001	0.997
0.997	0.001	0.001	0.001
>TCTTTMTTGACA	10-TCTTTMTTGACA	13.405524	-31.426453	0	T:9.0(1.30%),B:13.6(0.02%),P:1e-13	Tpos:110.4,Tstd:74.9,Bpos:107.1,Bstd:54.8,StrandBias:-2.8,Multiplicity:1.00
0.001	0.001	0.274	0.724
0.001	0.609	0.180	0.210
0.001	0.001	0.001	0.997
0.001	0.001	0.001	0.997
0.001	0.001	0.001	0.997
0.436	0.562	0.001	0.001
0.001	0.001	0.001	0.997
0.001	0.001	0.001	0.997
0.001	0.001	0.997	0.001
0.595	0.001	0.403	0.001
0.274	0.724	0.001	0.001
0.997	0.001	0.001	0.001
>ATTTTAAAGCTC	11-ATTTTAAAGCTC	16.434063	-27.889498	0	T:5.0(0.72%),B:1.4(0.00%),P:1e-12	Tpos:103.0,Tstd:63.6,Bpos:115.3,Bstd:53.2,StrandBias:2.0,Multiplicity:1.00
0.997	0.001	0.001	0.001
0.001	0.001	0.001	0.997
0.001	0.001	0.001	0.997
0.001	0.001	0.001	0.997
0.001	0.001	0.001	0.997
0.997	0.001	0.001	0.001
0.997	0.001	0.001	0.001
0.997	0.001	0.001	0.001
0.001	0.001	0.997	0.001
0.001	0.997	0.001	0.001
0.001	0.001	0.001	0.997
0.153	0.845	0.001	0.001
>AAATTGTAGCCC	12-AAATTGTAGCCC	13.653162	-25.530374	0	T:8.0(1.15%),B:16.2(0.02%),P:1e-11	Tpos:106.8,Tstd:56.6,Bpos:106.6,Bstd:47.7,StrandBias:0.0,Multiplicity:1.14
0.882	0.001	0.001	0.116
0.997	0.001	0.001	0.001
0.997	0.001	0.001	0.001
0.001	0.001	0.001	0.997
0.001	0.001	0.316	0.682
0.001	0.001	0.997	0.001
0.001	0.001	0.001	0.997
0.997	0.001	0.001	0.001
0.001	0.001	0.997	0.001
0.001	0.810	0.001	0.188
0.001	0.810	0.001	0.188
0.001	0.997	0.001	0.001
>AAATCATTCTAT	13-AAATCATTCTAT	13.433472	-24.793661	0	T:10.0(1.44%),B:40.2(0.06%),P:1e-10	Tpos:62.9,Tstd:42.3,Bpos:87.5,Bstd:107.9,StrandBias:0.0,Multiplicity:1.00
0.997	0.001	0.001	0.001
0.997	0.001	0.001	0.001
0.882	0.001	0.001	0.116
0.078	0.001	0.001	0.920
0.001	0.997	0.001	0.001
0.997	0.001	0.001	0.001
0.116	0.001	0.001	0.882
0.166	0.001	0.001	0.832
0.092	0.906	0.001	0.001
0.001	0.001	0.001	0.997
0.906	0.001	0.092	0.001
0.166	0.001	0.001	0.832
>CTGAATCTTTCA	14-CTGAATCTTTCA	9.880519	-24.530253	0	T:28.0(4.03%),B:588.1(0.84%),P:1e-10	Tpos:100.3,Tstd:57.2,Bpos:103.7,Bstd:120.9,StrandBias:-0.3,Multiplicity:1.07
0.189	0.651	0.135	0.025
0.106	0.001	0.077	0.816
0.038	0.077	0.884	0.001
0.750	0.068	0.039	0.143
0.896	0.001	0.001	0.102
0.049	0.001	0.077	0.873
0.085	0.715	0.059	0.141
0.049	0.118	0.039	0.794
0.038	0.001	0.001	0.960
0.017	0.001	0.060	0.922
0.096	0.865	0.038	0.001
0.879	0.043	0.077	0.001
>TGGACTTTTTGG	15-TGGACTTTTTGG	11.300470	-24.384397	0	T:17.0(2.45%),B:194.0(0.28%),P:1e-10	Tpos:96.6,Tstd:58.1,Bpos:98.3,Bstd:69.9,StrandBias:0.2,Multiplicity:1.00
0.001	0.001	0.181	0.817
0.133	0.001	0.865	0.001
0.225	0.001	0.538	0.236
0.997	0.001	0.001	0.001
0.001	0.570	0.321	0.108
0.083	0.001	0.001	0.915
0.001	0.001	0.254	0.744
0.001	0.001	0.107	0.891
0.001	0.001	0.001	0.997
0.001	0.001	0.001	0.997
0.001	0.001	0.997	0.001
0.309	0.001	0.582	0.108
>CTATAAGCTTAT	16-CTATAAGCTTAT	9.336895	-22.113917	0	T:24.0(3.46%),B:482.1(0.69%),P:1e-9	Tpos:98.2,Tstd:64.3,Bpos:103.9,Bstd:89.8,StrandBias:0.3,Multiplicity:1.00
0.072	0.636	0.160	0.132
0.241	0.041	0.001	0.717
0.704	0.041	0.132	0.123
0.001	0.064	0.001	0.934
0.815	0.103	0.041	0.041
0.958	0.001	0.001	0.040
0.002	0.082	0.915	0.001
0.001	0.929	0.001	0.069
0.081	0.001	0.001	0.917
0.041	0.041	0.147	0.771
0.958	0.040	0.001	0.001
0.078	0.127	0.041	0.754
>GGGGGGGGGGGG	17-GGGGGGGGGGGG	6.766140	-21.699486	0	T:42.0(6.05%),B:1387.6(1.98%),P:1e-9	Tpos:83.3,Tstd:47.5,Bpos:99.8,Bstd:68.1,StrandBias:-0.7,Multiplicity:1.26
0.136	0.108	0.618	0.138
0.092	0.148	0.648	0.112
0.094	0.109	0.737	0.060
0.134	0.085	0.759	0.022
0.089	0.038	0.811	0.062
0.104	0.041	0.816	0.039
0.082	0.037	0.851	0.030
0.073	0.040	0.842	0.045
0.077	0.056	0.784	0.083
0.097	0.045	0.758	0.100
0.085	0.076	0.723	0.116
0.161	0.048	0.656	0.135
>CGTGCGTGCGTG	18-CGTGCGTGCGTG	11.644030	-16.673304	0	T:7.0(1.01%),B:33.8(0.05%),P:1e-7	Tpos:74.4,Tstd:38.8,Bpos:97.4,Bstd:36.1,StrandBias:0.3,Multiplicity:1.29
0.001	0.997	0.001	0.001
0.160	0.001	0.838	0.001
0.001	0.001	0.001	0.997
0.005	0.001	0.833	0.161
0.001	0.677	0.161	0.161
0.160	0.001	0.838	0.001
0.001	0.001	0.001	0.997
0.001	0.001	0.997	0.001
0.326	0.672	0.001	0.001
0.005	0.161	0.512	0.322
0.001	0.321	0.001	0.677
0.001	0.001	0.997	0.001
>CATCATCATCAT	19-CATCATCATCAT	12.647793	-14.515046	0	T:8.0(1.15%),B:67.4(0.10%),P:1e-6	Tpos:88.7,Tstd:48.9,Bpos:104.3,Bstd:94.7,StrandBias:-2.4,Multiplicity:1.50
0.001	0.961	0.001	0.037
0.997	0.001	0.001	0.001
0.001	0.001	0.001	0.997
0.001	0.975	0.001	0.023
0.997	0.001	0.001	0.001
0.001	0.001	0.001	0.997
0.020	0.978	0.001	0.001
0.997	0.001	0.001	0.001
0.023	0.021	0.001	0.955
0.001	0.997	0.001	0.001
0.997	0.001	0.001	0.001
0.001	0.014	0.001	0.984
>TTATATTAGATT	20-TTATATTAGATT	10.145560	-12.965074	0	T:13.0(1.87%),B:254.6(0.36%),P:1e-5	Tpos:72.9,Tstd:56.6,Bpos:101.6,Bstd:97.7,StrandBias:0.5,Multiplicity:1.00
0.001	0.001	0.001	0.997
0.184	0.001	0.001	0.814
0.740	0.001	0.090	0.169
0.001	0.001	0.001	0.997
0.815	0.092	0.001	0.092
0.090	0.183	0.090	0.637
0.001	0.002	0.083	0.914
0.907	0.002	0.001	0.090
0.001	0.001	0.980	0.018
0.995	0.003	0.001	0.001
0.185	0.093	0.002	0.720
0.001	0.271	0.271	0.457
>ATCGGGCGAGTT	21-ATCGGGCGAGTT	14.859512	-9.932916	0	T:2.0(0.29%),B:1.5(0.00%),P:1e-4	Tpos:58.5,Tstd:21.8,Bpos:103.1,Bstd:19.4,StrandBias:10.0,Multiplicity:3.00
0.997	0.001	0.001	0.001
0.001	0.001	0.001	0.997
0.001	0.997	0.001	0.001
0.001	0.001	0.997	0.001
0.001	0.175	0.823	0.001
0.001	0.001	0.997	0.001
0.001	0.997	0.001	0.001
0.001	0.001	0.997	0.001
0.997	0.001	0.001	0.001
0.001	0.001	0.997	0.001
0.001	0.001	0.001	0.997
0.001	0.001	0.001	0.997
>TTGTTGTTGTTG	22-TTGTTGTTGTTG	12.980849	-8.104056	0	T:11.0(1.59%),B:306.4(0.44%),P:1e-3	Tpos:126.8,Tstd:46.5,Bpos:107.6,Bstd:76.3,StrandBias:2.5,Multiplicity:1.18
0.001	0.039	0.001	0.959
0.001	0.001	0.040	0.958
0.072	0.001	0.926	0.001
0.001	0.001	0.001	0.997
0.001	0.001	0.001	0.997
0.066	0.001	0.932	0.001
0.044	0.001	0.001	0.954
0.001	0.001	0.001	0.997
0.031	0.045	0.900	0.024
0.061	0.049	0.001	0.889
0.001	0.001	0.001	0.997
0.024	0.037	0.938	0.001
>GTCTGTCTGTCT	23-GTCTGTCTGTCT	13.452581	-7.271058	0	T:5.0(0.72%),B:69.2(0.10%),P:1e-3	Tpos:92.5,Tstd:63.9,Bpos:105.5,Bstd:73.7,StrandBias:-0.8,Multiplicity:1.60
0.001	0.044	0.954	0.001
0.001	0.001	0.001	0.997
0.001	0.954	0.044	0.001
0.001	0.080	0.001	0.918
0.001	0.050	0.948	0.001
0.001	0.001	0.001	0.997
0.001	0.997	0.001	0.001
0.001	0.001	0.001	0.997
0.001	0.043	0.898	0.058
0.001	0.001	0.001	0.997
0.001	0.919	0.079	0.001
0.001	0.001	0.001	0.997
>GTTAGGGTTAGG	24-GTTAGGGTTAGG	16.347589	-6.740283	0	T:2.0(0.29%),B:5.3(0.01%),P:1e-2	Tpos:137.5,Tstd:27.6,Bpos:97.6,Bstd:54.0,StrandBias:3.3,Multiplicity:5.50
0.001	0.001	0.997	0.001
0.001	0.001	0.001	0.997
0.001	0.001	0.001	0.997
0.997	0.001	0.001	0.001
0.001	0.001	0.997	0.001
0.001	0.001	0.997	0.001
0.001	0.001	0.997	0.001
0.001	0.001	0.001	0.997
0.001	0.001	0.001	0.997
0.997	0.001	0.001	0.001
0.001	0.001	0.997	0.001
0.223	0.001	0.775	0.001
>CATACATACATA	25-CATACATACATA	12.160867	-6.629776	0	T:8.0(1.15%),B:209.6(0.30%),P:1e-2	Tpos:124.1,Tstd:47.6,Bpos:102.9,Bstd:131.0,StrandBias:-0.2,Multiplicity:1.62
0.001	0.997	0.001	0.001
0.958	0.040	0.001	0.001
0.001	0.020	0.001	0.978
0.954	0.001	0.023	0.022
0.001	0.985	0.001	0.013
0.969	0.001	0.001	0.029
0.001	0.001	0.001	0.997
0.957	0.001	0.015	0.027
0.016	0.982	0.001	0.001
0.997	0.001	0.001	0.001
0.020	0.015	0.001	0.964
0.913	0.001	0.045	0.041
