>GTGCAGCG	1-GTGCAGCG	9.291466	-21.451483	0	T:27.0(3.88%),B:313.8(0.90%),P:1e-9	Tpos:113.6,Tstd:53.0,Bpos:104.5,Bstd:61.4,StrandBias:-0.8,Multiplicity:1.00
0.001	0.001	0.997	0.001
0.001	0.001	0.001	0.997
0.001	0.001	0.997	0.001
0.001	0.997	0.001	0.001
0.532	0.169	0.001	0.298
0.001	0.001	0.997	0.001
0.001	0.997	0.001	0.001
0.001	0.001	0.997	0.001
>CGGTAGGC	2-CGGTAGGC	6.961790	-16.018974	0	T:53.0(7.61%),B:1203.9(3.44%),P:1e-6	Tpos:100.2,Tstd:55.7,Bpos:104.4,Bstd:58.9,StrandBias:-0.5,Multiplicity:1.06
0.001	0.997	0.001	0.001
0.001	0.214	0.784	0.001
0.001	0.134	0.855	0.010
0.317	0.001	0.001	0.681
0.650	0.348	0.001	0.001
0.001	0.166	0.832	0.001
0.001	0.001	0.997	0.001
0.001	0.793	0.065	0.141
>TCGCTAAT	3-TCGCTAAT	6.944336	-14.800229	0	T:64.0(9.20%),B:1640.8(4.69%),P:1e-6	Tpos:102.7,Tstd:58.6,Bpos:97.4,Bstd:57.6,StrandBias:-0.4,Multiplicity:1.02
0.001	0.015	0.011	0.973
0.030	0.909	0.001	0.060
0.128	0.001	0.870	0.001
0.061	0.937	0.001	0.001
0.050	0.001	0.102	0.847
0.557	0.180	0.129	0.134
0.922	0.047	0.030	0.001
0.001	0.001	0.008	0.990
>GGTCCCAG	4-GGTCCCAG	5.911080	-12.277363	0	T:84.0(12.07%),B:2545.8(7.28%),P:1e-5	Tpos:109.4,Tstd:51.0,Bpos:103.9,Bstd:61.0,StrandBias:-0.1,Multiplicity:1.17
0.071	0.026	0.853	0.050
0.016	0.022	0.885	0.077
0.041	0.001	0.217	0.741
0.147	0.745	0.107	0.001
0.054	0.872	0.001	0.073
0.020	0.978	0.001	0.001
0.940	0.001	0.012	0.047
0.016	0.001	0.982	0.001
>ATAGATAG	5-ATAGATAG	8.236954	-0.887106	0	T:4.0(0.57%),B:164.5(0.47%),P:1e0	Tpos:49.6,Tstd:38.3,Bpos:87.9,Bstd:61.6,StrandBias:2.6,Multiplicity:5.25
0.700	0.100	0.100	0.100
0.100	0.100	0.100	0.700
0.700	0.100	0.100	0.100
0.100	0.100	0.700	0.100
0.700	0.100	0.100	0.100
0.100	0.100	0.100	0.700
0.700	0.100	0.100	0.100
0.100	0.100	0.700	0.100
