>GACGAGTCGT	1-GACGAGTCGT	10.154002	-29.103190	0	T:16.0(2.30%),B:61.0(0.17%),P:1e-12	Tpos:127.9,Tstd:48.6,Bpos:116.7,Bstd:54.2,StrandBias:0.4,Multiplicity:1.00
0.083	0.001	0.915	0.001
0.735	0.211	0.001	0.053
0.001	0.935	0.001	0.063
0.001	0.069	0.835	0.095
0.957	0.001	0.001	0.041
0.001	0.001	0.997	0.001
0.131	0.001	0.001	0.867
0.001	0.997	0.001	0.001
0.001	0.001	0.903	0.095
0.001	0.068	0.001	0.930
>TGGTATACCT	2-TGGTATACCT	8.488161	-25.123964	0	T:31.0(4.45%),B:349.1(1.00%),P:1e-10	Tpos:103.0,Tstd:50.5,Bpos:104.6,Bstd:59.0,StrandBias:0.3,Multiplicity:1.06
0.001	0.001	0.171	0.827
0.086	0.054	0.805	0.055
0.034	0.001	0.928	0.037
0.126	0.054	0.001	0.819
0.921	0.001	0.001	0.077
0.001	0.001	0.001	0.997
0.893	0.001	0.001	0.105
0.076	0.922	0.001	0.001
0.001	0.587	0.351	0.061
0.001	0.001	0.038	0.960
>GAGAGACCGA	3-GAGAGACCGA	9.753226	-23.534559	0	T:19.0(2.73%),B:133.4(0.38%),P:1e-10	Tpos:100.3,Tstd:50.2,Bpos:104.4,Bstd:61.4,StrandBias:1.6,Multiplicity:1.05
0.045	0.001	0.953	0.001
0.937	0.001	0.061	0.001
0.001	0.001	0.926	0.072
0.932	0.001	0.066	0.001
0.001	0.042	0.900	0.057
0.997	0.001	0.001	0.001
0.054	0.915	0.030	0.001
0.001	0.672	0.267	0.060
0.066	0.001	0.879	0.054
0.941	0.001	0.001	0.057
>GACTGCAGGG	4-GACTGCAGGG	10.356204	-23.163080	0	T:16.0(2.30%),B:90.9(0.26%),P:1e-10	Tpos:87.9,Tstd:60.4,Bpos:107.2,Bstd:60.3,StrandBias:-0.2,Multiplicity:1.06
0.001	0.001	0.997	0.001
0.787	0.001	0.001	0.211
0.001	0.627	0.371	0.001
0.001	0.001	0.001	0.997
0.001	0.001	0.997	0.001
0.001	0.997	0.001	0.001
0.647	0.001	0.001	0.351
0.001	0.001	0.997	0.001
0.001	0.298	0.700	0.001
0.001	0.001	0.997	0.001
>TGTGATATGC	5-TGTGATATGC	9.622678	-23.088084	0	T:27.0(3.88%),B:290.1(0.83%),P:1e-10	Tpos:100.0,Tstd:50.3,Bpos:100.9,Bstd:56.8,StrandBias:0.3,Multiplicity:1.00
0.060	0.001	0.001	0.938
0.055	0.001	0.908	0.036
0.082	0.073	0.001	0.844
0.038	0.001	0.960	0.001
0.946	0.001	0.001	0.052
0.033	0.128	0.087	0.752
0.936	0.062	0.001	0.001
0.001	0.001	0.069	0.929
0.001	0.001	0.997	0.001
0.043	0.855	0.056	0.046
>YCRATRWGAR	6-YCRATRWGAR	6.573104	-22.372034	0	T:120.0(17.24%),B:3332.5(9.53%),P:1e-9	Tpos:99.4,Tstd:52.0,Bpos:95.7,Bstd:55.8,StrandBias:-0.2,Multiplicity:1.08
0.008	0.443	0.012	0.537
0.006	0.665	0.003	0.326
0.475	0.023	0.461	0.041
0.476	0.295	0.207	0.022
0.016	0.047	0.005	0.932
0.423	0.020	0.391	0.166
0.310	0.218	0.030	0.442
0.194	0.174	0.405	0.226
0.967	0.005	0.018	0.010
0.415	0.024	0.300	0.260
>AGATTCCTCG	7-AGATTCCTCG	8.896471	-21.669436	0	T:19.0(2.73%),B:149.2(0.43%),P:1e-9	Tpos:93.4,Tstd:46.3,Bpos:105.3,Bstd:56.3,StrandBias:1.0,Multiplicity:1.00
0.997	0.001	0.001	0.001
0.045	0.070	0.780	0.105
0.997	0.001	0.001	0.001
0.081	0.001	0.125	0.793
0.001	0.001	0.001	0.997
0.103	0.827	0.001	0.069
0.042	0.956	0.001	0.001
0.069	0.065	0.001	0.865
0.001	0.947	0.001	0.051
0.001	0.054	0.894	0.051
>ACCTTTGACC	8-ACCTTTGACC	8.451705	-21.537382	0	T:50.0(7.18%),B:925.9(2.65%),P:1e-9	Tpos:78.9,Tstd:36.3,Bpos:87.4,Bstd:50.1,StrandBias:-0.3,Multiplicity:1.04
0.656	0.122	0.192	0.030
0.212	0.757	0.007	0.024
0.116	0.591	0.159	0.134
0.154	0.054	0.186	0.606
0.057	0.085	0.055	0.803
0.001	0.173	0.001	0.825
0.126	0.131	0.742	0.001
0.665	0.034	0.166	0.135
0.121	0.765	0.092	0.022
0.033	0.835	0.042	0.090
>ATCAGCTGTT	9-ATCAGCTGTT	8.575995	-20.297685	0	T:34.0(4.89%),B:504.5(1.44%),P:1e-8	Tpos:111.7,Tstd:56.0,Bpos:96.7,Bstd:57.7,StrandBias:-0.3,Multiplicity:1.03
0.681	0.226	0.001	0.092
0.117	0.001	0.001	0.881
0.001	0.729	0.112	0.158
0.840	0.001	0.048	0.111
0.131	0.001	0.867	0.001
0.150	0.789	0.060	0.001
0.001	0.213	0.159	0.627
0.001	0.001	0.997	0.001
0.102	0.126	0.010	0.762
0.001	0.175	0.001	0.823
>AGAATTTCTC	10-AGAATTTCTC	7.470992	-19.861567	0	T:63.0(9.05%),B:1391.5(3.98%),P:1e-8	Tpos:98.7,Tstd:55.5,Bpos:103.7,Bstd:57.3,StrandBias:0.6,Multiplicity:1.06
0.817	0.131	0.009	0.043
0.060	0.066	0.873	0.001
0.829	0.112	0.001	0.058
0.832	0.001	0.143	0.024
0.155	0.001	0.167	0.677
0.039	0.168	0.001	0.792
0.052	0.163	0.085	0.700
0.064	0.816	0.075	0.045
0.099	0.001	0.050	0.850
0.001	0.825	0.173	0.001
>CATGACGTCT	11-CATGACGTCT	9.903547	-19.805802	0	T:24.0(3.45%),B:270.8(0.77%),P:1e-8	Tpos:100.5,Tstd:56.5,Bpos:87.8,Bstd:52.1,StrandBias:0.1,Multiplicity:1.00
0.001	0.936	0.001	0.062
0.748	0.076	0.175	0.001
0.001	0.056	0.001	0.942
0.001	0.001	0.997	0.001
0.843	0.001	0.126	0.030
0.037	0.925	0.001	0.037
0.001	0.001	0.898	0.100
0.001	0.001	0.001	0.997
0.040	0.910	0.049	0.001
0.150	0.001	0.001	0.848
>TTGAGCGTTA	12-TTGAGCGTTA	10.296193	-18.870099	0	T:4.0(0.57%),B:1.6(0.00%),P:1e-8	Tpos:172.0,Tstd:1.7,Bpos:113.0,Bstd:60.3,StrandBias:10.0,Multiplicity:1.00
0.100	0.100	0.100	0.700
0.100	0.100	0.100	0.700
0.100	0.100	0.700	0.100
0.700	0.100	0.100	0.100
0.100	0.100	0.700	0.100
0.100	0.700	0.100	0.100
0.100	0.100	0.700	0.100
0.100	0.100	0.100	0.700
0.100	0.100	0.100	0.700
0.700	0.100	0.100	0.100
>TTAAAACGGT	13-TTAAAACGGT	6.951059	-18.383463	0	T:79.0(11.35%),B:2009.1(5.75%),P:1e-7	Tpos:91.5,Tstd:59.3,Bpos:101.9,Bstd:56.7,StrandBias:0.2,Multiplicity:1.08
0.060	0.030	0.080	0.830
0.089	0.049	0.081	0.781
0.748	0.102	0.117	0.033
0.877	0.035	0.057	0.031
0.808	0.055	0.072	0.065
0.787	0.087	0.049	0.077
0.117	0.805	0.018	0.060
0.093	0.085	0.759	0.063
0.082	0.095	0.774	0.049
0.053	0.043	0.065	0.839
>TTTGTCGACA	14-TTTGTCGACA	6.736262	-18.179684	0	T:84.0(12.07%),B:2201.2(6.29%),P:1e-7	Tpos:98.8,Tstd:51.5,Bpos:99.5,Bstd:57.2,StrandBias:0.5,Multiplicity:1.05
0.208	0.075	0.206	0.511
0.002	0.193	0.304	0.501
0.084	0.005	0.001	0.910
0.095	0.116	0.692	0.097
0.200	0.189	0.106	0.505
0.199	0.459	0.195	0.147
0.202	0.006	0.637	0.155
0.583	0.140	0.144	0.133
0.076	0.852	0.071	0.001
0.668	0.207	0.006	0.119
>CATAGTCTGC	15-CATAGTCTGC	9.945213	-17.947328	0	T:17.0(2.44%),B:149.8(0.43%),P:1e-7	Tpos:89.4,Tstd:51.1,Bpos:103.3,Bstd:59.5,StrandBias:0.4,Multiplicity:1.24
0.001	0.872	0.126	0.001
0.932	0.001	0.066	0.001
0.108	0.241	0.001	0.650
0.997	0.001	0.001	0.001
0.001	0.058	0.885	0.056
0.001	0.001	0.074	0.924
0.001	0.997	0.001	0.001
0.053	0.001	0.001	0.945
0.083	0.001	0.915	0.001
0.001	0.955	0.001	0.043
>CAGAATGGRT	16-CAGAATGGRT	8.554796	-16.906338	0	T:25.0(3.59%),B:340.4(0.97%),P:1e-7	Tpos:101.8,Tstd:60.2,Bpos:103.9,Bstd:56.3,StrandBias:0.1,Multiplicity:1.16
0.154	0.616	0.118	0.112
0.752	0.170	0.026	0.052
0.090	0.049	0.808	0.053
0.897	0.061	0.029	0.013
0.839	0.081	0.040	0.040
0.124	0.166	0.067	0.643
0.014	0.033	0.919	0.034
0.101	0.109	0.537	0.253
0.349	0.062	0.391	0.197
0.084	0.092	0.001	0.823
>AAGAGGAACA	17-AAGAGGAACA	9.629651	-16.813552	0	T:16.0(2.30%),B:142.7(0.41%),P:1e-7	Tpos:96.9,Tstd:59.4,Bpos:114.3,Bstd:55.7,StrandBias:0.8,Multiplicity:1.19
0.867	0.001	0.110	0.022
0.759	0.125	0.115	0.001
0.001	0.001	0.997	0.001
0.997	0.001	0.001	0.001
0.001	0.001	0.997	0.001
0.008	0.079	0.912	0.001
0.797	0.181	0.001	0.021
0.980	0.001	0.018	0.001
0.012	0.986	0.001	0.001
0.620	0.209	0.170	0.001
>CATKGTTCTC	18-CATKGTTCTC	10.300479	-16.336559	0	T:17.0(2.44%),B:167.2(0.48%),P:1e-7	Tpos:114.9,Tstd:49.5,Bpos:108.3,Bstd:52.6,StrandBias:0.3,Multiplicity:1.06
0.001	0.997	0.001	0.001
0.733	0.265	0.001	0.001
0.001	0.001	0.001	0.997
0.001	0.001	0.560	0.438
0.001	0.001	0.805	0.193
0.001	0.257	0.001	0.741
0.001	0.060	0.001	0.938
0.001	0.997	0.001	0.001
0.001	0.001	0.001	0.997
0.001	0.997	0.001	0.001
>AACAATGTTG	19-AACAATGTTG	9.744584	-14.862135	0	T:23.0(3.30%),B:328.8(0.94%),P:1e-6	Tpos:78.6,Tstd:46.7,Bpos:93.8,Bstd:55.9,StrandBias:0.1,Multiplicity:1.09
0.837	0.037	0.087	0.039
0.997	0.001	0.001	0.001
0.001	0.937	0.030	0.032
0.869	0.038	0.001	0.092
0.886	0.030	0.001	0.083
0.001	0.047	0.001	0.951
0.041	0.001	0.937	0.021
0.039	0.097	0.058	0.806
0.055	0.001	0.001	0.943
0.001	0.056	0.912	0.031
>CACATCACAT	20-CACATCACAT	11.373402	-13.942392	0	T:9.0(1.29%),B:49.7(0.14%),P:1e-6	Tpos:81.8,Tstd:60.2,Bpos:94.3,Bstd:48.1,StrandBias:0.3,Multiplicity:1.12
0.001	0.997	0.001	0.001
0.997	0.001	0.001	0.001
0.001	0.997	0.001	0.001
0.997	0.001	0.001	0.001
0.001	0.001	0.001	0.997
0.001	0.997	0.001	0.001
0.900	0.001	0.098	0.001
0.001	0.867	0.131	0.001
0.997	0.001	0.001	0.001
0.001	0.001	0.001	0.997
>CGGGGAACTT	21-CGGGGAACTT	10.296193	-13.372338	0	T:4.0(0.57%),B:4.8(0.01%),P:1e-5	Tpos:42.8,Tstd:17.6,Bpos:96.6,Bstd:48.7,StrandBias:1.6,Multiplicity:1.00
0.100	0.700	0.100	0.100
0.100	0.100	0.700	0.100
0.100	0.100	0.700	0.100
0.100	0.100	0.700	0.100
0.100	0.100	0.700	0.100
0.700	0.100	0.100	0.100
0.700	0.100	0.100	0.100
0.100	0.700	0.100	0.100
0.100	0.100	0.100	0.700
0.100	0.100	0.100	0.700
>AGTCTCATGT	22-AGTCTCATGT	10.296193	-12.495549	0	T:4.0(0.57%),B:6.0(0.02%),P:1e-5	Tpos:105.2,Tstd:45.6,Bpos:75.9,Bstd:29.6,StrandBias:1.6,Multiplicity:1.00
0.700	0.100	0.100	0.100
0.100	0.100	0.700	0.100
0.100	0.100	0.100	0.700
0.100	0.700	0.100	0.100
0.100	0.100	0.100	0.700
0.100	0.700	0.100	0.100
0.700	0.100	0.100	0.100
0.100	0.100	0.100	0.700
0.100	0.100	0.700	0.100
0.100	0.100	0.100	0.700
>YGTAGTGCCG	23-YGTAGTGCCG	8.983594	-12.470389	0	T:11.0(1.58%),B:93.3(0.27%),P:1e-5	Tpos:111.2,Tstd:49.7,Bpos:98.1,Bstd:62.4,StrandBias:-2.3,Multiplicity:1.09
0.211	0.374	0.041	0.374
0.155	0.001	0.784	0.060
0.066	0.007	0.173	0.754
0.791	0.131	0.073	0.005
0.078	0.001	0.920	0.001
0.002	0.017	0.007	0.974
0.006	0.070	0.923	0.001
0.041	0.880	0.078	0.001
0.060	0.802	0.073	0.065
0.132	0.072	0.795	0.001
>ATAAATAAAG	24-ATAAATAAAG	10.901538	-9.280327	0	T:10.0(1.44%),B:110.3(0.32%),P:1e-4	Tpos:108.1,Tstd:62.0,Bpos:79.6,Bstd:54.5,StrandBias:-2.0,Multiplicity:1.00
0.913	0.001	0.085	0.001
0.001	0.001	0.001	0.997
0.997	0.001	0.001	0.001
0.683	0.151	0.165	0.001
0.854	0.001	0.001	0.144
0.001	0.069	0.227	0.703
0.997	0.001	0.001	0.001
0.854	0.001	0.144	0.001
0.865	0.001	0.133	0.001
0.001	0.001	0.854	0.144
>CTATCTATAT	25-CTATCTATAT	10.168892	-8.864267	0	T:11.0(1.58%),B:139.4(0.40%),P:1e-3	Tpos:66.9,Tstd:56.1,Bpos:80.6,Bstd:56.8,StrandBias:-2.6,Multiplicity:1.00
0.195	0.677	0.127	0.001
0.320	0.001	0.001	0.678
0.997	0.001	0.001	0.001
0.001	0.146	0.001	0.852
0.001	0.997	0.001	0.001
0.099	0.052	0.001	0.848
0.997	0.001	0.001	0.001
0.001	0.172	0.001	0.826
0.656	0.259	0.001	0.084
0.001	0.001	0.183	0.815
