>TTAAAAAGGTAC	1-TTAAAAAGGTAC	10.422131	-30.287590	0	T:22.0(3.16%),B:131.0(0.37%),P:1e-13	Tpos:86.3,Tstd:57.3,Bpos:90.8,Bstd:55.8,StrandBias:0.2,Multiplicity:1.09
0.113	0.037	0.001	0.849
0.001	0.001	0.024	0.974
0.634	0.217	0.112	0.037
0.860	0.027	0.112	0.001
0.924	0.001	0.001	0.074
0.997	0.001	0.001	0.001
0.813	0.037	0.037	0.113
0.180	0.037	0.726	0.057
0.039	0.075	0.737	0.149
0.001	0.001	0.074	0.924
0.887	0.037	0.039	0.037
0.213	0.681	0.001	0.105
>GCTTCTCTTAGA	2-GCTTCTCTTAGA	14.323862	-30.119147	0	T:6.0(0.86%),B:1.4(0.00%),P:1e-13	Tpos:89.8,Tstd:45.0,Bpos:116.6,Bstd:18.1,StrandBias:2.3,Multiplicity:1.00
0.001	0.001	0.997	0.001
0.001	0.799	0.001	0.199
0.001	0.001	0.199	0.799
0.001	0.001	0.001	0.997
0.001	0.799	0.001	0.199
0.001	0.001	0.001	0.997
0.001	0.997	0.001	0.001
0.001	0.199	0.001	0.799
0.001	0.001	0.001	0.997
0.997	0.001	0.001	0.001
0.001	0.001	0.997	0.001
0.997	0.001	0.001	0.001
>TTTCGGAACTGC	3-TTTCGGAACTGC	14.042917	-28.335115	0	T:7.0(1.01%),B:3.7(0.01%),P:1e-12	Tpos:128.7,Tstd:53.3,Bpos:109.8,Bstd:45.3,StrandBias:1.3,Multiplicity:1.00
0.001	0.001	0.001	0.997
0.001	0.001	0.166	0.832
0.001	0.001	0.001	0.997
0.001	0.997	0.001	0.001
0.001	0.001	0.997	0.001
0.166	0.001	0.667	0.166
0.997	0.001	0.001	0.001
0.997	0.001	0.001	0.001
0.001	0.832	0.001	0.166
0.001	0.001	0.001	0.997
0.001	0.001	0.997	0.001
0.001	0.832	0.001	0.166
>AGGTCAAAGGTC	4-AGGTCAAAGGTC	8.880549	-26.619430	0	T:66.0(9.48%),B:1264.4(3.62%),P:1e-11	Tpos:81.5,Tstd:41.1,Bpos:84.5,Bstd:46.9,StrandBias:0.4,Multiplicity:1.05
0.733	0.031	0.158	0.078
0.057	0.001	0.912	0.030
0.001	0.030	0.830	0.139
0.091	0.120	0.035	0.754
0.001	0.799	0.112	0.088
0.939	0.001	0.059	0.001
0.862	0.001	0.041	0.096
0.794	0.022	0.064	0.120
0.001	0.030	0.879	0.090
0.030	0.001	0.840	0.129
0.030	0.030	0.043	0.897
0.091	0.764	0.061	0.084
>ATTTCCGTCTCT	5-ATTTCCGTCTCT	13.720183	-26.338566	0	T:7.0(1.01%),B:4.2(0.01%),P:1e-11	Tpos:143.7,Tstd:35.7,Bpos:112.8,Bstd:59.8,StrandBias:-0.4,Multiplicity:1.00
0.905	0.001	0.001	0.093
0.001	0.001	0.001	0.997
0.001	0.001	0.001	0.997
0.001	0.001	0.128	0.870
0.001	0.997	0.001	0.001
0.129	0.741	0.001	0.129
0.128	0.001	0.870	0.001
0.001	0.001	0.001	0.997
0.001	0.741	0.129	0.129
0.001	0.001	0.001	0.997
0.001	0.997	0.001	0.001
0.001	0.001	0.001	0.997
>ACGCAGCACTCG	6-ACGCAGCACTCG	14.323862	-25.977168	0	T:6.0(0.86%),B:2.3(0.01%),P:1e-11	Tpos:135.8,Tstd:56.4,Bpos:47.7,Bstd:15.1,StrandBias:1.0,Multiplicity:1.00
0.799	0.199	0.001	0.001
0.001	0.997	0.001	0.001
0.001	0.001	0.997	0.001
0.001	0.997	0.001	0.001
0.799	0.001	0.001	0.199
0.001	0.001	0.997	0.001
0.001	0.799	0.199	0.001
0.997	0.001	0.001	0.001
0.001	0.799	0.199	0.001
0.001	0.001	0.001	0.997
0.001	0.997	0.001	0.001
0.001	0.001	0.997	0.001
>ASCTMCGKKAGC	7-ASCTMCGKKAGC	11.427348	-25.977168	0	T:6.0(0.86%),B:2.5(0.01%),P:1e-11	Tpos:118.3,Tstd:53.0,Bpos:70.8,Bstd:11.8,StrandBias:-0.4,Multiplicity:1.00
0.997	0.001	0.001	0.001
0.018	0.443	0.538	0.001
0.001	0.908	0.001	0.090
0.108	0.001	0.001	0.890
0.443	0.555	0.001	0.001
0.001	0.908	0.001	0.090
0.001	0.090	0.908	0.001
0.001	0.001	0.555	0.443
0.001	0.001	0.555	0.443
0.997	0.001	0.001	0.001
0.001	0.089	0.909	0.001
0.001	0.997	0.001	0.001
>TTTACAAGTTAC	8-TTTACAAGTTAC	13.306023	-24.601577	0	T:9.0(1.29%),B:14.4(0.04%),P:1e-10	Tpos:70.2,Tstd:40.8,Bpos:80.8,Bstd:42.2,StrandBias:-1.0,Multiplicity:1.00
0.130	0.001	0.001	0.868
0.001	0.001	0.001	0.997
0.001	0.001	0.001	0.997
0.997	0.001	0.001	0.001
0.001	0.997	0.001	0.001
0.997	0.001	0.001	0.001
0.868	0.001	0.130	0.001
0.085	0.001	0.913	0.001
0.130	0.001	0.001	0.868
0.130	0.001	0.001	0.868
0.868	0.130	0.001	0.001
0.130	0.868	0.001	0.001
>GGAACCACCAAT	9-GGAACCACCAAT	14.640156	-24.402834	0	T:5.0(0.72%),B:1.6(0.00%),P:1e-10	Tpos:78.0,Tstd:46.5,Bpos:123.5,Bstd:2.2,StrandBias:2.0,Multiplicity:1.00
0.001	0.001	0.749	0.249
0.001	0.001	0.997	0.001
0.997	0.001	0.001	0.001
0.997	0.001	0.001	0.001
0.001	0.997	0.001	0.001
0.001	0.997	0.001	0.001
0.997	0.001	0.001	0.001
0.249	0.749	0.001	0.001
0.001	0.997	0.001	0.001
0.749	0.001	0.249	0.001
0.997	0.001	0.001	0.001
0.001	0.001	0.001	0.997
>AGAATGGATCGA	10-AGAATGGATCGA	14.083041	-23.534746	0	T:7.0(1.01%),B:6.7(0.02%),P:1e-10	Tpos:129.6,Tstd:66.5,Bpos:127.2,Bstd:22.5,StrandBias:0.0,Multiplicity:1.14
0.997	0.001	0.001	0.001
0.001	0.001	0.997	0.001
0.997	0.001	0.001	0.001
0.997	0.001	0.001	0.001
0.001	0.001	0.001	0.997
0.166	0.001	0.832	0.001
0.001	0.166	0.832	0.001
0.832	0.001	0.166	0.001
0.001	0.001	0.001	0.997
0.001	0.997	0.001	0.001
0.166	0.001	0.832	0.001
0.832	0.166	0.001	0.001
>TTGTCGACAACG	11-TTGTCGACAACG	7.068151	-23.412481	0	T:84.0(12.07%),B:1965.8(5.62%),P:1e-10	Tpos:103.0,Tstd:51.8,Bpos:101.9,Bstd:56.2,StrandBias:0.1,Multiplicity:1.04
0.083	0.064	0.058	0.795
0.036	0.068	0.056	0.840
0.056	0.086	0.762	0.096
0.105	0.047	0.074	0.774
0.122	0.710	0.108	0.060
0.166	0.044	0.704	0.086
0.772	0.086	0.051	0.091
0.059	0.806	0.056	0.079
0.843	0.029	0.071	0.057
0.731	0.077	0.059	0.133
0.134	0.615	0.099	0.152
0.103	0.122	0.650	0.125
>TCGTCCGCAACA	12-TCGTCCGCAACA	14.142935	-21.555391	0	T:7.0(1.01%),B:8.6(0.02%),P:1e-9	Tpos:93.6,Tstd:64.3,Bpos:89.8,Bstd:68.5,StrandBias:-2.6,Multiplicity:1.00
0.001	0.001	0.001	0.997
0.001	0.997	0.001	0.001
0.001	0.001	0.997	0.001
0.001	0.001	0.001	0.997
0.001	0.821	0.177	0.001
0.001	0.710	0.001	0.288
0.001	0.001	0.821	0.177
0.001	0.997	0.001	0.001
0.821	0.177	0.001	0.001
0.997	0.001	0.001	0.001
0.001	0.997	0.001	0.001
0.997	0.001	0.001	0.001
>GCGAAATTGTTY	13-GCGAAATTGTTY	9.965046	-21.345649	0	T:19.0(2.73%),B:152.1(0.44%),P:1e-9	Tpos:104.8,Tstd:45.6,Bpos:96.7,Bstd:58.1,StrandBias:0.7,Multiplicity:1.26
0.001	0.001	0.803	0.195
0.088	0.708	0.203	0.001
0.001	0.281	0.717	0.001
0.997	0.001	0.001	0.001
0.919	0.055	0.001	0.025
0.648	0.168	0.183	0.001
0.134	0.001	0.001	0.864
0.055	0.001	0.302	0.642
0.001	0.258	0.740	0.001
0.001	0.110	0.001	0.888
0.224	0.001	0.001	0.774
0.001	0.493	0.110	0.396
>CGGAGGAGAGGA	14-CGGAGGAGAGGA	15.106373	-20.953554	0	T:5.0(0.72%),B:2.5(0.01%),P:1e-9	Tpos:96.2,Tstd:47.2,Bpos:131.1,Bstd:17.1,StrandBias:2.0,Multiplicity:1.00
0.001	0.997	0.001	0.001
0.001	0.001	0.997	0.001
0.001	0.001	0.997	0.001
0.997	0.001	0.001	0.001
0.001	0.001	0.997	0.001
0.001	0.001	0.997	0.001
0.997	0.001	0.001	0.001
0.001	0.224	0.774	0.001
0.997	0.001	0.001	0.001
0.001	0.001	0.997	0.001
0.001	0.001	0.997	0.001
0.997	0.001	0.001	0.001
>AGATATCCGCGC	15-AGATATCCGCGC	14.640156	-20.953554	0	T:5.0(0.72%),B:2.4(0.01%),P:1e-9	Tpos:120.2,Tstd:50.6,Bpos:44.2,Bstd:34.0,StrandBias:0.6,Multiplicity:1.00
0.997	0.001	0.001	0.001
0.001	0.249	0.749	0.001
0.997	0.001	0.001	0.001
0.001	0.001	0.001	0.997
0.749	0.001	0.001	0.249
0.001	0.001	0.001	0.997
0.001	0.997	0.001	0.001
0.001	0.749	0.001	0.249
0.001	0.001	0.997	0.001
0.001	0.997	0.001	0.001
0.001	0.001	0.997	0.001
0.001	0.997	0.001	0.001
>ACKGCWCTACAC	16-ACKGCWCTACAC	12.862192	-20.577680	0	T:8.0(1.15%),B:15.7(0.04%),P:1e-8	Tpos:92.0,Tstd:61.6,Bpos:103.3,Bstd:67.1,StrandBias:1.8,Multiplicity:1.12
0.997	0.001	0.001	0.001
0.001	0.997	0.001	0.001
0.001	0.001	0.529	0.469
0.235	0.001	0.529	0.235
0.001	0.997	0.001	0.001
0.529	0.001	0.001	0.469
0.001	0.997	0.001	0.001
0.001	0.001	0.001	0.997
0.764	0.001	0.001	0.234
0.001	0.997	0.001	0.001
0.997	0.001	0.001	0.001
0.234	0.764	0.001	0.001
>SWACGMTGTTGA	17-SWACGMTGTTGA	9.790536	-20.121711	0	T:19.0(2.73%),B:164.8(0.47%),P:1e-8	Tpos:82.4,Tstd:48.5,Bpos:93.6,Bstd:54.4,StrandBias:0.5,Multiplicity:1.33
0.001	0.426	0.572	0.001
0.505	0.001	0.001	0.493
0.638	0.360	0.001	0.001
0.001	0.631	0.001	0.367
0.202	0.001	0.578	0.219
0.569	0.429	0.001	0.001
0.131	0.290	0.001	0.578
0.001	0.001	0.642	0.356
0.001	0.364	0.071	0.564
0.147	0.071	0.001	0.781
0.001	0.072	0.926	0.001
0.855	0.143	0.001	0.001
>CCCTTAAATTCT	18-CCCTTAAATTCT	14.042917	-18.942676	0	T:5.0(0.72%),B:3.8(0.01%),P:1e-8	Tpos:66.3,Tstd:40.9,Bpos:70.4,Bstd:44.5,StrandBias:1.0,Multiplicity:1.20
0.001	0.997	0.001	0.001
0.001	0.997	0.001	0.001
0.001	0.832	0.166	0.001
0.001	0.001	0.001	0.997
0.166	0.001	0.001	0.832
0.997	0.001	0.001	0.001
0.832	0.001	0.166	0.001
0.667	0.001	0.166	0.166
0.001	0.001	0.001	0.997
0.001	0.001	0.001	0.997
0.001	0.997	0.001	0.001
0.001	0.001	0.001	0.997
>AACTGAACTTGG	19-AACTGAACTTGG	12.355432	-18.870099	0	T:4.0(0.57%),B:0.8(0.00%),P:1e-8	Tpos:137.8,Tstd:32.7,Bpos:138.0,Bstd:0.0,StrandBias:-10.0,Multiplicity:1.00
0.700	0.100	0.100	0.100
0.700	0.100	0.100	0.100
0.100	0.700	0.100	0.100
0.100	0.100	0.100	0.700
0.100	0.100	0.700	0.100
0.700	0.100	0.100	0.100
0.700	0.100	0.100	0.100
0.100	0.700	0.100	0.100
0.100	0.100	0.100	0.700
0.100	0.100	0.100	0.700
0.100	0.100	0.700	0.100
0.100	0.100	0.700	0.100
>TKAATWTATATT	20-TKAATWTATATT	12.901958	-16.050707	0	T:7.0(1.01%),B:18.9(0.05%),P:1e-6	Tpos:103.8,Tstd:39.0,Bpos:88.1,Bstd:47.0,StrandBias:0.0,Multiplicity:1.00
0.001	0.001	0.001	0.997
0.001	0.001	0.486	0.512
0.841	0.157	0.001	0.001
0.494	0.001	0.316	0.189
0.065	0.001	0.158	0.776
0.523	0.001	0.001	0.475
0.001	0.001	0.001	0.997
0.997	0.001	0.001	0.001
0.001	0.001	0.001	0.997
0.737	0.001	0.001	0.261
0.001	0.001	0.001	0.997
0.001	0.001	0.001	0.997
>GGTTTGCTTGTA	21-GGTTTGCTTGTA	11.204673	-14.507271	0	T:4.0(0.57%),B:3.7(0.01%),P:1e-6	Tpos:53.5,Tstd:23.4,Bpos:163.1,Bstd:15.1,StrandBias:1.6,Multiplicity:1.00
0.202	0.001	0.796	0.001
0.001	0.001	0.997	0.001
0.001	0.001	0.001	0.997
0.001	0.194	0.001	0.804
0.001	0.001	0.001	0.997
0.001	0.001	0.997	0.001
0.001	0.997	0.001	0.001
0.001	0.001	0.001	0.997
0.001	0.001	0.033	0.965
0.001	0.001	0.997	0.001
0.001	0.001	0.161	0.837
0.997	0.001	0.001	0.001
>TTATTTATTTAT	22-TTATTTATTTAT	10.206442	-13.068779	0	T:21.0(3.02%),B:312.1(0.89%),P:1e-5	Tpos:59.8,Tstd:59.4,Bpos:79.5,Bstd:50.4,StrandBias:-0.8,Multiplicity:1.00
0.001	0.055	0.067	0.877
0.005	0.056	0.183	0.756
0.816	0.001	0.067	0.116
0.001	0.317	0.001	0.681
0.001	0.001	0.066	0.932
0.067	0.001	0.190	0.742
0.815	0.107	0.077	0.001
0.001	0.104	0.001	0.894
0.176	0.001	0.001	0.822
0.044	0.081	0.211	0.664
0.997	0.001	0.001	0.001
0.001	0.066	0.001	0.932
>ACTGACAGACAG	23-ACTGACAGACAG	10.126111	-11.482448	0	T:18.0(2.59%),B:266.2(0.76%),P:1e-4	Tpos:128.5,Tstd:48.5,Bpos:96.1,Bstd:62.3,StrandBias:-1.1,Multiplicity:1.06
0.768	0.072	0.001	0.159
0.171	0.827	0.001	0.001
0.109	0.001	0.001	0.889
0.001	0.099	0.894	0.006
0.899	0.099	0.001	0.001
0.100	0.698	0.137	0.065
0.997	0.001	0.001	0.001
0.001	0.001	0.834	0.164
0.795	0.105	0.001	0.099
0.146	0.852	0.001	0.001
0.796	0.099	0.104	0.001
0.001	0.001	0.753	0.245
>AGATAGATAGAT	24-AGATAGATAGAT	11.565617	-10.265617	0	T:9.0(1.29%),B:78.4(0.22%),P:1e-4	Tpos:54.5,Tstd:41.5,Bpos:82.9,Bstd:59.6,StrandBias:2.5,Multiplicity:1.00
0.705	0.147	0.147	0.001
0.001	0.001	0.997	0.001
0.997	0.001	0.001	0.001
0.177	0.001	0.001	0.821
0.704	0.001	0.001	0.294
0.001	0.001	0.745	0.253
0.851	0.001	0.147	0.001
0.147	0.001	0.001	0.851
0.997	0.001	0.001	0.001
0.001	0.295	0.480	0.224
0.851	0.001	0.147	0.001
0.001	0.001	0.001	0.997
>GTCTGCTGGTAT	25-GTCTGCTGGTAT	12.355432	-3.926817	0	T:1.0(0.14%),B:0.0(0.00%),P:1e-1	Tpos:118.8,Tstd:60.9,Bpos:0.0,Bstd:0.0,StrandBias:10.0,Multiplicity:4.00
0.100	0.100	0.700	0.100
0.100	0.100	0.100	0.700
0.100	0.700	0.100	0.100
0.100	0.100	0.100	0.700
0.100	0.100	0.700	0.100
0.100	0.700	0.100	0.100
0.100	0.100	0.100	0.700
0.100	0.100	0.700	0.100
0.100	0.100	0.700	0.100
0.100	0.100	0.100	0.700
0.700	0.100	0.100	0.100
0.100	0.100	0.100	0.700
