>TTMACACCTC	1-TTMACACCTC	6.670949	-371.363526	0	T:488.0(46.65%),B:9376.8(12.46%),P:1e-161	Tpos:98.6,Tstd:47.7,Bpos:100.8,Bstd:67.6,StrandBias:0.1,Multiplicity:1.26
0.019	0.075	0.041	0.865
0.034	0.055	0.018	0.893
0.485	0.390	0.072	0.053
0.737	0.029	0.213	0.021
0.009	0.958	0.006	0.027
0.888	0.011	0.079	0.022
0.013	0.940	0.034	0.013
0.100	0.795	0.023	0.082
0.001	0.037	0.060	0.902
0.150	0.542	0.074	0.234
>AATTAWCACC	2-AATTAWCACC	7.236308	-107.744619	0	T:203.0(19.41%),B:4637.6(6.16%),P:1e-46	Tpos:98.9,Tstd:53.4,Bpos:99.9,Bstd:68.8,StrandBias:-0.4,Multiplicity:1.03
0.872	0.041	0.074	0.013
0.573	0.342	0.043	0.042
0.139	0.180	0.092	0.589
0.061	0.089	0.017	0.833
0.788	0.053	0.114	0.045
0.515	0.007	0.025	0.453
0.030	0.920	0.023	0.027
0.609	0.033	0.331	0.027
0.211	0.704	0.084	0.001
0.011	0.672	0.189	0.128
>GCTMAATTTA	3-GCTMAATTTA	8.803820	-55.435517	0	T:74.0(7.07%),B:1240.4(1.65%),P:1e-24	Tpos:95.1,Tstd:53.6,Bpos:101.4,Bstd:71.1,StrandBias:0.3,Multiplicity:1.00
0.001	0.311	0.470	0.218
0.001	0.863	0.001	0.135
0.001	0.366	0.001	0.632
0.461	0.376	0.015	0.148
0.997	0.001	0.001	0.001
0.566	0.001	0.025	0.408
0.001	0.081	0.001	0.917
0.158	0.098	0.220	0.524
0.001	0.001	0.001	0.997
0.729	0.001	0.269	0.001
>ATCRTAGGAC	4-ATCRTAGGAC	10.949230	-52.151361	0	T:24.0(2.29%),B:85.0(0.11%),P:1e-22	Tpos:85.4,Tstd:51.0,Bpos:87.2,Bstd:66.1,StrandBias:0.5,Multiplicity:1.00
0.700	0.001	0.298	0.001
0.001	0.001	0.001	0.997
0.001	0.997	0.001	0.001
0.477	0.001	0.521	0.001
0.001	0.166	0.001	0.832
0.997	0.001	0.001	0.001
0.001	0.001	0.997	0.001
0.001	0.001	0.997	0.001
0.997	0.001	0.001	0.001
0.001	0.997	0.001	0.001
>GAACGAAAGG	5-GAACGAAAGG	9.984275	-48.898760	0	T:44.0(4.21%),B:481.9(0.64%),P:1e-21	Tpos:105.3,Tstd:51.3,Bpos:101.8,Bstd:59.6,StrandBias:0.3,Multiplicity:1.02
0.059	0.001	0.939	0.001
0.890	0.001	0.001	0.108
0.876	0.001	0.122	0.001
0.001	0.997	0.001	0.001
0.062	0.001	0.936	0.001
0.997	0.001	0.001	0.001
0.694	0.140	0.001	0.165
0.881	0.001	0.117	0.001
0.117	0.001	0.881	0.001
0.001	0.001	0.897	0.101
>TTGAAAGTGT	6-TTGAAAGTGT	9.895586	-48.213864	0	T:39.0(3.73%),B:371.3(0.49%),P:1e-20	Tpos:101.8,Tstd:40.7,Bpos:102.7,Bstd:74.9,StrandBias:-0.7,Multiplicity:1.00
0.001	0.001	0.001	0.997
0.001	0.001	0.001	0.997
0.001	0.001	0.812	0.186
0.997	0.001	0.001	0.001
0.952	0.001	0.001	0.046
0.973	0.001	0.025	0.001
0.001	0.001	0.997	0.001
0.001	0.001	0.001	0.997
0.001	0.001	0.997	0.001
0.001	0.001	0.001	0.997
>AATTATTCAC	7-AATTATTCAC	11.818496	-47.146272	0	T:31.0(2.96%),B:217.8(0.29%),P:1e-20	Tpos:81.0,Tstd:37.7,Bpos:99.9,Bstd:69.8,StrandBias:1.2,Multiplicity:1.00
0.997	0.001	0.001	0.001
0.997	0.001	0.001	0.001
0.001	0.001	0.001	0.997
0.001	0.001	0.001	0.997
0.997	0.001	0.001	0.001
0.001	0.001	0.001	0.997
0.001	0.001	0.001	0.997
0.001	0.997	0.001	0.001
0.997	0.001	0.001	0.001
0.001	0.865	0.133	0.001
>AACGTACCCA	8-AACGTACCCA	10.686272	-42.718124	0	T:21.0(2.01%),B:87.7(0.12%),P:1e-18	Tpos:88.4,Tstd:45.0,Bpos:90.9,Bstd:67.0,StrandBias:1.0,Multiplicity:1.00
0.941	0.001	0.001	0.057
0.909	0.037	0.001	0.053
0.134	0.864	0.001	0.001
0.001	0.001	0.997	0.001
0.001	0.001	0.001	0.997
0.997	0.001	0.001	0.001
0.001	0.997	0.001	0.001
0.001	0.997	0.001	0.001
0.001	0.949	0.001	0.049
0.997	0.001	0.001	0.001
>AGTGMAAMTG	9-AGTGMAAMTG	7.065124	-41.277647	0	T:43.0(4.11%),B:563.4(0.75%),P:1e-17	Tpos:110.9,Tstd:59.7,Bpos:101.9,Bstd:72.1,StrandBias:0.4,Multiplicity:1.00
0.714	0.238	0.029	0.019
0.015	0.024	0.946	0.015
0.191	0.184	0.226	0.398
0.200	0.038	0.581	0.181
0.412	0.273	0.144	0.170
0.471	0.020	0.206	0.303
0.461	0.218	0.020	0.302
0.483	0.480	0.016	0.020
0.267	0.187	0.024	0.522
0.013	0.195	0.558	0.234
>AASGTCTGTA	10-AASGTCTGTA	11.000617	-37.582429	0	T:25.0(2.39%),B:181.1(0.24%),P:1e-16	Tpos:88.3,Tstd:43.7,Bpos:92.3,Bstd:63.4,StrandBias:0.8,Multiplicity:1.00
0.767	0.001	0.231	0.001
0.997	0.001	0.001	0.001
0.001	0.457	0.541	0.001
0.133	0.130	0.736	0.001
0.001	0.001	0.001	0.997
0.358	0.640	0.001	0.001
0.001	0.001	0.001	0.997
0.001	0.001	0.997	0.001
0.001	0.370	0.001	0.628
0.997	0.001	0.001	0.001
>CAAGCGAGMT	11-CAAGCGAGMT	8.869850	-36.051136	0	T:28.0(2.68%),B:256.3(0.34%),P:1e-15	Tpos:113.2,Tstd:58.6,Bpos:101.5,Bstd:68.9,StrandBias:-0.2,Multiplicity:1.00
0.282	0.511	0.001	0.206
0.911	0.001	0.004	0.084
0.877	0.001	0.060	0.062
0.103	0.127	0.591	0.179
0.067	0.873	0.059	0.001
0.127	0.057	0.815	0.001
0.769	0.072	0.060	0.099
0.104	0.001	0.892	0.003
0.409	0.345	0.001	0.245
0.001	0.094	0.001	0.904
>TACCTCCATG	12-TACCTCCATG	9.009248	-34.524369	0	T:48.0(4.59%),B:845.5(1.12%),P:1e-14	Tpos:100.3,Tstd:52.8,Bpos:100.7,Bstd:66.9,StrandBias:-0.7,Multiplicity:1.19
0.001	0.001	0.001	0.997
0.977	0.001	0.001	0.021
0.001	0.941	0.057	0.001
0.202	0.796	0.001	0.001
0.001	0.069	0.031	0.899
0.001	0.951	0.047	0.001
0.001	0.997	0.001	0.001
0.974	0.001	0.001	0.024
0.038	0.001	0.001	0.960
0.142	0.233	0.624	0.001
>CGGTAGACTA	13-CGGTAGACTA	10.323608	-34.351247	0	T:25.0(2.39%),B:209.3(0.28%),P:1e-14	Tpos:80.3,Tstd:41.2,Bpos:104.9,Bstd:53.1,StrandBias:-0.8,Multiplicity:1.00
0.042	0.917	0.001	0.040
0.001	0.064	0.934	0.001
0.001	0.001	0.997	0.001
0.001	0.001	0.001	0.997
0.997	0.001	0.001	0.001
0.064	0.001	0.934	0.001
0.997	0.001	0.001	0.001
0.001	0.937	0.001	0.061
0.047	0.001	0.001	0.951
0.945	0.001	0.053	0.001
>TGTTTTGGGC	14-TGTTTTGGGC	10.296193	-34.347129	0	T:14.0(1.34%),B:39.8(0.05%),P:1e-14	Tpos:78.9,Tstd:43.0,Bpos:96.9,Bstd:79.6,StrandBias:-0.4,Multiplicity:1.00
0.100	0.100	0.100	0.700
0.100	0.100	0.700	0.100
0.100	0.100	0.100	0.700
0.100	0.100	0.100	0.700
0.100	0.100	0.100	0.700
0.100	0.100	0.100	0.700
0.100	0.100	0.700	0.100
0.100	0.100	0.700	0.100
0.100	0.100	0.700	0.100
0.100	0.700	0.100	0.100
>MTTTTCATAT	15-MTTTTCATAT	12.609854	-32.854052	0	T:29.0(2.77%),B:316.9(0.42%),P:1e-14	Tpos:100.0,Tstd:46.5,Bpos:97.2,Bstd:63.6,StrandBias:-0.3,Multiplicity:1.00
0.480	0.518	0.001	0.001
0.001	0.001	0.001	0.997
0.001	0.001	0.001	0.997
0.001	0.001	0.001	0.997
0.001	0.129	0.001	0.869
0.350	0.648	0.001	0.001
0.997	0.001	0.001	0.001
0.001	0.001	0.001	0.997
0.997	0.001	0.001	0.001
0.001	0.001	0.001	0.997
>NRYGCGRMAN	16-NRYGCGRMAN	5.987038	-30.884323	0	T:16.0(1.53%),B:76.2(0.10%),P:1e-13	Tpos:79.5,Tstd:54.7,Bpos:110.3,Bstd:63.7,StrandBias:-1.0,Multiplicity:1.00
0.203	0.191	0.319	0.287
0.444	0.141	0.400	0.015
0.142	0.250	0.218	0.390
0.034	0.104	0.754	0.108
0.001	0.888	0.110	0.001
0.001	0.354	0.575	0.070
0.363	0.180	0.254	0.203
0.370	0.281	0.178	0.170
0.491	0.176	0.263	0.071
0.301	0.219	0.237	0.243
>MAAGACCMNG	17-MAAGACCMNG	7.639321	-30.512387	0	T:39.0(3.73%),B:639.7(0.85%),P:1e-13	Tpos:115.7,Tstd:56.8,Bpos:99.1,Bstd:68.9,StrandBias:0.6,Multiplicity:1.00
0.518	0.419	0.013	0.050
0.560	0.023	0.387	0.030
0.635	0.034	0.314	0.017
0.103	0.053	0.774	0.070
0.786	0.080	0.083	0.051
0.035	0.599	0.027	0.339
0.076	0.827	0.028	0.069
0.427	0.318	0.028	0.227
0.239	0.250	0.233	0.278
0.075	0.057	0.591	0.277
>CCGTGCTCCG	18-CCGTGCTCCG	11.619495	-29.784896	0	T:10.0(0.96%),B:17.3(0.02%),P:1e-12	Tpos:72.6,Tstd:58.4,Bpos:73.6,Bstd:89.1,StrandBias:0.0,Multiplicity:1.00
0.001	0.997	0.001	0.001
0.001	0.997	0.001	0.001
0.001	0.001	0.997	0.001
0.001	0.001	0.001	0.997
0.001	0.001	0.997	0.001
0.109	0.889	0.001	0.001
0.001	0.001	0.001	0.997
0.001	0.997	0.001	0.001
0.001	0.997	0.001	0.001
0.001	0.001	0.997	0.001
>ATGGTCGTCT	19-ATGGTCGTCT	10.628588	-28.371085	0	T:23.0(2.20%),B:227.5(0.30%),P:1e-12	Tpos:88.1,Tstd:40.4,Bpos:96.8,Bstd:47.8,StrandBias:-1.2,Multiplicity:1.00
0.936	0.001	0.062	0.001
0.001	0.001	0.001	0.997
0.001	0.001	0.997	0.001
0.001	0.001	0.997	0.001
0.049	0.001	0.001	0.949
0.053	0.877	0.001	0.069
0.001	0.001	0.997	0.001
0.001	0.001	0.001	0.997
0.001	0.997	0.001	0.001
0.001	0.001	0.001	0.997
>GCGAAAACTG	20-GCGAAAACTG	10.608364	-27.691806	0	T:17.0(1.63%),B:111.3(0.15%),P:1e-12	Tpos:79.1,Tstd:53.3,Bpos:89.7,Bstd:64.7,StrandBias:-0.2,Multiplicity:1.00
0.001	0.001	0.997	0.001
0.001	0.997	0.001	0.001
0.112	0.001	0.886	0.001
0.997	0.001	0.001	0.001
0.737	0.001	0.261	0.001
0.690	0.001	0.308	0.001
0.997	0.001	0.001	0.001
0.001	0.997	0.001	0.001
0.001	0.308	0.001	0.690
0.001	0.001	0.997	0.001
>AAGCCTCCAA	21-AAGCCTCCAA	10.742544	-26.021267	0	T:18.0(1.72%),B:143.4(0.19%),P:1e-11	Tpos:93.5,Tstd:56.2,Bpos:102.2,Bstd:78.4,StrandBias:0.0,Multiplicity:1.00
0.997	0.001	0.001	0.001
0.921	0.001	0.001	0.077
0.001	0.001	0.997	0.001
0.001	0.863	0.001	0.135
0.001	0.997	0.001	0.001
0.001	0.001	0.001	0.997
0.001	0.997	0.001	0.001
0.001	0.936	0.001	0.062
0.912	0.086	0.001	0.001
0.997	0.001	0.001	0.001
>CTGTATTTTC	22-CTGTATTTTC	11.268965	-24.658187	0	T:20.0(1.91%),B:200.4(0.27%),P:1e-10	Tpos:122.2,Tstd:64.7,Bpos:109.4,Bstd:71.2,StrandBias:-0.2,Multiplicity:1.00
0.001	0.997	0.001	0.001
0.001	0.001	0.001	0.997
0.001	0.001	0.997	0.001
0.001	0.001	0.001	0.997
0.997	0.001	0.001	0.001
0.001	0.001	0.001	0.997
0.001	0.001	0.001	0.997
0.001	0.001	0.001	0.997
0.001	0.086	0.001	0.912
0.001	0.890	0.108	0.001
>TCCCCCCTCC	23-TCCCCCCTCC	6.746990	-22.954040	0	T:101.0(9.66%),B:3660.9(4.87%),P:1e-9	Tpos:95.7,Tstd:50.9,Bpos:98.7,Bstd:67.5,StrandBias:0.6,Multiplicity:1.11
0.073	0.139	0.070	0.718
0.054	0.813	0.055	0.078
0.063	0.836	0.024	0.077
0.036	0.811	0.060	0.093
0.071	0.812	0.048	0.069
0.044	0.882	0.001	0.073
0.099	0.746	0.050	0.105
0.075	0.097	0.001	0.827
0.096	0.785	0.016	0.103
0.081	0.776	0.032	0.111
>AGTCCGCTCA	24-AGTCCGCTCA	10.296193	-22.732798	0	T:5.0(0.48%),B:2.7(0.00%),P:1e-9	Tpos:111.2,Tstd:22.1,Bpos:102.9,Bstd:39.7,StrandBias:-0.6,Multiplicity:1.00
0.700	0.100	0.100	0.100
0.100	0.100	0.700	0.100
0.100	0.100	0.100	0.700
0.100	0.700	0.100	0.100
0.100	0.700	0.100	0.100
0.100	0.100	0.700	0.100
0.100	0.700	0.100	0.100
0.100	0.100	0.100	0.700
0.100	0.700	0.100	0.100
0.700	0.100	0.100	0.100
>VGATGSCAYC	25-VGATGSCAYC	8.621365	-19.041270	0	T:10.0(0.96%),B:52.2(0.07%),P:1e-8	Tpos:117.3,Tstd:79.4,Bpos:110.5,Bstd:57.0,StrandBias:-0.6,Multiplicity:1.00
0.284	0.397	0.319	0.001
0.001	0.001	0.997	0.001
0.948	0.001	0.001	0.050
0.025	0.001	0.067	0.907
0.055	0.151	0.683	0.111
0.001	0.350	0.489	0.161
0.103	0.548	0.265	0.084
0.459	0.267	0.273	0.001
0.260	0.307	0.001	0.431
0.001	0.600	0.281	0.118
>HADTTMACACCT	1-HADTTMACACCT	6.750828	-369.418690	0	T:412.0(39.39%),B:6482.2(8.62%),P:1e-160	Tpos:100.3,Tstd:47.0,Bpos:101.0,Bstd:68.3,StrandBias:0.2,Multiplicity:1.21
0.273	0.320	0.168	0.239
0.417	0.186	0.188	0.209
0.317	0.155	0.196	0.332
0.001	0.001	0.001	0.997
0.001	0.001	0.001	0.997
0.524	0.461	0.014	0.001
0.912	0.001	0.056	0.031
0.001	0.997	0.001	0.001
0.997	0.001	0.001	0.001
0.001	0.997	0.001	0.001
0.033	0.766	0.001	0.200
0.001	0.060	0.027	0.912
>AAAGGTGTGAGA	2-AAAGGTGTGAGA	8.944187	-93.304331	0	T:103.0(9.85%),B:1422.0(1.89%),P:1e-40	Tpos:92.5,Tstd:50.9,Bpos:97.3,Bstd:69.7,StrandBias:-0.4,Multiplicity:1.00
0.823	0.067	0.058	0.052
0.871	0.016	0.087	0.026
0.882	0.026	0.014	0.078
0.069	0.064	0.808	0.059
0.077	0.061	0.819	0.043
0.130	0.018	0.071	0.781
0.026	0.018	0.894	0.062
0.022	0.052	0.026	0.900
0.063	0.125	0.739	0.073
0.843	0.048	0.019	0.090
0.138	0.072	0.698	0.092
0.947	0.026	0.026	0.001
>ACAGTGCATAAT	3-ACAGTGCATAAT	10.556600	-88.379193	0	T:35.0(3.35%),B:84.1(0.11%),P:1e-38	Tpos:78.3,Tstd:30.7,Bpos:96.7,Bstd:62.9,StrandBias:-0.3,Multiplicity:1.00
0.997	0.001	0.001	0.001
0.001	0.997	0.001	0.001
0.990	0.001	0.001	0.008
0.001	0.070	0.928	0.001
0.001	0.001	0.001	0.997
0.001	0.001	0.997	0.001
0.317	0.681	0.001	0.001
0.997	0.001	0.001	0.001
0.001	0.001	0.001	0.997
0.997	0.001	0.001	0.001
0.997	0.001	0.001	0.001
0.001	0.001	0.001	0.997
>GTCGTAGGACCG	4-GTCGTAGGACCG	9.910156	-74.077087	0	T:22.0(2.10%),B:23.5(0.03%),P:1e-32	Tpos:80.0,Tstd:48.9,Bpos:70.0,Bstd:61.6,StrandBias:0.8,Multiplicity:1.00
0.188	0.001	0.810	0.001
0.001	0.001	0.001	0.997
0.001	0.997	0.001	0.001
0.188	0.001	0.810	0.001
0.001	0.188	0.001	0.810
0.997	0.001	0.001	0.001
0.001	0.001	0.997	0.001
0.001	0.001	0.997	0.001
0.997	0.001	0.001	0.001
0.001	0.997	0.001	0.001
0.001	0.813	0.001	0.185
0.001	0.001	0.997	0.001
>TAGAACAAAAGG	5-TAGAACAAAAGG	13.434774	-64.706952	0	T:39.0(3.73%),B:232.1(0.31%),P:1e-28	Tpos:98.4,Tstd:41.6,Bpos:100.4,Bstd:55.4,StrandBias:1.3,Multiplicity:1.00
0.168	0.001	0.273	0.558
0.790	0.001	0.208	0.001
0.001	0.001	0.997	0.001
0.997	0.001	0.001	0.001
0.997	0.001	0.001	0.001
0.001	0.997	0.001	0.001
0.997	0.001	0.001	0.001
0.997	0.001	0.001	0.001
0.997	0.001	0.001	0.001
0.800	0.001	0.198	0.001
0.001	0.333	0.665	0.001
0.274	0.001	0.724	0.001
>AAAAGGTATGTA	6-AAAAGGTATGTA	14.025460	-61.466108	0	T:19.0(1.82%),B:23.1(0.03%),P:1e-26	Tpos:81.9,Tstd:35.7,Bpos:110.8,Bstd:59.2,StrandBias:0.8,Multiplicity:1.00
0.997	0.001	0.001	0.001
0.997	0.001	0.001	0.001
0.997	0.001	0.001	0.001
0.997	0.001	0.001	0.001
0.001	0.076	0.922	0.001
0.001	0.001	0.997	0.001
0.001	0.001	0.001	0.997
0.997	0.001	0.001	0.001
0.001	0.001	0.001	0.997
0.001	0.001	0.997	0.001
0.001	0.001	0.001	0.997
0.997	0.001	0.001	0.001
>CAAAAGACRCGT	7-CAAAAGACRCGT	11.161351	-59.754818	0	T:20.0(1.91%),B:31.9(0.04%),P:1e-25	Tpos:77.7,Tstd:38.8,Bpos:69.1,Bstd:45.8,StrandBias:0.0,Multiplicity:1.00
0.001	0.992	0.006	0.001
0.997	0.001	0.001	0.001
0.997	0.001	0.001	0.001
0.997	0.001	0.001	0.001
0.997	0.001	0.001	0.001
0.001	0.078	0.920	0.001
0.997	0.001	0.001	0.001
0.103	0.895	0.001	0.001
0.539	0.001	0.455	0.005
0.001	0.997	0.001	0.001
0.001	0.001	0.997	0.001
0.001	0.001	0.001	0.997
>AGTGAAACTGGC	8-AGTGAAACTGGC	13.287518	-58.150768	0	T:18.0(1.72%),B:22.5(0.03%),P:1e-25	Tpos:121.6,Tstd:67.9,Bpos:110.2,Bstd:71.4,StrandBias:0.7,Multiplicity:1.00
0.997	0.001	0.001	0.001
0.001	0.001	0.997	0.001
0.001	0.001	0.001	0.997
0.001	0.001	0.997	0.001
0.997	0.001	0.001	0.001
0.938	0.001	0.001	0.060
0.997	0.001	0.001	0.001
0.001	0.997	0.001	0.001
0.001	0.001	0.001	0.997
0.001	0.001	0.997	0.001
0.001	0.243	0.755	0.001
0.001	0.947	0.001	0.051
>ATCTTGCTTGCA	9-ATCTTGCTTGCA	13.501551	-57.363574	0	T:18.0(1.72%),B:23.4(0.03%),P:1e-24	Tpos:131.5,Tstd:61.9,Bpos:111.9,Bstd:76.6,StrandBias:0.0,Multiplicity:1.00
0.997	0.001	0.001	0.001
0.001	0.001	0.001	0.997
0.287	0.711	0.001	0.001
0.001	0.001	0.001	0.997
0.001	0.368	0.001	0.630
0.001	0.001	0.997	0.001
0.001	0.997	0.001	0.001
0.001	0.287	0.001	0.711
0.001	0.024	0.001	0.974
0.001	0.001	0.656	0.342
0.001	0.625	0.001	0.373
0.997	0.001	0.001	0.001
>TTGAAAGTGTCC	10-TTGAAAGTGTCC	12.875195	-49.682224	0	T:20.0(1.91%),B:52.5(0.07%),P:1e-21	Tpos:105.8,Tstd:32.5,Bpos:96.2,Bstd:66.8,StrandBias:-1.2,Multiplicity:1.00
0.001	0.001	0.001	0.997
0.001	0.001	0.001	0.997
0.001	0.083	0.873	0.043
0.997	0.001	0.001	0.001
0.916	0.082	0.001	0.001
0.997	0.001	0.001	0.001
0.049	0.001	0.898	0.052
0.001	0.001	0.001	0.997
0.001	0.001	0.997	0.001
0.001	0.001	0.001	0.997
0.001	0.765	0.233	0.001
0.001	0.793	0.069	0.137
>TGCTCCGTGCAA	11-TGCTCCGTGCAA	14.050547	-47.417422	0	T:14.0(1.34%),B:15.2(0.02%),P:1e-20	Tpos:85.6,Tstd:57.4,Bpos:104.8,Bstd:97.0,StrandBias:0.4,Multiplicity:1.00
0.001	0.001	0.001	0.997
0.001	0.001	0.997	0.001
0.001	0.997	0.001	0.001
0.001	0.001	0.001	0.997
0.001	0.997	0.001	0.001
0.001	0.997	0.001	0.001
0.095	0.001	0.903	0.001
0.095	0.001	0.001	0.903
0.095	0.001	0.903	0.001
0.001	0.997	0.001	0.001
0.997	0.001	0.001	0.001
0.997	0.001	0.001	0.001
>CATTTTAATTTG	12-CATTTTAATTTG	12.240778	-43.174739	0	T:27.0(2.58%),B:175.5(0.23%),P:1e-18	Tpos:99.9,Tstd:54.0,Bpos:108.5,Bstd:63.5,StrandBias:0.5,Multiplicity:1.00
0.001	0.883	0.115	0.001
0.997	0.001	0.001	0.001
0.060	0.001	0.001	0.938
0.096	0.001	0.001	0.902
0.001	0.116	0.079	0.804
0.050	0.079	0.001	0.870
0.883	0.043	0.073	0.001
0.871	0.064	0.001	0.064
0.001	0.369	0.001	0.629
0.377	0.001	0.001	0.621
0.001	0.001	0.001	0.997
0.001	0.001	0.871	0.127
>TCCCAAATTTAG	13-TCCCAAATTTAG	13.603831	-41.486012	0	T:16.0(1.53%),B:38.5(0.05%),P:1e-18	Tpos:86.5,Tstd:46.3,Bpos:93.3,Bstd:63.4,StrandBias:0.0,Multiplicity:1.00
0.001	0.001	0.001	0.997
0.001	0.642	0.068	0.289
0.099	0.899	0.001	0.001
0.001	0.899	0.001	0.099
0.997	0.001	0.001	0.001
0.899	0.001	0.099	0.001
0.997	0.001	0.001	0.001
0.001	0.001	0.001	0.997
0.001	0.001	0.001	0.997
0.001	0.001	0.001	0.997
0.997	0.001	0.001	0.001
0.001	0.001	0.997	0.001
>AATACGACGAGA	14-AATACGACGAGA	11.444550	-40.393767	0	T:14.0(1.34%),B:25.9(0.03%),P:1e-17	Tpos:109.9,Tstd:73.6,Bpos:116.6,Bstd:56.1,StrandBias:-0.4,Multiplicity:1.00
0.898	0.001	0.100	0.001
0.898	0.100	0.001	0.001
0.201	0.001	0.001	0.797
0.596	0.101	0.302	0.001
0.001	0.914	0.001	0.084
0.001	0.001	0.898	0.100
0.797	0.001	0.201	0.001
0.101	0.797	0.101	0.001
0.084	0.001	0.914	0.001
0.898	0.100	0.001	0.001
0.001	0.201	0.629	0.169
0.997	0.001	0.001	0.001
>GAGCATAACAAC	15-GAGCATAACAAC	13.421083	-39.341886	0	T:14.0(1.34%),B:27.2(0.04%),P:1e-17	Tpos:104.0,Tstd:57.6,Bpos:109.7,Bstd:61.2,StrandBias:0.8,Multiplicity:1.00
0.001	0.001	0.997	0.001
0.896	0.001	0.001	0.102
0.001	0.001	0.997	0.001
0.001	0.913	0.001	0.085
0.997	0.001	0.001	0.001
0.278	0.077	0.103	0.542
0.997	0.001	0.001	0.001
0.997	0.001	0.001	0.001
0.001	0.997	0.001	0.001
0.997	0.001	0.001	0.001
0.997	0.001	0.001	0.001
0.001	0.997	0.001	0.001
>MATAGTCTACCG	16-MATAGTCTACCG	13.097432	-36.232007	0	T:21.0(2.01%),B:121.3(0.16%),P:1e-15	Tpos:86.3,Tstd:41.8,Bpos:102.4,Bstd:44.6,StrandBias:0.7,Multiplicity:1.00
0.463	0.535	0.001	0.001
0.901	0.001	0.001	0.097
0.001	0.001	0.001	0.997
0.901	0.001	0.001	0.097
0.001	0.001	0.997	0.001
0.001	0.001	0.001	0.997
0.001	0.901	0.001	0.097
0.001	0.001	0.001	0.997
0.997	0.001	0.001	0.001
0.001	0.997	0.001	0.001
0.001	0.901	0.097	0.001
0.001	0.001	0.901	0.097
>GCACAATCAGAG	17-GCACAATCAGAG	14.448317	-36.084784	0	T:8.0(0.76%),B:3.5(0.00%),P:1e-15	Tpos:124.1,Tstd:32.4,Bpos:110.5,Bstd:35.9,StrandBias:0.7,Multiplicity:1.00
0.001	0.001	0.997	0.001
0.001	0.997	0.001	0.001
0.997	0.001	0.001	0.001
0.001	0.997	0.001	0.001
0.997	0.001	0.001	0.001
0.997	0.001	0.001	0.001
0.001	0.001	0.001	0.997
0.001	0.997	0.001	0.001
0.997	0.001	0.001	0.001
0.001	0.001	0.997	0.001
0.997	0.001	0.001	0.001
0.001	0.001	0.882	0.116
>CCTTRGCACAAA	18-CCTTRGCACAAA	12.334026	-34.306486	0	T:20.0(1.91%),B:117.8(0.16%),P:1e-14	Tpos:79.5,Tstd:55.8,Bpos:87.9,Bstd:71.4,StrandBias:0.9,Multiplicity:1.00
0.001	0.997	0.001	0.001
0.001	0.997	0.001	0.001
0.001	0.001	0.001	0.997
0.001	0.001	0.001	0.997
0.471	0.001	0.335	0.194
0.001	0.001	0.997	0.001
0.287	0.711	0.001	0.001
0.997	0.001	0.001	0.001
0.250	0.571	0.001	0.178
0.997	0.001	0.001	0.001
0.997	0.001	0.001	0.001
0.997	0.001	0.001	0.001
>TTCTATAACAAG	19-TTCTATAACAAG	12.355432	-32.259562	0	T:6.0(0.57%),B:0.4(0.00%),P:1e-14	Tpos:110.0,Tstd:64.2,Bpos:66.0,Bstd:0.0,StrandBias:1.0,Multiplicity:1.00
0.100	0.100	0.100	0.700
0.100	0.100	0.100	0.700
0.100	0.700	0.100	0.100
0.100	0.100	0.100	0.700
0.700	0.100	0.100	0.100
0.100	0.100	0.100	0.700
0.700	0.100	0.100	0.100
0.700	0.100	0.100	0.100
0.100	0.700	0.100	0.100
0.700	0.100	0.100	0.100
0.700	0.100	0.100	0.100
0.100	0.100	0.700	0.100
>TCACAAAGTCAC	20-TCACAAAGTCAC	12.355432	-30.821015	0	T:7.0(0.67%),B:3.6(0.00%),P:1e-13	Tpos:128.4,Tstd:34.3,Bpos:153.5,Bstd:23.7,StrandBias:0.4,Multiplicity:1.00
0.100	0.100	0.100	0.700
0.100	0.700	0.100	0.100
0.700	0.100	0.100	0.100
0.100	0.700	0.100	0.100
0.700	0.100	0.100	0.100
0.700	0.100	0.100	0.100
0.700	0.100	0.100	0.100
0.100	0.100	0.700	0.100
0.100	0.100	0.100	0.700
0.100	0.700	0.100	0.100
0.700	0.100	0.100	0.100
0.100	0.700	0.100	0.100
>CATGGAGKTARW	21-CATGGAGKTARW	8.545581	-30.743496	0	T:63.0(6.02%),B:1508.7(2.01%),P:1e-13	Tpos:103.8,Tstd:46.7,Bpos:97.9,Bstd:67.3,StrandBias:0.4,Multiplicity:1.14
0.001	0.823	0.041	0.135
0.958	0.001	0.001	0.040
0.040	0.001	0.001	0.958
0.398	0.001	0.600	0.001
0.001	0.082	0.876	0.041
0.753	0.111	0.084	0.052
0.145	0.001	0.597	0.257
0.082	0.179	0.393	0.346
0.186	0.001	0.189	0.624
0.688	0.028	0.243	0.041
0.441	0.054	0.310	0.195
0.553	0.001	0.001	0.445
>CTTTGTTTGTGG	22-CTTTGTTTGTGG	14.101446	-29.745645	0	T:16.0(1.53%),B:82.5(0.11%),P:1e-12	Tpos:72.1,Tstd:44.9,Bpos:101.4,Bstd:84.3,StrandBias:-0.7,Multiplicity:1.00
0.001	0.997	0.001	0.001
0.001	0.001	0.001	0.997
0.001	0.001	0.001	0.997
0.001	0.001	0.001	0.997
0.001	0.001	0.997	0.001
0.001	0.001	0.001	0.997
0.001	0.001	0.001	0.997
0.001	0.001	0.082	0.916
0.001	0.001	0.997	0.001
0.001	0.001	0.001	0.997
0.001	0.001	0.997	0.001
0.001	0.001	0.997	0.001
>CTTTGTCCATTC	23-CTTTGTCCATTC	12.355432	-24.938220	0	T:7.0(0.67%),B:7.4(0.01%),P:1e-10	Tpos:106.4,Tstd:67.8,Bpos:103.9,Bstd:23.4,StrandBias:0.4,Multiplicity:1.00
0.100	0.700	0.100	0.100
0.100	0.100	0.100	0.700
0.100	0.100	0.100	0.700
0.100	0.100	0.100	0.700
0.100	0.100	0.700	0.100
0.100	0.100	0.100	0.700
0.100	0.700	0.100	0.100
0.100	0.700	0.100	0.100
0.700	0.100	0.100	0.100
0.100	0.100	0.100	0.700
0.100	0.100	0.100	0.700
0.100	0.700	0.100	0.100
>AGGTATCTTTTC	24-AGGTATCTTTTC	12.355432	-24.476580	0	T:8.0(0.76%),B:13.5(0.02%),P:1e-10	Tpos:119.2,Tstd:34.7,Bpos:129.6,Bstd:33.9,StrandBias:0.7,Multiplicity:1.00
0.700	0.100	0.100	0.100
0.100	0.100	0.700	0.100
0.100	0.100	0.700	0.100
0.100	0.100	0.100	0.700
0.700	0.100	0.100	0.100
0.100	0.100	0.100	0.700
0.100	0.700	0.100	0.100
0.100	0.100	0.100	0.700
0.100	0.100	0.100	0.700
0.100	0.100	0.100	0.700
0.100	0.100	0.100	0.700
0.100	0.700	0.100	0.100
>GTCAATCGGTGA	25-GTCAATCGGTGA	15.780507	-23.895956	0	T:8.0(0.76%),B:14.4(0.02%),P:1e-10	Tpos:120.1,Tstd:29.9,Bpos:116.2,Bstd:29.3,StrandBias:-0.7,Multiplicity:1.00
0.001	0.001	0.662	0.336
0.001	0.001	0.001	0.997
0.001	0.997	0.001	0.001
0.997	0.001	0.001	0.001
0.997	0.001	0.001	0.001
0.001	0.001	0.001	0.997
0.001	0.997	0.001	0.001
0.336	0.001	0.662	0.001
0.001	0.001	0.997	0.001
0.001	0.001	0.001	0.997
0.001	0.001	0.997	0.001
0.997	0.001	0.001	0.001
>TAACACCT	1-TAACACCT	5.168076	-283.195528	0	T:529.0(50.57%),B:13708.3(18.22%),P:1e-122	Tpos:97.6,Tstd:49.7,Bpos:100.3,Bstd:68.0,StrandBias:0.2,Multiplicity:1.31
0.001	0.033	0.001	0.965
0.659	0.295	0.045	0.001
0.957	0.001	0.020	0.022
0.001	0.997	0.001	0.001
0.965	0.001	0.033	0.001
0.001	0.997	0.001	0.001
0.043	0.881	0.011	0.065
0.001	0.016	0.051	0.932
>TTCACACT	2-TTCACACT	4.026543	-259.267407	0	T:473.0(45.22%),B:11734.1(15.60%),P:1e-112	Tpos:99.9,Tstd:53.2,Bpos:100.4,Bstd:67.8,StrandBias:-0.1,Multiplicity:1.09
0.001	0.001	0.001	0.997
0.001	0.094	0.001	0.904
0.164	0.834	0.001	0.001
0.997	0.001	0.001	0.001
0.001	0.997	0.001	0.001
0.924	0.001	0.074	0.001
0.001	0.997	0.001	0.001
0.001	0.133	0.107	0.759
>TTGACAGT	3-TTGACAGT	6.570512	-43.234756	0	T:310.0(29.64%),B:13688.4(18.19%),P:1e-18	Tpos:97.3,Tstd:54.9,Bpos:99.6,Bstd:71.8,StrandBias:-0.4,Multiplicity:1.15
0.026	0.038	0.023	0.913
0.001	0.001	0.120	0.878
0.001	0.043	0.885	0.071
0.944	0.038	0.017	0.001
0.154	0.768	0.001	0.077
0.947	0.001	0.001	0.051
0.001	0.151	0.847	0.001
0.049	0.001	0.023	0.927
>GAATAAGT	4-GAATAAGT	7.537443	-31.679469	0	T:119.0(11.38%),B:4013.3(5.33%),P:1e-13	Tpos:96.0,Tstd:47.4,Bpos:98.7,Bstd:70.0,StrandBias:-0.2,Multiplicity:1.05
0.072	0.001	0.926	0.001
0.803	0.001	0.195	0.001
0.899	0.001	0.001	0.099
0.001	0.001	0.001	0.997
0.731	0.001	0.001	0.267
0.656	0.001	0.122	0.221
0.284	0.001	0.459	0.256
0.180	0.001	0.015	0.804
>AAATGAGC	5-AAATGAGC	8.236954	-27.022110	0	T:44.0(4.21%),B:894.0(1.19%),P:1e-11	Tpos:105.0,Tstd:50.8,Bpos:101.5,Bstd:67.6,StrandBias:-0.3,Multiplicity:1.00
0.700	0.100	0.100	0.100
0.700	0.100	0.100	0.100
0.700	0.100	0.100	0.100
0.100	0.100	0.100	0.700
0.100	0.100	0.700	0.100
0.700	0.100	0.100	0.100
0.100	0.100	0.700	0.100
0.100	0.700	0.100	0.100
>CAAAGACC	6-CAAAGACC	8.607070	-25.789762	0	T:54.0(5.16%),B:1319.3(1.75%),P:1e-11	Tpos:94.5,Tstd:57.0,Bpos:101.7,Bstd:69.4,StrandBias:-0.1,Multiplicity:1.02
0.001	0.865	0.001	0.133
0.639	0.359	0.001	0.001
0.997	0.001	0.001	0.001
0.997	0.001	0.001	0.001
0.001	0.001	0.997	0.001
0.997	0.001	0.001	0.001
0.001	0.997	0.001	0.001
0.001	0.997	0.001	0.001
>TGCGAAAA	7-TGCGAAAA	7.969432	-25.480796	0	T:67.0(6.41%),B:1884.7(2.50%),P:1e-11	Tpos:92.3,Tstd:61.3,Bpos:101.9,Bstd:75.5,StrandBias:0.3,Multiplicity:1.00
0.001	0.001	0.001	0.997
0.001	0.001	0.997	0.001
0.001	0.997	0.001	0.001
0.347	0.001	0.651	0.001
0.997	0.001	0.001	0.001
0.997	0.001	0.001	0.001
0.997	0.001	0.001	0.001
0.929	0.069	0.001	0.001
>AKGSGGGG	8-AKGSGGGG	5.447554	-23.267085	0	T:237.0(22.66%),B:11372.3(15.11%),P:1e-10	Tpos:96.7,Tstd:53.5,Bpos:99.1,Bstd:66.1,StrandBias:-0.5,Multiplicity:1.24
0.760	0.001	0.238	0.001
0.243	0.001	0.351	0.405
0.040	0.001	0.958	0.001
0.035	0.438	0.427	0.099
0.094	0.001	0.904	0.001
0.001	0.001	0.917	0.081
0.078	0.001	0.739	0.182
0.166	0.213	0.520	0.101
>TACCTCCA	9-TACCTCCA	8.272897	-22.815516	0	T:79.0(7.55%),B:2573.9(3.42%),P:1e-9	Tpos:104.2,Tstd:53.6,Bpos:101.9,Bstd:65.9,StrandBias:-0.6,Multiplicity:1.14
0.001	0.001	0.001	0.997
0.772	0.226	0.001	0.001
0.001	0.997	0.001	0.001
0.220	0.778	0.001	0.001
0.001	0.001	0.001	0.997
0.001	0.897	0.101	0.001
0.001	0.997	0.001	0.001
0.997	0.001	0.001	0.001
>ATAGACTA	10-ATAGACTA	8.429905	-22.228586	0	T:57.0(5.45%),B:1587.4(2.11%),P:1e-9	Tpos:94.2,Tstd:54.4,Bpos:102.5,Bstd:69.3,StrandBias:0.2,Multiplicity:1.04
0.632	0.045	0.202	0.121
0.040	0.271	0.072	0.617
0.898	0.040	0.061	0.001
0.001	0.060	0.938	0.001
0.637	0.001	0.001	0.361
0.001	0.954	0.044	0.001
0.011	0.001	0.001	0.987
0.808	0.120	0.001	0.071
>TAGTYCCA	11-TAGTYCCA	6.830869	-21.624026	0	T:85.0(8.13%),B:2938.5(3.91%),P:1e-9	Tpos:102.0,Tstd:50.9,Bpos:98.9,Bstd:66.8,StrandBias:-0.5,Multiplicity:1.06
0.001	0.001	0.001	0.997
0.897	0.001	0.049	0.053
0.001	0.001	0.997	0.001
0.001	0.285	0.170	0.544
0.001	0.438	0.001	0.560
0.001	0.997	0.001	0.001
0.001	0.958	0.040	0.001
0.997	0.001	0.001	0.001
>CGAGATKA	12-CGAGATKA	7.458557	-20.363160	0	T:45.0(4.30%),B:1150.3(1.53%),P:1e-8	Tpos:108.8,Tstd:61.8,Bpos:98.7,Bstd:63.5,StrandBias:-0.3,Multiplicity:1.18
0.001	0.997	0.001	0.001
0.001	0.094	0.898	0.007
0.978	0.020	0.001	0.001
0.005	0.117	0.877	0.001
0.595	0.154	0.052	0.199
0.034	0.060	0.121	0.785
0.120	0.167	0.399	0.314
0.553	0.030	0.208	0.209
>CGTACCCA	13-CGTACCCA	8.236954	-20.187797	0	T:15.0(1.43%),B:136.2(0.18%),P:1e-8	Tpos:96.4,Tstd:39.9,Bpos:109.0,Bstd:57.0,StrandBias:1.5,Multiplicity:1.27
0.100	0.700	0.100	0.100
0.100	0.100	0.700	0.100
0.100	0.100	0.100	0.700
0.700	0.100	0.100	0.100
0.100	0.700	0.100	0.100
0.100	0.700	0.100	0.100
0.100	0.700	0.100	0.100
0.700	0.100	0.100	0.100
>AAGGCATG	14-AAGGCATG	10.180160	-19.775957	0	T:49.0(4.68%),B:1344.7(1.79%),P:1e-8	Tpos:94.0,Tstd:45.9,Bpos:96.3,Bstd:67.9,StrandBias:0.4,Multiplicity:1.00
0.997	0.001	0.001	0.001
0.997	0.001	0.001	0.001
0.001	0.001	0.997	0.001
0.001	0.001	0.997	0.001
0.001	0.587	0.001	0.411
0.997	0.001	0.001	0.001
0.001	0.001	0.001	0.997
0.001	0.001	0.997	0.001
>GTWCTCCG	15-GTWCTCCG	8.879098	-19.590261	0	T:42.0(4.02%),B:1055.1(1.40%),P:1e-8	Tpos:94.2,Tstd:50.9,Bpos:100.1,Bstd:65.1,StrandBias:0.4,Multiplicity:1.17
0.001	0.001	0.997	0.001
0.001	0.001	0.001	0.997
0.459	0.001	0.206	0.334
0.001	0.997	0.001	0.001
0.001	0.001	0.001	0.997
0.001	0.997	0.001	0.001
0.001	0.997	0.001	0.001
0.001	0.001	0.664	0.334
>AGMGGACT	16-AGMGGACT	8.231960	-19.481339	0	T:38.0(3.63%),B:897.7(1.19%),P:1e-8	Tpos:91.1,Tstd:52.1,Bpos:103.1,Bstd:66.9,StrandBias:0.5,Multiplicity:1.00
0.870	0.001	0.128	0.001
0.001	0.404	0.594	0.001
0.515	0.483	0.001	0.001
0.001	0.001	0.997	0.001
0.145	0.177	0.656	0.022
0.670	0.293	0.036	0.001
0.001	0.929	0.069	0.001
0.001	0.168	0.001	0.830
>GGTVGWCT	17-GGTVGWCT	8.432316	-18.869124	0	T:21.0(2.01%),B:311.7(0.41%),P:1e-8	Tpos:105.3,Tstd:43.5,Bpos:102.9,Bstd:52.0,StrandBias:-1.4,Multiplicity:1.05
0.001	0.319	0.679	0.001
0.123	0.045	0.740	0.092
0.001	0.011	0.010	0.978
0.360	0.392	0.247	0.001
0.005	0.004	0.990	0.001
0.360	0.137	0.001	0.502
0.127	0.769	0.103	0.001
0.045	0.002	0.001	0.952
>ACTTCTGT	18-ACTTCTGT	8.236954	-16.840356	0	T:32.0(3.06%),B:749.9(1.00%),P:1e-7	Tpos:115.9,Tstd:51.1,Bpos:102.6,Bstd:73.5,StrandBias:0.5,Multiplicity:1.00
0.700	0.100	0.100	0.100
0.100	0.700	0.100	0.100
0.100	0.100	0.100	0.700
0.100	0.100	0.100	0.700
0.100	0.700	0.100	0.100
0.100	0.100	0.100	0.700
0.100	0.100	0.700	0.100
0.100	0.100	0.100	0.700
>GTGGTTGA	19-GTGGTTGA	9.261433	-16.002654	0	T:43.0(4.11%),B:1248.8(1.66%),P:1e-6	Tpos:84.9,Tstd:49.2,Bpos:99.8,Bstd:75.0,StrandBias:0.3,Multiplicity:1.02
0.001	0.164	0.834	0.001
0.001	0.001	0.001	0.997
0.001	0.001	0.997	0.001
0.001	0.001	0.997	0.001
0.001	0.001	0.001	0.997
0.001	0.001	0.001	0.997
0.001	0.001	0.997	0.001
0.997	0.001	0.001	0.001
>ARGCCTCC	20-ARGCCTCC	10.366125	-15.139572	0	T:16.0(1.53%),B:230.4(0.31%),P:1e-6	Tpos:84.3,Tstd:62.3,Bpos:115.9,Bstd:77.6,StrandBias:0.0,Multiplicity:1.00
0.997	0.001	0.001	0.001
0.495	0.035	0.469	0.001
0.001	0.001	0.997	0.001
0.001	0.997	0.001	0.001
0.001	0.997	0.001	0.001
0.001	0.001	0.001	0.997
0.001	0.997	0.001	0.001
0.001	0.997	0.001	0.001
>CCTGCACC	21-CCTGCACC	8.236954	-13.958669	0	T:16.0(1.53%),B:252.1(0.34%),P:1e-6	Tpos:112.1,Tstd:55.4,Bpos:101.2,Bstd:61.3,StrandBias:-1.0,Multiplicity:1.00
0.100	0.700	0.100	0.100
0.100	0.700	0.100	0.100
0.100	0.100	0.100	0.700
0.100	0.100	0.700	0.100
0.100	0.700	0.100	0.100
0.700	0.100	0.100	0.100
0.100	0.700	0.100	0.100
0.100	0.700	0.100	0.100
>TTTTGGGC	22-TTTTGGGC	8.236954	-13.708294	0	T:17.0(1.63%),B:289.7(0.39%),P:1e-5	Tpos:88.6,Tstd:52.1,Bpos:99.5,Bstd:71.3,StrandBias:-0.2,Multiplicity:1.00
0.100	0.100	0.100	0.700
0.100	0.100	0.100	0.700
0.100	0.100	0.100	0.700
0.100	0.100	0.100	0.700
0.100	0.100	0.700	0.100
0.100	0.100	0.700	0.100
0.100	0.100	0.700	0.100
0.100	0.700	0.100	0.100
>TAATATGA	23-TAATATGA	8.236954	-13.701913	0	T:27.0(2.58%),B:658.1(0.87%),P:1e-5	Tpos:83.8,Tstd:47.0,Bpos:101.4,Bstd:67.1,StrandBias:0.5,Multiplicity:1.00
0.100	0.100	0.100	0.700
0.700	0.100	0.100	0.100
0.700	0.100	0.100	0.100
0.100	0.100	0.100	0.700
0.700	0.100	0.100	0.100
0.100	0.100	0.100	0.700
0.100	0.100	0.700	0.100
0.700	0.100	0.100	0.100
>ATCGCCTC	24-ATCGCCTC	6.568583	-13.320292	0	T:77.0(7.36%),B:3130.2(4.16%),P:1e-5	Tpos:100.6,Tstd:57.9,Bpos:101.6,Bstd:59.8,StrandBias:-0.6,Multiplicity:1.19
0.625	0.170	0.001	0.204
0.116	0.001	0.001	0.882
0.001	0.920	0.033	0.046
0.001	0.048	0.950	0.001
0.001	0.965	0.033	0.001
0.001	0.964	0.034	0.001
0.091	0.065	0.056	0.788
0.053	0.900	0.001	0.046
>AACGTTGA	25-AACGTTGA	8.236954	-6.381348	0	T:17.0(1.63%),B:534.3(0.71%),P:1e-2	Tpos:89.3,Tstd:46.1,Bpos:96.6,Bstd:64.9,StrandBias:0.1,Multiplicity:1.06
0.700	0.100	0.100	0.100
0.700	0.100	0.100	0.100
0.100	0.700	0.100	0.100
0.100	0.100	0.700	0.100
0.100	0.100	0.100	0.700
0.100	0.100	0.100	0.700
0.100	0.100	0.700	0.100
0.700	0.100	0.100	0.100
