>TAACACCT	1-TAACACCT	5.168076	-283.195528	0	T:529.0(50.57%),B:13708.3(18.22%),P:1e-122	Tpos:97.6,Tstd:49.7,Bpos:100.3,Bstd:68.0,StrandBias:0.2,Multiplicity:1.31
0.001	0.033	0.001	0.965
0.659	0.295	0.045	0.001
0.957	0.001	0.020	0.022
0.001	0.997	0.001	0.001
0.965	0.001	0.033	0.001
0.001	0.997	0.001	0.001
0.043	0.881	0.011	0.065
0.001	0.016	0.051	0.932
>TTCACACT	2-TTCACACT	4.026543	-259.267407	0	T:473.0(45.22%),B:11734.1(15.60%),P:1e-112	Tpos:99.9,Tstd:53.2,Bpos:100.4,Bstd:67.8,StrandBias:-0.1,Multiplicity:1.09
0.001	0.001	0.001	0.997
0.001	0.094	0.001	0.904
0.164	0.834	0.001	0.001
0.997	0.001	0.001	0.001
0.001	0.997	0.001	0.001
0.924	0.001	0.074	0.001
0.001	0.997	0.001	0.001
0.001	0.133	0.107	0.759
>TTGACAGT	3-TTGACAGT	6.570512	-43.234756	0	T:310.0(29.64%),B:13688.4(18.19%),P:1e-18	Tpos:97.3,Tstd:54.9,Bpos:99.6,Bstd:71.8,StrandBias:-0.4,Multiplicity:1.15
0.026	0.038	0.023	0.913
0.001	0.001	0.120	0.878
0.001	0.043	0.885	0.071
0.944	0.038	0.017	0.001
0.154	0.768	0.001	0.077
0.947	0.001	0.001	0.051
0.001	0.151	0.847	0.001
0.049	0.001	0.023	0.927
>GAATAAGT	4-GAATAAGT	7.537443	-31.679469	0	T:119.0(11.38%),B:4013.3(5.33%),P:1e-13	Tpos:96.0,Tstd:47.4,Bpos:98.7,Bstd:70.0,StrandBias:-0.2,Multiplicity:1.05
0.072	0.001	0.926	0.001
0.803	0.001	0.195	0.001
0.899	0.001	0.001	0.099
0.001	0.001	0.001	0.997
0.731	0.001	0.001	0.267
0.656	0.001	0.122	0.221
0.284	0.001	0.459	0.256
0.180	0.001	0.015	0.804
>AAATGAGC	5-AAATGAGC	8.236954	-27.022110	0	T:44.0(4.21%),B:894.0(1.19%),P:1e-11	Tpos:105.0,Tstd:50.8,Bpos:101.5,Bstd:67.6,StrandBias:-0.3,Multiplicity:1.00
0.700	0.100	0.100	0.100
0.700	0.100	0.100	0.100
0.700	0.100	0.100	0.100
0.100	0.100	0.100	0.700
0.100	0.100	0.700	0.100
0.700	0.100	0.100	0.100
0.100	0.100	0.700	0.100
0.100	0.700	0.100	0.100
>CAAAGACC	6-CAAAGACC	8.607070	-25.789762	0	T:54.0(5.16%),B:1319.3(1.75%),P:1e-11	Tpos:94.5,Tstd:57.0,Bpos:101.7,Bstd:69.4,StrandBias:-0.1,Multiplicity:1.02
0.001	0.865	0.001	0.133
0.639	0.359	0.001	0.001
0.997	0.001	0.001	0.001
0.997	0.001	0.001	0.001
0.001	0.001	0.997	0.001
0.997	0.001	0.001	0.001
0.001	0.997	0.001	0.001
0.001	0.997	0.001	0.001
>TGCGAAAA	7-TGCGAAAA	7.969432	-25.480796	0	T:67.0(6.41%),B:1884.7(2.50%),P:1e-11	Tpos:92.3,Tstd:61.3,Bpos:101.9,Bstd:75.5,StrandBias:0.3,Multiplicity:1.00
0.001	0.001	0.001	0.997
0.001	0.001	0.997	0.001
0.001	0.997	0.001	0.001
0.347	0.001	0.651	0.001
0.997	0.001	0.001	0.001
0.997	0.001	0.001	0.001
0.997	0.001	0.001	0.001
0.929	0.069	0.001	0.001
>AKGSGGGG	8-AKGSGGGG	5.447554	-23.267085	0	T:237.0(22.66%),B:11372.3(15.11%),P:1e-10	Tpos:96.7,Tstd:53.5,Bpos:99.1,Bstd:66.1,StrandBias:-0.5,Multiplicity:1.24
0.760	0.001	0.238	0.001
0.243	0.001	0.351	0.405
0.040	0.001	0.958	0.001
0.035	0.438	0.427	0.099
0.094	0.001	0.904	0.001
0.001	0.001	0.917	0.081
0.078	0.001	0.739	0.182
0.166	0.213	0.520	0.101
>TACCTCCA	9-TACCTCCA	8.272897	-22.815516	0	T:79.0(7.55%),B:2573.9(3.42%),P:1e-9	Tpos:104.2,Tstd:53.6,Bpos:101.9,Bstd:65.9,StrandBias:-0.6,Multiplicity:1.14
0.001	0.001	0.001	0.997
0.772	0.226	0.001	0.001
0.001	0.997	0.001	0.001
0.220	0.778	0.001	0.001
0.001	0.001	0.001	0.997
0.001	0.897	0.101	0.001
0.001	0.997	0.001	0.001
0.997	0.001	0.001	0.001
>ATAGACTA	10-ATAGACTA	8.429905	-22.228586	0	T:57.0(5.45%),B:1587.4(2.11%),P:1e-9	Tpos:94.2,Tstd:54.4,Bpos:102.5,Bstd:69.3,StrandBias:0.2,Multiplicity:1.04
0.632	0.045	0.202	0.121
0.040	0.271	0.072	0.617
0.898	0.040	0.061	0.001
0.001	0.060	0.938	0.001
0.637	0.001	0.001	0.361
0.001	0.954	0.044	0.001
0.011	0.001	0.001	0.987
0.808	0.120	0.001	0.071
>TAGTYCCA	11-TAGTYCCA	6.830869	-21.624026	0	T:85.0(8.13%),B:2938.5(3.91%),P:1e-9	Tpos:102.0,Tstd:50.9,Bpos:98.9,Bstd:66.8,StrandBias:-0.5,Multiplicity:1.06
0.001	0.001	0.001	0.997
0.897	0.001	0.049	0.053
0.001	0.001	0.997	0.001
0.001	0.285	0.170	0.544
0.001	0.438	0.001	0.560
0.001	0.997	0.001	0.001
0.001	0.958	0.040	0.001
0.997	0.001	0.001	0.001
>CGAGATKA	12-CGAGATKA	7.458557	-20.363160	0	T:45.0(4.30%),B:1150.3(1.53%),P:1e-8	Tpos:108.8,Tstd:61.8,Bpos:98.7,Bstd:63.5,StrandBias:-0.3,Multiplicity:1.18
0.001	0.997	0.001	0.001
0.001	0.094	0.898	0.007
0.978	0.020	0.001	0.001
0.005	0.117	0.877	0.001
0.595	0.154	0.052	0.199
0.034	0.060	0.121	0.785
0.120	0.167	0.399	0.314
0.553	0.030	0.208	0.209
>CGTACCCA	13-CGTACCCA	8.236954	-20.187797	0	T:15.0(1.43%),B:136.2(0.18%),P:1e-8	Tpos:96.4,Tstd:39.9,Bpos:109.0,Bstd:57.0,StrandBias:1.5,Multiplicity:1.27
0.100	0.700	0.100	0.100
0.100	0.100	0.700	0.100
0.100	0.100	0.100	0.700
0.700	0.100	0.100	0.100
0.100	0.700	0.100	0.100
0.100	0.700	0.100	0.100
0.100	0.700	0.100	0.100
0.700	0.100	0.100	0.100
>AAGGCATG	14-AAGGCATG	10.180160	-19.775957	0	T:49.0(4.68%),B:1344.7(1.79%),P:1e-8	Tpos:94.0,Tstd:45.9,Bpos:96.3,Bstd:67.9,StrandBias:0.4,Multiplicity:1.00
0.997	0.001	0.001	0.001
0.997	0.001	0.001	0.001
0.001	0.001	0.997	0.001
0.001	0.001	0.997	0.001
0.001	0.587	0.001	0.411
0.997	0.001	0.001	0.001
0.001	0.001	0.001	0.997
0.001	0.001	0.997	0.001
>GTWCTCCG	15-GTWCTCCG	8.879098	-19.590261	0	T:42.0(4.02%),B:1055.1(1.40%),P:1e-8	Tpos:94.2,Tstd:50.9,Bpos:100.1,Bstd:65.1,StrandBias:0.4,Multiplicity:1.17
0.001	0.001	0.997	0.001
0.001	0.001	0.001	0.997
0.459	0.001	0.206	0.334
0.001	0.997	0.001	0.001
0.001	0.001	0.001	0.997
0.001	0.997	0.001	0.001
0.001	0.997	0.001	0.001
0.001	0.001	0.664	0.334
>AGMGGACT	16-AGMGGACT	8.231960	-19.481339	0	T:38.0(3.63%),B:897.7(1.19%),P:1e-8	Tpos:91.1,Tstd:52.1,Bpos:103.1,Bstd:66.9,StrandBias:0.5,Multiplicity:1.00
0.870	0.001	0.128	0.001
0.001	0.404	0.594	0.001
0.515	0.483	0.001	0.001
0.001	0.001	0.997	0.001
0.145	0.177	0.656	0.022
0.670	0.293	0.036	0.001
0.001	0.929	0.069	0.001
0.001	0.168	0.001	0.830
>GGTVGWCT	17-GGTVGWCT	8.432316	-18.869124	0	T:21.0(2.01%),B:311.7(0.41%),P:1e-8	Tpos:105.3,Tstd:43.5,Bpos:102.9,Bstd:52.0,StrandBias:-1.4,Multiplicity:1.05
0.001	0.319	0.679	0.001
0.123	0.045	0.740	0.092
0.001	0.011	0.010	0.978
0.360	0.392	0.247	0.001
0.005	0.004	0.990	0.001
0.360	0.137	0.001	0.502
0.127	0.769	0.103	0.001
0.045	0.002	0.001	0.952
>ACTTCTGT	18-ACTTCTGT	8.236954	-16.840356	0	T:32.0(3.06%),B:749.9(1.00%),P:1e-7	Tpos:115.9,Tstd:51.1,Bpos:102.6,Bstd:73.5,StrandBias:0.5,Multiplicity:1.00
0.700	0.100	0.100	0.100
0.100	0.700	0.100	0.100
0.100	0.100	0.100	0.700
0.100	0.100	0.100	0.700
0.100	0.700	0.100	0.100
0.100	0.100	0.100	0.700
0.100	0.100	0.700	0.100
0.100	0.100	0.100	0.700
>GTGGTTGA	19-GTGGTTGA	9.261433	-16.002654	0	T:43.0(4.11%),B:1248.8(1.66%),P:1e-6	Tpos:84.9,Tstd:49.2,Bpos:99.8,Bstd:75.0,StrandBias:0.3,Multiplicity:1.02
0.001	0.164	0.834	0.001
0.001	0.001	0.001	0.997
0.001	0.001	0.997	0.001
0.001	0.001	0.997	0.001
0.001	0.001	0.001	0.997
0.001	0.001	0.001	0.997
0.001	0.001	0.997	0.001
0.997	0.001	0.001	0.001
>ARGCCTCC	20-ARGCCTCC	10.366125	-15.139572	0	T:16.0(1.53%),B:230.4(0.31%),P:1e-6	Tpos:84.3,Tstd:62.3,Bpos:115.9,Bstd:77.6,StrandBias:0.0,Multiplicity:1.00
0.997	0.001	0.001	0.001
0.495	0.035	0.469	0.001
0.001	0.001	0.997	0.001
0.001	0.997	0.001	0.001
0.001	0.997	0.001	0.001
0.001	0.001	0.001	0.997
0.001	0.997	0.001	0.001
0.001	0.997	0.001	0.001
>CCTGCACC	21-CCTGCACC	8.236954	-13.958669	0	T:16.0(1.53%),B:252.1(0.34%),P:1e-6	Tpos:112.1,Tstd:55.4,Bpos:101.2,Bstd:61.3,StrandBias:-1.0,Multiplicity:1.00
0.100	0.700	0.100	0.100
0.100	0.700	0.100	0.100
0.100	0.100	0.100	0.700
0.100	0.100	0.700	0.100
0.100	0.700	0.100	0.100
0.700	0.100	0.100	0.100
0.100	0.700	0.100	0.100
0.100	0.700	0.100	0.100
>TTTTGGGC	22-TTTTGGGC	8.236954	-13.708294	0	T:17.0(1.63%),B:289.7(0.39%),P:1e-5	Tpos:88.6,Tstd:52.1,Bpos:99.5,Bstd:71.3,StrandBias:-0.2,Multiplicity:1.00
0.100	0.100	0.100	0.700
0.100	0.100	0.100	0.700
0.100	0.100	0.100	0.700
0.100	0.100	0.100	0.700
0.100	0.100	0.700	0.100
0.100	0.100	0.700	0.100
0.100	0.100	0.700	0.100
0.100	0.700	0.100	0.100
>TAATATGA	23-TAATATGA	8.236954	-13.701913	0	T:27.0(2.58%),B:658.1(0.87%),P:1e-5	Tpos:83.8,Tstd:47.0,Bpos:101.4,Bstd:67.1,StrandBias:0.5,Multiplicity:1.00
0.100	0.100	0.100	0.700
0.700	0.100	0.100	0.100
0.700	0.100	0.100	0.100
0.100	0.100	0.100	0.700
0.700	0.100	0.100	0.100
0.100	0.100	0.100	0.700
0.100	0.100	0.700	0.100
0.700	0.100	0.100	0.100
>ATCGCCTC	24-ATCGCCTC	6.568583	-13.320292	0	T:77.0(7.36%),B:3130.2(4.16%),P:1e-5	Tpos:100.6,Tstd:57.9,Bpos:101.6,Bstd:59.8,StrandBias:-0.6,Multiplicity:1.19
0.625	0.170	0.001	0.204
0.116	0.001	0.001	0.882
0.001	0.920	0.033	0.046
0.001	0.048	0.950	0.001
0.001	0.965	0.033	0.001
0.001	0.964	0.034	0.001
0.091	0.065	0.056	0.788
0.053	0.900	0.001	0.046
>AACGTTGA	25-AACGTTGA	8.236954	-6.381348	0	T:17.0(1.63%),B:534.3(0.71%),P:1e-2	Tpos:89.3,Tstd:46.1,Bpos:96.6,Bstd:64.9,StrandBias:0.1,Multiplicity:1.06
0.700	0.100	0.100	0.100
0.700	0.100	0.100	0.100
0.100	0.700	0.100	0.100
0.100	0.100	0.700	0.100
0.100	0.100	0.100	0.700
0.100	0.100	0.100	0.700
0.100	0.100	0.700	0.100
0.700	0.100	0.100	0.100
