>TTMACACCTC	1-TTMACACCTC	6.670949	-371.363526	0	T:488.0(46.65%),B:9376.8(12.46%),P:1e-161	Tpos:98.6,Tstd:47.7,Bpos:100.8,Bstd:67.6,StrandBias:0.1,Multiplicity:1.26
0.019	0.075	0.041	0.865
0.034	0.055	0.018	0.893
0.485	0.390	0.072	0.053
0.737	0.029	0.213	0.021
0.009	0.958	0.006	0.027
0.888	0.011	0.079	0.022
0.013	0.940	0.034	0.013
0.100	0.795	0.023	0.082
0.001	0.037	0.060	0.902
0.150	0.542	0.074	0.234
>AATTAWCACC	2-AATTAWCACC	7.236308	-107.744619	0	T:203.0(19.41%),B:4637.6(6.16%),P:1e-46	Tpos:98.9,Tstd:53.4,Bpos:99.9,Bstd:68.8,StrandBias:-0.4,Multiplicity:1.03
0.872	0.041	0.074	0.013
0.573	0.342	0.043	0.042
0.139	0.180	0.092	0.589
0.061	0.089	0.017	0.833
0.788	0.053	0.114	0.045
0.515	0.007	0.025	0.453
0.030	0.920	0.023	0.027
0.609	0.033	0.331	0.027
0.211	0.704	0.084	0.001
0.011	0.672	0.189	0.128
>GCTMAATTTA	3-GCTMAATTTA	8.803820	-55.435517	0	T:74.0(7.07%),B:1240.4(1.65%),P:1e-24	Tpos:95.1,Tstd:53.6,Bpos:101.4,Bstd:71.1,StrandBias:0.3,Multiplicity:1.00
0.001	0.311	0.470	0.218
0.001	0.863	0.001	0.135
0.001	0.366	0.001	0.632
0.461	0.376	0.015	0.148
0.997	0.001	0.001	0.001
0.566	0.001	0.025	0.408
0.001	0.081	0.001	0.917
0.158	0.098	0.220	0.524
0.001	0.001	0.001	0.997
0.729	0.001	0.269	0.001
>ATCRTAGGAC	4-ATCRTAGGAC	10.949230	-52.151361	0	T:24.0(2.29%),B:85.0(0.11%),P:1e-22	Tpos:85.4,Tstd:51.0,Bpos:87.2,Bstd:66.1,StrandBias:0.5,Multiplicity:1.00
0.700	0.001	0.298	0.001
0.001	0.001	0.001	0.997
0.001	0.997	0.001	0.001
0.477	0.001	0.521	0.001
0.001	0.166	0.001	0.832
0.997	0.001	0.001	0.001
0.001	0.001	0.997	0.001
0.001	0.001	0.997	0.001
0.997	0.001	0.001	0.001
0.001	0.997	0.001	0.001
>GAACGAAAGG	5-GAACGAAAGG	9.984275	-48.898760	0	T:44.0(4.21%),B:481.9(0.64%),P:1e-21	Tpos:105.3,Tstd:51.3,Bpos:101.8,Bstd:59.6,StrandBias:0.3,Multiplicity:1.02
0.059	0.001	0.939	0.001
0.890	0.001	0.001	0.108
0.876	0.001	0.122	0.001
0.001	0.997	0.001	0.001
0.062	0.001	0.936	0.001
0.997	0.001	0.001	0.001
0.694	0.140	0.001	0.165
0.881	0.001	0.117	0.001
0.117	0.001	0.881	0.001
0.001	0.001	0.897	0.101
>TTGAAAGTGT	6-TTGAAAGTGT	9.895586	-48.213864	0	T:39.0(3.73%),B:371.3(0.49%),P:1e-20	Tpos:101.8,Tstd:40.7,Bpos:102.7,Bstd:74.9,StrandBias:-0.7,Multiplicity:1.00
0.001	0.001	0.001	0.997
0.001	0.001	0.001	0.997
0.001	0.001	0.812	0.186
0.997	0.001	0.001	0.001
0.952	0.001	0.001	0.046
0.973	0.001	0.025	0.001
0.001	0.001	0.997	0.001
0.001	0.001	0.001	0.997
0.001	0.001	0.997	0.001
0.001	0.001	0.001	0.997
>AATTATTCAC	7-AATTATTCAC	11.818496	-47.146272	0	T:31.0(2.96%),B:217.8(0.29%),P:1e-20	Tpos:81.0,Tstd:37.7,Bpos:99.9,Bstd:69.8,StrandBias:1.2,Multiplicity:1.00
0.997	0.001	0.001	0.001
0.997	0.001	0.001	0.001
0.001	0.001	0.001	0.997
0.001	0.001	0.001	0.997
0.997	0.001	0.001	0.001
0.001	0.001	0.001	0.997
0.001	0.001	0.001	0.997
0.001	0.997	0.001	0.001
0.997	0.001	0.001	0.001
0.001	0.865	0.133	0.001
>AACGTACCCA	8-AACGTACCCA	10.686272	-42.718124	0	T:21.0(2.01%),B:87.7(0.12%),P:1e-18	Tpos:88.4,Tstd:45.0,Bpos:90.9,Bstd:67.0,StrandBias:1.0,Multiplicity:1.00
0.941	0.001	0.001	0.057
0.909	0.037	0.001	0.053
0.134	0.864	0.001	0.001
0.001	0.001	0.997	0.001
0.001	0.001	0.001	0.997
0.997	0.001	0.001	0.001
0.001	0.997	0.001	0.001
0.001	0.997	0.001	0.001
0.001	0.949	0.001	0.049
0.997	0.001	0.001	0.001
>AGTGMAAMTG	9-AGTGMAAMTG	7.065124	-41.277647	0	T:43.0(4.11%),B:563.4(0.75%),P:1e-17	Tpos:110.9,Tstd:59.7,Bpos:101.9,Bstd:72.1,StrandBias:0.4,Multiplicity:1.00
0.714	0.238	0.029	0.019
0.015	0.024	0.946	0.015
0.191	0.184	0.226	0.398
0.200	0.038	0.581	0.181
0.412	0.273	0.144	0.170
0.471	0.020	0.206	0.303
0.461	0.218	0.020	0.302
0.483	0.480	0.016	0.020
0.267	0.187	0.024	0.522
0.013	0.195	0.558	0.234
>AASGTCTGTA	10-AASGTCTGTA	11.000617	-37.582429	0	T:25.0(2.39%),B:181.1(0.24%),P:1e-16	Tpos:88.3,Tstd:43.7,Bpos:92.3,Bstd:63.4,StrandBias:0.8,Multiplicity:1.00
0.767	0.001	0.231	0.001
0.997	0.001	0.001	0.001
0.001	0.457	0.541	0.001
0.133	0.130	0.736	0.001
0.001	0.001	0.001	0.997
0.358	0.640	0.001	0.001
0.001	0.001	0.001	0.997
0.001	0.001	0.997	0.001
0.001	0.370	0.001	0.628
0.997	0.001	0.001	0.001
>CAAGCGAGMT	11-CAAGCGAGMT	8.869850	-36.051136	0	T:28.0(2.68%),B:256.3(0.34%),P:1e-15	Tpos:113.2,Tstd:58.6,Bpos:101.5,Bstd:68.9,StrandBias:-0.2,Multiplicity:1.00
0.282	0.511	0.001	0.206
0.911	0.001	0.004	0.084
0.877	0.001	0.060	0.062
0.103	0.127	0.591	0.179
0.067	0.873	0.059	0.001
0.127	0.057	0.815	0.001
0.769	0.072	0.060	0.099
0.104	0.001	0.892	0.003
0.409	0.345	0.001	0.245
0.001	0.094	0.001	0.904
>TACCTCCATG	12-TACCTCCATG	9.009248	-34.524369	0	T:48.0(4.59%),B:845.5(1.12%),P:1e-14	Tpos:100.3,Tstd:52.8,Bpos:100.7,Bstd:66.9,StrandBias:-0.7,Multiplicity:1.19
0.001	0.001	0.001	0.997
0.977	0.001	0.001	0.021
0.001	0.941	0.057	0.001
0.202	0.796	0.001	0.001
0.001	0.069	0.031	0.899
0.001	0.951	0.047	0.001
0.001	0.997	0.001	0.001
0.974	0.001	0.001	0.024
0.038	0.001	0.001	0.960
0.142	0.233	0.624	0.001
>CGGTAGACTA	13-CGGTAGACTA	10.323608	-34.351247	0	T:25.0(2.39%),B:209.3(0.28%),P:1e-14	Tpos:80.3,Tstd:41.2,Bpos:104.9,Bstd:53.1,StrandBias:-0.8,Multiplicity:1.00
0.042	0.917	0.001	0.040
0.001	0.064	0.934	0.001
0.001	0.001	0.997	0.001
0.001	0.001	0.001	0.997
0.997	0.001	0.001	0.001
0.064	0.001	0.934	0.001
0.997	0.001	0.001	0.001
0.001	0.937	0.001	0.061
0.047	0.001	0.001	0.951
0.945	0.001	0.053	0.001
>TGTTTTGGGC	14-TGTTTTGGGC	10.296193	-34.347129	0	T:14.0(1.34%),B:39.8(0.05%),P:1e-14	Tpos:78.9,Tstd:43.0,Bpos:96.9,Bstd:79.6,StrandBias:-0.4,Multiplicity:1.00
0.100	0.100	0.100	0.700
0.100	0.100	0.700	0.100
0.100	0.100	0.100	0.700
0.100	0.100	0.100	0.700
0.100	0.100	0.100	0.700
0.100	0.100	0.100	0.700
0.100	0.100	0.700	0.100
0.100	0.100	0.700	0.100
0.100	0.100	0.700	0.100
0.100	0.700	0.100	0.100
>MTTTTCATAT	15-MTTTTCATAT	12.609854	-32.854052	0	T:29.0(2.77%),B:316.9(0.42%),P:1e-14	Tpos:100.0,Tstd:46.5,Bpos:97.2,Bstd:63.6,StrandBias:-0.3,Multiplicity:1.00
0.480	0.518	0.001	0.001
0.001	0.001	0.001	0.997
0.001	0.001	0.001	0.997
0.001	0.001	0.001	0.997
0.001	0.129	0.001	0.869
0.350	0.648	0.001	0.001
0.997	0.001	0.001	0.001
0.001	0.001	0.001	0.997
0.997	0.001	0.001	0.001
0.001	0.001	0.001	0.997
>NRYGCGRMAN	16-NRYGCGRMAN	5.987038	-30.884323	0	T:16.0(1.53%),B:76.2(0.10%),P:1e-13	Tpos:79.5,Tstd:54.7,Bpos:110.3,Bstd:63.7,StrandBias:-1.0,Multiplicity:1.00
0.203	0.191	0.319	0.287
0.444	0.141	0.400	0.015
0.142	0.250	0.218	0.390
0.034	0.104	0.754	0.108
0.001	0.888	0.110	0.001
0.001	0.354	0.575	0.070
0.363	0.180	0.254	0.203
0.370	0.281	0.178	0.170
0.491	0.176	0.263	0.071
0.301	0.219	0.237	0.243
>MAAGACCMNG	17-MAAGACCMNG	7.639321	-30.512387	0	T:39.0(3.73%),B:639.7(0.85%),P:1e-13	Tpos:115.7,Tstd:56.8,Bpos:99.1,Bstd:68.9,StrandBias:0.6,Multiplicity:1.00
0.518	0.419	0.013	0.050
0.560	0.023	0.387	0.030
0.635	0.034	0.314	0.017
0.103	0.053	0.774	0.070
0.786	0.080	0.083	0.051
0.035	0.599	0.027	0.339
0.076	0.827	0.028	0.069
0.427	0.318	0.028	0.227
0.239	0.250	0.233	0.278
0.075	0.057	0.591	0.277
>CCGTGCTCCG	18-CCGTGCTCCG	11.619495	-29.784896	0	T:10.0(0.96%),B:17.3(0.02%),P:1e-12	Tpos:72.6,Tstd:58.4,Bpos:73.6,Bstd:89.1,StrandBias:0.0,Multiplicity:1.00
0.001	0.997	0.001	0.001
0.001	0.997	0.001	0.001
0.001	0.001	0.997	0.001
0.001	0.001	0.001	0.997
0.001	0.001	0.997	0.001
0.109	0.889	0.001	0.001
0.001	0.001	0.001	0.997
0.001	0.997	0.001	0.001
0.001	0.997	0.001	0.001
0.001	0.001	0.997	0.001
>ATGGTCGTCT	19-ATGGTCGTCT	10.628588	-28.371085	0	T:23.0(2.20%),B:227.5(0.30%),P:1e-12	Tpos:88.1,Tstd:40.4,Bpos:96.8,Bstd:47.8,StrandBias:-1.2,Multiplicity:1.00
0.936	0.001	0.062	0.001
0.001	0.001	0.001	0.997
0.001	0.001	0.997	0.001
0.001	0.001	0.997	0.001
0.049	0.001	0.001	0.949
0.053	0.877	0.001	0.069
0.001	0.001	0.997	0.001
0.001	0.001	0.001	0.997
0.001	0.997	0.001	0.001
0.001	0.001	0.001	0.997
>GCGAAAACTG	20-GCGAAAACTG	10.608364	-27.691806	0	T:17.0(1.63%),B:111.3(0.15%),P:1e-12	Tpos:79.1,Tstd:53.3,Bpos:89.7,Bstd:64.7,StrandBias:-0.2,Multiplicity:1.00
0.001	0.001	0.997	0.001
0.001	0.997	0.001	0.001
0.112	0.001	0.886	0.001
0.997	0.001	0.001	0.001
0.737	0.001	0.261	0.001
0.690	0.001	0.308	0.001
0.997	0.001	0.001	0.001
0.001	0.997	0.001	0.001
0.001	0.308	0.001	0.690
0.001	0.001	0.997	0.001
>AAGCCTCCAA	21-AAGCCTCCAA	10.742544	-26.021267	0	T:18.0(1.72%),B:143.4(0.19%),P:1e-11	Tpos:93.5,Tstd:56.2,Bpos:102.2,Bstd:78.4,StrandBias:0.0,Multiplicity:1.00
0.997	0.001	0.001	0.001
0.921	0.001	0.001	0.077
0.001	0.001	0.997	0.001
0.001	0.863	0.001	0.135
0.001	0.997	0.001	0.001
0.001	0.001	0.001	0.997
0.001	0.997	0.001	0.001
0.001	0.936	0.001	0.062
0.912	0.086	0.001	0.001
0.997	0.001	0.001	0.001
>CTGTATTTTC	22-CTGTATTTTC	11.268965	-24.658187	0	T:20.0(1.91%),B:200.4(0.27%),P:1e-10	Tpos:122.2,Tstd:64.7,Bpos:109.4,Bstd:71.2,StrandBias:-0.2,Multiplicity:1.00
0.001	0.997	0.001	0.001
0.001	0.001	0.001	0.997
0.001	0.001	0.997	0.001
0.001	0.001	0.001	0.997
0.997	0.001	0.001	0.001
0.001	0.001	0.001	0.997
0.001	0.001	0.001	0.997
0.001	0.001	0.001	0.997
0.001	0.086	0.001	0.912
0.001	0.890	0.108	0.001
>TCCCCCCTCC	23-TCCCCCCTCC	6.746990	-22.954040	0	T:101.0(9.66%),B:3660.9(4.87%),P:1e-9	Tpos:95.7,Tstd:50.9,Bpos:98.7,Bstd:67.5,StrandBias:0.6,Multiplicity:1.11
0.073	0.139	0.070	0.718
0.054	0.813	0.055	0.078
0.063	0.836	0.024	0.077
0.036	0.811	0.060	0.093
0.071	0.812	0.048	0.069
0.044	0.882	0.001	0.073
0.099	0.746	0.050	0.105
0.075	0.097	0.001	0.827
0.096	0.785	0.016	0.103
0.081	0.776	0.032	0.111
>AGTCCGCTCA	24-AGTCCGCTCA	10.296193	-22.732798	0	T:5.0(0.48%),B:2.7(0.00%),P:1e-9	Tpos:111.2,Tstd:22.1,Bpos:102.9,Bstd:39.7,StrandBias:-0.6,Multiplicity:1.00
0.700	0.100	0.100	0.100
0.100	0.100	0.700	0.100
0.100	0.100	0.100	0.700
0.100	0.700	0.100	0.100
0.100	0.700	0.100	0.100
0.100	0.100	0.700	0.100
0.100	0.700	0.100	0.100
0.100	0.100	0.100	0.700
0.100	0.700	0.100	0.100
0.700	0.100	0.100	0.100
>VGATGSCAYC	25-VGATGSCAYC	8.621365	-19.041270	0	T:10.0(0.96%),B:52.2(0.07%),P:1e-8	Tpos:117.3,Tstd:79.4,Bpos:110.5,Bstd:57.0,StrandBias:-0.6,Multiplicity:1.00
0.284	0.397	0.319	0.001
0.001	0.001	0.997	0.001
0.948	0.001	0.001	0.050
0.025	0.001	0.067	0.907
0.055	0.151	0.683	0.111
0.001	0.350	0.489	0.161
0.103	0.548	0.265	0.084
0.459	0.267	0.273	0.001
0.260	0.307	0.001	0.431
0.001	0.600	0.281	0.118
