>TGCCTGAGATTA	10-TGCCTGAGATTA,BestGuess:GATA1/MA0035.4/Jaspar(0.631)	11.727155	-39.132184	0	T:7.0(0.78%),B:0.4(0.00%),P:1e-16
0.103	0.067	0.079	0.751
0.102	0.121	0.651	0.126
0.136	0.600	0.108	0.156
0.123	0.646	0.087	0.144
0.115	0.064	0.072	0.749
0.113	0.116	0.618	0.153
0.747	0.061	0.074	0.118
0.162	0.145	0.562	0.131
0.698	0.083	0.090	0.129
0.135	0.074	0.099	0.692
0.140	0.122	0.108	0.630
0.659	0.109	0.092	0.140
