>GGGGGGGGGGGG	22-GGGGGGGGGGGG	11.001904	-9.826100	0	T:11.0(1.23%),B:195.8(0.28%),P:1e-4
0.097	0.103	0.681	0.119
0.121	0.123	0.698	0.058
0.140	0.052	0.749	0.059
0.097	0.022	0.829	0.052
0.082	0.043	0.784	0.091
0.099	0.022	0.836	0.043
0.085	0.043	0.786	0.086
0.070	0.041	0.786	0.103
0.049	0.086	0.770	0.095
0.079	0.086	0.702	0.133
0.082	0.079	0.716	0.123
0.145	0.022	0.666	0.167
