>TCTCAAAATTTT	2-TCTCAAAATTTT	6.493017	-63.959187	0	T:346.0(38.79%),B:15711.6(22.34%),P:1e-27
0.121	0.058	0.109	0.712
0.122	0.602	0.101	0.175
0.105	0.087	0.074	0.734
0.086	0.667	0.134	0.113
0.778	0.079	0.056	0.087
0.752	0.065	0.090	0.093
0.832	0.069	0.033	0.066
0.765	0.063	0.073	0.099
0.101	0.065	0.046	0.788
0.074	0.057	0.077	0.792
0.047	0.071	0.091	0.791
0.060	0.077	0.076	0.787
