>GAATTRGAAATG	18-CATTTCYAATTC	12.378806	-23.839625	0	T:7.0(0.78%),B:9.9(0.01%),P:1e-10
0.150	0.215	0.611	0.024
0.785	0.040	0.174	0.001
0.775	0.072	0.064	0.089
0.064	0.088	0.024	0.824
0.090	0.018	0.092	0.800
0.484	0.073	0.419	0.025
0.001	0.314	0.644	0.041
0.846	0.024	0.024	0.106
0.848	0.072	0.025	0.055
0.879	0.001	0.072	0.048
0.063	0.114	0.001	0.822
0.106	0.072	0.734	0.088
