>WTTTTTTTTTTT	3-WTTTTTTTTTTT,BestGuess:ZNF384/MA1125.1/Jaspar(0.761)	8.121124	-51.669840	0	T:222.0(24.89%),B:8921.0(12.68%),P:1e-22
0.562	0.001	0.001	0.436
0.347	0.001	0.001	0.651
0.297	0.001	0.001	0.701
0.272	0.001	0.001	0.726
0.230	0.001	0.113	0.656
0.250	0.009	0.098	0.643
0.368	0.001	0.097	0.534
0.351	0.011	0.002	0.636
0.238	0.001	0.001	0.760
0.188	0.001	0.001	0.810
0.198	0.229	0.001	0.572
0.213	0.081	0.001	0.705
